0 0.75 0.20572916666666666 0.7708333333333334 0.2109375 0.78125 0.21614583333333334 0.7951388888888888 0.22786458333333334 0.8107638888888888 0.23046875 0.8315972222222222 0.24869791666666666 0.8350694444444444 0.2565104166666667 0.8524305555555556 0.2708333333333333 0.8663194444444444 0.29296875 0.8663194444444444 0.3111979166666667 0.8524305555555556 0.3346354166666667 0.8194444444444444 0.359375 0.8055555555555556 0.3658854166666667 0.7951388888888888 0.3671875 0.7534722222222222 0.3671875 0.6996527777777778 0.34375 0.6666666666666666 0.3177083333333333 0.6545138888888888 0.3125 0.6423611111111112 0.2942708333333333 0.6388888888888888 0.2838541666666667 0.6388888888888888 0.24739583333333334 0.6423611111111112 0.23307291666666666 0.6493055555555556 0.22395833333333334 0.6631944444444444 0.21354166666666666 0.671875 0.20963541666666666 0.7013888888888888 0.20703125 0.7100694444444444 0.20442708333333334 0.7482638888888888 0.20572916666666666
0 0.5868055555555556 0.265625 0.6041666666666666 0.2721354166666667 0.6284722222222222 0.2916666666666667 0.6440972222222222 0.3190104166666667 0.6440972222222222 0.3359375 0.6371527777777778 0.35546875 0.5972222222222222 0.3802083333333333 0.5729166666666666 0.3984375 0.5642361111111112 0.4010416666666667 0.5538194444444444 0.3997395833333333 0.5399305555555556 0.3932291666666667 0.5295138888888888 0.3841145833333333 0.5017361111111112 0.3736979166666667 0.4895833333333333 0.3658854166666667 0.4756944444444444 0.3450520833333333 0.4739583333333333 0.3229166666666667 0.4913194444444444 0.2890625 0.515625 0.2708333333333333 0.5451388888888888 0.2630208333333333 0.5746527777777778 0.2630208333333333 0.5850694444444444 0.265625
0 0.7569444444444444 0.5247395833333334 0.7847222222222222 0.5286458333333334 0.8177083333333334 0.5520833333333334 0.828125 0.5755208333333334 0.8298611111111112 0.6028645833333334 0.8263888888888888 0.61328125 0.8072916666666666 0.62890625 0.7725694444444444 0.64453125 0.7447916666666666 0.6484375 0.7204861111111112 0.64453125 0.7100694444444444 0.640625 0.7048611111111112 0.6354166666666666 0.6944444444444444 0.6184895833333334 0.6701388888888888 0.6002604166666666 0.6666666666666666 0.5950520833333334 0.6597222222222222 0.58203125 0.6579861111111112 0.5611979166666666 0.6753472222222222 0.5390625 0.6944444444444444 0.5325520833333334 0.7083333333333334 0.53125 0.7274305555555556 0.5182291666666666 0.7378472222222222 0.5169270833333334 0.7447916666666666 0.5247395833333334 0.7552083333333334 0.5247395833333334
0 0.3055555555555556 0.4661458333333333 0.3298611111111111 0.47265625 0.3576388888888889 0.48828125 0.4010416666666667 0.50390625 0.421875 0.5182291666666666 0.4375 0.53515625 0.4427083333333333 0.5442708333333334 0.4444444444444444 0.5651041666666666 0.4427083333333333 0.5807291666666666 0.4375 0.5963541666666666 0.4253472222222222 0.6145833333333334 0.3993055555555556 0.6393229166666666 0.3854166666666667 0.66015625 0.3819444444444444 0.6640625 0.375 0.6666666666666666 0.3559027777777778 0.6640625 0.34375 0.66015625 0.3350694444444444 0.65234375 0.3246527777777778 0.6484375 0.2881944444444444 0.6419270833333334 0.265625 0.6328125 0.2326388888888889 0.6119791666666666 0.2170138888888889 0.5885416666666666 0.2152777777777778 0.58203125 0.2170138888888889 0.5533854166666666 0.22743055555555555 0.5377604166666666 0.2604166666666667 0.5091145833333334 0.2638888888888889 0.5026041666666666 0.2638888888888889 0.484375 0.28125 0.4700520833333333 0.2951388888888889 0.4661458333333333 0.3038194444444444 0.4661458333333333
0 0.7135416666666666 0.3541666666666667 0.7378472222222222 0.3645833333333333 0.7465277777777778 0.37109375 0.7586805555555556 0.3854166666666667 0.7638888888888888 0.3984375 0.765625 0.44921875 0.7569444444444444 0.4596354166666667 0.7552083333333334 0.4765625 0.7447916666666666 0.484375 0.7326388888888888 0.4856770833333333 0.7239583333333334 0.4791666666666667 0.7100694444444444 0.4791666666666667 0.6979166666666666 0.4869791666666667 0.6666666666666666 0.4921875 0.6597222222222222 0.4895833333333333 0.6493055555555556 0.4739583333333333 0.6232638888888888 0.4544270833333333 0.5989583333333334 0.4427083333333333 0.5868055555555556 0.4322916666666667 0.5850694444444444 0.40625 0.5972222222222222 0.38671875 0.6319444444444444 0.36328125 0.671875 0.3515625 0.6979166666666666 0.3515625 0.7118055555555556 0.3541666666666667
0 0.4149305555555556 0.1640625 0.4479166666666667 0.18619791666666666 0.4548611111111111 0.19661458333333334 0.4739583333333333 0.21484375 0.4878472222222222 0.24088541666666666 0.4895833333333333 0.2513020833333333 0.4878472222222222 0.28125 0.4774305555555556 0.3072916666666667 0.4600694444444444 0.328125 0.4392361111111111 0.3424479166666667 0.3784722222222222 0.3372395833333333 0.3645833333333333 0.33984375 0.3506944444444444 0.33984375 0.3159722222222222 0.3489583333333333 0.296875 0.3463541666666667 0.2708333333333333 0.3333333333333333 0.24479166666666666 0.3111979166666667 0.234375 0.296875 0.2222222222222222 0.26171875 0.2222222222222222 0.2526041666666667 0.2309027777777778 0.23177083333333334 0.2326388888888889 0.22005208333333334 0.24305555555555555 0.203125 0.2569444444444444 0.19140625 0.2899305555555556 0.17838541666666666 0.3072916666666667 0.16927083333333334 0.3194444444444444 0.16666666666666666 0.3298611111111111 0.16796875 0.34375 0.16666666666666666 0.3541666666666667 0.17057291666666666 0.3836805555555556 0.171875 0.4027777777777778 0.16276041666666666 0.4131944444444444 0.1640625
0 0.5711805555555556 0.44140625 0.6006944444444444 0.4479166666666667 0.6128472222222222 0.453125 0.6232638888888888 0.4583333333333333 0.6475694444444444 0.4765625 0.6614583333333334 0.5013020833333334 0.6631944444444444 0.51171875 0.6614583333333334 0.5325520833333334 0.6493055555555556 0.5572916666666666 0.6371527777777778 0.5677083333333334 0.6284722222222222 0.5703125 0.5989583333333334 0.5572916666666666 0.5833333333333334 0.5546875 0.5642361111111112 0.5690104166666666 0.5590277777777778 0.5833333333333334 0.5381944444444444 0.58984375 0.5173611111111112 0.5885416666666666 0.4930555555555556 0.5794270833333334 0.4722222222222222 0.56640625 0.4479166666666667 0.5338541666666666 0.4461805555555556 0.52734375 0.4479166666666667 0.5 0.4513888888888889 0.4934895833333333 0.4652777777777778 0.48046875 0.4722222222222222 0.4635416666666667 0.484375 0.4557291666666667 0.5260416666666666 0.4427083333333333 0.5694444444444444 0.44140625
0 0.6111111111111112 0.5677083333333334 0.6493055555555556 0.5846354166666666 0.6579861111111112 0.5911458333333334 0.6649305555555556 0.6015625 0.6909722222222222 0.62109375 0.7135416666666666 0.6549479166666666 0.7222222222222222 0.6848958333333334 0.7222222222222222 0.71484375 0.71875 0.7278645833333334 0.7100694444444444 0.7434895833333334 0.6822916666666666 0.7682291666666666 0.6371527777777778 0.7877604166666666 0.5989583333333334 0.7955729166666666 0.5538194444444444 0.7955729166666666 0.5069444444444444 0.7838541666666666 0.4809027777777778 0.7734375 0.4774305555555556 0.76953125 0.4774305555555556 0.7565104166666666 0.4739583333333333 0.7473958333333334 0.4548611111111111 0.7330729166666666 0.4461805555555556 0.7109375 0.4444444444444444 0.69140625 0.4479166666666667 0.6731770833333334 0.4600694444444444 0.65625 0.4739583333333333 0.6223958333333334 0.5017361111111112 0.60546875 0.5225694444444444 0.59765625 0.53125 0.5950520833333334 0.5746527777777778 0.58984375 0.578125 0.5872395833333334 0.5711805555555556 0.58203125 0.5694444444444444 0.57421875 0.5746527777777778 0.56640625 0.5833333333333334 0.5598958333333334 0.5972222222222222 0.5611979166666666 0.609375 0.5677083333333334
0 0.5711805555555556 0.1640625 0.5920138888888888 0.17708333333333334 0.5989583333333334 0.18619791666666666 0.6059027777777778 0.2109375 0.6059027777777778 0.22395833333333334 0.6024305555555556 0.23307291666666666 0.5815972222222222 0.2591145833333333 0.5434027777777778 0.2604166666666667 0.5086805555555556 0.2708333333333333 0.4982638888888889 0.2708333333333333 0.4930555555555556 0.2669270833333333 0.4913194444444444 0.24348958333333334 0.4861111111111111 0.22786458333333334 0.4791666666666667 0.21744791666666666 0.4583333333333333 0.19661458333333334 0.453125 0.18489583333333334 0.4600694444444444 0.17838541666666666 0.4826388888888889 0.16536458333333334 0.4947916666666667 0.16145833333333334 0.5069444444444444 0.16145833333333334 0.5190972222222222 0.15885416666666666 0.5486111111111112 0.15885416666666666 0.5694444444444444 0.1640625
0 0.3958333333333333 0.3411458333333333 0.4149305555555556 0.34375 0.4357638888888889 0.3502604166666667 0.4635416666666667 0.3697916666666667 0.4704861111111111 0.3763020833333333 0.4791666666666667 0.3932291666666667 0.4809027777777778 0.41796875 0.4774305555555556 0.4348958333333333 0.4565972222222222 0.4674479166666667 0.4548611111111111 0.48046875 0.4461805555555556 0.484375 0.4253472222222222 0.484375 0.4114583333333333 0.4908854166666667 0.3923611111111111 0.4934895833333333 0.3628472222222222 0.4856770833333333 0.3350694444444444 0.4713541666666667 0.3142361111111111 0.4635416666666667 0.3055555555555556 0.4622395833333333 0.2777777777777778 0.4635416666666667 0.2690972222222222 0.4557291666666667 0.265625 0.44921875 0.2604166666666667 0.4231770833333333 0.2638888888888889 0.4036458333333333 0.2743055555555556 0.3828125 0.2829861111111111 0.37890625 0.3125 0.3541666666666667 0.3454861111111111 0.3450520833333333 0.3940972222222222 0.3411458333333333
0 0.3368055555555556 0.6692708333333334 0.3472222222222222 0.671875 0.3576388888888889 0.671875 0.3767361111111111 0.6770833333333334 0.3888888888888889 0.6861979166666666 0.40625 0.69140625 0.4253472222222222 0.7057291666666666 0.4288194444444444 0.7122395833333334 0.4270833333333333 0.72265625 0.4340277777777778 0.73828125 0.4357638888888889 0.7552083333333334 0.4305555555555556 0.7799479166666666 0.4131944444444444 0.8033854166666666 0.3836805555555556 0.8216145833333334 0.3680555555555556 0.828125 0.3472222222222222 0.8333333333333334 0.3055555555555556 0.83203125 0.2847222222222222 0.8268229166666666 0.2482638888888889 0.8138020833333334 0.24305555555555555 0.8059895833333334 0.24131944444444445 0.7903645833333334 0.234375 0.7838541666666666 0.22916666666666666 0.7825520833333334 0.2152777777777778 0.7513020833333334 0.2152777777777778 0.734375 0.2204861111111111 0.7213541666666666 0.2326388888888889 0.7044270833333334 0.2534722222222222 0.6888020833333334 0.265625 0.68359375 0.3055555555555556 0.6744791666666666 0.3177083333333333 0.66796875 0.3350694444444444 0.6692708333333334