0 0.4982638888888889 0.3502604166666667 0.5173611111111112 0.3567708333333333 0.546875 0.37890625 0.5572916666666666 0.3932291666666667 0.5434027777777778 0.4010416666666667 0.5277777777777778 0.4153645833333333 0.5086805555555556 0.4270833333333333 0.5052083333333334 0.4322916666666667 0.5 0.4453125 0.4982638888888889 0.4609375 0.4982638888888889 0.4986979166666667 0.4913194444444444 0.5078125 0.4861111111111111 0.5078125 0.4774305555555556 0.5013020833333334 0.4670138888888889 0.4986979166666667 0.4427083333333333 0.5026041666666666 0.4392361111111111 0.4986979166666667 0.4131944444444444 0.4921875 0.390625 0.48046875 0.3819444444444444 0.4739583333333333 0.3715277777777778 0.45703125 0.3697916666666667 0.4270833333333333 0.3767361111111111 0.4075520833333333 0.390625 0.3828125 0.4097222222222222 0.3684895833333333 0.4427083333333333 0.3528645833333333 0.4670138888888889 0.3502604166666667 0.4965277777777778 0.3502604166666667
0 0.3940972222222222 0.5494791666666666 0.4184027777777778 0.5598958333333334 0.4357638888888889 0.5755208333333334 0.4479166666666667 0.5950520833333334 0.4496527777777778 0.6197916666666666 0.4479166666666667 0.6236979166666666 0.4427083333333333 0.6276041666666666 0.4357638888888889 0.62890625 0.421875 0.640625 0.421875 0.6588541666666666 0.4097222222222222 0.68359375 0.3697916666666667 0.6927083333333334 0.3506944444444444 0.6927083333333334 0.3385416666666667 0.6901041666666666 0.3194444444444444 0.6822916666666666 0.3038194444444444 0.6809895833333334 0.2899305555555556 0.6575520833333334 0.2725694444444444 0.6419270833333334 0.2690972222222222 0.6354166666666666 0.2690972222222222 0.62890625 0.2777777777777778 0.5924479166666666 0.3003472222222222 0.5638020833333334 0.3125 0.5546875 0.3229166666666667 0.5494791666666666 0.3576388888888889 0.54296875 0.3802083333333333 0.5455729166666666 0.3923611111111111 0.5494791666666666
0 0.8125 0.5416666666666666 0.8211805555555556 0.5455729166666666 0.8298611111111112 0.5533854166666666 0.8402777777777778 0.5572916666666666 0.8836805555555556 0.5625 0.8993055555555556 0.56640625 0.9322916666666666 0.5794270833333334 0.9375 0.5794270833333334 0.9600694444444444 0.59765625 0.9618055555555556 0.609375 0.96875 0.6263020833333334 0.9670138888888888 0.6705729166666666 0.9635416666666666 0.6809895833333334 0.9409722222222222 0.7122395833333334 0.9409722222222222 0.72265625 0.9461805555555556 0.7330729166666666 0.9444444444444444 0.7447916666666666 0.9322916666666666 0.75390625 0.9166666666666666 0.76171875 0.9079861111111112 0.76171875 0.890625 0.7578125 0.8506944444444444 0.7447916666666666 0.8246527777777778 0.7421875 0.8090277777777778 0.73828125 0.765625 0.72265625 0.7274305555555556 0.6940104166666666 0.7100694444444444 0.6705729166666666 0.7048611111111112 0.65625 0.7048611111111112 0.6419270833333334 0.7135416666666666 0.6223958333333334 0.7239583333333334 0.6080729166666666 0.7256944444444444 0.6002604166666666 0.7378472222222222 0.5833333333333334 0.7395833333333334 0.5716145833333334 0.7465277777777778 0.5598958333333334 0.7552083333333334 0.5520833333333334 0.7743055555555556 0.5416666666666666 0.7847222222222222 0.5390625 0.8038194444444444 0.5390625 0.8107638888888888 0.5416666666666666
0 0.1423611111111111 0.6002604166666666 0.1701388888888889 0.6041666666666666 0.19618055555555555 0.61328125 0.22395833333333334 0.6354166666666666 0.2378472222222222 0.6497395833333334 0.2569444444444444 0.6848958333333334 0.2534722222222222 0.7096354166666666 0.2465277777777778 0.7213541666666666 0.2204861111111111 0.75 0.2065972222222222 0.7591145833333334 0.1857638888888889 0.765625 0.1753472222222222 0.77734375 0.1684027777777778 0.7721354166666666 0.14930555555555555 0.7747395833333334 0.13020833333333334 0.7747395833333334 0.11979166666666667 0.7721354166666666 0.0954861111111111 0.7708333333333334 0.0642361111111111 0.7578125 0.05381944444444445 0.7513020833333334 0.043402777777777776 0.7486979166666666 0.03819444444444445 0.7447916666666666 0.03125 0.7330729166666666 0.013888888888888888 0.7174479166666666 0.006944444444444444 0.6979166666666666 0.003472222222222222 0.6953125 0.003472222222222222 0.6875 0.010416666666666666 0.6744791666666666 0.015625 0.6549479166666666 0.024305555555555556 0.6432291666666666 0.041666666666666664 0.6315104166666666 0.04861111111111111 0.6184895833333334 0.06076388888888889 0.60546875 0.06944444444444445 0.6015625 0.08506944444444445 0.5989583333333334 0.140625 0.6002604166666666
0 0.6597222222222222 0.3841145833333333 0.71875 0.390625 0.7482638888888888 0.40234375 0.7829861111111112 0.4296875 0.8020833333333334 0.4609375 0.8055555555555556 0.4713541666666667 0.8055555555555556 0.50390625 0.8003472222222222 0.51171875 0.7986111111111112 0.5299479166666666 0.7951388888888888 0.5325520833333334 0.78125 0.5338541666666666 0.7673611111111112 0.5377604166666666 0.7430555555555556 0.5520833333333334 0.7413194444444444 0.55859375 0.7309027777777778 0.57421875 0.7309027777777778 0.58203125 0.7170138888888888 0.6002604166666666 0.7065972222222222 0.6080729166666666 0.6666666666666666 0.6171875 0.625 0.6158854166666666 0.6006944444444444 0.6119791666666666 0.5954861111111112 0.609375 0.5833333333333334 0.609375 0.5625 0.6028645833333334 0.5381944444444444 0.5885416666666666 0.5208333333333334 0.57421875 0.5138888888888888 0.5651041666666666 0.5138888888888888 0.5533854166666666 0.5 0.515625 0.5 0.5065104166666666 0.5034722222222222 0.4986979166666667 0.5017361111111112 0.4713541666666667 0.5052083333333334 0.4479166666666667 0.5121527777777778 0.4296875 0.5243055555555556 0.4231770833333333 0.5416666666666666 0.4075520833333333 0.5625 0.3971354166666667 0.5677083333333334 0.3971354166666667 0.5972222222222222 0.38671875 0.6579861111111112 0.3841145833333333
0 0.3420138888888889 0.3203125 0.3767361111111111 0.3307291666666667 0.3940972222222222 0.3463541666666667 0.4027777777777778 0.3658854166666667 0.4010416666666667 0.3697916666666667 0.3888888888888889 0.37890625 0.3732638888888889 0.3997395833333333 0.3645833333333333 0.4322916666666667 0.3663194444444444 0.43359375 0.3645833333333333 0.4518229166666667 0.3559027777777778 0.4583333333333333 0.3333333333333333 0.46875 0.3159722222222222 0.4739583333333333 0.2951388888888889 0.4765625 0.28125 0.4765625 0.2534722222222222 0.4713541666666667 0.24479166666666666 0.4674479166666667 0.234375 0.4583333333333333 0.2152777777777778 0.4244791666666667 0.2152777777777778 0.4114583333333333 0.21875 0.4049479166666667 0.21875 0.38671875 0.22395833333333334 0.3802083333333333 0.22743055555555555 0.3815104166666667 0.234375 0.3802083333333333 0.2621527777777778 0.3567708333333333 0.2725694444444444 0.3580729166666667 0.2760416666666667 0.35546875 0.2743055555555556 0.34765625 0.2847222222222222 0.3359375 0.2899305555555556 0.3255208333333333 0.3159722222222222 0.3190104166666667 0.3402777777777778 0.3203125
0 0.2743055555555556 0.4778645833333333 0.2847222222222222 0.48046875 0.3003472222222222 0.48828125 0.3194444444444444 0.5013020833333334 0.3246527777777778 0.5091145833333334 0.328125 0.5221354166666666 0.3263888888888889 0.5442708333333334 0.3020833333333333 0.55859375 0.2760416666666667 0.5859375 0.2552083333333333 0.5859375 0.22743055555555555 0.5794270833333334 0.2065972222222222 0.5716145833333334 0.1875 0.55859375 0.1753472222222222 0.5559895833333334 0.1701388888888889 0.5494791666666666 0.17708333333333334 0.5403645833333334 0.17708333333333334 0.5299479166666666 0.18229166666666666 0.51171875 0.1909722222222222 0.4934895833333333 0.1996527777777778 0.4830729166666667 0.2326388888888889 0.4752604166666667 0.2621527777777778 0.4752604166666667 0.2725694444444444 0.4778645833333333
0 0.890625 0.421875 0.9270833333333334 0.4309895833333333 0.9479166666666666 0.44140625 0.9565972222222222 0.44921875 0.9670138888888888 0.47265625 0.96875 0.4908854166666667 0.9809027777777778 0.50390625 0.9756944444444444 0.5091145833333334 0.9600694444444444 0.5169270833333334 0.9392361111111112 0.5182291666666666 0.9253472222222222 0.5221354166666666 0.9079861111111112 0.5221354166666666 0.890625 0.51953125 0.8819444444444444 0.515625 0.8559027777777778 0.515625 0.8194444444444444 0.5013020833333334 0.8142361111111112 0.5013020833333334 0.8107638888888888 0.4973958333333333 0.8125 0.4739583333333333 0.8072916666666666 0.4622395833333333 0.8072916666666666 0.4557291666666667 0.8229166666666666 0.44140625 0.8472222222222222 0.4244791666666667 0.8628472222222222 0.421875 0.8888888888888888 0.421875
0 0.5850694444444444 0.61328125 0.625 0.6223958333333334 0.6614583333333334 0.6484375 0.6805555555555556 0.6783854166666666 0.6840277777777778 0.6940104166666666 0.6840277777777778 0.7161458333333334 0.6788194444444444 0.7447916666666666 0.6736111111111112 0.74609375 0.6475694444444444 0.765625 0.625 0.77734375 0.609375 0.7825520833333334 0.5625 0.7877604166666666 0.5434027777777778 0.7877604166666666 0.515625 0.7825520833333334 0.4947916666666667 0.7760416666666666 0.4809027777777778 0.7682291666666666 0.4652777777777778 0.7565104166666666 0.4479166666666667 0.734375 0.4409722222222222 0.7200520833333334 0.4409722222222222 0.7005208333333334 0.4461805555555556 0.6809895833333334 0.4583333333333333 0.66015625 0.4739583333333333 0.6419270833333334 0.5034722222222222 0.6263020833333334 0.5243055555555556 0.62109375 0.53125 0.6171875 0.5538194444444444 0.61328125 0.5833333333333334 0.61328125
0 0.5173611111111112 0.19401041666666666 0.5451388888888888 0.21354166666666666 0.5694444444444444 0.22265625 0.5902777777777778 0.23697916666666666 0.6006944444444444 0.2604166666666667 0.5989583333333334 0.2799479166666667 0.5833333333333334 0.3033854166666667 0.5520833333333334 0.32421875 0.5329861111111112 0.33203125 0.5208333333333334 0.33203125 0.4930555555555556 0.3255208333333333 0.4722222222222222 0.3177083333333333 0.4635416666666667 0.3111979166666667 0.4513888888888889 0.2955729166666667 0.4444444444444444 0.2682291666666667 0.4461805555555556 0.25390625 0.4513888888888889 0.24479166666666666 0.4600694444444444 0.23697916666666666 0.4670138888888889 0.22526041666666666 0.4861111111111111 0.20963541666666666 0.4930555555555556 0.19661458333333334 0.5017361111111112 0.19010416666666666 0.5121527777777778 0.19140625 0.515625 0.19401041666666666
0 0.6753472222222222 0.2825520833333333 0.7274305555555556 0.2955729166666667 0.7534722222222222 0.30859375 0.7708333333333334 0.32421875 0.7743055555555556 0.3333333333333333 0.7725694444444444 0.3580729166666667 0.7586805555555556 0.3854166666666667 0.7447916666666666 0.39453125 0.734375 0.3932291666666667 0.7152777777777778 0.38671875 0.6788194444444444 0.3815104166666667 0.59375 0.3828125 0.5885416666666666 0.375 0.5868055555555556 0.35546875 0.5920138888888888 0.34375 0.59375 0.33203125 0.6006944444444444 0.3229166666666667 0.625 0.3059895833333333 0.6354166666666666 0.3020833333333333 0.65625 0.2838541666666667 0.6736111111111112 0.2825520833333333
0 0.359375 0.7473958333333334 0.3715277777777778 0.75 0.3819444444444444 0.7552083333333334 0.40625 0.7721354166666666 0.4409722222222222 0.8294270833333334 0.4461805555555556 0.8333333333333334 0.4635416666666667 0.8346354166666666 0.4670138888888889 0.8411458333333334 0.4670138888888889 0.8541666666666666 0.4548611111111111 0.859375 0.4461805555555556 0.8580729166666666 0.4340277777777778 0.859375 0.4045138888888889 0.8841145833333334 0.3923611111111111 0.9010416666666666 0.3836805555555556 0.90625 0.375 0.9153645833333334 0.3524305555555556 0.9231770833333334 0.3246527777777778 0.9270833333333334 0.2986111111111111 0.92578125 0.2847222222222222 0.921875 0.2604166666666667 0.90625 0.2465277777777778 0.8880208333333334 0.234375 0.88671875 0.22743055555555555 0.8763020833333334 0.2309027777777778 0.8502604166666666 0.2204861111111111 0.8463541666666666 0.21354166666666666 0.8463541666666666 0.21006944444444445 0.84375 0.21006944444444445 0.8359375 0.25 0.7903645833333334 0.2673611111111111 0.7734375 0.2847222222222222 0.7604166666666666 0.3003472222222222 0.7526041666666666 0.3315972222222222 0.7447916666666666 0.3472222222222222 0.7447916666666666 0.3576388888888889 0.7473958333333334