0 0.7333984375 0.72265625 0.755859375 0.7265625 0.7724609375 0.7369791666666666 0.7919921875 0.7630208333333334 0.7978515625 0.7747395833333334 0.8037109375 0.7942708333333334 0.8046875 0.8229166666666666 0.802734375 0.8372395833333334 0.8037109375 0.8411458333333334 0.814453125 0.8541666666666666 0.8154296875 0.8619791666666666 0.8134765625 0.8736979166666666 0.810546875 0.8802083333333334 0.8037109375 0.8776041666666666 0.7939453125 0.87890625 0.783203125 0.8893229166666666 0.765625 0.8971354166666666 0.76171875 0.8971354166666666 0.7578125 0.8932291666666666 0.71875 0.8932291666666666 0.7080078125 0.8841145833333334 0.689453125 0.875 0.6826171875 0.8684895833333334 0.6748046875 0.85546875 0.6669921875 0.8307291666666666 0.6650390625 0.8190104166666666 0.666015625 0.7942708333333334 0.6728515625 0.7643229166666666 0.677734375 0.7552083333333334 0.6923828125 0.7356770833333334 0.705078125 0.7265625 0.7158203125 0.72265625 0.732421875 0.72265625
0 0.4365234375 0.7513020833333334 0.4599609375 0.76953125 0.4697265625 0.7838541666666666 0.474609375 0.7955729166666666 0.4794921875 0.8138020833333334 0.4794921875 0.8307291666666666 0.4765625 0.8489583333333334 0.4775390625 0.87109375 0.47265625 0.8893229166666666 0.4619140625 0.9114583333333334 0.4501953125 0.9231770833333334 0.42578125 0.9375 0.41015625 0.9361979166666666 0.392578125 0.9283854166666666 0.376953125 0.91796875 0.365234375 0.90234375 0.353515625 0.8802083333333334 0.345703125 0.8606770833333334 0.3447265625 0.84765625 0.3505859375 0.8033854166666666 0.3544921875 0.7942708333333334 0.37109375 0.7708333333333334 0.3828125 0.76171875 0.404296875 0.7578125 0.4150390625 0.7513020833333334 0.435546875 0.7513020833333334
0 0.146484375 0.3841145833333333 0.1669921875 0.38671875 0.1767578125 0.3932291666666667 0.20703125 0.4348958333333333 0.2109375 0.4427083333333333 0.2158203125 0.46484375 0.2255859375 0.4778645833333333 0.248046875 0.4934895833333333 0.259765625 0.4973958333333333 0.2685546875 0.50390625 0.28125 0.5065104166666666 0.3125 0.5338541666666666 0.318359375 0.5494791666666666 0.3310546875 0.5729166666666666 0.3369140625 0.5924479166666666 0.3408203125 0.5950520833333334 0.34765625 0.6067708333333334 0.349609375 0.6171875 0.3466796875 0.6380208333333334 0.33984375 0.6549479166666666 0.3359375 0.6783854166666666 0.3291015625 0.6888020833333334 0.310546875 0.7057291666666666 0.287109375 0.71875 0.26171875 0.7161458333333334 0.232421875 0.7005208333333334 0.21875 0.6888020833333334 0.2021484375 0.6796875 0.16796875 0.6380208333333334 0.1591796875 0.60546875 0.1572265625 0.5911458333333334 0.16015625 0.55078125 0.1669921875 0.5286458333333334 0.1357421875 0.5052083333333334 0.1240234375 0.4921875 0.111328125 0.4830729166666667 0.1103515625 0.4752604166666667 0.1142578125 0.46484375 0.1142578125 0.4518229166666667 0.099609375 0.4348958333333333 0.1005859375 0.421875 0.0908203125 0.4140625 0.095703125 0.4036458333333333 0.10546875 0.3958333333333333 0.1318359375 0.3854166666666667 0.1455078125 0.3841145833333333
0 0.412109375 0.32421875 0.41796875 0.3294270833333333 0.427734375 0.33203125 0.439453125 0.33984375 0.4482421875 0.3489583333333333 0.4560546875 0.3502604166666667 0.4638671875 0.3658854166666667 0.4716796875 0.3893229166666667 0.474609375 0.40625 0.474609375 0.42578125 0.4736328125 0.4375 0.466796875 0.4661458333333333 0.447265625 0.4986979166666667 0.4306640625 0.5130208333333334 0.40234375 0.5208333333333334 0.388671875 0.5208333333333334 0.37890625 0.5169270833333334 0.361328125 0.5026041666666666 0.3447265625 0.4817708333333333 0.333984375 0.4583333333333333 0.33203125 0.41796875 0.333984375 0.3932291666666667 0.337890625 0.3763020833333333 0.3486328125 0.3541666666666667 0.3603515625 0.3385416666666667 0.3701171875 0.3294270833333333 0.384765625 0.3229166666666667 0.4052734375 0.3216145833333333 0.4111328125 0.32421875
0 0.677734375 0.3046875 0.685546875 0.30859375 0.69140625 0.3059895833333333 0.6982421875 0.3072916666666667 0.7001953125 0.3098958333333333 0.701171875 0.3333333333333333 0.703125 0.3359375 0.7275390625 0.3372395833333333 0.7314453125 0.34375 0.7353515625 0.359375 0.7353515625 0.3684895833333333 0.732421875 0.3723958333333333 0.7197265625 0.3736979166666667 0.7177734375 0.3763020833333333 0.7177734375 0.3841145833333333 0.7236328125 0.3958333333333333 0.7255859375 0.41015625 0.720703125 0.4427083333333333 0.716796875 0.4583333333333333 0.7119140625 0.4674479166666667 0.7080078125 0.4973958333333333 0.7060546875 0.50390625 0.6923828125 0.51953125 0.6630859375 0.54296875 0.6142578125 0.55859375 0.5888671875 0.55859375 0.5771484375 0.5546875 0.5673828125 0.5481770833333334 0.55859375 0.53515625 0.5498046875 0.5299479166666666 0.5419921875 0.5208333333333334 0.5400390625 0.5104166666666666 0.5263671875 0.4765625 0.521484375 0.4505208333333333 0.5205078125 0.40234375 0.5224609375 0.3893229166666667 0.53125 0.3645833333333333 0.5380859375 0.3515625 0.55078125 0.3346354166666667 0.5791015625 0.3098958333333333 0.595703125 0.3033854166666667 0.6220703125 0.3033854166666667 0.6455078125 0.2981770833333333 0.6650390625 0.2994791666666667 0.6767578125 0.3046875
0 0.287109375 0.14713541666666666 0.296875 0.15755208333333334 0.3115234375 0.19010416666666666 0.330078125 0.22005208333333334 0.3447265625 0.2565104166666667 0.34765625 0.26953125 0.3486328125 0.3138020833333333 0.3427734375 0.3333333333333333 0.33203125 0.3489583333333333 0.294921875 0.3776041666666667 0.2841796875 0.3932291666666667 0.2724609375 0.4010416666666667 0.2490234375 0.3971354166666667 0.2333984375 0.3802083333333333 0.23046875 0.37109375 0.2294921875 0.35546875 0.2119140625 0.3346354166666667 0.197265625 0.3059895833333333 0.193359375 0.2877604166666667 0.193359375 0.2669270833333333 0.2060546875 0.22786458333333334 0.2216796875 0.20572916666666666 0.251953125 0.18359375 0.267578125 0.17578125 0.2705078125 0.16796875 0.2705078125 0.16015625 0.275390625 0.14973958333333334 0.2861328125 0.14713541666666666
0 0.5 0.5052083333333334 0.5185546875 0.5078125 0.5341796875 0.5182291666666666 0.56640625 0.5533854166666666 0.5712890625 0.5559895833333334 0.5732421875 0.5598958333333334 0.5732421875 0.5677083333333334 0.5810546875 0.57421875 0.5888671875 0.5885416666666666 0.5947265625 0.6106770833333334 0.5966796875 0.6393229166666666 0.5947265625 0.6640625 0.591796875 0.67578125 0.580078125 0.7083333333333334 0.568359375 0.7291666666666666 0.552734375 0.7473958333333334 0.53125 0.7630208333333334 0.501953125 0.765625 0.490234375 0.765625 0.46875 0.7591145833333334 0.439453125 0.7408854166666666 0.435546875 0.7356770833333334 0.4208984375 0.6979166666666666 0.4111328125 0.68359375 0.404296875 0.6796875 0.40234375 0.67578125 0.3994140625 0.6549479166666666 0.400390625 0.62109375 0.404296875 0.59765625 0.4208984375 0.5572916666666666 0.439453125 0.5338541666666666 0.4521484375 0.5221354166666666 0.474609375 0.5091145833333334 0.4990234375 0.5052083333333334
0 0.6025390625 0.7473958333333334 0.6259765625 0.76171875 0.638671875 0.7786458333333334 0.64453125 0.7890625 0.65234375 0.8111979166666666 0.658203125 0.84375 0.658203125 0.8671875 0.65625 0.875 0.6572265625 0.8893229166666666 0.650390625 0.9140625 0.6259765625 0.9466145833333334 0.6181640625 0.9518229166666666 0.6044921875 0.9544270833333334 0.587890625 0.9544270833333334 0.5703125 0.9505208333333334 0.546875 0.9205729166666666 0.5400390625 0.9075520833333334 0.5322265625 0.9010416666666666 0.5302734375 0.8854166666666666 0.5244140625 0.8684895833333334 0.51953125 0.8346354166666666 0.5205078125 0.8203125 0.5263671875 0.79296875 0.5322265625 0.7786458333333334 0.5400390625 0.7669270833333334 0.548828125 0.7604166666666666 0.56640625 0.7408854166666666 0.5751953125 0.7369791666666666 0.5810546875 0.73828125 0.5849609375 0.7434895833333334 0.6015625 0.7473958333333334
0 0.453125 0.08203125 0.47265625 0.09114583333333333 0.484375 0.10026041666666667 0.494140625 0.10286458333333333 0.5009765625 0.1015625 0.50390625 0.10416666666666667 0.5068359375 0.11588541666666667 0.5234375 0.13671875 0.529296875 0.1484375 0.5380859375 0.17578125 0.54296875 0.20833333333333334 0.54296875 0.25390625 0.5263671875 0.29296875 0.51171875 0.3111979166666667 0.498046875 0.3203125 0.4765625 0.328125 0.46484375 0.328125 0.453125 0.32421875 0.44921875 0.328125 0.4384765625 0.328125 0.4287109375 0.31640625 0.4140625 0.3111979166666667 0.400390625 0.296875 0.3974609375 0.2890625 0.3857421875 0.2721354166666667 0.3759765625 0.22005208333333334 0.37890625 0.17317708333333334 0.3916015625 0.13932291666666666 0.3994140625 0.12630208333333334 0.4130859375 0.11067708333333333 0.427734375 0.09895833333333333 0.4404296875 0.09635416666666667 0.4423828125 0.09244791666666667 0.4423828125 0.08333333333333333 0.4482421875 0.08072916666666667 0.4521484375 0.08203125
0 0.625 0.078125 0.634765625 0.08072916666666667 0.650390625 0.08984375 0.681640625 0.12630208333333334 0.6865234375 0.14453125 0.6884765625 0.17578125 0.6884765625 0.203125 0.685546875 0.22786458333333334 0.6748046875 0.2552083333333333 0.6474609375 0.2903645833333333 0.6259765625 0.296875 0.607421875 0.296875 0.5908203125 0.29296875 0.5703125 0.2734375 0.5595703125 0.2578125 0.5517578125 0.24088541666666666 0.54296875 0.18880208333333334 0.54296875 0.16796875 0.546875 0.14453125 0.5595703125 0.11328125 0.576171875 0.09375 0.5947265625 0.08333333333333333 0.609375 0.078125 0.6240234375 0.078125
0 0.7275390625 0.5182291666666666 0.7529296875 0.53125 0.763671875 0.54296875 0.7802734375 0.5768229166666666 0.783203125 0.58984375 0.783203125 0.609375 0.7802734375 0.6197916666666666 0.7705078125 0.63671875 0.7685546875 0.6614583333333334 0.759765625 0.6783854166666666 0.7548828125 0.6783854166666666 0.7509765625 0.6731770833333334 0.74609375 0.6731770833333334 0.73828125 0.6796875 0.720703125 0.68359375 0.7021484375 0.6822916666666666 0.6806640625 0.67578125 0.6708984375 0.66796875 0.6533203125 0.6471354166666666 0.6435546875 0.6197916666666666 0.640625 0.5963541666666666 0.640625 0.57421875 0.642578125 0.5598958333333334 0.646484375 0.5533854166666666 0.666015625 0.5455729166666666 0.6826171875 0.5338541666666666 0.7041015625 0.5130208333333334 0.712890625 0.5130208333333334 0.7265625 0.5182291666666666