0 0.4755859375 0.4817708333333333 0.4931640625 0.48828125 0.5166015625 0.5065104166666666 0.5361328125 0.5299479166666666 0.5390625 0.5403645833333334 0.5419921875 0.5755208333333334 0.5390625 0.6106770833333334 0.54296875 0.6158854166666666 0.54296875 0.6236979166666666 0.5263671875 0.6510416666666666 0.525390625 0.6796875 0.5185546875 0.6888020833333334 0.5087890625 0.6822916666666666 0.4892578125 0.6783854166666666 0.474609375 0.6796875 0.453125 0.671875 0.4375 0.6588541666666666 0.4248046875 0.64453125 0.4140625 0.6263020833333334 0.4072265625 0.6028645833333334 0.4072265625 0.5638020833333334 0.412109375 0.5403645833333334 0.423828125 0.5130208333333334 0.4345703125 0.5 0.4580078125 0.4830729166666667 0.466796875 0.48046875 0.474609375 0.4817708333333333
0 0.5478515625 0.234375 0.5615234375 0.2421875 0.572265625 0.2526041666666667 0.5791015625 0.26171875 0.5859375 0.2786458333333333 0.587890625 0.2890625 0.587890625 0.3190104166666667 0.5849609375 0.3307291666666667 0.5849609375 0.3489583333333333 0.5791015625 0.359375 0.5703125 0.3658854166666667 0.5673828125 0.3763020833333333 0.5478515625 0.4036458333333333 0.5234375 0.4153645833333333 0.505859375 0.4153645833333333 0.4931640625 0.4114583333333333 0.4873046875 0.40625 0.4765625 0.38671875 0.4697265625 0.3580729166666667 0.4697265625 0.2799479166666667 0.4755859375 0.2682291666666667 0.4931640625 0.2604166666666667 0.505859375 0.24739583333333334 0.53125 0.23567708333333334 0.546875 0.234375
0 0.6552734375 0.5716145833333334 0.666015625 0.5872395833333334 0.6806640625 0.5989583333333334 0.6943359375 0.62890625 0.7001953125 0.6510416666666666 0.7041015625 0.6783854166666666 0.703125 0.7018229166666666 0.6923828125 0.73046875 0.6767578125 0.7513020833333334 0.6435546875 0.7760416666666666 0.6220703125 0.7838541666666666 0.583984375 0.7825520833333334 0.560546875 0.7721354166666666 0.5556640625 0.7786458333333334 0.546875 0.7786458333333334 0.5419921875 0.7591145833333334 0.5400390625 0.7330729166666666 0.529296875 0.7018229166666666 0.53125 0.671875 0.533203125 0.6640625 0.537109375 0.6588541666666666 0.537109375 0.6458333333333334 0.5458984375 0.625 0.5498046875 0.6067708333333334 0.5732421875 0.58203125 0.59375 0.578125 0.6044921875 0.5703125 0.6201171875 0.56640625 0.642578125 0.56640625 0.654296875 0.5716145833333334
0 0.4951171875 0.7200520833333334 0.5126953125 0.7317708333333334 0.5224609375 0.7447916666666666 0.5302734375 0.7708333333333334 0.53125 0.78125 0.5390625 0.79296875 0.5400390625 0.7994791666666666 0.533203125 0.8111979166666666 0.5322265625 0.828125 0.5283203125 0.8450520833333334 0.5087890625 0.8763020833333334 0.494140625 0.8854166666666666 0.4775390625 0.8841145833333334 0.4599609375 0.890625 0.453125 0.890625 0.4482421875 0.8854166666666666 0.4482421875 0.87109375 0.431640625 0.8411458333333334 0.42578125 0.81640625 0.4228515625 0.7890625 0.423828125 0.7838541666666666 0.4287109375 0.7734375 0.4326171875 0.7526041666666666 0.44140625 0.7421875 0.4658203125 0.72265625 0.474609375 0.71875 0.494140625 0.7200520833333334
0 0.666015625 0.33984375 0.6787109375 0.35546875 0.6923828125 0.3645833333333333 0.69921875 0.3723958333333333 0.7060546875 0.3723958333333333 0.708984375 0.3697916666666667 0.712890625 0.37109375 0.720703125 0.390625 0.7255859375 0.4140625 0.7255859375 0.4518229166666667 0.720703125 0.4778645833333333 0.7021484375 0.5169270833333334 0.693359375 0.5286458333333334 0.671875 0.5494791666666666 0.646484375 0.5611979166666666 0.6083984375 0.5611979166666666 0.583984375 0.5533854166666666 0.578125 0.54296875 0.56640625 0.53515625 0.5498046875 0.5104166666666666 0.544921875 0.49609375 0.541015625 0.4544270833333333 0.5458984375 0.4205729166666667 0.5498046875 0.4088541666666667 0.576171875 0.3684895833333333 0.6123046875 0.33984375 0.63671875 0.3385416666666667 0.654296875 0.3294270833333333 0.6611328125 0.3294270833333333 0.662109375 0.3359375 0.6650390625 0.33984375
0 0.390625 0.140625 0.4189453125 0.15364583333333334 0.4345703125 0.171875 0.4453125 0.20182291666666666 0.44921875 0.234375 0.4453125 0.2643229166666667 0.439453125 0.27734375 0.4287109375 0.2916666666666667 0.4150390625 0.30078125 0.3916015625 0.3033854166666667 0.380859375 0.3072916666666667 0.373046875 0.3072916666666667 0.357421875 0.30078125 0.3466796875 0.29296875 0.3369140625 0.28125 0.32421875 0.2526041666666667 0.322265625 0.22395833333333334 0.3251953125 0.20963541666666666 0.3359375 0.1796875 0.3486328125 0.15755208333333334 0.3642578125 0.14583333333333334 0.3896484375 0.140625
0 0.3369140625 0.46484375 0.34765625 0.4791666666666667 0.3681640625 0.49609375 0.3828125 0.5208333333333334 0.3857421875 0.546875 0.3935546875 0.5703125 0.396484375 0.5885416666666666 0.3935546875 0.59765625 0.3876953125 0.60546875 0.37890625 0.609375 0.3583984375 0.6302083333333334 0.3173828125 0.6471354166666666 0.3046875 0.6471354166666666 0.2890625 0.6432291666666666 0.27734375 0.63671875 0.2666015625 0.625 0.259765625 0.6119791666666666 0.2568359375 0.59765625 0.244140625 0.56640625 0.23046875 0.5377604166666666 0.2294921875 0.5234375 0.2392578125 0.5013020833333334 0.251953125 0.48828125 0.2587890625 0.4869791666666667 0.2724609375 0.4895833333333333 0.2919921875 0.4713541666666667 0.3037109375 0.46484375 0.3134765625 0.4622395833333333 0.33203125 0.4622395833333333 0.3359375 0.46484375
0 0.69140625 0.049479166666666664 0.7294921875 0.0625 0.73828125 0.06901041666666667 0.73828125 0.08723958333333333 0.7548828125 0.09635416666666667 0.7666015625 0.1171875 0.7734375 0.14322916666666666 0.7744140625 0.1640625 0.7646484375 0.20833333333333334 0.7578125 0.22916666666666666 0.748046875 0.24609375 0.7373046875 0.2565104166666667 0.7265625 0.2721354166666667 0.7099609375 0.2838541666666667 0.6943359375 0.2903645833333333 0.662109375 0.2942708333333333 0.640625 0.2916666666666667 0.611328125 0.2734375 0.603515625 0.265625 0.5849609375 0.23828125 0.578125 0.2265625 0.57421875 0.21354166666666666 0.5712890625 0.18359375 0.5732421875 0.15755208333333334 0.5771484375 0.140625 0.58984375 0.11197916666666667 0.6044921875 0.09244791666666667 0.6259765625 0.0703125 0.63671875 0.0625 0.6650390625 0.049479166666666664 0.6904296875 0.049479166666666664
0 0.8134765625 0.006510416666666667 0.818359375 0.020833333333333332 0.8232421875 0.026041666666666668 0.8349609375 0.028645833333333332 0.841796875 0.024739583333333332 0.8515625 0.0234375 0.8583984375 0.036458333333333336 0.8681640625 0.024739583333333332 0.873046875 0.02734375 0.875 0.0625 0.8701171875 0.078125 0.8701171875 0.09244791666666667 0.8623046875 0.11588541666666667 0.8486328125 0.1328125 0.845703125 0.14583333333333334 0.8154296875 0.16796875 0.8037109375 0.17057291666666666 0.7958984375 0.17578125 0.78125 0.17317708333333334 0.7763671875 0.16796875 0.7763671875 0.14583333333333334 0.7705078125 0.12239583333333333 0.7607421875 0.09895833333333333 0.74609375 0.08203125 0.748046875 0.07552083333333333 0.7724609375 0.04296875 0.8125 0.0078125
0 0.4990234375 0.053385416666666664 0.5048828125 0.057291666666666664 0.51171875 0.06901041666666667 0.5302734375 0.06640625 0.5439453125 0.0703125 0.5537109375 0.07682291666666667 0.5654296875 0.09765625 0.5703125 0.11979166666666667 0.5673828125 0.16796875 0.5576171875 0.2109375 0.552734375 0.22265625 0.5478515625 0.22786458333333334 0.5322265625 0.23046875 0.501953125 0.2421875 0.4833984375 0.23828125 0.474609375 0.234375 0.4638671875 0.22526041666666666 0.4482421875 0.19921875 0.4423828125 0.17838541666666666 0.443359375 0.13802083333333334 0.4482421875 0.12630208333333334 0.4599609375 0.10807291666666667 0.4599609375 0.10416666666666667 0.4560546875 0.09895833333333333 0.4560546875 0.09375 0.46484375 0.08463541666666667 0.4716796875 0.052083333333333336 0.4736328125 0.049479166666666664 0.4814453125 0.049479166666666664 0.4912109375 0.041666666666666664 0.498046875 0.053385416666666664
0 0.41015625 0.3098958333333333 0.4287109375 0.31640625 0.4541015625 0.33984375 0.466796875 0.3658854166666667 0.4736328125 0.3971354166666667 0.47265625 0.4388020833333333 0.4599609375 0.4713541666666667 0.4560546875 0.4778645833333333 0.4404296875 0.4921875 0.4150390625 0.50390625 0.3935546875 0.5026041666666666 0.3876953125 0.5013020833333334 0.3837890625 0.4973958333333333 0.376953125 0.4973958333333333 0.3759765625 0.4921875 0.37109375 0.4869791666666667 0.357421875 0.4765625 0.3505859375 0.4752604166666667 0.345703125 0.4622395833333333 0.3330078125 0.4479166666666667 0.330078125 0.4401041666666667 0.326171875 0.3919270833333333 0.3271484375 0.3841145833333333 0.3310546875 0.37890625 0.3408203125 0.3489583333333333 0.3564453125 0.3294270833333333 0.3759765625 0.3138020833333333 0.390625 0.3098958333333333 0.4091796875 0.3098958333333333
0 0.3583984375 0.640625 0.3837890625 0.6640625 0.3955078125 0.6848958333333334 0.3984375 0.6940104166666666 0.3984375 0.7408854166666666 0.3876953125 0.7786458333333334 0.373046875 0.7994791666666666 0.3603515625 0.8098958333333334 0.3388671875 0.8177083333333334 0.3232421875 0.8177083333333334 0.310546875 0.8138020833333334 0.2958984375 0.8033854166666666 0.2890625 0.7942708333333334 0.27734375 0.7682291666666666 0.275390625 0.7578125 0.275390625 0.7265625 0.2783203125 0.7083333333333334 0.2861328125 0.6875 0.3017578125 0.6640625 0.3173828125 0.65234375 0.3310546875 0.6458333333333334 0.3486328125 0.640625 0.357421875 0.640625