0 0.3246527777777778 0.3411458333333333 0.3472222222222222 0.3450520833333333 0.3628472222222222 0.3541666666666667 0.3732638888888889 0.36328125 0.390625 0.3828125 0.3958333333333333 0.4075520833333333 0.390625 0.4296875 0.3854166666666667 0.4348958333333333 0.3645833333333333 0.4388020833333333 0.3368055555555556 0.4505208333333333 0.3142361111111111 0.4674479166666667 0.2881944444444444 0.4674479166666667 0.2725694444444444 0.4635416666666667 0.25 0.453125 0.23958333333333334 0.4453125 0.22916666666666666 0.4322916666666667 0.22569444444444445 0.421875 0.22569444444444445 0.4114583333333333 0.22916666666666666 0.3854166666666667 0.234375 0.3723958333333333 0.24305555555555555 0.3619791666666667 0.2552083333333333 0.3528645833333333 0.2725694444444444 0.34375 0.2934027777777778 0.3385416666666667 0.3229166666666667 0.3411458333333333
0 0.5399305555555556 0.3294270833333333 0.5520833333333334 0.33203125 0.5746527777777778 0.3411458333333333 0.5885416666666666 0.3515625 0.5989583333333334 0.3684895833333333 0.6024305555555556 0.3893229166666667 0.5954861111111112 0.3984375 0.5954861111111112 0.4114583333333333 0.5902777777777778 0.4231770833333333 0.5885416666666666 0.4388020833333333 0.5833333333333334 0.453125 0.5572916666666666 0.4700520833333333 0.5434027777777778 0.4752604166666667 0.5243055555555556 0.4778645833333333 0.5069444444444444 0.4765625 0.4930555555555556 0.47265625 0.4826388888888889 0.4622395833333333 0.4618055555555556 0.4479166666666667 0.4375 0.4075520833333333 0.4340277777777778 0.3997395833333333 0.4340277777777778 0.3880208333333333 0.4461805555555556 0.3776041666666667 0.4618055555555556 0.3684895833333333 0.4670138888888889 0.359375 0.4930555555555556 0.3372395833333333 0.515625 0.3294270833333333 0.5381944444444444 0.3294270833333333
0 0.3993055555555556 0.4388020833333333 0.4340277777777778 0.4427083333333333 0.4670138888888889 0.4557291666666667 0.4809027777777778 0.4661458333333333 0.4947916666666667 0.48046875 0.5052083333333334 0.5013020833333334 0.5069444444444444 0.5104166666666666 0.5069444444444444 0.5260416666666666 0.5017361111111112 0.5403645833333334 0.4722222222222222 0.5729166666666666 0.4513888888888889 0.5846354166666666 0.4201388888888889 0.5924479166666666 0.4010416666666667 0.5924479166666666 0.3854166666666667 0.5872395833333334 0.359375 0.5859375 0.3402777777777778 0.578125 0.3263888888888889 0.5768229166666666 0.3159722222222222 0.56640625 0.296875 0.5364583333333334 0.2986111111111111 0.4973958333333333 0.3159722222222222 0.4700520833333333 0.3246527777777778 0.4622395833333333 0.3541666666666667 0.4466145833333333 0.3854166666666667 0.4388020833333333 0.3975694444444444 0.4388020833333333
0 0.8246527777777778 0.5091145833333334 0.8315972222222222 0.5130208333333334 0.8628472222222222 0.5130208333333334 0.90625 0.5338541666666666 0.9184027777777778 0.5416666666666666 0.9444444444444444 0.5651041666666666 0.9548611111111112 0.5794270833333334 0.9583333333333334 0.5885416666666666 0.9583333333333334 0.6145833333333334 0.9496527777777778 0.6380208333333334 0.9427083333333334 0.6484375 0.9184027777777778 0.6770833333333334 0.9045138888888888 0.6888020833333334 0.8697916666666666 0.70703125 0.8246527777777778 0.7174479166666666 0.8038194444444444 0.7174479166666666 0.7986111111111112 0.7200520833333334 0.7986111111111112 0.7239583333333334 0.7916666666666666 0.73046875 0.7829861111111112 0.73046875 0.7760416666666666 0.7265625 0.7621527777777778 0.71484375 0.7621527777777778 0.7044270833333334 0.7048611111111112 0.6653645833333334 0.7100694444444444 0.65234375 0.6944444444444444 0.6184895833333334 0.6961805555555556 0.6028645833333334 0.6944444444444444 0.5846354166666666 0.7135416666666666 0.55859375 0.7447916666666666 0.5325520833333334 0.7586805555555556 0.5247395833333334 0.7916666666666666 0.51171875 0.8159722222222222 0.5078125 0.8229166666666666 0.5091145833333334
0 0.3420138888888889 0.5846354166666666 0.3645833333333333 0.5911458333333334 0.3923611111111111 0.59375 0.4131944444444444 0.6015625 0.4444444444444444 0.62890625 0.4565972222222222 0.64453125 0.4600694444444444 0.6471354166666666 0.4739583333333333 0.6471354166666666 0.4791666666666667 0.6536458333333334 0.4861111111111111 0.6575520833333334 0.484375 0.66796875 0.4809027777777778 0.671875 0.4704861111111111 0.6809895833333334 0.4548611111111111 0.6901041666666666 0.4479166666666667 0.69921875 0.4288194444444444 0.71484375 0.4097222222222222 0.7239583333333334 0.3888888888888889 0.73828125 0.34375 0.7473958333333334 0.3177083333333333 0.7447916666666666 0.296875 0.7356770833333334 0.2864583333333333 0.7252604166666666 0.2534722222222222 0.7005208333333334 0.2309027777777778 0.6888020833333334 0.2204861111111111 0.67578125 0.2222222222222222 0.6549479166666666 0.2378472222222222 0.6354166666666666 0.25 0.6315104166666666 0.2621527777777778 0.6315104166666666 0.3020833333333333 0.59765625 0.3315972222222222 0.5846354166666666 0.3402777777777778 0.5846354166666666
0 0.7118055555555556 0.7135416666666666 0.7378472222222222 0.72265625 0.7569444444444444 0.7369791666666666 0.7725694444444444 0.73828125 0.7829861111111112 0.7447916666666666 0.7829861111111112 0.7552083333333334 0.7795138888888888 0.7630208333333334 0.7899305555555556 0.78125 0.7934027777777778 0.8033854166666666 0.7847222222222222 0.83203125 0.7760416666666666 0.8424479166666666 0.7621527777777778 0.8528645833333334 0.7361111111111112 0.8580729166666666 0.7204861111111112 0.8658854166666666 0.7048611111111112 0.8684895833333334 0.6979166666666666 0.8658854166666666 0.6961805555555556 0.8619791666666666 0.6979166666666666 0.8580729166666666 0.6944444444444444 0.85546875 0.671875 0.8515625 0.6527777777777778 0.8424479166666666 0.640625 0.83203125 0.6284722222222222 0.8268229166666666 0.6111111111111112 0.8046875 0.6128472222222222 0.78515625 0.6076388888888888 0.77734375 0.6076388888888888 0.765625 0.6180555555555556 0.7473958333333334 0.6440972222222222 0.7213541666666666 0.6579861111111112 0.71484375 0.671875 0.7122395833333334 0.7100694444444444 0.7135416666666666
0 0.6996527777777778 0.3385416666666667 0.7256944444444444 0.33984375 0.7447916666666666 0.3450520833333333 0.7621527777777778 0.3463541666666667 0.7725694444444444 0.3463541666666667 0.7777777777777778 0.3411458333333333 0.7847222222222222 0.3411458333333333 0.8107638888888888 0.35546875 0.8298611111111112 0.3723958333333333 0.8420138888888888 0.3893229166666667 0.8506944444444444 0.41015625 0.8506944444444444 0.43359375 0.8454861111111112 0.45703125 0.8333333333333334 0.48046875 0.8194444444444444 0.4973958333333333 0.8142361111111112 0.5013020833333334 0.7899305555555556 0.5078125 0.7430555555555556 0.52734375 0.7170138888888888 0.53125 0.7100694444444444 0.53125 0.7048611111111112 0.52734375 0.6996527777777778 0.5286458333333334 0.6788194444444444 0.52734375 0.6614583333333334 0.5221354166666666 0.6319444444444444 0.5078125 0.6145833333333334 0.4947916666666667 0.6006944444444444 0.4765625 0.59375 0.4583333333333333 0.5920138888888888 0.4453125 0.59375 0.4283854166666667 0.6041666666666666 0.4036458333333333 0.6041666666666666 0.3984375 0.609375 0.390625 0.625 0.37890625 0.640625 0.3619791666666667 0.6545138888888888 0.3606770833333333 0.6614583333333334 0.3580729166666667 0.6892361111111112 0.33984375 0.6979166666666666 0.3385416666666667
0 0.6649305555555556 0.14192708333333334 0.6684027777777778 0.14322916666666666 0.671875 0.14973958333333334 0.6840277777777778 0.15104166666666666 0.6909722222222222 0.14583333333333334 0.7013888888888888 0.125 0.7274305555555556 0.09114583333333333 0.7413194444444444 0.10026041666666667 0.7482638888888888 0.10026041666666667 0.7604166666666666 0.09505208333333333 0.7777777777777778 0.08072916666666667 0.7934027777777778 0.08333333333333333 0.7986111111111112 0.07291666666666667 0.8038194444444444 0.0703125 0.8194444444444444 0.08333333333333333 0.8246527777777778 0.09114583333333333 0.8263888888888888 0.10286458333333333 0.8350694444444444 0.11458333333333333 0.8350694444444444 0.13411458333333334 0.8298611111111112 0.14192708333333334 0.8298611111111112 0.15625 0.8055555555555556 0.18229166666666666 0.7829861111111112 0.19921875 0.7708333333333334 0.20052083333333334 0.7621527777777778 0.20442708333333334 0.765625 0.22005208333333334 0.765625 0.23697916666666666 0.7621527777777778 0.25 0.7465277777777778 0.2760416666666667 0.7274305555555556 0.2942708333333333 0.7083333333333334 0.3072916666666667 0.6684027777777778 0.3255208333333333 0.6545138888888888 0.32421875 0.640625 0.3268229166666667 0.6319444444444444 0.3307291666666667 0.6111111111111112 0.3333333333333333 0.6024305555555556 0.3372395833333333 0.578125 0.3359375 0.5625 0.328125 0.5555555555555556 0.3268229166666667 0.5416666666666666 0.31640625 0.5347222222222222 0.3138020833333333 0.5138888888888888 0.296875 0.5052083333333334 0.2747395833333333 0.5052083333333334 0.2630208333333333 0.5104166666666666 0.24479166666666666 0.5138888888888888 0.23567708333333334 0.5277777777777778 0.21744791666666666 0.5364583333333334 0.20052083333333334 0.5625 0.17708333333333334 0.5833333333333334 0.1640625 0.6041666666666666 0.15625 0.6440972222222222 0.1484375 0.6458333333333334 0.14583333333333334 0.6388888888888888 0.14322916666666666 0.6631944444444444 0.14192708333333334
0 0.4565972222222222 0.23567708333333334 0.4722222222222222 0.24348958333333334 0.4965277777777778 0.265625 0.5069444444444444 0.2955729166666667 0.5069444444444444 0.3072916666666667 0.4965277777777778 0.3294270833333333 0.4565972222222222 0.36328125 0.4288194444444444 0.37109375 0.4149305555555556 0.3723958333333333 0.3993055555555556 0.37109375 0.3836805555555556 0.3658854166666667 0.3506944444444444 0.3424479166666667 0.3472222222222222 0.3372395833333333 0.34375 0.3203125 0.3472222222222222 0.3046875 0.3524305555555556 0.2955729166666667 0.3524305555555556 0.2890625 0.3506944444444444 0.2877604166666667 0.34375 0.2890625 0.3420138888888889 0.2864583333333333 0.3506944444444444 0.2786458333333333 0.3506944444444444 0.26953125 0.34375 0.2526041666666667 0.3611111111111111 0.23697916666666666 0.375 0.24479166666666666 0.3923611111111111 0.24609375 0.4253472222222222 0.23307291666666666 0.4479166666666667 0.23307291666666666 0.4548611111111111 0.23567708333333334
0 0.609375 0.53125 0.6354166666666666 0.5390625 0.6493055555555556 0.55078125 0.6545138888888888 0.5520833333333334 0.6701388888888888 0.5755208333333334 0.671875 0.5846354166666666 0.6770833333333334 0.5885416666666666 0.6805555555555556 0.5872395833333334 0.6875 0.5885416666666666 0.6892361111111112 0.6067708333333334 0.6875 0.6158854166666666 0.6822916666666666 0.6197916666666666 0.6822916666666666 0.6263020833333334 0.6927083333333334 0.6497395833333334 0.6892361111111112 0.6640625 0.6788194444444444 0.6666666666666666 0.6684027777777778 0.6666666666666666 0.6284722222222222 0.6848958333333334 0.6024305555555556 0.6901041666666666 0.5607638888888888 0.6875 0.5416666666666666 0.6783854166666666 0.5225694444444444 0.6744791666666666 0.5104166666666666 0.66796875 0.4965277777777778 0.6575520833333334 0.4809027777777778 0.6393229166666666 0.4739583333333333 0.6158854166666666 0.4739583333333333 0.5950520833333334 0.4774305555555556 0.5807291666666666 0.4861111111111111 0.5638020833333334 0.5034722222222222 0.546875 0.5208333333333334 0.5377604166666666 0.5607638888888888 0.5286458333333334 0.5902777777777778 0.5286458333333334 0.6076388888888888 0.53125
0 0.484375 0.71875 0.515625 0.73046875 0.5295138888888888 0.7408854166666666 0.5364583333333334 0.75 0.5364583333333334 0.75390625 0.546875 0.765625 0.546875 0.7747395833333334 0.5520833333333334 0.7903645833333334 0.5520833333333334 0.8229166666666666 0.5434027777777778 0.8411458333333334 0.5243055555555556 0.8580729166666666 0.4965277777777778 0.8736979166666666 0.4670138888888889 0.87890625 0.4479166666666667 0.87890625 0.4253472222222222 0.8736979166666666 0.3975694444444444 0.8606770833333334 0.390625 0.85546875 0.3802083333333333 0.8424479166666666 0.3680555555555556 0.81640625 0.3680555555555556 0.79296875 0.375 0.7630208333333334 0.390625 0.74609375 0.4027777777777778 0.7369791666666666 0.4340277777777778 0.7200520833333334 0.4826388888888889 0.71875
0 0.7083333333333334 0.15364583333333334 0.7326388888888888 0.1640625 0.7482638888888888 0.17578125 0.7552083333333334 0.18489583333333334 0.765625 0.22135416666666666 0.7621527777777778 0.2513020833333333 0.7430555555555556 0.2799479166666667 0.7256944444444444 0.2955729166666667 0.7083333333333334 0.3072916666666667 0.6684027777777778 0.3255208333333333 0.65625 0.32421875 0.6354166666666666 0.3294270833333333 0.6145833333333334 0.33203125 0.5989583333333334 0.3372395833333333 0.5798611111111112 0.3359375 0.5572916666666666 0.3268229166666667 0.5347222222222222 0.3138020833333333 0.5138888888888888 0.296875 0.5052083333333334 0.2747395833333333 0.5069444444444444 0.2565104166666667 0.5138888888888888 0.23567708333333334 0.5277777777777778 0.21744791666666666 0.5347222222222222 0.203125 0.5451388888888888 0.19140625 0.5607638888888888 0.17838541666666666 0.5885416666666666 0.16145833333333334 0.6024305555555556 0.15625 0.6336805555555556 0.14973958333333334 0.6961805555555556 0.15104166666666666 0.7065972222222222 0.15364583333333334