0 0.5989583333333334 0.2760416666666667 0.6059027777777778 0.27734375 0.6302083333333334 0.2890625 0.6440972222222222 0.2994791666666667 0.65625 0.3138020833333333 0.6614583333333334 0.32421875 0.6614583333333334 0.3489583333333333 0.65625 0.3736979166666667 0.6510416666666666 0.3828125 0.6388888888888888 0.3932291666666667 0.6336805555555556 0.40234375 0.6111111111111112 0.421875 0.5711805555555556 0.4388020833333333 0.5503472222222222 0.4427083333333333 0.5364583333333334 0.4427083333333333 0.5138888888888888 0.4388020833333333 0.4930555555555556 0.4283854166666667 0.4861111111111111 0.4205729166666667 0.4809027777777778 0.40234375 0.46875 0.3854166666666667 0.4652777777777778 0.3763020833333333 0.4652777777777778 0.3580729166666667 0.4756944444444444 0.33203125 0.4739583333333333 0.32421875 0.4756944444444444 0.3138020833333333 0.4913194444444444 0.2994791666666667 0.515625 0.2955729166666667 0.5590277777777778 0.2786458333333333 0.5746527777777778 0.2760416666666667 0.5972222222222222 0.2760416666666667
0 0.7708333333333334 0.5768229166666666 0.7881944444444444 0.5807291666666666 0.8003472222222222 0.5924479166666666 0.8229166666666666 0.6002604166666666 0.8298611111111112 0.60546875 0.8385416666666666 0.6171875 0.8559027777777778 0.64453125 0.8628472222222222 0.6666666666666666 0.8645833333333334 0.6966145833333334 0.859375 0.70703125 0.8420138888888888 0.7291666666666666 0.8072916666666666 0.7552083333333334 0.7847222222222222 0.76171875 0.7725694444444444 0.7682291666666666 0.7465277777777778 0.7760416666666666 0.7326388888888888 0.7825520833333334 0.6875 0.78515625 0.6597222222222222 0.7838541666666666 0.6388888888888888 0.7786458333333334 0.6319444444444444 0.78515625 0.625 0.7864583333333334 0.6076388888888888 0.78515625 0.6059027777777778 0.7747395833333334 0.6024305555555556 0.7708333333333334 0.6059027777777778 0.7486979166666666 0.5972222222222222 0.7408854166666666 0.5902777777777778 0.73046875 0.5885416666666666 0.7200520833333334 0.5815972222222222 0.7083333333333334 0.5850694444444444 0.7018229166666666 0.6024305555555556 0.6953125 0.6041666666666666 0.6901041666666666 0.6024305555555556 0.6653645833333334 0.6111111111111112 0.6510416666666666 0.6215277777777778 0.640625 0.6267361111111112 0.6302083333333334 0.6267361111111112 0.6236979166666666 0.6215277777777778 0.6158854166666666 0.6319444444444444 0.60546875 0.6475694444444444 0.5950520833333334 0.6597222222222222 0.5911458333333334 0.671875 0.58984375 0.6875 0.5807291666666666 0.7118055555555556 0.5807291666666666 0.7447916666666666 0.5755208333333334 0.7690972222222222 0.5768229166666666
0 0.5017361111111112 0.73046875 0.5329861111111112 0.7356770833333334 0.5572916666666666 0.7473958333333334 0.5729166666666666 0.76171875 0.5850694444444444 0.78515625 0.6024305555555556 0.7955729166666666 0.6111111111111112 0.8046875 0.6059027777777778 0.8138020833333334 0.5902777777777778 0.8268229166666666 0.5868055555555556 0.8489583333333334 0.5746527777777778 0.8658854166666666 0.5607638888888888 0.87890625 0.5486111111111112 0.88671875 0.5277777777777778 0.89453125 0.5086805555555556 0.8958333333333334 0.4982638888888889 0.90234375 0.4895833333333333 0.90234375 0.4791666666666667 0.90625 0.4618055555555556 0.9049479166666666 0.4548611111111111 0.8971354166666666 0.4583333333333333 0.88671875 0.4305555555555556 0.8684895833333334 0.4184027777777778 0.8528645833333334 0.4114583333333333 0.8385416666666666 0.3993055555555556 0.8294270833333334 0.3958333333333333 0.80078125 0.4079861111111111 0.78515625 0.4149305555555556 0.7682291666666666 0.4305555555555556 0.7578125 0.4722222222222222 0.7369791666666666 0.4878472222222222 0.7317708333333334 0.5 0.7317708333333334
0 0.7135416666666666 0.3658854166666667 0.7361111111111112 0.37109375 0.7690972222222222 0.3619791666666667 0.78125 0.3619791666666667 0.7864583333333334 0.3684895833333333 0.8072916666666666 0.375 0.8420138888888888 0.3984375 0.8524305555555556 0.3971354166666667 0.859375 0.3984375 0.8628472222222222 0.4114583333333333 0.8715277777777778 0.4231770833333333 0.8715277777777778 0.43359375 0.8680555555555556 0.4388020833333333 0.8663194444444444 0.4518229166666667 0.8680555555555556 0.4544270833333333 0.8663194444444444 0.4947916666666667 0.8611111111111112 0.5091145833333334 0.84375 0.5299479166666666 0.8020833333333334 0.55859375 0.7847222222222222 0.56640625 0.7708333333333334 0.5703125 0.7447916666666666 0.5703125 0.7170138888888888 0.5729166666666666 0.7013888888888888 0.5729166666666666 0.6753472222222222 0.5677083333333334 0.6510416666666666 0.55859375 0.6319444444444444 0.5455729166666666 0.6197916666666666 0.5364583333333334 0.6111111111111112 0.5260416666666666 0.5989583333333334 0.5026041666666666 0.5954861111111112 0.4830729166666667 0.5972222222222222 0.46484375 0.6024305555555556 0.4466145833333333 0.6145833333333334 0.4270833333333333 0.625 0.4166666666666667 0.65625 0.3932291666666667 0.6597222222222222 0.3880208333333333 0.6857638888888888 0.3802083333333333 0.7118055555555556 0.3658854166666667
0 0.3489583333333333 0.18619791666666666 0.3767361111111111 0.19661458333333334 0.3940972222222222 0.20833333333333334 0.3993055555555556 0.20963541666666666 0.4114583333333333 0.22005208333333334 0.4184027777777778 0.23177083333333334 0.4270833333333333 0.2578125 0.4270833333333333 0.2799479166666667 0.4236111111111111 0.2942708333333333 0.4149305555555556 0.30859375 0.3888888888888889 0.3307291666666667 0.3333333333333333 0.3346354166666667 0.3003472222222222 0.3411458333333333 0.2829861111111111 0.3385416666666667 0.265625 0.33203125 0.2534722222222222 0.3255208333333333 0.2326388888888889 0.30859375 0.2170138888888889 0.28125 0.2170138888888889 0.2552083333333333 0.2378472222222222 0.22395833333333334 0.25 0.2109375 0.2673611111111111 0.19791666666666666 0.2829861111111111 0.19140625 0.3159722222222222 0.18489583333333334 0.3472222222222222 0.18619791666666666
0 0.2326388888888889 0.484375 0.25 0.4895833333333333 0.2638888888888889 0.5 0.28125 0.5104166666666666 0.3003472222222222 0.5182291666666666 0.3229166666666667 0.5338541666666666 0.328125 0.54296875 0.328125 0.5598958333333334 0.3350694444444444 0.5924479166666666 0.3402777777777778 0.5963541666666666 0.3454861111111111 0.60546875 0.3454861111111111 0.6119791666666666 0.3420138888888889 0.6184895833333334 0.3298611111111111 0.6263020833333334 0.3142361111111111 0.6315104166666666 0.2864583333333333 0.6497395833333334 0.2552083333333333 0.6614583333333334 0.22743055555555555 0.6653645833333334 0.203125 0.671875 0.18229166666666666 0.671875 0.1423611111111111 0.6653645833333334 0.11805555555555555 0.6536458333333334 0.10243055555555555 0.6380208333333334 0.08159722222222222 0.6002604166666666 0.078125 0.58984375 0.06076388888888889 0.5716145833333334 0.05381944444444445 0.5598958333333334 0.05381944444444445 0.5455729166666666 0.06076388888888889 0.5403645833333334 0.06597222222222222 0.5286458333333334 0.08333333333333333 0.5143229166666666 0.0920138888888889 0.5104166666666666 0.10590277777777778 0.5078125 0.13020833333333334 0.51171875 0.1579861111111111 0.4973958333333333 0.18229166666666666 0.48828125 0.21354166666666666 0.484375 0.2309027777777778 0.4856770833333333
0 0.8038194444444444 0.13020833333333334 0.84375 0.13802083333333334 0.8559027777777778 0.14453125 0.8697916666666666 0.14713541666666666 0.8767361111111112 0.15104166666666666 0.8819444444444444 0.15755208333333334 0.8871527777777778 0.15885416666666666 0.890625 0.16276041666666666 0.9079861111111112 0.171875 0.921875 0.18619791666666666 0.9288194444444444 0.19921875 0.9340277777777778 0.22005208333333334 0.9322916666666666 0.23828125 0.9236111111111112 0.2526041666666667 0.9149305555555556 0.27734375 0.8784722222222222 0.3098958333333333 0.8576388888888888 0.3190104166666667 0.8194444444444444 0.3294270833333333 0.7760416666666666 0.33203125 0.7534722222222222 0.33203125 0.7430555555555556 0.328125 0.7239583333333334 0.3255208333333333 0.7100694444444444 0.3216145833333333 0.6579861111111112 0.2994791666666667 0.640625 0.2864583333333333 0.6388888888888888 0.2825520833333333 0.6232638888888888 0.26953125 0.6180555555555556 0.2578125 0.6163194444444444 0.23958333333333334 0.6215277777777778 0.22526041666666666 0.6232638888888888 0.2109375 0.6302083333333334 0.1953125 0.6614583333333334 0.16927083333333334 0.6927083333333334 0.15234375 0.6979166666666666 0.14713541666666666 0.7465277777777778 0.1328125 0.765625 0.13020833333333334 0.8020833333333334 0.13020833333333334
0 0.5034722222222222 0.5065104166666666 0.5381944444444444 0.5143229166666666 0.5520833333333334 0.51953125 0.5868055555555556 0.5455729166666666 0.5920138888888888 0.5520833333333334 0.6006944444444444 0.5729166666666666 0.6059027777777778 0.578125 0.6006944444444444 0.6145833333333334 0.6076388888888888 0.6223958333333334 0.6111111111111112 0.6223958333333334 0.6197916666666666 0.6276041666666666 0.6197916666666666 0.6315104166666666 0.6059027777777778 0.6510416666666666 0.5989583333333334 0.6536458333333334 0.59375 0.6588541666666666 0.5920138888888888 0.6888020833333334 0.5815972222222222 0.6940104166666666 0.5763888888888888 0.6940104166666666 0.5729166666666666 0.69140625 0.5416666666666666 0.6927083333333334 0.5329861111111112 0.6901041666666666 0.46875 0.69140625 0.4479166666666667 0.6861979166666666 0.4253472222222222 0.6770833333333334 0.40625 0.6640625 0.4010416666666667 0.65625 0.3854166666666667 0.64453125 0.3715277777777778 0.62109375 0.3680555555555556 0.6080729166666666 0.3697916666666667 0.58203125 0.3767361111111111 0.5611979166666666 0.3958333333333333 0.5364583333333334 0.4079861111111111 0.52734375 0.4392361111111111 0.51171875 0.4704861111111111 0.5052083333333334 0.5017361111111112 0.5065104166666666
0 0.5034722222222222 0.10677083333333333 0.5034722222222222 0.11067708333333333 0.515625 0.12760416666666666 0.5260416666666666 0.13020833333333334 0.53125 0.12890625 0.5677083333333334 0.13020833333333334 0.5798611111111112 0.1328125 0.59375 0.13932291666666666 0.6128472222222222 0.15755208333333334 0.6197916666666666 0.18229166666666666 0.6197916666666666 0.20833333333333334 0.6163194444444444 0.22265625 0.609375 0.23958333333333334 0.5902777777777778 0.2630208333333333 0.5746527777777778 0.2708333333333333 0.53125 0.28125 0.4791666666666667 0.2786458333333333 0.4583333333333333 0.2747395833333333 0.4444444444444444 0.2682291666666667 0.4322916666666667 0.2565104166666667 0.4236111111111111 0.23046875 0.4149305555555556 0.21484375 0.4184027777777778 0.19401041666666666 0.4288194444444444 0.1796875 0.4479166666666667 0.1640625 0.4479166666666667 0.15885416666666666 0.4427083333333333 0.15364583333333334 0.4479166666666667 0.1484375 0.4513888888888889 0.1484375 0.4618055555555556 0.14192708333333334 0.46875 0.1328125 0.4704861111111111 0.11197916666666667 0.4791666666666667 0.11197916666666667 0.484375 0.109375 0.5017361111111112 0.10677083333333333
0 0.3871527777777778 0.33984375 0.4079861111111111 0.3463541666666667 0.4253472222222222 0.3580729166666667 0.4409722222222222 0.3645833333333333 0.4618055555555556 0.3841145833333333 0.4774305555555556 0.40625 0.4826388888888889 0.4296875 0.4826388888888889 0.4427083333333333 0.4791666666666667 0.4596354166666667 0.4722222222222222 0.4752604166666667 0.4444444444444444 0.5026041666666666 0.4010416666666667 0.5221354166666666 0.3663194444444444 0.5260416666666666 0.3576388888888889 0.5247395833333334 0.3246527777777778 0.5260416666666666 0.3107638888888889 0.51953125 0.2916666666666667 0.5052083333333334 0.2708333333333333 0.4986979166666667 0.2482638888888889 0.48046875 0.2361111111111111 0.4739583333333333 0.22916666666666666 0.4544270833333333 0.22916666666666666 0.4270833333333333 0.22569444444444445 0.4153645833333333 0.22743055555555555 0.4088541666666667 0.2361111111111111 0.40234375 0.23958333333333334 0.3932291666666667 0.2517361111111111 0.3763020833333333 0.2690972222222222 0.36328125 0.2916666666666667 0.3502604166666667 0.3107638888888889 0.34375 0.3350694444444444 0.3411458333333333 0.3402777777777778 0.3385416666666667 0.3611111111111111 0.3372395833333333 0.3854166666666667 0.33984375
0 0.2690972222222222 0.6640625 0.28125 0.6692708333333334 0.3038194444444444 0.6744791666666666 0.3246527777777778 0.68359375 0.3350694444444444 0.69140625 0.3506944444444444 0.71484375 0.3559027777777778 0.75390625 0.3472222222222222 0.7760416666666666 0.3315972222222222 0.796875 0.3315972222222222 0.8072916666666666 0.3177083333333333 0.8216145833333334 0.2881944444444444 0.8385416666666666 0.25 0.8463541666666666 0.2170138888888889 0.8463541666666666 0.19618055555555555 0.8424479166666666 0.17881944444444445 0.8359375 0.15625 0.8190104166666666 0.1423611111111111 0.8046875 0.13541666666666666 0.7916666666666666 0.13368055555555555 0.7486979166666666 0.1388888888888889 0.7330729166666666 0.14930555555555555 0.7161458333333334 0.171875 0.6953125 0.1996527777777778 0.6809895833333334 0.2204861111111111 0.6731770833333334 0.2673611111111111 0.6640625