0 0.5642361111111112 0.22265625 0.5954861111111112 0.23307291666666666 0.6215277777777778 0.2513020833333333 0.6388888888888888 0.2734375 0.6493055555555556 0.3020833333333333 0.6493055555555556 0.3216145833333333 0.6440972222222222 0.3346354166666667 0.6302083333333334 0.3567708333333333 0.6024305555555556 0.3776041666666667 0.5677083333333334 0.390625 0.5590277777777778 0.38671875 0.5486111111111112 0.390625 0.5225694444444444 0.3880208333333333 0.5034722222222222 0.3828125 0.4739583333333333 0.37109375 0.4583333333333333 0.359375 0.4427083333333333 0.34375 0.4322916666666667 0.3229166666666667 0.4305555555555556 0.3098958333333333 0.4305555555555556 0.2955729166666667 0.4357638888888889 0.2760416666666667 0.453125 0.2513020833333333 0.4652777777777778 0.2421875 0.4826388888888889 0.23307291666666666 0.5138888888888888 0.22265625 0.5243055555555556 0.22135416666666666 0.5625 0.22265625
0 0.6701388888888888 0.59375 0.6770833333333334 0.6015625 0.671875 0.6145833333333334 0.6527777777777778 0.6263020833333334 0.6302083333333334 0.6497395833333334 0.6302083333333334 0.69140625 0.640625 0.7109375 0.6614583333333334 0.73046875 0.6770833333333334 0.75 0.6944444444444444 0.7825520833333334 0.6979166666666666 0.796875 0.6979166666666666 0.82421875 0.6927083333333334 0.8450520833333334 0.6875 0.8567708333333334 0.6753472222222222 0.8736979166666666 0.65625 0.890625 0.6354166666666666 0.9036458333333334 0.6059027777777778 0.9153645833333334 0.5590277777777778 0.9231770833333334 0.5520833333333334 0.9283854166666666 0.5416666666666666 0.9309895833333334 0.5086805555555556 0.9296875 0.4913194444444444 0.9244791666666666 0.4878472222222222 0.9192708333333334 0.4670138888888889 0.9049479166666666 0.4270833333333333 0.8658854166666666 0.4079861111111111 0.8411458333333334 0.3993055555555556 0.8216145833333334 0.3958333333333333 0.8020833333333334 0.3975694444444444 0.7708333333333334 0.40625 0.75 0.4201388888888889 0.73046875 0.4479166666666667 0.7083333333333334 0.4809027777777778 0.6940104166666666 0.53125 0.6783854166666666 0.5520833333333334 0.6666666666666666 0.5694444444444444 0.6536458333333334 0.6041666666666666 0.6145833333333334 0.6284722222222222 0.59765625 0.6458333333333334 0.5911458333333334 0.6649305555555556 0.5911458333333334 0.6684027777777778 0.59375
0 0.34375 0.3138020833333333 0.3680555555555556 0.3203125 0.3871527777777778 0.33203125 0.40625 0.3515625 0.4201388888888889 0.3736979166666667 0.4288194444444444 0.37890625 0.4479166666666667 0.3971354166666667 0.4496527777777778 0.4036458333333333 0.4461805555555556 0.41015625 0.4340277777777778 0.4192708333333333 0.4322916666666667 0.42578125 0.4149305555555556 0.4322916666666667 0.3836805555555556 0.4609375 0.3663194444444444 0.46875 0.3541666666666667 0.4713541666666667 0.3177083333333333 0.4713541666666667 0.2986111111111111 0.4674479166666667 0.2638888888888889 0.4479166666666667 0.234375 0.4153645833333333 0.22395833333333334 0.4114583333333333 0.21875 0.4114583333333333 0.20833333333333334 0.4166666666666667 0.1996527777777778 0.4140625 0.1892361111111111 0.4140625 0.18229166666666666 0.4075520833333333 0.18229166666666666 0.3971354166666667 0.1875 0.390625 0.18229166666666666 0.3684895833333333 0.19444444444444445 0.3528645833333333 0.2065972222222222 0.34375 0.21354166666666666 0.34375 0.22395833333333334 0.3502604166666667 0.22916666666666666 0.359375 0.22743055555555555 0.3684895833333333 0.2309027777777778 0.37109375 0.23958333333333334 0.37109375 0.24479166666666666 0.3671875 0.2552083333333333 0.3489583333333333 0.2673611111111111 0.3372395833333333 0.2916666666666667 0.3229166666666667 0.3142361111111111 0.3151041666666667 0.3420138888888889 0.3138020833333333
0 0.21354166666666666 0.08984375 0.22569444444444445 0.09375 0.2517361111111111 0.11067708333333333 0.2604166666666667 0.11067708333333333 0.2673611111111111 0.11458333333333333 0.2847222222222222 0.1171875 0.3142361111111111 0.13020833333333334 0.3472222222222222 0.13151041666666666 0.375 0.13932291666666666 0.3975694444444444 0.15364583333333334 0.4114583333333333 0.16927083333333334 0.4184027777777778 0.18489583333333334 0.4201388888888889 0.20182291666666666 0.4114583333333333 0.22005208333333334 0.3958333333333333 0.23958333333333334 0.3645833333333333 0.2604166666666667 0.3454861111111111 0.2669270833333333 0.3125 0.2708333333333333 0.2881944444444444 0.2682291666666667 0.2708333333333333 0.26171875 0.25 0.24479166666666666 0.23958333333333334 0.23177083333333334 0.2326388888888889 0.21223958333333334 0.2326388888888889 0.19010416666666666 0.2465277777777778 0.15755208333333334 0.24305555555555555 0.14713541666666666 0.23958333333333334 0.14453125 0.234375 0.14453125 0.22743055555555555 0.14973958333333334 0.2204861111111111 0.1640625 0.2170138888888889 0.16666666666666666 0.21180555555555555 0.16666666666666666 0.1892361111111111 0.15755208333333334 0.17708333333333334 0.14973958333333334 0.1579861111111111 0.14322916666666666 0.15625 0.140625 0.1597222222222222 0.12239583333333333 0.16666666666666666 0.11588541666666667 0.1736111111111111 0.11328125 0.1684027777777778 0.10677083333333333 0.1684027777777778 0.1015625 0.17881944444444445 0.09505208333333333 0.19270833333333334 0.09375 0.203125 0.08984375 0.21180555555555555 0.08984375
0 0.09027777777777778 0.3971354166666667 0.13020833333333334 0.4036458333333333 0.16145833333333334 0.41796875 0.1840277777777778 0.4361979166666667 0.19791666666666666 0.45703125 0.2013888888888889 0.4674479166666667 0.2013888888888889 0.4934895833333333 0.1857638888888889 0.5247395833333334 0.1753472222222222 0.5299479166666666 0.1579861111111111 0.5299479166666666 0.140625 0.52734375 0.13020833333333334 0.53125 0.11631944444444445 0.53125 0.1111111111111111 0.53515625 0.10416666666666667 0.5481770833333334 0.10416666666666667 0.5533854166666666 0.109375 0.5572916666666666 0.1076388888888889 0.5598958333333334 0.09375 0.5625 0.0625 0.5625 0.041666666666666664 0.5572916666666666 0.017361111111111112 0.5481770833333334 0 0.5364583333333334 0 0.5026041666666666 0.001736111111111111 0.5013020833333334 0 0.4205729166666667 0.03125 0.4036458333333333 0.06944444444444445 0.3971354166666667 0.08854166666666667 0.3971354166666667
0 0.6493055555555556 0.390625 0.6822916666666666 0.4036458333333333 0.6996527777777778 0.4166666666666667 0.7100694444444444 0.4296875 0.7170138888888888 0.4440104166666667 0.7239583333333334 0.4713541666666667 0.7239583333333334 0.4947916666666667 0.7274305555555556 0.5065104166666666 0.7413194444444444 0.5260416666666666 0.7517361111111112 0.5494791666666666 0.7517361111111112 0.5625 0.7447916666666666 0.5690104166666666 0.7170138888888888 0.5807291666666666 0.703125 0.5833333333333334 0.6892361111111112 0.5833333333333334 0.6857638888888888 0.5807291666666666 0.7118055555555556 0.5572916666666666 0.7100694444444444 0.5546875 0.6961805555555556 0.5559895833333334 0.65625 0.56640625 0.6388888888888888 0.5729166666666666 0.6076388888888888 0.5794270833333334 0.5746527777777778 0.5807291666666666 0.5486111111111112 0.5768229166666666 0.5381944444444444 0.5729166666666666 0.515625 0.5572916666666666 0.5034722222222222 0.5416666666666666 0.4947916666666667 0.5221354166666666 0.4930555555555556 0.5143229166666666 0.4947916666666667 0.46484375 0.5 0.4505208333333333 0.5138888888888888 0.4375 0.515625 0.4322916666666667 0.5555555555555556 0.4088541666666667 0.5642361111111112 0.4010416666666667 0.6111111111111112 0.3919270833333333 0.6475694444444444 0.390625
0 0.14930555555555555 0.53125 0.16145833333333334 0.53515625 0.1753472222222222 0.53515625 0.1875 0.5442708333333334 0.1996527777777778 0.5481770833333334 0.23958333333333334 0.546875 0.2777777777777778 0.5572916666666666 0.3038194444444444 0.5716145833333334 0.3159722222222222 0.5807291666666666 0.3246527777777778 0.5911458333333334 0.328125 0.6015625 0.3298611111111111 0.6302083333333334 0.3246527777777778 0.64453125 0.3125 0.6640625 0.2899305555555556 0.6861979166666666 0.2690972222222222 0.6979166666666666 0.2378472222222222 0.7109375 0.1996527777777778 0.7135416666666666 0.18055555555555555 0.7135416666666666 0.1736111111111111 0.7109375 0.1527777777777778 0.7096354166666666 0.1371527777777778 0.7044270833333334 0.10243055555555555 0.6783854166666666 0.09375 0.6692708333333334 0.08680555555555555 0.6549479166666666 0.08506944444444445 0.625 0.0920138888888889 0.609375 0.11284722222222222 0.5846354166666666 0.1440972222222222 0.5638020833333334 0.1440972222222222 0.5572916666666666 0.140625 0.5546875 0.13020833333333334 0.5546875 0.11979166666666667 0.5572916666666666 0.1111111111111111 0.5533854166666666 0.109375 0.546875 0.11284722222222222 0.5390625 0.11805555555555555 0.53515625 0.1284722222222222 0.53515625 0.1388888888888889 0.53125 0.14756944444444445 0.53125
0 0.15625 0.7122395833333334 0.19791666666666666 0.7213541666666666 0.25 0.7513020833333334 0.2586805555555556 0.7643229166666666 0.2690972222222222 0.7890625 0.2673611111111111 0.828125 0.2534722222222222 0.8606770833333334 0.23958333333333334 0.8763020833333334 0.21354166666666666 0.8984375 0.18229166666666666 0.9114583333333334 0.16493055555555555 0.9153645833333334 0.15104166666666666 0.9166666666666666 0.109375 0.9153645833333334 0.10243055555555555 0.91796875 0.0954861111111111 0.91796875 0.0763888888888889 0.9114583333333334 0.052083333333333336 0.8984375 0.017361111111111112 0.8723958333333334 0.006944444444444444 0.8567708333333334 0 0.8515625 0 0.7760416666666666 0.020833333333333332 0.7526041666666666 0.043402777777777776 0.7356770833333334 0.06944444444444445 0.72265625 0.08506944444444445 0.7174479166666666 0.11805555555555555 0.7122395833333334 0.13368055555555555 0.7109375 0.1545138888888889 0.7122395833333334
0 0.9600694444444444 0.4088541666666667 0.9878472222222222 0.41015625 0.9982638888888888 0.4127604166666667 0.9982638888888888 0.6119791666666666 0.9739583333333334 0.6158854166666666 0.9166666666666666 0.6028645833333334 0.8697916666666666 0.58203125 0.8524305555555556 0.5690104166666666 0.8350694444444444 0.5520833333333334 0.8194444444444444 0.5260416666666666 0.8142361111111112 0.5104166666666666 0.8142361111111112 0.484375 0.8177083333333334 0.4739583333333333 0.8298611111111112 0.4544270833333333 0.8472222222222222 0.4401041666666667 0.8663194444444444 0.4296875 0.8888888888888888 0.421875 0.9236111111111112 0.4127604166666667 0.9583333333333334 0.4088541666666667
0 0 0.6549479166666666 0.008680555555555556 0.6627604166666666 0.015625 0.6848958333333334 0.015625 0.6953125 0 0.7122395833333334 0 0.65625
0 0 0.18619791666666666 0.020833333333333332 0.19270833333333334 0.0642361111111111 0.19921875 0.07291666666666667 0.203125 0.08680555555555555 0.20572916666666666 0.109375 0.21614583333333334 0.109375 0.22005208333333334 0.10069444444444445 0.2265625 0.1284722222222222 0.24739583333333334 0.1388888888888889 0.2591145833333333 0.14930555555555555 0.2721354166666667 0.1527777777777778 0.2864583333333333 0.14756944444444445 0.3111979166666667 0.1388888888888889 0.32421875 0.13194444444444445 0.3307291666666667 0.1076388888888889 0.3450520833333333 0.08680555555555555 0.3528645833333333 0.06076388888888889 0.359375 0.026041666666666668 0.3619791666666667 0 0.359375 0 0.1875