0 0.552734375 0.07421875 0.564453125 0.08333333333333333 0.578125 0.10546875 0.5849609375 0.125 0.5859375 0.14453125 0.5830078125 0.15364583333333334 0.57421875 0.16276041666666666 0.5615234375 0.18619791666666666 0.55078125 0.21875 0.546875 0.23697916666666666 0.5302734375 0.25390625 0.51953125 0.2591145833333333 0.5009765625 0.2565104166666667 0.4912109375 0.24869791666666666 0.482421875 0.23697916666666666 0.4677734375 0.18359375 0.466796875 0.12239583333333333 0.470703125 0.11197916666666667 0.4951171875 0.1015625 0.505859375 0.08723958333333333 0.5166015625 0.07942708333333333 0.5322265625 0.07291666666666667 0.5517578125 0.07421875
0 0.6826171875 0.3606770833333333 0.7080078125 0.3736979166666667 0.720703125 0.3893229166666667 0.732421875 0.4140625 0.740234375 0.4361979166666667 0.748046875 0.4700520833333333 0.7470703125 0.5 0.7421875 0.5221354166666666 0.7333984375 0.5442708333333334 0.712890625 0.57421875 0.697265625 0.5911458333333334 0.6796875 0.6041666666666666 0.6533203125 0.61328125 0.6181640625 0.6106770833333334 0.59765625 0.6002604166666666 0.5869140625 0.5807291666666666 0.57421875 0.5690104166666666 0.564453125 0.5533854166666666 0.552734375 0.5091145833333334 0.5517578125 0.4869791666666667 0.5556640625 0.4765625 0.5556640625 0.46875 0.5595703125 0.4609375 0.5595703125 0.4244791666666667 0.56640625 0.41015625 0.5859375 0.3893229166666667 0.6044921875 0.375 0.6298828125 0.36328125 0.6611328125 0.3658854166666667 0.671875 0.359375 0.681640625 0.3606770833333333
0 0.5107421875 0.5481770833333334 0.52734375 0.5546875 0.5390625 0.5625 0.556640625 0.5859375 0.5634765625 0.5924479166666666 0.572265625 0.5963541666666666 0.576171875 0.6119791666666666 0.56640625 0.6223958333333334 0.5673828125 0.6731770833333334 0.5625 0.69140625 0.5439453125 0.7239583333333334 0.52734375 0.7356770833333334 0.51953125 0.7369791666666666 0.501953125 0.734375 0.4892578125 0.7278645833333334 0.4794921875 0.7213541666666666 0.4697265625 0.7083333333333334 0.45703125 0.6979166666666666 0.4521484375 0.6888020833333334 0.443359375 0.6796875 0.4404296875 0.6549479166666666 0.4375 0.6497395833333334 0.4384765625 0.6419270833333334 0.4443359375 0.6276041666666666 0.4462890625 0.5989583333333334 0.455078125 0.5794270833333334 0.4765625 0.5572916666666666 0.4912109375 0.5481770833333334 0.509765625 0.5481770833333334
0 0.447265625 0 0.5478515625 0 0.552734375 0.013020833333333334 0.5537109375 0.022135416666666668 0.5517578125 0.061197916666666664 0.548828125 0.06770833333333333 0.5205078125 0.07421875 0.509765625 0.08072916666666667 0.490234375 0.10026041666666667 0.478515625 0.1015625 0.466796875 0.109375 0.458984375 0.109375 0.4453125 0.09114583333333333 0.43359375 0.049479166666666664 0.43359375 0.036458333333333336 0.4365234375 0.020833333333333332 0.447265625 0.0013020833333333333
0 0.32421875 0.2877604166666667 0.345703125 0.296875 0.3701171875 0.3216145833333333 0.38671875 0.3606770833333333 0.3935546875 0.4153645833333333 0.4013671875 0.4296875 0.4072265625 0.4296875 0.4111328125 0.43359375 0.412109375 0.4440104166666667 0.4033203125 0.45703125 0.384765625 0.4674479166666667 0.3623046875 0.4713541666666667 0.3310546875 0.4700520833333333 0.3193359375 0.4739583333333333 0.302734375 0.4856770833333333 0.29296875 0.484375 0.279296875 0.4778645833333333 0.2626953125 0.46484375 0.2548828125 0.4544270833333333 0.24609375 0.42578125 0.2392578125 0.3932291666666667 0.2275390625 0.36328125 0.2236328125 0.3359375 0.2294921875 0.32421875 0.232421875 0.3111979166666667 0.2373046875 0.3072916666666667 0.25390625 0.30078125 0.2783203125 0.3059895833333333 0.3037109375 0.2916666666666667 0.3232421875 0.2877604166666667
0 0.6552734375 0.12890625 0.6611328125 0.1328125 0.6708984375 0.1328125 0.67578125 0.13541666666666666 0.69921875 0.16015625 0.7138671875 0.16927083333333334 0.720703125 0.17838541666666666 0.7314453125 0.20572916666666666 0.7353515625 0.22005208333333334 0.7373046875 0.23828125 0.7373046875 0.26171875 0.732421875 0.2903645833333333 0.7265625 0.3098958333333333 0.7099609375 0.3411458333333333 0.6953125 0.359375 0.6884765625 0.359375 0.6787109375 0.3528645833333333 0.6708984375 0.3528645833333333 0.658203125 0.3606770833333333 0.6357421875 0.3567708333333333 0.6083984375 0.3567708333333333 0.5986328125 0.3606770833333333 0.5947265625 0.3541666666666667 0.578125 0.3424479166666667 0.56640625 0.3268229166666667 0.560546875 0.3151041666666667 0.5498046875 0.2760416666666667 0.55078125 0.23697916666666666 0.5537109375 0.21875 0.564453125 0.18619791666666666 0.57421875 0.16927083333333334 0.5927734375 0.1484375 0.61328125 0.1328125 0.6298828125 0.12630208333333334 0.654296875 0.12890625
0 0.4091796875 0.14192708333333334 0.427734375 0.14713541666666666 0.4541015625 0.16927083333333334 0.4609375 0.18489583333333334 0.466796875 0.19140625 0.47265625 0.20703125 0.4775390625 0.23828125 0.4755859375 0.2682291666666667 0.470703125 0.2955729166666667 0.4365234375 0.3203125 0.421875 0.34375 0.4111328125 0.34765625 0.38671875 0.3450520833333333 0.3828125 0.3411458333333333 0.375 0.3216145833333333 0.369140625 0.3138020833333333 0.3388671875 0.28515625 0.33203125 0.28515625 0.330078125 0.2825520833333333 0.330078125 0.2734375 0.3271484375 0.2630208333333333 0.326171875 0.2421875 0.3271484375 0.21614583333333334 0.3447265625 0.19661458333333334 0.3447265625 0.17838541666666666 0.3544921875 0.16145833333333334 0.3623046875 0.15364583333333334 0.3876953125 0.14322916666666666 0.400390625 0.140625 0.408203125 0.14192708333333334
0 0.392578125 0.01953125 0.40625 0.024739583333333332 0.4169921875 0.032552083333333336 0.42578125 0.041666666666666664 0.431640625 0.052083333333333336 0.443359375 0.09375 0.4443359375 0.12109375 0.44140625 0.13541666666666666 0.435546875 0.14583333333333334 0.4091796875 0.13802083333333334 0.3935546875 0.13802083333333334 0.3759765625 0.14322916666666666 0.359375 0.15104166666666666 0.3447265625 0.16536458333333334 0.341796875 0.1640625 0.3310546875 0.1484375 0.322265625 0.12109375 0.3212890625 0.09635416666666667 0.326171875 0.07942708333333333 0.33984375 0.048177083333333336 0.3525390625 0.028645833333333332 0.3642578125 0.020833333333333332 0.3740234375 0.018229166666666668 0.3916015625 0.01953125
0 0.5703125 0 0.74609375 0 0.74609375 0.048177083333333336 0.740234375 0.0625 0.7275390625 0.08203125 0.7001953125 0.11067708333333333 0.6953125 0.125 0.677734375 0.12890625 0.666015625 0.12890625 0.6416015625 0.12239583333333333 0.63671875 0.1171875 0.630859375 0.1171875 0.61328125 0.12630208333333334 0.5947265625 0.12630208333333334 0.591796875 0.12369791666666667 0.580078125 0.09895833333333333 0.5634765625 0.07552083333333333 0.556640625 0.059895833333333336 0.5556640625 0.044270833333333336 0.55859375 0.024739583333333332 0.5703125 0.0013020833333333333
0 0.7490234375 0 0.8115234375 0 0.810546875 0.013020833333333334 0.806640625 0.020833333333333332 0.76171875 0.053385416666666664 0.75 0.053385416666666664 0.748046875 0.05078125 0.7490234375 0.0013020833333333333
0 0.515625 0.3072916666666667 0.53125 0.3177083333333333 0.556640625 0.3463541666666667 0.55859375 0.375 0.5615234375 0.3815104166666667 0.5654296875 0.3828125 0.5673828125 0.3893229166666667 0.56640625 0.3997395833333333 0.552734375 0.4283854166666667 0.552734375 0.4583333333333333 0.5498046875 0.4661458333333333 0.5498046875 0.4765625 0.5439453125 0.4895833333333333 0.5419921875 0.4921875 0.5322265625 0.4895833333333333 0.5087890625 0.5052083333333334 0.4990234375 0.5078125 0.4765625 0.5078125 0.4658203125 0.5052083333333334 0.4521484375 0.4947916666666667 0.431640625 0.47265625 0.4208984375 0.4518229166666667 0.41796875 0.4401041666666667 0.4140625 0.4114583333333333 0.4140625 0.3802083333333333 0.421875 0.3541666666666667 0.4345703125 0.3294270833333333 0.455078125 0.3098958333333333 0.47265625 0.3020833333333333 0.4912109375 0.30078125 0.5078125 0.3033854166666667 0.5146484375 0.3072916666666667
0 0.34765625 0.4739583333333333 0.3642578125 0.4791666666666667 0.3896484375 0.4973958333333333 0.3984375 0.5104166666666666 0.404296875 0.5260416666666666 0.4111328125 0.5572916666666666 0.408203125 0.5677083333333334 0.408203125 0.5807291666666666 0.404296875 0.6067708333333334 0.3974609375 0.6302083333333334 0.3828125 0.6471354166666666 0.3701171875 0.6575520833333334 0.3486328125 0.6666666666666666 0.322265625 0.6653645833333334 0.3134765625 0.6627604166666666 0.298828125 0.6536458333333334 0.2744140625 0.6197916666666666 0.2685546875 0.59765625 0.2705078125 0.5546875 0.27734375 0.5338541666666666 0.2900390625 0.5078125 0.306640625 0.48828125 0.318359375 0.4791666666666667 0.3466796875 0.4739583333333333