0 0.3720703125 0.4049479166666667 0.3798828125 0.4088541666666667 0.3994140625 0.4088541666666667 0.4140625 0.4127604166666667 0.455078125 0.44140625 0.4736328125 0.4700520833333333 0.4775390625 0.4817708333333333 0.4873046875 0.53515625 0.4873046875 0.5494791666666666 0.4765625 0.5807291666666666 0.470703125 0.5911458333333334 0.4521484375 0.6158854166666666 0.435546875 0.6276041666666666 0.4208984375 0.6575520833333334 0.412109375 0.6614583333333334 0.404296875 0.6731770833333334 0.400390625 0.671875 0.3994140625 0.6783854166666666 0.361328125 0.6809895833333334 0.330078125 0.6796875 0.3125 0.67578125 0.2822265625 0.6588541666666666 0.2607421875 0.6315104166666666 0.25 0.5885416666666666 0.2490234375 0.5677083333333334 0.2509765625 0.5455729166666666 0.2568359375 0.5182291666666666 0.2724609375 0.48046875 0.328125 0.4127604166666667 0.3291015625 0.4153645833333333 0.3330078125 0.4153645833333333 0.3349609375 0.4114583333333333 0.34375 0.4075520833333333 0.37109375 0.4049479166666667
0 0.732421875 0.68359375 0.75 0.6888020833333334 0.775390625 0.7057291666666666 0.78125 0.7135416666666666 0.7939453125 0.7395833333333334 0.8046875 0.78125 0.8076171875 0.8033854166666666 0.8056640625 0.8294270833333334 0.7939453125 0.8606770833333334 0.7734375 0.8880208333333334 0.7666015625 0.8932291666666666 0.75 0.8997395833333334 0.71484375 0.8997395833333334 0.6953125 0.890625 0.658203125 0.8528645833333334 0.6513671875 0.8411458333333334 0.6494140625 0.83203125 0.650390625 0.80078125 0.6572265625 0.7825520833333334 0.6640625 0.76953125 0.6708984375 0.76171875 0.673828125 0.75390625 0.68359375 0.6953125 0.693359375 0.6875 0.7314453125 0.68359375
0 0.548828125 0.3528645833333333 0.5634765625 0.35546875 0.5751953125 0.3606770833333333 0.5927734375 0.3723958333333333 0.60546875 0.3776041666666667 0.6240234375 0.3932291666666667 0.640625 0.4296875 0.6416015625 0.44140625 0.6474609375 0.4622395833333333 0.6484375 0.4973958333333333 0.6396484375 0.5299479166666666 0.6279296875 0.5481770833333334 0.6083984375 0.5690104166666666 0.599609375 0.57421875 0.5869140625 0.5768229166666666 0.560546875 0.5768229166666666 0.5517578125 0.57421875 0.52734375 0.5598958333333334 0.5 0.5325520833333334 0.49609375 0.52734375 0.48828125 0.50390625 0.478515625 0.4596354166666667 0.478515625 0.4153645833333333 0.48046875 0.40625 0.4892578125 0.38671875 0.5087890625 0.36328125 0.5166015625 0.3580729166666667 0.5478515625 0.3528645833333333
0 0.5888671875 0 0.7431640625 0 0.751953125 0.049479166666666664 0.7373046875 0.09375 0.7275390625 0.10677083333333333 0.7236328125 0.109375 0.712890625 0.109375 0.6943359375 0.12369791666666667 0.671875 0.12890625 0.6513671875 0.13932291666666666 0.640625 0.140625 0.630859375 0.13802083333333334 0.6181640625 0.12890625 0.599609375 0.09895833333333333 0.5947265625 0.08723958333333333 0.587890625 0.020833333333333332 0.5888671875 0.0013020833333333333
0 0.2919921875 0.6770833333333334 0.310546875 0.68359375 0.337890625 0.6888020833333334 0.35546875 0.6875 0.3779296875 0.6901041666666666 0.3857421875 0.6953125 0.3916015625 0.7109375 0.40234375 0.7239583333333334 0.408203125 0.7356770833333334 0.4150390625 0.7682291666666666 0.4150390625 0.79296875 0.4111328125 0.81640625 0.4033203125 0.8424479166666666 0.39453125 0.8541666666666666 0.3779296875 0.8671875 0.36328125 0.8723958333333334 0.326171875 0.875 0.310546875 0.8684895833333334 0.2861328125 0.8645833333333334 0.275390625 0.8763020833333334 0.2724609375 0.8763020833333334 0.234375 0.8229166666666666 0.23046875 0.8203125 0.2138671875 0.8203125 0.2119140625 0.8138020833333334 0.205078125 0.8059895833333334 0.2041015625 0.7981770833333334 0.2060546875 0.7903645833333334 0.2177734375 0.76953125 0.21875 0.7395833333333334 0.220703125 0.7369791666666666 0.240234375 0.7395833333333334 0.2626953125 0.7018229166666666 0.28125 0.6809895833333334 0.291015625 0.6770833333333334
0 0.755859375 0.41796875 0.7890625 0.43359375 0.798828125 0.44140625 0.8056640625 0.4505208333333333 0.822265625 0.4830729166666667 0.8310546875 0.5078125 0.830078125 0.5247395833333334 0.83203125 0.5325520833333334 0.84375 0.5533854166666666 0.845703125 0.5638020833333334 0.845703125 0.5833333333333334 0.8427734375 0.5989583333333334 0.8359375 0.6041666666666666 0.8125 0.6145833333333334 0.79296875 0.609375 0.7744140625 0.6302083333333334 0.7490234375 0.640625 0.7314453125 0.6510416666666666 0.716796875 0.6497395833333334 0.689453125 0.625 0.67578125 0.6041666666666666 0.6728515625 0.5963541666666666 0.673828125 0.5911458333333334 0.66796875 0.5807291666666666 0.65234375 0.53515625 0.650390625 0.515625 0.654296875 0.49609375 0.6533203125 0.4583333333333333 0.654296875 0.4544270833333333 0.6689453125 0.44140625 0.6875 0.4309895833333333 0.7275390625 0.41796875 0.7548828125 0.41796875
0 0.2412109375 0 0.3203125 0 0.328125 0.006510416666666667 0.3427734375 0.013020833333333334 0.361328125 0.03515625 0.376953125 0.06380208333333333 0.380859375 0.06640625 0.3828125 0.06380208333333333 0.3828125 0.057291666666666664 0.38671875 0.057291666666666664 0.390625 0.06901041666666667 0.390625 0.11328125 0.3935546875 0.12369791666666667 0.3916015625 0.16536458333333334 0.3828125 0.18489583333333334 0.3798828125 0.20182291666666666 0.37109375 0.22265625 0.3583984375 0.23828125 0.3359375 0.2591145833333333 0.30859375 0.2721354166666667 0.279296875 0.2708333333333333 0.2509765625 0.2565104166666667 0.2373046875 0.24348958333333334 0.2236328125 0.23697916666666666 0.2158203125 0.22786458333333334 0.20703125 0.20572916666666666 0.201171875 0.18229166666666666 0.1943359375 0.171875 0.18359375 0.17838541666666666 0.1689453125 0.18098958333333334 0.154296875 0.18880208333333334 0.150390625 0.18619791666666666 0.1474609375 0.18098958333333334 0.1435546875 0.16276041666666666 0.1455078125 0.15104166666666666 0.16015625 0.13411458333333334 0.1650390625 0.1328125 0.1748046875 0.13802083333333334 0.181640625 0.13802083333333334 0.185546875 0.1328125 0.1865234375 0.12109375 0.1806640625 0.10546875 0.181640625 0.1015625 0.1904296875 0.09375 0.1904296875 0.07682291666666667 0.201171875 0.048177083333333336 0.208984375 0.036458333333333336 0.2314453125 0.014322916666666666 0.2412109375 0.0013020833333333333
0 0.140625 0.3138020833333333 0.1884765625 0.32421875 0.2080078125 0.3372395833333333 0.224609375 0.3528645833333333 0.228515625 0.3645833333333333 0.2314453125 0.3880208333333333 0.2314453125 0.4348958333333333 0.2255859375 0.46484375 0.2177734375 0.4856770833333333 0.2109375 0.4947916666666667 0.19921875 0.5026041666666666 0.1767578125 0.5143229166666666 0.162109375 0.5169270833333334 0.1298828125 0.5169270833333334 0.0947265625 0.5013020833333334 0.087890625 0.4895833333333333 0.0751953125 0.4505208333333333 0.068359375 0.41015625 0.0693359375 0.3776041666666667 0.0830078125 0.3424479166666667 0.0908203125 0.3333333333333333 0.1123046875 0.3203125 0.125 0.3151041666666667 0.1396484375 0.3138020833333333
0 0.525390625 0.5690104166666666 0.5361328125 0.5716145833333334 0.552734375 0.5807291666666666 0.5849609375 0.5833333333333334 0.60546875 0.5768229166666666 0.61328125 0.578125 0.630859375 0.5950520833333334 0.6484375 0.625 0.6513671875 0.6328125 0.654296875 0.6549479166666666 0.6611328125 0.6666666666666666 0.6708984375 0.6770833333333334 0.673828125 0.6875 0.673828125 0.70703125 0.6708984375 0.734375 0.66796875 0.7447916666666666 0.6630859375 0.75 0.654296875 0.7799479166666666 0.64453125 0.7994791666666666 0.6259765625 0.8203125 0.609375 0.83203125 0.59375 0.8385416666666666 0.5634765625 0.83984375 0.5458984375 0.8333333333333334 0.521484375 0.81640625 0.5 0.796875 0.4794921875 0.7708333333333334 0.4677734375 0.7447916666666666 0.4638671875 0.7265625 0.4609375 0.703125 0.4609375 0.6783854166666666 0.4638671875 0.66015625 0.462890625 0.6510416666666666 0.4755859375 0.6393229166666666 0.478515625 0.62109375 0.4892578125 0.6067708333333334 0.50390625 0.5963541666666666 0.509765625 0.58203125 0.5244140625 0.5703125
0 0.4765625 0.78125 0.494140625 0.7994791666666666 0.53515625 0.8346354166666666 0.5419921875 0.8463541666666666 0.54296875 0.8580729166666666 0.5419921875 0.8997395833333334 0.5390625 0.9088541666666666 0.5185546875 0.94921875 0.505859375 0.96484375 0.498046875 0.984375 0.4892578125 0.9986979166666666 0.4697265625 0.9986979166666666 0.4658203125 0.99609375 0.453125 0.97265625 0.4482421875 0.9713541666666666 0.4404296875 0.9583333333333334 0.4228515625 0.9427083333333334 0.408203125 0.9192708333333334 0.40234375 0.9036458333333334 0.3994140625 0.8841145833333334 0.4013671875 0.859375 0.4091796875 0.84375 0.421875 0.8072916666666666 0.4345703125 0.7916666666666666 0.447265625 0.78125 0.455078125 0.7786458333333334 0.4716796875 0.7786458333333334 0.4755859375 0.78125
0 0.6533203125 0.8658854166666666 0.66796875 0.8723958333333334 0.689453125 0.89453125 0.705078125 0.9036458333333334 0.7119140625 0.9114583333333334 0.716796875 0.9388020833333334 0.7177734375 0.9583333333333334 0.7099609375 0.9908854166666666 0.7060546875 0.9986979166666666 0.5185546875 0.9986979166666666 0.5166015625 0.99609375 0.5146484375 0.9661458333333334 0.5244140625 0.9544270833333334 0.5322265625 0.9348958333333334 0.548828125 0.9075520833333334 0.5673828125 0.89453125 0.5771484375 0.8828125 0.591796875 0.875 0.6005859375 0.8671875 0.6201171875 0.8606770833333334 0.6396484375 0.8619791666666666 0.65234375 0.8658854166666666