0 0.837890625 0.05078125 0.84765625 0.05859375 0.8603515625 0.07552083333333333 0.86328125 0.08333333333333333 0.890625 0.1015625 0.90625 0.11979166666666667 0.916015625 0.14322916666666666 0.9189453125 0.15885416666666666 0.9189453125 0.18489583333333334 0.9091796875 0.22135416666666666 0.8935546875 0.24739583333333334 0.876953125 0.26171875 0.8447265625 0.2838541666666667 0.828125 0.2994791666666667 0.7998046875 0.2942708333333333 0.7568359375 0.23958333333333334 0.740234375 0.21354166666666666 0.7353515625 0.19010416666666666 0.7353515625 0.17057291666666666 0.7373046875 0.15104166666666666 0.7431640625 0.1328125 0.7607421875 0.10677083333333333 0.7783203125 0.08984375 0.7841796875 0.078125 0.796875 0.07552083333333333 0.802734375 0.07161458333333333 0.8056640625 0.06770833333333333 0.8076171875 0.057291666666666664 0.8232421875 0.057291666666666664 0.8369140625 0.05078125
0 0.564453125 0 0.603515625 0 0.6025390625 0.006510416666666667 0.5888671875 0.032552083333333336 0.578125 0.041666666666666664 0.5693359375 0.0234375 0.564453125 0.0013020833333333333
0 0.6962890625 0.50390625 0.716796875 0.5078125 0.7373046875 0.5182291666666666 0.7548828125 0.53125 0.796875 0.5703125 0.8134765625 0.5963541666666666 0.8232421875 0.62109375 0.8369140625 0.6328125 0.8427734375 0.6770833333333334 0.859375 0.6979166666666666 0.859375 0.7057291666666666 0.8525390625 0.7213541666666666 0.8525390625 0.7291666666666666 0.85546875 0.7395833333333334 0.8623046875 0.7513020833333334 0.8623046875 0.7604166666666666 0.8486328125 0.78125 0.8447265625 0.7825520833333334 0.8359375 0.7786458333333334 0.828125 0.7825520833333334 0.8173828125 0.7838541666666666 0.802734375 0.8033854166666666 0.794921875 0.8098958333333334 0.765625 0.8190104166666666 0.740234375 0.8372395833333334 0.7099609375 0.8333333333333334 0.681640625 0.8216145833333334 0.6591796875 0.80078125 0.64453125 0.78125 0.6376953125 0.7682291666666666 0.6376953125 0.7643229166666666 0.6318359375 0.7565104166666666 0.626953125 0.7578125 0.6298828125 0.79296875 0.623046875 0.79296875 0.6201171875 0.7903645833333334 0.6162109375 0.78515625 0.60546875 0.75390625 0.6044921875 0.7434895833333334 0.5947265625 0.7135416666666666 0.5947265625 0.7057291666666666 0.587890625 0.6809895833333334 0.5869140625 0.6653645833333334 0.5927734375 0.6458333333333334 0.5947265625 0.6067708333333334 0.61328125 0.5598958333333334 0.640625 0.5247395833333334 0.6533203125 0.5143229166666666 0.671875 0.5052083333333334 0.6953125 0.50390625
0 0.5009765625 0.203125 0.529296875 0.2109375 0.53515625 0.21484375 0.55859375 0.24348958333333334 0.57421875 0.2786458333333333 0.576171875 0.2877604166666667 0.5771484375 0.3151041666666667 0.5751953125 0.328125 0.5615234375 0.3645833333333333 0.560546875 0.3815104166666667 0.55078125 0.3919270833333333 0.5283203125 0.4049479166666667 0.5146484375 0.4049479166666667 0.5087890625 0.40234375 0.4736328125 0.3763020833333333 0.4423828125 0.3658854166666667 0.431640625 0.3489583333333333 0.423828125 0.3229166666666667 0.421875 0.3059895833333333 0.4228515625 0.27734375 0.4287109375 0.2552083333333333 0.4404296875 0.23307291666666666 0.455078125 0.21614583333333334 0.466796875 0.20833333333333334 0.4814453125 0.203125 0.5 0.203125
0 0.4560546875 0.3723958333333333 0.4775390625 0.3828125 0.5048828125 0.4049479166666667 0.544921875 0.4622395833333333 0.552734375 0.4830729166666667 0.5625 0.51953125 0.5634765625 0.5703125 0.556640625 0.6158854166666666 0.5517578125 0.6315104166666666 0.5361328125 0.63671875 0.5234375 0.6536458333333334 0.5166015625 0.6575520833333334 0.48828125 0.6640625 0.474609375 0.671875 0.4453125 0.671875 0.431640625 0.6744791666666666 0.4228515625 0.6731770833333334 0.4189453125 0.6666666666666666 0.404296875 0.6549479166666666 0.3876953125 0.6497395833333334 0.3798828125 0.6380208333333334 0.3701171875 0.6302083333333334 0.357421875 0.5963541666666666 0.3466796875 0.5807291666666666 0.34375 0.5611979166666666 0.3349609375 0.54296875 0.3291015625 0.5104166666666666 0.3291015625 0.4856770833333333 0.33203125 0.4635416666666667 0.33984375 0.4348958333333333 0.3525390625 0.4114583333333333 0.3681640625 0.3919270833333333 0.38671875 0.37890625 0.40234375 0.3723958333333333 0.4208984375 0.3697916666666667 0.4453125 0.3697916666666667 0.455078125 0.3723958333333333
0 0.8125 0.2994791666666667 0.8251953125 0.3033854166666667 0.8369140625 0.3138020833333333 0.8447265625 0.3255208333333333 0.853515625 0.3450520833333333 0.8623046875 0.35546875 0.8681640625 0.3802083333333333 0.87109375 0.4088541666666667 0.8740234375 0.4192708333333333 0.8798828125 0.4296875 0.8798828125 0.44921875 0.8779296875 0.4596354166666667 0.869140625 0.4791666666666667 0.849609375 0.5013020833333334 0.8310546875 0.515625 0.810546875 0.5234375 0.7861328125 0.5221354166666666 0.7685546875 0.5182291666666666 0.7568359375 0.51171875 0.7421875 0.4986979166666667 0.7265625 0.4765625 0.7197265625 0.4609375 0.7138671875 0.4401041666666667 0.7138671875 0.421875 0.71484375 0.4049479166666667 0.71875 0.3932291666666667 0.72265625 0.36328125 0.73046875 0.3450520833333333 0.744140625 0.3268229166666667 0.7578125 0.3138020833333333 0.775390625 0.3033854166666667 0.79296875 0.2994791666666667 0.8115234375 0.2994791666666667
0 0.55859375 0.6432291666666666 0.5771484375 0.6614583333333334 0.5771484375 0.67578125 0.5859375 0.6940104166666666 0.59765625 0.7369791666666666 0.6025390625 0.7643229166666666 0.607421875 0.7721354166666666 0.6162109375 0.796875 0.6298828125 0.81640625 0.6298828125 0.8515625 0.6240234375 0.8880208333333334 0.609375 0.9205729166666666 0.5986328125 0.9348958333333334 0.591796875 0.9401041666666666 0.572265625 0.9505208333333334 0.5517578125 0.95703125 0.5302734375 0.984375 0.5234375 0.984375 0.509765625 0.97265625 0.498046875 0.9674479166666666 0.486328125 0.94921875 0.47265625 0.9453125 0.458984375 0.9244791666666666 0.4453125 0.91015625 0.4404296875 0.8932291666666666 0.431640625 0.8828125 0.4248046875 0.8697916666666666 0.41796875 0.8697916666666666 0.4130859375 0.8580729166666666 0.4130859375 0.8515625 0.41796875 0.8424479166666666 0.416015625 0.8255208333333334 0.41796875 0.8138020833333334 0.4169921875 0.8072916666666666 0.408203125 0.7994791666666666 0.3974609375 0.80078125 0.396484375 0.79296875 0.4013671875 0.77734375 0.4140625 0.7825520833333334 0.4189453125 0.7786458333333334 0.421875 0.7513020833333334 0.42578125 0.74609375 0.4384765625 0.7135416666666666 0.4541015625 0.69140625 0.46875 0.6796875 0.4970703125 0.6666666666666666 0.525390625 0.6653645833333334 0.52734375 0.6575520833333334 0.5400390625 0.6432291666666666 0.5576171875 0.6432291666666666
0 0.3330078125 0.3841145833333333 0.34765625 0.3958333333333333 0.3515625 0.4049479166666667 0.3369140625 0.43359375 0.3359375 0.4427083333333333 0.3310546875 0.4544270833333333 0.326171875 0.4895833333333333 0.326171875 0.5091145833333334 0.3291015625 0.53125 0.3310546875 0.5416666666666666 0.3388671875 0.5598958333333334 0.33984375 0.5690104166666666 0.3369140625 0.57421875 0.3193359375 0.5807291666666666 0.298828125 0.5807291666666666 0.2880859375 0.578125 0.2626953125 0.5638020833333334 0.25390625 0.5546875 0.2333984375 0.5208333333333334 0.224609375 0.484375 0.224609375 0.46875 0.2333984375 0.4283854166666667 0.240234375 0.4140625 0.2568359375 0.3958333333333333 0.28125 0.38671875 0.31640625 0.3802083333333333 0.3232421875 0.3802083333333333 0.33203125 0.3841145833333333
0 0.6474609375 0.2708333333333333 0.66015625 0.2708333333333333 0.66796875 0.27734375 0.6708984375 0.28515625 0.6748046875 0.2864583333333333 0.6865234375 0.2838541666666667 0.6943359375 0.28515625 0.7041015625 0.30078125 0.7041015625 0.30859375 0.69921875 0.3111979166666667 0.6962890625 0.3151041666666667 0.6962890625 0.3190104166666667 0.7109375 0.3515625 0.7138671875 0.3697916666666667 0.7138671875 0.3932291666666667 0.697265625 0.4440104166666667 0.6845703125 0.4557291666666667 0.66796875 0.46484375 0.6484375 0.46875 0.6162109375 0.46875 0.603515625 0.4635416666666667 0.5908203125 0.453125 0.5849609375 0.4466145833333333 0.58203125 0.4375 0.5732421875 0.390625 0.5673828125 0.3763020833333333 0.56640625 0.3658854166666667 0.57421875 0.35546875 0.583984375 0.3098958333333333 0.591796875 0.2994791666666667 0.6044921875 0.2890625 0.623046875 0.2825520833333333 0.63671875 0.2721354166666667 0.646484375 0.2721354166666667
0 0.3515625 0.15755208333333334 0.3740234375 0.16666666666666666 0.404296875 0.19010416666666666 0.4248046875 0.22005208333333334 0.4296875 0.23307291666666666 0.4296875 0.24348958333333334 0.421875 0.265625 0.4189453125 0.28125 0.4189453125 0.3294270833333333 0.3974609375 0.359375 0.3896484375 0.3658854166666667 0.3759765625 0.37109375 0.345703125 0.3697916666666667 0.33203125 0.36328125 0.3134765625 0.3463541666666667 0.2939453125 0.3359375 0.2841796875 0.3229166666666667 0.2685546875 0.3138020833333333 0.2607421875 0.296875 0.2626953125 0.2786458333333333 0.2685546875 0.2630208333333333 0.271484375 0.24739583333333334 0.2783203125 0.234375 0.287109375 0.20572916666666666 0.298828125 0.18229166666666666 0.3095703125 0.16796875 0.3173828125 0.16276041666666666 0.333984375 0.15755208333333334 0.3505859375 0.15755208333333334
0 0.5625 0 0.568359375 0.026041666666666668 0.5703125 0.029947916666666668 0.57421875 0.03125 0.5751953125 0.036458333333333336 0.57421875 0.06510416666666667 0.5673828125 0.08723958333333333 0.5546875 0.11588541666666667 0.552734375 0.12369791666666667 0.552734375 0.140625 0.529296875 0.17057291666666666 0.51171875 0.18489583333333334 0.4873046875 0.19661458333333334 0.47265625 0.19921875 0.458984375 0.20703125 0.435546875 0.21354166666666666 0.4296875 0.2109375 0.3857421875 0.16927083333333334 0.3798828125 0.15885416666666666 0.373046875 0.13020833333333334 0.3818359375 0.0859375 0.3955078125 0.053385416666666664 0.4140625 0.016927083333333332 0.42578125 0 0.5615234375 0
0 0.6806640625 0.055989583333333336 0.7119140625 0.07421875 0.7216796875 0.08723958333333333 0.7294921875 0.10677083333333333 0.734375 0.12630208333333334 0.734375 0.15494791666666666 0.7275390625 0.1875 0.7138671875 0.21614583333333334 0.6982421875 0.23958333333333334 0.6923828125 0.2526041666666667 0.677734375 0.26171875 0.650390625 0.26171875 0.6357421875 0.2591145833333333 0.6259765625 0.26171875 0.61328125 0.25390625 0.607421875 0.24609375 0.5947265625 0.23697916666666666 0.5869140625 0.22526041666666666 0.5751953125 0.19921875 0.5703125 0.17057291666666666 0.572265625 0.1484375 0.5751953125 0.13932291666666666 0.5849609375 0.1171875 0.6064453125 0.08463541666666667 0.6259765625 0.06901041666666667 0.642578125 0.059895833333333336 0.669921875 0.0546875 0.6796875 0.055989583333333336