0 0.7001953125 0.70703125 0.720703125 0.71875 0.73046875 0.7317708333333334 0.734375 0.7447916666666666 0.744140625 0.7578125 0.748046875 0.7669270833333334 0.7646484375 0.7864583333333334 0.7666015625 0.79296875 0.763671875 0.81640625 0.744140625 0.8736979166666666 0.728515625 0.8932291666666666 0.7138671875 0.9036458333333334 0.703125 0.9075520833333334 0.68359375 0.9075520833333334 0.673828125 0.9049479166666666 0.6640625 0.8997395833333334 0.6572265625 0.890625 0.654296875 0.8697916666666666 0.6552734375 0.8528645833333334 0.6513671875 0.8294270833333334 0.6416015625 0.80078125 0.625 0.7669270833333334 0.625 0.7578125 0.62890625 0.7513020833333334 0.638671875 0.74609375 0.66015625 0.7252604166666666 0.666015625 0.7213541666666666 0.67578125 0.7239583333333334 0.68359375 0.7096354166666666 0.69921875 0.70703125
0 0.8232421875 0.4947916666666667 0.837890625 0.5013020833333334 0.85546875 0.5221354166666666 0.8662109375 0.5416666666666666 0.873046875 0.5638020833333334 0.892578125 0.59765625 0.89453125 0.6119791666666666 0.892578125 0.6184895833333334 0.880859375 0.6328125 0.8642578125 0.6393229166666666 0.8583984375 0.6471354166666666 0.8583984375 0.66015625 0.8486328125 0.6575520833333334 0.8251953125 0.67578125 0.8095703125 0.6809895833333334 0.78125 0.6783854166666666 0.7666015625 0.6705729166666666 0.755859375 0.6588541666666666 0.740234375 0.6380208333333334 0.7294921875 0.6158854166666666 0.7236328125 0.5677083333333334 0.7265625 0.5455729166666666 0.7294921875 0.5377604166666666 0.748046875 0.5169270833333334 0.771484375 0.5013020833333334 0.7958984375 0.4921875 0.8134765625 0.4908854166666667 0.822265625 0.4947916666666667
0 0.1376953125 0.5481770833333334 0.154296875 0.5533854166666666 0.1708984375 0.5625 0.197265625 0.5950520833333334 0.2109375 0.62890625 0.212890625 0.6484375 0.212890625 0.6901041666666666 0.201171875 0.73046875 0.189453125 0.7513020833333334 0.171875 0.7721354166666666 0.1474609375 0.7916666666666666 0.111328125 0.796875 0.0634765625 0.7942708333333334 0.03125 0.7734375 0.0205078125 0.76171875 0 0.73046875 0 0.6666666666666666 0.001953125 0.6653645833333334 0.0068359375 0.64453125 0.013671875 0.6276041666666666 0.029296875 0.59765625 0.052734375 0.57421875 0.083984375 0.5533854166666666 0.09375 0.5494791666666666 0.1123046875 0.5455729166666666 0.13671875 0.5481770833333334
0 0.357421875 0.7174479166666666 0.36328125 0.72265625 0.37109375 0.74609375 0.3876953125 0.7721354166666666 0.390625 0.7799479166666666 0.400390625 0.7916666666666666 0.4150390625 0.8033854166666666 0.416015625 0.8125 0.4140625 0.8203125 0.40625 0.83203125 0.408203125 0.8854166666666666 0.404296875 0.9049479166666666 0.3974609375 0.9231770833333334 0.388671875 0.9401041666666666 0.3662109375 0.96484375 0.33984375 0.9791666666666666 0.333984375 0.9791666666666666 0.328125 0.9752604166666666 0.2958984375 0.97265625 0.28125 0.96484375 0.26171875 0.9466145833333334 0.2568359375 0.9401041666666666 0.2529296875 0.9283854166666666 0.240234375 0.9114583333333334 0.2314453125 0.8880208333333334 0.2265625 0.8684895833333334 0.2255859375 0.8372395833333334 0.23046875 0.8072916666666666 0.24609375 0.7760416666666666 0.265625 0.7552083333333334 0.294921875 0.7421875 0.296875 0.7395833333333334 0.2958984375 0.7291666666666666 0.2998046875 0.7213541666666666 0.3203125 0.7265625 0.32421875 0.73046875 0.3388671875 0.7239583333333334 0.3486328125 0.7161458333333334 0.3564453125 0.7174479166666666
0 0.375 0.4583333333333333 0.3857421875 0.4609375 0.40234375 0.4700520833333333 0.4169921875 0.4830729166666667 0.431640625 0.5013020833333334 0.4384765625 0.5143229166666666 0.447265625 0.54296875 0.451171875 0.5703125 0.451171875 0.5846354166666666 0.447265625 0.6184895833333334 0.4375 0.6458333333333334 0.4248046875 0.6705729166666666 0.41796875 0.6796875 0.400390625 0.6953125 0.38671875 0.7044270833333334 0.3681640625 0.7096354166666666 0.34765625 0.7083333333333334 0.328125 0.7018229166666666 0.302734375 0.6822916666666666 0.2890625 0.6666666666666666 0.279296875 0.6458333333333334 0.2734375 0.625 0.271484375 0.6106770833333334 0.2724609375 0.5768229166666666 0.2705078125 0.5625 0.283203125 0.5260416666666666 0.296875 0.5013020833333334 0.302734375 0.4856770833333333 0.3095703125 0.4765625 0.3203125 0.4674479166666667 0.3330078125 0.4622395833333333 0.349609375 0.4583333333333333 0.3740234375 0.4583333333333333
0 0.4482421875 0.24348958333333334 0.4677734375 0.24609375 0.484375 0.25390625 0.4951171875 0.26171875 0.513671875 0.2825520833333333 0.525390625 0.3098958333333333 0.52734375 0.3515625 0.5263671875 0.3763020833333333 0.5224609375 0.3932291666666667 0.517578125 0.4075520833333333 0.5087890625 0.421875 0.48828125 0.4361979166666667 0.4423828125 0.4466145833333333 0.4228515625 0.4427083333333333 0.4111328125 0.4348958333333333 0.396484375 0.4192708333333333 0.38671875 0.4010416666666667 0.3798828125 0.3828125 0.3779296875 0.3736979166666667 0.3779296875 0.3502604166666667 0.3798828125 0.328125 0.38671875 0.3033854166666667 0.3974609375 0.2760416666666667 0.4091796875 0.2552083333333333 0.4169921875 0.24609375 0.42578125 0.2421875 0.447265625 0.24348958333333334
0 0.1767578125 0.11979166666666667 0.1923828125 0.12760416666666666 0.2021484375 0.12760416666666666 0.2197265625 0.13411458333333334 0.2392578125 0.1328125 0.2607421875 0.15755208333333334 0.2646484375 0.15755208333333334 0.2685546875 0.15104166666666666 0.2724609375 0.16276041666666666 0.2890625 0.17838541666666666 0.2919921875 0.1953125 0.306640625 0.22005208333333334 0.3115234375 0.22265625 0.328125 0.21354166666666666 0.3310546875 0.21614583333333334 0.3310546875 0.21875 0.3232421875 0.22395833333333334 0.3291015625 0.2421875 0.328125 0.25390625 0.3232421875 0.2669270833333333 0.3232421875 0.2760416666666667 0.3291015625 0.3190104166666667 0.330078125 0.3502604166666667 0.31640625 0.4049479166666667 0.3037109375 0.43359375 0.2822265625 0.4635416666666667 0.2626953125 0.4778645833333333 0.236328125 0.48828125 0.2060546875 0.48828125 0.1953125 0.4856770833333333 0.169921875 0.4739583333333333 0.1455078125 0.453125 0.1220703125 0.4244791666666667 0.1083984375 0.3984375 0.099609375 0.3932291666666667 0.1005859375 0.37890625 0.0771484375 0.3450520833333333 0.0732421875 0.33203125 0.0751953125 0.3151041666666667 0.0732421875 0.2955729166666667 0.076171875 0.2864583333333333 0.0751953125 0.2747395833333333 0.078125 0.22395833333333334 0.0859375 0.19270833333333334 0.09765625 0.16276041666666666 0.11328125 0.140625 0.140625 0.12109375 0.15625 0.11588541666666667 0.1650390625 0.11588541666666667 0.17578125 0.11979166666666667
0 0.63671875 0.22005208333333334 0.650390625 0.23697916666666666 0.6630859375 0.24348958333333334 0.671875 0.2513020833333333 0.69140625 0.2747395833333333 0.6943359375 0.2825520833333333 0.70703125 0.30078125 0.7255859375 0.3190104166666667 0.7421875 0.3294270833333333 0.7431640625 0.3346354166666667 0.736328125 0.3411458333333333 0.744140625 0.3580729166666667 0.7412109375 0.4075520833333333 0.744140625 0.4140625 0.7451171875 0.4244791666666667 0.734375 0.44140625 0.7197265625 0.4713541666666667 0.7001953125 0.4921875 0.6806640625 0.5078125 0.6455078125 0.5182291666666666 0.62890625 0.5182291666666666 0.6083984375 0.51171875 0.5849609375 0.49609375 0.5732421875 0.484375 0.55859375 0.4661458333333333 0.546875 0.4453125 0.537109375 0.4205729166666667 0.5283203125 0.3893229166666667 0.5302734375 0.3580729166666667 0.529296875 0.3372395833333333 0.5322265625 0.3111979166666667 0.5283203125 0.3033854166666667 0.5283203125 0.2981770833333333 0.5322265625 0.29296875 0.541015625 0.2903645833333333 0.5595703125 0.265625 0.5546875 0.2526041666666667 0.552734375 0.2421875 0.5537109375 0.234375 0.5556640625 0.23177083333333334 0.580078125 0.2265625 0.5849609375 0.234375 0.5859375 0.24088541666666666 0.58984375 0.2421875 0.609375 0.22526041666666666 0.6240234375 0.22395833333333334 0.6318359375 0.21875 0.6357421875 0.22005208333333334
0 0.578125 0.5078125 0.5947265625 0.5104166666666666 0.6220703125 0.5221354166666666 0.6376953125 0.5221354166666666 0.65234375 0.5299479166666666 0.6650390625 0.5455729166666666 0.6708984375 0.5403645833333334 0.6787109375 0.5260416666666666 0.68359375 0.5390625 0.681640625 0.578125 0.6845703125 0.5885416666666666 0.6923828125 0.59375 0.6875 0.6067708333333334 0.6943359375 0.6197916666666666 0.6953125 0.671875 0.6787109375 0.7018229166666666 0.671875 0.703125 0.658203125 0.72265625 0.64453125 0.7356770833333334 0.6328125 0.7434895833333334 0.6240234375 0.74609375 0.6064453125 0.74609375 0.5947265625 0.7408854166666666 0.5830078125 0.7408854166666666 0.57421875 0.7369791666666666 0.544921875 0.71484375 0.5380859375 0.703125 0.5322265625 0.703125 0.5302734375 0.7057291666666666 0.5322265625 0.7096354166666666 0.5302734375 0.7122395833333334 0.5322265625 0.7200520833333334 0.5283203125 0.7200520833333334 0.525390625 0.7174479166666666 0.5205078125 0.69921875 0.5234375 0.66796875 0.5166015625 0.6380208333333334 0.5166015625 0.5911458333333334 0.521484375 0.5690104166666666 0.53515625 0.5403645833333334 0.5458984375 0.5247395833333334 0.5576171875 0.5143229166666666 0.5771484375 0.5078125
0 0.5302734375 0.73046875 0.537109375 0.7330729166666666 0.5546875 0.7317708333333334 0.583984375 0.7486979166666666 0.5947265625 0.7473958333333334 0.60546875 0.7591145833333334 0.6171875 0.7643229166666666 0.6337890625 0.7903645833333334 0.6494140625 0.8346354166666666 0.6513671875 0.84375 0.650390625 0.8684895833333334 0.65234375 0.8893229166666666 0.6494140625 0.9114583333333334 0.6435546875 0.9270833333333334 0.6416015625 0.9401041666666666 0.6220703125 0.9778645833333334 0.603515625 0.99609375 0.5986328125 0.99609375 0.5966796875 0.9986979166666666 0.50390625 0.9986979166666666 0.501953125 0.99609375 0.470703125 0.9986979166666666 0.4658203125 0.9921875 0.4638671875 0.9778645833333334 0.4501953125 0.9661458333333334 0.4287109375 0.9309895833333334 0.416015625 0.8984375 0.4111328125 0.85546875 0.412109375 0.8333333333333334 0.419921875 0.8177083333333334 0.4208984375 0.79296875 0.427734375 0.7734375 0.4453125 0.7513020833333334 0.4658203125 0.7356770833333334 0.4716796875 0.7369791666666666 0.494140625 0.73046875 0.5078125 0.7330729166666666 0.529296875 0.73046875
0 0.4150390625 0.93359375 0.4228515625 0.9361979166666666 0.4326171875 0.9453125 0.443359375 0.9661458333333334 0.4619140625 0.9921875 0.4580078125 0.9986979166666666 0.34765625 0.9986979166666666 0.3486328125 0.9934895833333334 0.365234375 0.9700520833333334 0.3935546875 0.9388020833333334 0.4140625 0.93359375