0 0.7197265625 0.036458333333333336 0.7412109375 0.041666666666666664 0.7734375 0.06770833333333333 0.775390625 0.08333333333333333 0.7861328125 0.09635416666666667 0.79296875 0.11848958333333333 0.7958984375 0.16276041666666666 0.7998046875 0.16927083333333334 0.7998046875 0.18229166666666666 0.7880859375 0.20182291666666666 0.7861328125 0.21614583333333334 0.791015625 0.22265625 0.791015625 0.23046875 0.783203125 0.24348958333333334 0.7763671875 0.24609375 0.7685546875 0.23958333333333334 0.7578125 0.2513020833333333 0.73828125 0.2643229166666667 0.71875 0.2721354166666667 0.6904296875 0.26953125 0.673828125 0.26171875 0.6650390625 0.25390625 0.6640625 0.23307291666666666 0.666015625 0.2265625 0.666015625 0.21354166666666666 0.669921875 0.20052083333333334 0.6689453125 0.17708333333333334 0.658203125 0.13671875 0.6513671875 0.12890625 0.650390625 0.12239583333333333 0.634765625 0.1015625 0.63671875 0.09505208333333333 0.642578125 0.09114583333333333 0.6630859375 0.0625 0.6845703125 0.04296875 0.6943359375 0.037760416666666664 0.71875 0.036458333333333336
0 0.4365234375 0.76953125 0.44140625 0.7721354166666666 0.453125 0.7903645833333334 0.4580078125 0.79296875 0.4677734375 0.79296875 0.4873046875 0.8046875 0.5078125 0.8255208333333334 0.5166015625 0.8463541666666666 0.5146484375 0.8763020833333334 0.515625 0.8984375 0.5126953125 0.9114583333333334 0.513671875 0.9453125 0.505859375 0.98828125 0.4990234375 0.9986979166666666 0.4912109375 0.9986979166666666 0.4873046875 0.99609375 0.486328125 0.9986979166666666 0.294921875 0.9986979166666666 0.2919921875 0.9934895833333334 0.291015625 0.9518229166666666 0.29296875 0.9361979166666666 0.3046875 0.9114583333333334 0.3076171875 0.8958333333333334 0.314453125 0.8776041666666666 0.31640625 0.8619791666666666 0.3349609375 0.8203125 0.3623046875 0.7890625 0.369140625 0.7864583333333334 0.3935546875 0.7877604166666666 0.3974609375 0.7734375 0.4033203125 0.76953125 0.435546875 0.76953125
0 0.533203125 0.31640625 0.564453125 0.3294270833333333 0.5869140625 0.34765625 0.5966796875 0.359375 0.6044921875 0.3736979166666667 0.6083984375 0.38671875 0.6123046875 0.4140625 0.61328125 0.4440104166666667 0.609375 0.4622395833333333 0.58984375 0.4908854166666667 0.5771484375 0.4973958333333333 0.568359375 0.5065104166666666 0.52734375 0.5182291666666666 0.515625 0.5182291666666666 0.4970703125 0.51171875 0.4765625 0.4921875 0.46875 0.48046875 0.4619140625 0.4622395833333333 0.4609375 0.44921875 0.4580078125 0.4401041666666667 0.4560546875 0.4036458333333333 0.462890625 0.37109375 0.47265625 0.3489583333333333 0.4775390625 0.3424479166666667 0.498046875 0.3216145833333333 0.5322265625 0.31640625
0 0.4365234375 0.5078125 0.466796875 0.5247395833333334 0.4814453125 0.5377604166666666 0.4912109375 0.55078125 0.501953125 0.5729166666666666 0.5068359375 0.5950520833333334 0.5126953125 0.609375 0.51171875 0.6263020833333334 0.5068359375 0.6640625 0.501953125 0.68359375 0.4873046875 0.7096354166666666 0.4580078125 0.7369791666666666 0.439453125 0.75 0.4130859375 0.7565104166666666 0.3779296875 0.7565104166666666 0.35546875 0.74609375 0.3369140625 0.7317708333333334 0.310546875 0.6953125 0.306640625 0.6888020833333334 0.3056640625 0.6822916666666666 0.3076171875 0.6731770833333334 0.31640625 0.6614583333333334 0.318359375 0.6549479166666666 0.3203125 0.6302083333333334 0.326171875 0.6158854166666666 0.3310546875 0.59375 0.337890625 0.5846354166666666 0.341796875 0.57421875 0.3515625 0.5651041666666666 0.35546875 0.5572916666666666 0.3564453125 0.53125 0.3583984375 0.5247395833333334 0.373046875 0.5143229166666666 0.39453125 0.5065104166666666 0.4150390625 0.50390625 0.435546875 0.5078125
0 0.6787109375 0.29296875 0.7294921875 0.3020833333333333 0.7744140625 0.3190104166666667 0.8095703125 0.3567708333333333 0.810546875 0.3658854166666667 0.826171875 0.4010416666666667 0.8310546875 0.4427083333333333 0.8310546875 0.4765625 0.8173828125 0.515625 0.7900390625 0.55078125 0.767578125 0.5638020833333334 0.73828125 0.5690104166666666 0.71875 0.5677083333333334 0.6953125 0.5546875 0.6875 0.5533854166666666 0.666015625 0.54296875 0.6494140625 0.5182291666666666 0.6298828125 0.5026041666666666 0.6181640625 0.4765625 0.6171875 0.4609375 0.6201171875 0.44921875 0.6162109375 0.4244791666666667 0.6142578125 0.3932291666666667 0.609375 0.375 0.615234375 0.3359375 0.6328125 0.3098958333333333 0.6533203125 0.2981770833333333 0.677734375 0.29296875
0 0.234375 0.7252604166666666 0.2685546875 0.7395833333333334 0.28515625 0.7513020833333334 0.30078125 0.7669270833333334 0.3076171875 0.7838541666666666 0.3125 0.80859375 0.310546875 0.8528645833333334 0.3046875 0.88671875 0.2900390625 0.9270833333333334 0.2861328125 0.9322916666666666 0.2626953125 0.953125 0.24609375 0.9635416666666666 0.19921875 0.9713541666666666 0.189453125 0.9713541666666666 0.1748046875 0.9635416666666666 0.1630859375 0.9505208333333334 0.1572265625 0.9388020833333334 0.150390625 0.9192708333333334 0.142578125 0.8776041666666666 0.1337890625 0.8489583333333334 0.1328125 0.8190104166666666 0.134765625 0.8046875 0.1435546875 0.7734375 0.16015625 0.74609375 0.1845703125 0.73046875 0.2333984375 0.7252604166666666
0 0.2255859375 0.05859375 0.2490234375 0.06510416666666667 0.2734375 0.07552083333333333 0.306640625 0.10286458333333333 0.3203125 0.12239583333333333 0.328125 0.13802083333333334 0.3369140625 0.1640625 0.341796875 0.20572916666666666 0.3408203125 0.21614583333333334 0.3349609375 0.24479166666666666 0.3271484375 0.2643229166666667 0.2998046875 0.3046875 0.26171875 0.32421875 0.21484375 0.3046875 0.1982421875 0.3020833333333333 0.1650390625 0.3020833333333333 0.1591796875 0.2994791666666667 0.13671875 0.2721354166666667 0.1162109375 0.19921875 0.1162109375 0.16666666666666666 0.12109375 0.14322916666666666 0.1298828125 0.125 0.15625 0.08984375 0.162109375 0.06901041666666667 0.16796875 0.06640625 0.17578125 0.07161458333333333 0.1826171875 0.07161458333333333 0.201171875 0.06510416666666667 0.2099609375 0.05859375 0.224609375 0.05859375
0 0.2041015625 0.30859375 0.240234375 0.3203125 0.26171875 0.3346354166666667 0.2822265625 0.3619791666666667 0.291015625 0.3763020833333333 0.2919921875 0.3828125 0.3037109375 0.3932291666666667 0.3193359375 0.4153645833333333 0.3212890625 0.421875 0.337890625 0.44921875 0.3369140625 0.4908854166666667 0.34765625 0.5130208333333334 0.3505859375 0.5234375 0.3486328125 0.5520833333333334 0.33984375 0.5651041666666666 0.3369140625 0.5755208333333334 0.3291015625 0.5885416666666666 0.3212890625 0.6158854166666666 0.3134765625 0.6341145833333334 0.3134765625 0.6393229166666666 0.306640625 0.6497395833333334 0.3076171875 0.66015625 0.2978515625 0.6809895833333334 0.2578125 0.7096354166666666 0.234375 0.71875 0.21484375 0.7213541666666666 0.1806640625 0.7200520833333334 0.1513671875 0.7057291666666666 0.1181640625 0.6822916666666666 0.087890625 0.64453125 0.0732421875 0.6171875 0.0625 0.5833333333333334 0.0537109375 0.5403645833333334 0.0546875 0.4856770833333333 0.05859375 0.4544270833333333 0.0654296875 0.42578125 0.087890625 0.3736979166666667 0.1123046875 0.3424479166666667 0.1474609375 0.31640625 0.1767578125 0.30859375 0.203125 0.30859375
0 0.435546875 0.09895833333333333 0.4482421875 0.1015625 0.4599609375 0.10807291666666667 0.4736328125 0.12109375 0.48828125 0.14192708333333334 0.4951171875 0.15755208333333334 0.501953125 0.18359375 0.501953125 0.22395833333333334 0.5087890625 0.24869791666666666 0.509765625 0.2682291666666667 0.5078125 0.2760416666666667 0.5009765625 0.2838541666666667 0.484375 0.296875 0.470703125 0.3125 0.4462890625 0.328125 0.431640625 0.3346354166666667 0.416015625 0.3372395833333333 0.3994140625 0.3359375 0.384765625 0.3294270833333333 0.3681640625 0.3111979166666667 0.35546875 0.2864583333333333 0.345703125 0.24348958333333334 0.345703125 0.17057291666666666 0.375 0.12760416666666666 0.390625 0.11328125 0.4140625 0.10026041666666667 0.4345703125 0.09895833333333333
0 0.578125 0.6145833333333334 0.5966796875 0.62109375 0.6044921875 0.6276041666666666 0.6142578125 0.6393229166666666 0.6259765625 0.6640625 0.6337890625 0.6640625 0.6396484375 0.66796875 0.64453125 0.6783854166666666 0.6455078125 0.6861979166666666 0.65234375 0.6953125 0.66796875 0.7044270833333334 0.6748046875 0.7200520833333334 0.67578125 0.73828125 0.677734375 0.7434895833333334 0.677734375 0.7486979166666666 0.66796875 0.76953125 0.6494140625 0.78125 0.63671875 0.79296875 0.6318359375 0.8020833333333334 0.62890625 0.81640625 0.6103515625 0.8450520833333334 0.5947265625 0.859375 0.5810546875 0.8658854166666666 0.548828125 0.859375 0.5224609375 0.8424479166666666 0.5068359375 0.8177083333333334 0.4970703125 0.8098958333333334 0.486328125 0.796875 0.48046875 0.7838541666666666 0.478515625 0.7708333333333334 0.4736328125 0.7682291666666666 0.4716796875 0.7630208333333334 0.4609375 0.7513020833333334 0.462890625 0.74609375 0.46875 0.7434895833333334 0.47265625 0.7317708333333334 0.4873046875 0.7161458333333334 0.5 0.6979166666666666 0.5107421875 0.671875 0.51171875 0.6510416666666666 0.5146484375 0.640625 0.5185546875 0.6354166666666666 0.533203125 0.625 0.552734375 0.6158854166666666 0.5634765625 0.61328125 0.5771484375 0.6145833333333334
0 0.59765625 0.07682291666666667 0.60546875 0.07682291666666667 0.6123046875 0.08072916666666667 0.62109375 0.09765625 0.6376953125 0.1171875 0.658203125 0.15234375 0.6650390625 0.17708333333333334 0.6650390625 0.20572916666666666 0.6591796875 0.2565104166666667 0.6455078125 0.2825520833333333 0.6318359375 0.2981770833333333 0.61328125 0.3072916666666667 0.587890625 0.3111979166666667 0.57421875 0.3072916666666667 0.544921875 0.2877604166666667 0.5185546875 0.2747395833333333 0.5068359375 0.22135416666666666 0.5068359375 0.18489583333333334 0.5 0.16276041666666666 0.5009765625 0.15104166666666666 0.5087890625 0.12630208333333334 0.5185546875 0.10807291666666667 0.5361328125 0.08854166666666667 0.54296875 0.08333333333333333 0.5576171875 0.078125 0.5771484375 0.07942708333333333 0.595703125 0.0859375 0.59765625 0.078125
0 0.6171875 0.4921875 0.623046875 0.49609375 0.6298828125 0.5091145833333334 0.6357421875 0.51171875 0.638671875 0.5169270833333334 0.6572265625 0.53125 0.662109375 0.5416666666666666 0.6708984375 0.55078125 0.6884765625 0.5598958333333334 0.677734375 0.5807291666666666 0.6796875 0.61328125 0.67578125 0.6263020833333334 0.6689453125 0.6341145833333334 0.630859375 0.6588541666666666 0.625 0.6575520833333334 0.6181640625 0.6419270833333334 0.6015625 0.62109375 0.5859375 0.61328125 0.5634765625 0.6106770833333334 0.5595703125 0.6080729166666666 0.5576171875 0.6015625 0.5576171875 0.5950520833333334 0.5634765625 0.5859375 0.564453125 0.5807291666666666 0.5654296875 0.5533854166666666 0.572265625 0.53515625 0.59375 0.50390625 0.6064453125 0.4947916666666667 0.6162109375 0.4921875