0 0.4580078125 0.7903645833333334 0.48828125 0.8138020833333334 0.498046875 0.8346354166666666 0.5009765625 0.8515625 0.498046875 0.8815104166666666 0.4990234375 0.9049479166666666 0.494140625 0.9205729166666666 0.4814453125 0.94140625 0.46484375 0.9557291666666666 0.4541015625 0.9609375 0.4423828125 0.9609375 0.4072265625 0.9453125 0.392578125 0.92578125 0.37890625 0.9010416666666666 0.3759765625 0.8919270833333334 0.375 0.87890625 0.3798828125 0.8372395833333334 0.3837890625 0.828125 0.400390625 0.8046875 0.4130859375 0.7955729166666666 0.4345703125 0.7890625 0.453125 0.7877604166666666 0.45703125 0.7903645833333334
0 0.7490234375 0.7513020833333334 0.7646484375 0.7565104166666666 0.7763671875 0.7643229166666666 0.7861328125 0.7747395833333334 0.796875 0.7916666666666666 0.806640625 0.8203125 0.8076171875 0.84765625 0.8056640625 0.8619791666666666 0.8076171875 0.8658854166666666 0.8134765625 0.8684895833333334 0.8173828125 0.875 0.8173828125 0.8880208333333334 0.814453125 0.8997395833333334 0.796875 0.9010416666666666 0.7890625 0.9075520833333334 0.775390625 0.9127604166666666 0.765625 0.91015625 0.728515625 0.9114583333333334 0.7197265625 0.9049479166666666 0.7041015625 0.8997395833333334 0.6923828125 0.890625 0.6845703125 0.87890625 0.67578125 0.8463541666666666 0.6748046875 0.8359375 0.6767578125 0.81640625 0.68359375 0.7903645833333334 0.6884765625 0.7799479166666666 0.7021484375 0.76171875 0.72265625 0.7513020833333334 0.748046875 0.7513020833333334
0 0.5927734375 0.7721354166666666 0.6162109375 0.7786458333333334 0.6298828125 0.78515625 0.6396484375 0.79296875 0.6474609375 0.8020833333333334 0.6591796875 0.8229166666666666 0.66796875 0.8502604166666666 0.669921875 0.8723958333333334 0.6689453125 0.9166666666666666 0.6640625 0.9322916666666666 0.642578125 0.9635416666666666 0.6328125 0.9700520833333334 0.62109375 0.97265625 0.58984375 0.9700520833333334 0.556640625 0.9270833333333334 0.5537109375 0.92578125 0.5380859375 0.8658854166666666 0.5380859375 0.8541666666666666 0.54296875 0.828125 0.5517578125 0.80859375 0.5693359375 0.7942708333333334 0.5849609375 0.7747395833333334 0.591796875 0.7721354166666666
0 0.17578125 0.4609375 0.189453125 0.4622395833333333 0.208984375 0.4817708333333333 0.2275390625 0.5052083333333334 0.234375 0.52734375 0.2529296875 0.5546875 0.2919921875 0.5716145833333334 0.3037109375 0.5729166666666666 0.31640625 0.5833333333333334 0.328125 0.5872395833333334 0.328125 0.5911458333333334 0.3330078125 0.5963541666666666 0.357421875 0.6432291666666666 0.3662109375 0.6536458333333334 0.369140625 0.6705729166666666 0.3662109375 0.6901041666666666 0.361328125 0.7018229166666666 0.3583984375 0.7278645833333334 0.35546875 0.7330729166666666 0.34375 0.7408854166666666 0.3310546875 0.7565104166666666 0.3125 0.7669270833333334 0.28125 0.76171875 0.2607421875 0.7513020833333334 0.2509765625 0.7434895833333334 0.2412109375 0.7408854166666666 0.2119140625 0.7161458333333334 0.2060546875 0.7135416666666666 0.201171875 0.7057291666666666 0.1923828125 0.6744791666666666 0.1865234375 0.6627604166666666 0.189453125 0.6171875 0.197265625 0.5950520833333334 0.1357421875 0.5520833333333334 0.1337890625 0.5494791666666666 0.13671875 0.5390625 0.1357421875 0.5208333333333334 0.1337890625 0.5169270833333334 0.1240234375 0.51171875 0.1220703125 0.5091145833333334 0.1220703125 0.4973958333333333 0.1142578125 0.4921875 0.1142578125 0.4869791666666667 0.12109375 0.4791666666666667 0.1474609375 0.4622395833333333 0.1669921875 0.4596354166666667 0.1748046875 0.4609375
0 0.4111328125 0.39453125 0.431640625 0.4036458333333333 0.4453125 0.4140625 0.4560546875 0.4140625 0.4599609375 0.4244791666666667 0.4697265625 0.4375 0.4794921875 0.46875 0.4794921875 0.5 0.4755859375 0.5221354166666666 0.4638671875 0.55078125 0.4462890625 0.5716145833333334 0.43359375 0.5794270833333334 0.4140625 0.5846354166666666 0.404296875 0.5846354166666666 0.390625 0.5794270833333334 0.3662109375 0.55859375 0.3544921875 0.5416666666666666 0.349609375 0.5299479166666666 0.345703125 0.4986979166666667 0.3466796875 0.4609375 0.353515625 0.4401041666666667 0.3642578125 0.4192708333333333 0.3720703125 0.4088541666666667 0.3828125 0.3997395833333333 0.3994140625 0.39453125 0.41015625 0.39453125
0 0.6533203125 0.3619791666666667 0.67578125 0.3723958333333333 0.6845703125 0.3723958333333333 0.6884765625 0.37890625 0.69140625 0.390625 0.697265625 0.3997395833333333 0.720703125 0.3997395833333333 0.7275390625 0.4205729166666667 0.7275390625 0.4296875 0.7236328125 0.43359375 0.71484375 0.43359375 0.7099609375 0.4375 0.7197265625 0.4661458333333333 0.71875 0.48828125 0.71484375 0.5078125 0.7080078125 0.52734375 0.7060546875 0.5546875 0.6875 0.578125 0.669921875 0.5924479166666666 0.6484375 0.6028645833333334 0.6376953125 0.60546875 0.626953125 0.6119791666666666 0.6064453125 0.61328125 0.583984375 0.609375 0.5556640625 0.5872395833333334 0.5478515625 0.5768229166666666 0.53515625 0.5494791666666666 0.5283203125 0.5260416666666666 0.5234375 0.4830729166666667 0.525390625 0.453125 0.533203125 0.4296875 0.5419921875 0.4127604166666667 0.5693359375 0.3815104166666667 0.587890625 0.3723958333333333 0.6142578125 0.3736979166666667 0.62890625 0.3697916666666667 0.6416015625 0.3619791666666667 0.65234375 0.3619791666666667
0 0.291015625 0.23307291666666666 0.30078125 0.24479166666666666 0.3125 0.2708333333333333 0.32421875 0.2864583333333333 0.3408203125 0.31640625 0.3525390625 0.3502604166666667 0.3544921875 0.3919270833333333 0.349609375 0.4075520833333333 0.341796875 0.4205729166666667 0.3330078125 0.4283854166666667 0.3212890625 0.4440104166666667 0.3115234375 0.4505208333333333 0.296875 0.4739583333333333 0.2861328125 0.4817708333333333 0.2666015625 0.48046875 0.2490234375 0.4635416666666667 0.24609375 0.4427083333333333 0.23046875 0.42578125 0.2119140625 0.3971354166666667 0.20703125 0.3802083333333333 0.2060546875 0.36328125 0.212890625 0.328125 0.224609375 0.30859375 0.240234375 0.2903645833333333 0.2734375 0.2591145833333333 0.2724609375 0.24739583333333334 0.2783203125 0.234375 0.2900390625 0.23307291666666666
0 0.5244140625 0.5598958333333334 0.5361328125 0.5638020833333334 0.5498046875 0.5859375 0.5771484375 0.609375 0.58203125 0.6197916666666666 0.59375 0.6341145833333334 0.6025390625 0.66015625 0.6044921875 0.7018229166666666 0.5947265625 0.7447916666666666 0.5859375 0.765625 0.57421875 0.7825520833333334 0.564453125 0.79296875 0.5498046875 0.8033854166666666 0.5166015625 0.8098958333333334 0.50390625 0.8098958333333334 0.482421875 0.8033854166666666 0.4716796875 0.796875 0.4560546875 0.7825520833333334 0.44921875 0.7643229166666666 0.4375 0.7421875 0.4306640625 0.7330729166666666 0.42578125 0.73046875 0.4208984375 0.7213541666666666 0.4189453125 0.7109375 0.4189453125 0.6692708333333334 0.431640625 0.62109375 0.4501953125 0.5911458333333334 0.4658203125 0.5755208333333334 0.4853515625 0.5638020833333334 0.4990234375 0.5598958333333334 0.5234375 0.5598958333333334
0 0.44921875 0.17317708333333334 0.4638671875 0.17838541666666666 0.4736328125 0.1875 0.4833984375 0.18489583333333334 0.4853515625 0.1875 0.494140625 0.18880208333333334 0.4990234375 0.203125 0.5087890625 0.21223958333333334 0.5205078125 0.22916666666666666 0.5302734375 0.24869791666666666 0.5390625 0.30859375 0.5390625 0.32421875 0.5361328125 0.3385416666666667 0.5263671875 0.36328125 0.5185546875 0.375 0.5068359375 0.38671875 0.4873046875 0.3984375 0.4765625 0.4010416666666667 0.4521484375 0.3997395833333333 0.4482421875 0.40234375 0.4423828125 0.3997395833333333 0.4375 0.4010416666666667 0.423828125 0.39453125 0.4140625 0.3828125 0.4033203125 0.3763020833333333 0.3935546875 0.36328125 0.388671875 0.3528645833333333 0.3828125 0.3203125 0.376953125 0.30078125 0.3779296875 0.2682291666666667 0.3828125 0.25 0.39453125 0.22395833333333334 0.4072265625 0.20572916666666666 0.41796875 0.1953125 0.435546875 0.1875 0.4375 0.18489583333333334 0.4345703125 0.17838541666666666 0.435546875 0.17317708333333334 0.4482421875 0.17317708333333334
0 0.6171875 0.16145833333333334 0.638671875 0.171875 0.654296875 0.18619791666666666 0.66796875 0.20442708333333334 0.6728515625 0.21875 0.67578125 0.23828125 0.6767578125 0.2786458333333333 0.6728515625 0.3046875 0.658203125 0.3372395833333333 0.64453125 0.3541666666666667 0.6337890625 0.3619791666666667 0.611328125 0.3697916666666667 0.591796875 0.3671875 0.5703125 0.3528645833333333 0.5595703125 0.3424479166666667 0.546875 0.3216145833333333 0.5380859375 0.2825520833333333 0.537109375 0.23697916666666666 0.5458984375 0.20572916666666666 0.5625 0.18098958333333334 0.591796875 0.16276041666666666 0.6162109375 0.16145833333333334
0 0.7138671875 0.5625 0.74609375 0.57421875 0.7578125 0.5833333333333334 0.775390625 0.61328125 0.78125 0.6302083333333334 0.78125 0.6484375 0.76953125 0.6770833333333334 0.76953125 0.6979166666666666 0.763671875 0.7161458333333334 0.7578125 0.7174479166666666 0.7548828125 0.7135416666666666 0.7470703125 0.7122395833333334 0.740234375 0.7200520833333334 0.7255859375 0.7239583333333334 0.6962890625 0.7200520833333334 0.677734375 0.7109375 0.6650390625 0.6979166666666666 0.65625 0.6848958333333334 0.650390625 0.6692708333333334 0.6455078125 0.64453125 0.64453125 0.62890625 0.6455078125 0.6119791666666666 0.6474609375 0.6080729166666666 0.6806640625 0.5885416666666666 0.703125 0.5638020833333334 0.708984375 0.5611979166666666 0.712890625 0.5625