0 0.8628472222222222 0.018229166666666668 0.9131944444444444 0.022135416666666668 0.9236111111111112 0.029947916666666668 0.9340277777777778 0.032552083333333336 0.9635416666666666 0.033854166666666664 0.9739583333333334 0.044270833333333336 0.9878472222222222 0.053385416666666664 0.9913194444444444 0.0625 0.9982638888888888 0.0703125 0.9982638888888888 0.15755208333333334 0.9947916666666666 0.1640625 0.9895833333333334 0.17057291666666666 0.9670138888888888 0.1875 0.9357638888888888 0.203125 0.9236111111111112 0.20703125 0.9184027777777778 0.20703125 0.9079861111111112 0.19921875 0.8940972222222222 0.19401041666666666 0.8802083333333334 0.18359375 0.8715277777777778 0.18098958333333334 0.8680555555555556 0.17447916666666666 0.8524305555555556 0.16536458333333334 0.8385416666666666 0.16666666666666666 0.8263888888888888 0.171875 0.8142361111111112 0.171875 0.8003472222222222 0.16796875 0.7899305555555556 0.16015625 0.78125 0.15885416666666666 0.7690972222222222 0.140625 0.765625 0.12109375 0.7604166666666666 0.1171875 0.7413194444444444 0.11197916666666667 0.7361111111111112 0.10416666666666667 0.7361111111111112 0.08854166666666667 0.7395833333333334 0.07942708333333333 0.7517361111111112 0.06510416666666667 0.7829861111111112 0.040364583333333336 0.8072916666666666 0.02734375 0.8315972222222222 0.018229166666666668 0.8611111111111112 0.018229166666666668
0 0.3211805555555556 0.7174479166666666 0.3350694444444444 0.71875 0.3385416666666667 0.7213541666666666 0.3420138888888889 0.7265625 0.3420138888888889 0.7369791666666666 0.3472222222222222 0.7408854166666666 0.3923611111111111 0.7526041666666666 0.4461805555555556 0.7903645833333334 0.4618055555555556 0.7981770833333334 0.5052083333333334 0.8125 0.5138888888888888 0.8190104166666666 0.5173611111111112 0.8255208333333334 0.5208333333333334 0.8528645833333334 0.515625 0.8776041666666666 0.5017361111111112 0.8997395833333334 0.4565972222222222 0.9309895833333334 0.4444444444444444 0.9361979166666666 0.4357638888888889 0.9375 0.4201388888888889 0.9453125 0.40625 0.9479166666666666 0.3888888888888889 0.9583333333333334 0.3732638888888889 0.96484375 0.3645833333333333 0.9661458333333334 0.3559027777777778 0.97265625 0.3402777777777778 0.9739583333333334 0.3350694444444444 0.9713541666666666 0.3315972222222222 0.9739583333333334 0.3090277777777778 0.9752604166666666 0.234375 0.97265625 0.22743055555555555 0.96875 0.20833333333333334 0.9661458333333334 0.16666666666666666 0.9466145833333334 0.15104166666666666 0.9322916666666666 0.14583333333333334 0.9231770833333334 0.1388888888888889 0.9049479166666666 0.13541666666666666 0.8697916666666666 0.1440972222222222 0.8268229166666666 0.14756944444444445 0.82421875 0.1527777777777778 0.8111979166666666 0.16493055555555555 0.7994791666666666 0.1840277777777778 0.78515625 0.2170138888888889 0.7669270833333334 0.24131944444444445 0.7552083333333334 0.2604166666666667 0.7486979166666666 0.2725694444444444 0.73828125 0.2847222222222222 0.734375 0.3194444444444444 0.7174479166666666
0 0.5590277777777778 0.13151041666666666 0.5850694444444444 0.13932291666666666 0.6510416666666666 0.16666666666666666 0.6701388888888888 0.18359375 0.6788194444444444 0.19661458333333334 0.6788194444444444 0.20182291666666666 0.6736111111111112 0.20442708333333334 0.6649305555555556 0.20442708333333334 0.6267361111111112 0.21354166666666666 0.6059027777777778 0.22526041666666666 0.5798611111111112 0.23567708333333334 0.5260416666666666 0.27734375 0.5173611111111112 0.2760416666666667 0.5086805555555556 0.26953125 0.4861111111111111 0.21614583333333334 0.4704861111111111 0.19270833333333334 0.4427083333333333 0.16796875 0.4409722222222222 0.16145833333333334 0.4583333333333333 0.14973958333333334 0.4878472222222222 0.13802083333333334 0.5121527777777778 0.1328125 0.5572916666666666 0.13151041666666666
0 0.8697916666666666 0 0.9965277777777778 0 0.9982638888888888 0.0026041666666666665 0.9982638888888888 0.029947916666666668 0.9878472222222222 0.0390625 0.9774305555555556 0.0390625 0.9670138888888888 0.03125 0.9288194444444444 0.029947916666666668 0.9253472222222222 0.028645833333333332 0.9236111111111112 0.0234375 0.9097222222222222 0.016927083333333332 0.8958333333333334 0.015625 0.8871527777777778 0.01171875 0.8767361111111112 0.01171875 0.8715277777777778 0.005208333333333333 0.8645833333333334 0.005208333333333333 0.8697916666666666 0.0013020833333333333
0 0.84375 0 0.8420138888888888 0.00390625 0.8177083333333334 0.013020833333333334 0.7864583333333334 0.018229166666666668 0.7690972222222222 0.0234375 0.7552083333333334 0.029947916666666668 0.7309027777777778 0.048177083333333336 0.7239583333333334 0.05078125 0.7100694444444444 0.04296875 0.6805555555555556 0.015625 0.6770833333333334 0.010416666666666666 0.6770833333333334 0.00390625 0.6805555555555556 0 0.8420138888888888 0
0 0.9010416666666666 0.9453125 0.9166666666666666 0.9388020833333334 0.9166666666666666 0.9361979166666666 0.9253472222222222 0.9309895833333334 0.9305555555555556 0.9205729166666666 0.9392361111111112 0.9140625 0.9861111111111112 0.8971354166666666 0.9982638888888888 0.8997395833333334 0.9982638888888888 0.9934895833333334 0.9947916666666666 0.99609375 0.9878472222222222 0.9986979166666666 0.8680555555555556 0.9986979166666666 0.8680555555555556 0.9934895833333334 0.8732638888888888 0.9869791666666666 0.8802083333333334 0.9700520833333334 0.9010416666666666 0.9466145833333334
0 0.2673611111111111 0.43359375 0.3020833333333333 0.4518229166666667 0.3454861111111111 0.4609375 0.3645833333333333 0.4622395833333333 0.3732638888888889 0.4596354166666667 0.3923611111111111 0.4583333333333333 0.3993055555555556 0.4557291666666667 0.4114583333333333 0.4557291666666667 0.4288194444444444 0.4661458333333333 0.4322916666666667 0.4778645833333333 0.4461805555555556 0.4908854166666667 0.4461805555555556 0.4947916666666667 0.4513888888888889 0.5013020833333334 0.4444444444444444 0.51171875 0.4114583333333333 0.5338541666666666 0.3784722222222222 0.5651041666666666 0.3697916666666667 0.5768229166666666 0.3663194444444444 0.5950520833333334 0.3559027777777778 0.6080729166666666 0.3506944444444444 0.6106770833333334 0.3402777777777778 0.6106770833333334 0.3315972222222222 0.6171875 0.3211805555555556 0.6171875 0.3142361111111111 0.6145833333333334 0.3003472222222222 0.61328125 0.2777777777777778 0.6028645833333334 0.2708333333333333 0.6028645833333334 0.2586805555555556 0.6067708333333334 0.2534722222222222 0.60546875 0.2326388888888889 0.58984375 0.22569444444444445 0.5872395833333334 0.21875 0.5872395833333334 0.19791666666666666 0.578125 0.1875 0.5703125 0.1753472222222222 0.5520833333333334 0.1736111111111111 0.546875 0.1753472222222222 0.5325520833333334 0.19444444444444445 0.5143229166666666 0.2065972222222222 0.4973958333333333 0.22916666666666666 0.4518229166666667 0.2378472222222222 0.4466145833333333 0.24479166666666666 0.4388020833333333 0.265625 0.43359375
0 0.9288194444444444 0.4309895833333333 0.9322916666666666 0.4322916666666667 0.9461805555555556 0.4296875 0.9722222222222222 0.4361979166666667 0.9947916666666666 0.4361979166666667 0.9982638888888888 0.4388020833333333 0.9982638888888888 0.48828125 0.9965277777777778 0.4895833333333333 0.9982638888888888 0.4934895833333333 0.9947916666666666 0.49609375 0.9947916666666666 0.5026041666666666 0.9982638888888888 0.5091145833333334 0.9982638888888888 0.5572916666666666 0.9965277777777778 0.55859375 0.9982638888888888 0.59765625 0.9930555555555556 0.60546875 0.9947916666666666 0.6158854166666666 0.9982638888888888 0.62109375 0.9965277777777778 0.62890625 0.9982638888888888 0.6419270833333334 0.9930555555555556 0.6510416666666666 0.9947916666666666 0.65234375 0.9930555555555556 0.6640625 0.9982638888888888 0.6744791666666666 0.9982638888888888 0.7161458333333334 0.9947916666666666 0.7200520833333334 0.9982638888888888 0.7252604166666666 0.9982638888888888 0.7604166666666666 0.9965277777777778 0.76171875 0.9982638888888888 0.7760416666666666 0.9895833333333334 0.7786458333333334 0.9479166666666666 0.7760416666666666 0.9375 0.7734375 0.9184027777777778 0.7734375 0.8559027777777778 0.7434895833333334 0.8472222222222222 0.7421875 0.8298611111111112 0.7330729166666666 0.8194444444444444 0.7317708333333334 0.7881944444444444 0.7109375 0.7725694444444444 0.6966145833333334 0.7690972222222222 0.6875 0.7604166666666666 0.6783854166666666 0.7586805555555556 0.671875 0.7413194444444444 0.66015625 0.7361111111111112 0.6536458333333334 0.7274305555555556 0.6276041666666666 0.7309027777777778 0.5872395833333334 0.7361111111111112 0.56640625 0.7430555555555556 0.55078125 0.75 0.54296875 0.75 0.5390625 0.7708333333333334 0.5221354166666666 0.7760416666666666 0.5130208333333334 0.7829861111111112 0.51171875 0.7951388888888888 0.5052083333333334 0.8003472222222222 0.4986979166666667 0.8125 0.4921875 0.8177083333333334 0.4830729166666667 0.8263888888888888 0.4791666666666667 0.8350694444444444 0.4661458333333333 0.8368055555555556 0.4674479166666667 0.8402777777777778 0.46484375 0.8489583333333334 0.46484375 0.8576388888888888 0.4609375 0.8611111111111112 0.4622395833333333 0.8645833333333334 0.4609375 0.8680555555555556 0.4557291666666667 0.8715277777777778 0.4557291666666667 0.8975694444444444 0.4375 0.9149305555555556 0.4309895833333333 0.9270833333333334 0.4309895833333333
0 0 0 0.13194444444444445 0 0.11284722222222222 0.01953125 0.10069444444444445 0.0390625 0.09027777777777778 0.05078125 0.07291666666666667 0.0546875 0.050347222222222224 0.0546875 0.010416666666666666 0.032552083333333336 0.003472222222222222 0.032552083333333336 0 0.029947916666666668 0 0.0013020833333333333
0 0 0.8098958333333334 0.005208333333333333 0.8098958333333334 0.024305555555555556 0.81640625 0.050347222222222224 0.8190104166666666 0.0642361111111111 0.8294270833333334 0.0642361111111111 0.8346354166666666 0.06770833333333333 0.8385416666666666 0.0642361111111111 0.8489583333333334 0.06597222222222222 0.8528645833333334 0.05381944444444445 0.88671875 0.05555555555555555 0.890625 0.052083333333333336 0.9010416666666666 0.043402777777777776 0.91015625 0.046875 0.9153645833333334 0.03819444444444445 0.9205729166666666 0.03298611111111111 0.9283854166666666 0.027777777777777776 0.9283854166666666 0 0.9401041666666666 0 0.8111979166666666
0 0 0.061197916666666664 0.012152777777777778 0.06510416666666667 0.029513888888888888 0.07552083333333333 0.043402777777777776 0.08072916666666667 0.05381944444444445 0.08203125 0.078125 0.09895833333333333 0.08333333333333333 0.11067708333333333 0.0954861111111111 0.12239583333333333 0.09722222222222222 0.13671875 0.1111111111111111 0.14453125 0.11631944444444445 0.15364583333333334 0.1284722222222222 0.16666666666666666 0.13368055555555555 0.18229166666666666 0.13368055555555555 0.203125 0.1371527777777778 0.22135416666666666 0.1371527777777778 0.23567708333333334 0.13020833333333334 0.24088541666666666 0.10069444444444445 0.23307291666666666 0.08506944444444445 0.23307291666666666 0.078125 0.23828125 0.07465277777777778 0.234375 0.06770833333333333 0.23697916666666666 0.057291666666666664 0.23567708333333334 0.04861111111111111 0.23958333333333334 0.043402777777777776 0.23828125 0.034722222222222224 0.23046875 0.020833333333333332 0.23958333333333334 0.017361111111111112 0.23828125 0.012152777777777778 0.23958333333333334 0.008680555555555556 0.24609375 0.008680555555555556 0.25390625 0.003472222222222222 0.2526041666666667 0 0.23828125 0 0.0625
0 0.9982638888888888 0.78125 0.9982638888888888 0.8580729166666666 0.9930555555555556 0.8567708333333334 0.9756944444444444 0.8411458333333334 0.9774305555555556 0.8216145833333334 0.9739583333333334 0.81640625 0.9756944444444444 0.8033854166666666 0.9670138888888888 0.7942708333333334 0.9670138888888888 0.7877604166666666 0.9722222222222222 0.7825520833333334 0.9965277777777778 0.78125
0 0.14583333333333334 0.8059895833333334 0.14756944444444445 0.8138020833333334 0.140625 0.8255208333333334 0.140625 0.8359375 0.13541666666666666 0.8463541666666666 0.13194444444444445 0.8658854166666666 0.13368055555555555 0.8971354166666666 0.1440972222222222 0.9231770833333334 0.1440972222222222 0.9283854166666666 0.1579861111111111 0.9427083333333334 0.17708333333333334 0.9557291666666666 0.1996527777777778 0.9661458333333334 0.24131944444444445 0.9765625 0.234375 0.98828125 0.22395833333333334 0.9947916666666666 0.2170138888888889 0.99609375 0.2152777777777778 0.9986979166666666 0.0954861111111111 0.9986979166666666 0.0798611111111111 0.98828125 0.07465277777777778 0.9830729166666666 0.06770833333333333 0.96875 0.059027777777777776 0.9635416666666666 0.059027777777777776 0.9557291666666666 0.05555555555555555 0.953125 0.05555555555555555 0.9427083333333334 0.06597222222222222 0.94140625 0.07465277777777778 0.9322916666666666 0.07291666666666667 0.8684895833333334 0.0798611111111111 0.8229166666666666 0.0920138888888889 0.81640625 0.10590277777777778 0.81640625 0.11458333333333333 0.8125 0.1440972222222222 0.8072916666666666
0 0.08506944444444445 0.2604166666666667 0.13020833333333334 0.27734375 0.16666666666666666 0.3059895833333333 0.18229166666666666 0.3294270833333333 0.18229166666666666 0.3333333333333333 0.2222222222222222 0.390625 0.22743055555555555 0.4049479166666667 0.22743055555555555 0.4270833333333333 0.2222222222222222 0.453125 0.2065972222222222 0.4895833333333333 0.19444444444444445 0.5078125 0.16666666666666666 0.53515625 0.14756944444444445 0.546875 0.10416666666666667 0.5651041666666666 0.07291666666666667 0.5716145833333334 0.03819444444444445 0.57421875 0 0.5716145833333334 0 0.50390625 0.003472222222222222 0.5 0 0.4947916666666667 0 0.2643229166666667 0.010416666666666666 0.2604166666666667 0.034722222222222224 0.2565104166666667 0.06076388888888889 0.2565104166666667 0.08333333333333333 0.2604166666666667
0 0.11284722222222222 0.5911458333333334 0.11458333333333333 0.5924479166666666 0.12152777777777778 0.5911458333333334 0.16666666666666666 0.5924479166666666 0.20833333333333334 0.5989583333333334 0.21875 0.6080729166666666 0.22395833333333334 0.6080729166666666 0.2309027777777778 0.6158854166666666 0.23958333333333334 0.6197916666666666 0.24305555555555555 0.62890625 0.2534722222222222 0.6432291666666666 0.2569444444444444 0.6549479166666666 0.2569444444444444 0.671875 0.2534722222222222 0.6744791666666666 0.2361111111111111 0.67578125 0.22569444444444445 0.6796875 0.2170138888888889 0.6875 0.2309027777777778 0.7096354166666666 0.2465277777777778 0.7200520833333334 0.25 0.7278645833333334 0.25 0.7317708333333334 0.2482638888888889 0.73046875 0.2465277777777778 0.7317708333333334 0.24479166666666666 0.7369791666666666 0.2378472222222222 0.7408854166666666 0.2378472222222222 0.7434895833333334 0.2309027777777778 0.7486979166666666 0.1996527777777778 0.7604166666666666 0.1684027777777778 0.7890625 0.1545138888888889 0.7981770833333334 0.109375 0.8098958333333334 0.08854166666666667 0.8125 0.034722222222222224 0.8111979166666666 0 0.80078125 0 0.7669270833333334 0.001736111111111111 0.765625 0 0.6432291666666666 0.029513888888888888 0.6197916666666666 0.041666666666666664 0.60546875 0.059027777777777776 0.5924479166666666 0.06597222222222222 0.58984375 0.078125 0.58984375 0.08506944444444445 0.5924479166666666 0.1111111111111111 0.5911458333333334
0 0.765625 0.20963541666666666 0.7986111111111112 0.22135416666666666 0.8125 0.23307291666666666 0.8211805555555556 0.23697916666666666 0.859375 0.2747395833333333 0.8767361111111112 0.3020833333333333 0.8767361111111112 0.3072916666666667 0.8819444444444444 0.3177083333333333 0.8854166666666666 0.34375 0.8836805555555556 0.375 0.8715277777777778 0.4010416666666667 0.8628472222222222 0.4127604166666667 0.8333333333333334 0.4361979166666667 0.8125 0.44921875 0.8003472222222222 0.4609375 0.7934027777777778 0.4752604166666667 0.7777777777777778 0.4869791666666667 0.7586805555555556 0.4973958333333333 0.7152777777777778 0.5143229166666666 0.6788194444444444 0.5221354166666666 0.6545138888888888 0.5234375 0.6041666666666666 0.5143229166666666 0.5625 0.49609375 0.5399305555555556 0.48046875 0.5173611111111112 0.4583333333333333 0.5 0.421875 0.4930555555555556 0.3997395833333333 0.4930555555555556 0.3697916666666667 0.4965277777777778 0.3619791666666667 0.4965277777777778 0.34765625 0.5 0.3372395833333333 0.5208333333333334 0.30078125 0.5434027777777778 0.26953125 0.5677083333333334 0.24869791666666666 0.5850694444444444 0.23697916666666666 0.5885416666666666 0.23697916666666666 0.6319444444444444 0.21614583333333334 0.6614583333333334 0.20963541666666666 0.6736111111111112 0.20963541666666666 0.6822916666666666 0.20572916666666666 0.7430555555555556 0.20442708333333334 0.7638888888888888 0.20963541666666666
0 0.3645833333333333 0.14453125 0.3871527777777778 0.1484375 0.4184027777777778 0.16015625 0.4357638888888889 0.16796875 0.4565972222222222 0.18359375 0.4704861111111111 0.19921875 0.4878472222222222 0.234375 0.4913194444444444 0.24479166666666666 0.4878472222222222 0.2721354166666667 0.4947916666666667 0.2799479166666667 0.4947916666666667 0.2916666666666667 0.4913194444444444 0.2994791666666667 0.4930555555555556 0.3059895833333333 0.4913194444444444 0.3216145833333333 0.4791666666666667 0.34765625 0.4791666666666667 0.3763020833333333 0.4635416666666667 0.4075520833333333 0.4461805555555556 0.4205729166666667 0.4357638888888889 0.43359375 0.4201388888888889 0.4440104166666667 0.4010416666666667 0.4518229166666667 0.3940972222222222 0.4518229166666667 0.3663194444444444 0.4583333333333333 0.3402777777777778 0.45703125 0.3350694444444444 0.4544270833333333 0.328125 0.4544270833333333 0.3072916666666667 0.44921875 0.2899305555555556 0.44140625 0.2708333333333333 0.4270833333333333 0.2552083333333333 0.4127604166666667 0.2465277777777778 0.3997395833333333 0.22916666666666666 0.3854166666666667 0.2013888888888889 0.3502604166666667 0.19270833333333334 0.3359375 0.1840277777777778 0.3033854166666667 0.1875 0.2604166666666667 0.19618055555555555 0.23307291666666666 0.21354166666666666 0.20703125 0.22569444444444445 0.19401041666666666 0.2534722222222222 0.171875 0.2899305555555556 0.15364583333333334 0.3246527777777778 0.14583333333333334 0.3628472222222222 0.14453125
0 0.9895833333333334 0.3489583333333333 0.9982638888888888 0.3541666666666667 0.9982638888888888 0.4309895833333333 0.9965277777777778 0.4322916666666667 0.9739583333333334 0.4322916666666667 0.9565972222222222 0.4231770833333333 0.9253472222222222 0.4192708333333333 0.9201388888888888 0.4153645833333333 0.9184027777777778 0.39453125 0.9149305555555556 0.38671875 0.9201388888888888 0.3763020833333333 0.9461805555555556 0.359375 0.9670138888888888 0.3515625 0.9722222222222222 0.3502604166666667 0.9791666666666666 0.3515625 0.9878472222222222 0.3489583333333333
0 0 0.9635416666666666 0.005208333333333333 0.9622395833333334 0.015625 0.9674479166666666 0.029513888888888888 0.9778645833333334 0.04513888888888889 0.9856770833333334 0.05381944444444445 0.9947916666666666 0.05381944444444445 0.9986979166666666 0.003472222222222222 0.9986979166666666 0 0.9947916666666666 0 0.96484375
0 0.14756944444444445 0 0.22916666666666666 0 0.234375 0.015625 0.2378472222222222 0.014322916666666666 0.23958333333333334 0.0026041666666666665 0.24305555555555555 0 0.3697916666666667 0 0.3715277777777778 0.0026041666666666665 0.3784722222222222 0 0.4097222222222222 0 0.4131944444444444 0.013020833333333334 0.4201388888888889 0.022135416666666668 0.4461805555555556 0.044270833333333336 0.4496527777777778 0.053385416666666664 0.4513888888888889 0.07421875 0.4548611111111111 0.08072916666666667 0.4548611111111111 0.1015625 0.4496527777777778 0.11197916666666667 0.4375 0.12369791666666667 0.4357638888888889 0.14713541666666666 0.4305555555555556 0.15364583333333334 0.4149305555555556 0.15234375 0.3940972222222222 0.14322916666666666 0.3732638888888889 0.13802083333333334 0.3611111111111111 0.1328125 0.3454861111111111 0.13020833333333334 0.3385416666666667 0.13151041666666666 0.3315972222222222 0.13020833333333334 0.3194444444444444 0.1328125 0.2916666666666667 0.14713541666666666 0.2760416666666667 0.15104166666666666 0.2517361111111111 0.16536458333333334 0.2170138888888889 0.19140625 0.2013888888888889 0.2109375 0.19444444444444445 0.21484375 0.1892361111111111 0.21484375 0.1753472222222222 0.20703125 0.15104166666666666 0.18229166666666666 0.140625 0.16796875 0.1371527777777778 0.15625 0.1232638888888889 0.14453125 0.11458333333333333 0.13020833333333334 0.11805555555555555 0.12369791666666667 0.11458333333333333 0.11848958333333333 0.109375 0.09765625 0.1076388888888889 0.07161458333333333 0.109375 0.055989583333333336 0.11805555555555555 0.033854166666666664 0.1284722222222222 0.01953125 0.14756944444444445 0.0013020833333333333
0 0.9982638888888888 0.19270833333333334 0.9982638888888888 0.32421875 0.9947916666666666 0.3268229166666667 0.9895833333333334 0.32421875 0.984375 0.3151041666666667 0.9791666666666666 0.3111979166666667 0.9600694444444444 0.3138020833333333 0.9479166666666666 0.3072916666666667 0.9479166666666666 0.296875 0.9184027777777778 0.2825520833333333 0.9166666666666666 0.265625 0.9236111111111112 0.2421875 0.9444444444444444 0.22005208333333334 0.9739583333333334 0.20182291666666666 0.9965277777777778 0.19270833333333334
0 0.90625 0.7747395833333334 0.9166666666666666 0.7786458333333334 0.9340277777777778 0.7916666666666666 0.9392361111111112 0.7994791666666666 0.9618055555555556 0.81640625 0.9600694444444444 0.8411458333333334 0.96875 0.8567708333333334 0.9670138888888888 0.8763020833333334 0.96875 0.8802083333333334 0.9670138888888888 0.88671875 0.9600694444444444 0.8958333333333334 0.9409722222222222 0.9088541666666666 0.9236111111111112 0.9153645833333334 0.9097222222222222 0.9140625 0.8888888888888888 0.9322916666666666 0.8211805555555556 0.9192708333333334 0.8090277777777778 0.9205729166666666 0.8055555555555556 0.9192708333333334 0.8055555555555556 0.9140625 0.8159722222222222 0.8997395833333334 0.8246527777777778 0.87890625 0.8298611111111112 0.8723958333333334 0.8315972222222222 0.8606770833333334 0.8402777777777778 0.8528645833333334 0.8506944444444444 0.8489583333333334 0.8454861111111112 0.8268229166666666 0.8385416666666666 0.8203125 0.8368055555555556 0.8138020833333334 0.8350694444444444 0.8046875 0.8368055555555556 0.7903645833333334 0.8402777777777778 0.7877604166666666 0.8819444444444444 0.7890625 0.8871527777777778 0.7877604166666666 0.9045138888888888 0.7760416666666666
0 0.5399305555555556 0.5013020833333334 0.5434027777777778 0.5052083333333334 0.5677083333333334 0.5078125 0.6041666666666666 0.5208333333333334 0.6440972222222222 0.5286458333333334 0.6493055555555556 0.5325520833333334 0.6510416666666666 0.5442708333333334 0.65625 0.5533854166666666 0.6545138888888888 0.5611979166666666 0.6597222222222222 0.5651041666666666 0.6666666666666666 0.5638020833333334 0.6788194444444444 0.5729166666666666 0.6840277777777778 0.58203125 0.6840277777777778 0.5911458333333334 0.6892361111111112 0.6028645833333334 0.7013888888888888 0.6197916666666666 0.7170138888888888 0.6328125 0.7239583333333334 0.6432291666666666 0.7256944444444444 0.6549479166666666 0.7447916666666666 0.6705729166666666 0.7482638888888888 0.6822916666666666 0.7517361111111112 0.6848958333333334 0.7517361111111112 0.6966145833333334 0.7430555555555556 0.7096354166666666 0.7430555555555556 0.71875 0.7395833333333334 0.7265625 0.7135416666666666 0.7578125 0.6822916666666666 0.7825520833333334 0.6684027777777778 0.7903645833333334 0.6614583333333334 0.7994791666666666 0.6614583333333334 0.8111979166666666 0.6527777777777778 0.8190104166666666 0.6423611111111112 0.82421875 0.6388888888888888 0.8346354166666666 0.6371527777777778 0.8333333333333334 0.6284722222222222 0.8346354166666666 0.6232638888888888 0.8307291666666666 0.5694444444444444 0.828125 0.5590277777777778 0.82421875 0.5416666666666666 0.8216145833333334 0.5138888888888888 0.8111979166666666 0.5 0.8033854166666666 0.4739583333333333 0.796875 0.4496527777777778 0.7864583333333334 0.4149305555555556 0.76171875 0.4010416666666667 0.7486979166666666 0.3802083333333333 0.7109375 0.3784722222222222 0.6966145833333334 0.3697916666666667 0.6692708333333334 0.3680555555555556 0.6197916666666666 0.375 0.5885416666666666 0.3854166666666667 0.56640625 0.4079861111111111 0.5442708333333334 0.4496527777777778 0.5143229166666666 0.4618055555555556 0.5104166666666666 0.4826388888888889 0.5078125 0.5069444444444444 0.5091145833333334 0.5243055555555556 0.5 0.5381944444444444 0.5013020833333334
0 0.4809027777777778 0.4049479166666667 0.4947916666666667 0.41796875 0.515625 0.46484375 0.5399305555555556 0.4869791666666667 0.5381944444444444 0.4908854166666667 0.5104166666666666 0.5013020833333334 0.4895833333333333 0.5013020833333334 0.484375 0.4986979166666667 0.4722222222222222 0.5 0.4583333333333333 0.4947916666666667 0.4427083333333333 0.4817708333333333 0.4357638888888889 0.4700520833333333 0.421875 0.4544270833333333 0.4236111111111111 0.4479166666666667 0.4409722222222222 0.4348958333333333 0.4548611111111111 0.4192708333333333 0.4739583333333333 0.4049479166666667 0.4791666666666667 0.4049479166666667
0 0.5260416666666666 0.9075520833333334 0.5399305555555556 0.921875 0.5694444444444444 0.9427083333333334 0.5659722222222222 0.94921875 0.5659722222222222 0.9596354166666666 0.5694444444444444 0.9635416666666666 0.5711805555555556 0.9765625 0.5746527777777778 0.9830729166666666 0.5677083333333334 0.9869791666666666 0.5659722222222222 0.9908854166666666 0.5694444444444444 0.9934895833333334 0.5746527777777778 0.9921875 0.5746527777777778 0.9947916666666666 0.5694444444444444 0.9947916666666666 0.5659722222222222 0.9986979166666666 0.265625 0.9986979166666666 0.265625 0.9869791666666666 0.2690972222222222 0.98046875 0.3055555555555556 0.9791666666666666 0.3229166666666667 0.9817708333333334 0.3402777777777778 0.9817708333333334 0.3611111111111111 0.9765625 0.3715277777777778 0.97265625 0.3854166666666667 0.9622395833333334 0.3940972222222222 0.9596354166666666 0.4027777777777778 0.953125 0.4201388888888889 0.94921875 0.4253472222222222 0.9453125 0.4513888888888889 0.9375 0.4670138888888889 0.9296875 0.4878472222222222 0.9140625 0.5034722222222222 0.9114583333333334 0.5173611111111112 0.90625 0.5243055555555556 0.9075520833333334
0 0.6666666666666666 0.8255208333333334 0.671875 0.8307291666666666 0.6805555555555556 0.828125 0.6840277777777778 0.8307291666666666 0.7048611111111112 0.8294270833333334 0.7118055555555556 0.8255208333333334 0.7239583333333334 0.8255208333333334 0.734375 0.8294270833333334 0.7395833333333334 0.8359375 0.7552083333333334 0.8463541666666666 0.7708333333333334 0.85546875 0.7760416666666666 0.8541666666666666 0.7795138888888888 0.8567708333333334 0.78125 0.8684895833333334 0.7829861111111112 0.8697916666666666 0.7881944444444444 0.8684895833333334 0.7916666666666666 0.8736979166666666 0.7951388888888888 0.8697916666666666 0.7934027777777778 0.8645833333333334 0.7847222222222222 0.8619791666666666 0.7916666666666666 0.8619791666666666 0.7986111111111112 0.8541666666666666 0.8020833333333334 0.8528645833333334 0.8194444444444444 0.8541666666666666 0.8263888888888888 0.8606770833333334 0.8177083333333334 0.88671875 0.8072916666666666 0.9036458333333334 0.7934027777777778 0.91796875 0.7899305555555556 0.9309895833333334 0.7777777777777778 0.953125 0.7673611111111112 0.9596354166666666 0.7256944444444444 0.95703125 0.71875 0.9583333333333334 0.7135416666666666 0.9622395833333334 0.7291666666666666 0.9713541666666666 0.7361111111111112 0.97265625 0.7378472222222222 0.9856770833333334 0.7326388888888888 0.98828125 0.7326388888888888 0.9908854166666666 0.75 0.9921875 0.7517361111111112 0.9947916666666666 0.734375 0.99609375 0.7309027777777778 0.9986979166666666 0.6701388888888888 0.9986979166666666 0.6597222222222222 0.9869791666666666 0.6267361111111112 0.9596354166666666 0.6128472222222222 0.9544270833333334 0.5885416666666666 0.94921875 0.5746527777777778 0.9375 0.5538194444444444 0.9244791666666666 0.5329861111111112 0.9049479166666666 0.5243055555555556 0.890625 0.5225694444444444 0.875 0.5277777777777778 0.8567708333333334 0.5277777777777778 0.8411458333333334 0.5295138888888888 0.83203125 0.5347222222222222 0.8268229166666666 0.5850694444444444 0.8372395833333334 0.6076388888888888 0.8385416666666666 0.6163194444444444 0.8424479166666666 0.6302083333333334 0.8450520833333334 0.640625 0.8450520833333334 0.6545138888888888 0.83984375 0.6597222222222222 0.8359375 0.6597222222222222 0.83203125 0.6649305555555556 0.8268229166666666
0 0.640625 0.0078125 0.6701388888888888 0.01171875 0.6927083333333334 0.029947916666666668 0.7135416666666666 0.055989583333333336 0.7309027777777778 0.10026041666666667 0.7291666666666666 0.12760416666666666 0.7222222222222222 0.1328125 0.7118055555555556 0.13541666666666666 0.703125 0.14192708333333334 0.7013888888888888 0.14973958333333334 0.6840277777777778 0.16015625 0.6770833333333334 0.16145833333333334 0.671875 0.16666666666666666 0.6631944444444444 0.16666666666666666 0.6510416666666666 0.16015625 0.6371527777777778 0.15755208333333334 0.6284722222222222 0.15234375 0.6197916666666666 0.15104166666666666 0.5625 0.12890625 0.4913194444444444 0.13020833333333334 0.484375 0.11067708333333333 0.4947916666666667 0.08203125 0.5104166666666666 0.06901041666666667 0.515625 0.055989583333333336 0.5347222222222222 0.04296875 0.5381944444444444 0.032552083333333336 0.5434027777777778 0.028645833333333332 0.5590277777777778 0.022135416666666668 0.5833333333333334 0.022135416666666668 0.5972222222222222 0.026041666666666668 0.6024305555555556 0.024739583333333332 0.6215277777777778 0.010416666666666666 0.6388888888888888 0.0078125
0 0.8541666666666666 0.16536458333333334 0.8680555555555556 0.17447916666666666 0.8732638888888888 0.18098958333333334 0.8802083333333334 0.18359375 0.8958333333333334 0.1953125 0.9079861111111112 0.20052083333333334 0.9201388888888888 0.2109375 0.9149305555555556 0.265625 0.9079861111111112 0.2799479166666667 0.9027777777777778 0.2838541666666667 0.8958333333333334 0.28515625 0.8854166666666666 0.2838541666666667 0.8732638888888888 0.2786458333333333 0.8072916666666666 0.22135416666666666 0.7916666666666666 0.21354166666666666 0.7604166666666666 0.203125 0.7534722222222222 0.1953125 0.7552083333333334 0.19010416666666666 0.7638888888888888 0.18229166666666666 0.7673611111111112 0.17578125 0.78125 0.16796875 0.7986111111111112 0.16666666666666666 0.8038194444444444 0.17057291666666666 0.8211805555555556 0.171875 0.8385416666666666 0.1640625 0.8524305555555556 0.16536458333333334
0 0.4392361111111111 0 0.6302083333333334 0 0.625 0.006510416666666667 0.5989583333333334 0.022135416666666668 0.5920138888888888 0.01953125 0.546875 0.015625 0.5399305555555556 0.013020833333333334 0.53125 0.013020833333333334 0.5260416666666666 0.016927083333333332 0.5104166666666666 0.020833333333333332 0.4982638888888889 0.015625 0.4704861111111111 0.013020833333333334 0.4548611111111111 0.006510416666666667 0.4444444444444444 0.005208333333333333 0.4392361111111111 0.0013020833333333333
0 0.8784722222222222 0.29296875 0.8958333333333334 0.2916666666666667 0.9131944444444444 0.2955729166666667 0.9513888888888888 0.3125 0.9618055555555556 0.3216145833333333 0.9739583333333334 0.3190104166666667 0.9826388888888888 0.3255208333333333 0.9826388888888888 0.3450520833333333 0.9722222222222222 0.3502604166666667 0.9670138888888888 0.3502604166666667 0.9461805555555556 0.3580729166666667 0.921875 0.3763020833333333 0.9253472222222222 0.37890625 0.9322916666666666 0.37890625 0.9427083333333334 0.37109375 0.9496527777777778 0.3736979166666667 0.9513888888888888 0.37109375 0.9479166666666666 0.3697916666666667 0.9479166666666666 0.3645833333333333 0.9513888888888888 0.3606770833333333 0.9635416666666666 0.3619791666666667 0.9670138888888888 0.3645833333333333 0.9635416666666666 0.3684895833333333 0.9600694444444444 0.3658854166666667 0.9548611111111112 0.3671875 0.953125 0.3828125 0.9600694444444444 0.38671875 0.9618055555555556 0.3815104166666667 0.9652777777777778 0.3802083333333333 0.9739583333333334 0.3880208333333333 0.9739583333333334 0.3919270833333333 0.96875 0.3971354166666667 0.9704861111111112 0.3997395833333333 0.9652777777777778 0.40234375 0.9652777777777778 0.4049479166666667 0.9618055555555556 0.40625 0.9618055555555556 0.3997395833333333 0.9583333333333334 0.3971354166666667 0.9496527777777778 0.4088541666666667 0.9496527777777778 0.4140625 0.9444444444444444 0.41015625 0.9340277777777778 0.41796875 0.9184027777777778 0.4166666666666667 0.9114583333333334 0.4231770833333333 0.890625 0.43359375 0.8767361111111112 0.4348958333333333 0.8663194444444444 0.4322916666666667 0.859375 0.4244791666666667 0.8784722222222222 0.3971354166666667 0.890625 0.3645833333333333 0.8888888888888888 0.3307291666666667 0.8784722222222222 0.30078125 0.8784722222222222 0.2942708333333333
0 0.78125 0.9635416666666666 0.8090277777777778 0.9739583333333334 0.8263888888888888 0.9752604166666666 0.8420138888888888 0.9934895833333334 0.8420138888888888 0.9986979166666666 0.734375 0.9986979166666666 0.734375 0.9934895833333334 0.7447916666666666 0.9869791666666666 0.7395833333333334 0.984375 0.7413194444444444 0.98046875 0.7395833333333334 0.9778645833333334 0.7291666666666666 0.9713541666666666 0.7291666666666666 0.9661458333333334 0.7378472222222222 0.9622395833333334 0.7795138888888888 0.9635416666666666