0 0.5121527777777778 0.2565104166666667 0.5260416666666666 0.2578125 0.5503472222222222 0.2643229166666667 0.5590277777777778 0.2682291666666667 0.5833333333333334 0.2864583333333333 0.59375 0.3111979166666667 0.59375 0.3307291666666667 0.5902777777777778 0.3372395833333333 0.5729166666666666 0.3502604166666667 0.5590277777777778 0.3541666666666667 0.5520833333333334 0.359375 0.546875 0.3723958333333333 0.53125 0.3919270833333333 0.5208333333333334 0.4244791666666667 0.5121527777777778 0.4283854166666667 0.4930555555555556 0.4309895833333333 0.4513888888888889 0.4296875 0.4409722222222222 0.42578125 0.4184027777777778 0.4075520833333333 0.40625 0.38671875 0.4010416666666667 0.3723958333333333 0.3993055555555556 0.3515625 0.3940972222222222 0.3411458333333333 0.3923611111111111 0.31640625 0.4010416666666667 0.3033854166666667 0.4114583333333333 0.2981770833333333 0.4270833333333333 0.2955729166666667 0.4635416666666667 0.2682291666666667 0.4791666666666667 0.26171875 0.4947916666666667 0.2578125 0.5104166666666666 0.2565104166666667
0 0.7534722222222222 0.5442708333333334 0.7621527777777778 0.5455729166666666 0.7777777777777778 0.5572916666666666 0.7951388888888888 0.5638020833333334 0.8072916666666666 0.5651041666666666 0.8489583333333334 0.5989583333333334 0.8611111111111112 0.6119791666666666 0.875 0.6328125 0.8871527777777778 0.66796875 0.8871527777777778 0.6901041666666666 0.8802083333333334 0.70703125 0.8628472222222222 0.73046875 0.8402777777777778 0.7473958333333334 0.7986111111111112 0.7708333333333334 0.78125 0.77734375 0.7395833333333334 0.7877604166666666 0.6684027777777778 0.7877604166666666 0.6493055555555556 0.78125 0.6371527777777778 0.7799479166666666 0.6232638888888888 0.7890625 0.6163194444444444 0.7903645833333334 0.609375 0.7903645833333334 0.6024305555555556 0.7708333333333334 0.5833333333333334 0.7565104166666666 0.5694444444444444 0.7356770833333334 0.5677083333333334 0.73046875 0.5694444444444444 0.7239583333333334 0.5555555555555556 0.7005208333333334 0.5520833333333334 0.6875 0.5520833333333334 0.671875 0.5572916666666666 0.6666666666666666 0.5555555555555556 0.65625 0.5572916666666666 0.62109375 0.5694444444444444 0.60546875 0.5920138888888888 0.5872395833333334 0.6128472222222222 0.5755208333333334 0.6458333333333334 0.5625 0.6545138888888888 0.5611979166666666 0.6614583333333334 0.5559895833333334 0.6753472222222222 0.5546875 0.7083333333333334 0.5455729166666666 0.7517361111111112 0.5442708333333334
0 0.5017361111111112 0.7317708333333334 0.5329861111111112 0.73828125 0.5416666666666666 0.7421875 0.5607638888888888 0.75390625 0.5763888888888888 0.7721354166666666 0.5868055555555556 0.7916666666666666 0.5920138888888888 0.80859375 0.59375 0.8359375 0.5902777777777778 0.8528645833333334 0.5746527777777778 0.8776041666666666 0.5590277777777778 0.8932291666666666 0.5434027777777778 0.9036458333333334 0.5243055555555556 0.91015625 0.4809027777777778 0.9075520833333334 0.4739583333333333 0.9127604166666666 0.4565972222222222 0.9140625 0.4513888888888889 0.9166666666666666 0.4340277777777778 0.9127604166666666 0.4322916666666667 0.9036458333333334 0.4375 0.8984375 0.4375 0.89453125 0.4201388888888889 0.8841145833333334 0.3993055555555556 0.86328125 0.3871527777777778 0.8307291666666666 0.390625 0.7994791666666666 0.4027777777777778 0.7721354166666666 0.4201388888888889 0.7565104166666666 0.4652777777777778 0.7356770833333334 0.484375 0.7317708333333334 0.5 0.7317708333333334
0 0.2829861111111111 0.22265625 0.2934027777777778 0.22526041666666666 0.3038194444444444 0.22526041666666666 0.3159722222222222 0.22916666666666666 0.3420138888888889 0.24609375 0.3645833333333333 0.2760416666666667 0.3697916666666667 0.2799479166666667 0.3784722222222222 0.2942708333333333 0.3784722222222222 0.2994791666666667 0.3732638888888889 0.3125 0.3645833333333333 0.32421875 0.359375 0.3385416666666667 0.3489583333333333 0.3515625 0.3454861111111111 0.3528645833333333 0.2916666666666667 0.3515625 0.2638888888888889 0.3567708333333333 0.23958333333333334 0.3658854166666667 0.22743055555555555 0.36328125 0.21180555555555555 0.3567708333333333 0.19444444444444445 0.3450520833333333 0.18229166666666666 0.3294270833333333 0.1753472222222222 0.3098958333333333 0.1753472222222222 0.2981770833333333 0.19791666666666666 0.2513020833333333 0.21180555555555555 0.23828125 0.24131944444444445 0.22526041666666666 0.2552083333333333 0.22265625 0.28125 0.22265625
0 0.7152777777777778 0.3072916666666667 0.7204861111111112 0.3111979166666667 0.7517361111111112 0.32421875 0.7638888888888888 0.328125 0.7777777777777778 0.3294270833333333 0.8055555555555556 0.3424479166666667 0.8125 0.3411458333333333 0.8211805555555556 0.3359375 0.8350694444444444 0.3450520833333333 0.8454861111111112 0.3567708333333333 0.8628472222222222 0.38671875 0.8680555555555556 0.4166666666666667 0.8680555555555556 0.4348958333333333 0.859375 0.4596354166666667 0.8454861111111112 0.484375 0.8315972222222222 0.4986979166666667 0.8003472222222222 0.5234375 0.7673611111111112 0.5390625 0.7395833333333334 0.5377604166666666 0.7100694444444444 0.5403645833333334 0.6736111111111112 0.546875 0.6510416666666666 0.5455729166666666 0.625 0.5377604166666666 0.6145833333333334 0.5325520833333334 0.6059027777777778 0.53125 0.5833333333333334 0.5208333333333334 0.5677083333333334 0.5065104166666666 0.5538194444444444 0.4973958333333333 0.5434027777777778 0.4869791666666667 0.5295138888888888 0.4622395833333333 0.5260416666666666 0.4231770833333333 0.5364583333333334 0.3919270833333333 0.5625 0.359375 0.5729166666666666 0.3567708333333333 0.5833333333333334 0.34765625 0.5954861111111112 0.3450520833333333 0.6128472222222222 0.3307291666666667 0.6319444444444444 0.3229166666666667 0.6458333333333334 0.3229166666666667 0.6527777777777778 0.3203125 0.6805555555555556 0.31640625 0.6996527777777778 0.30859375 0.7135416666666666 0.3072916666666667
0 0.21006944444444445 0.5078125 0.22395833333333334 0.515625 0.2534722222222222 0.5247395833333334 0.2829861111111111 0.5494791666666666 0.2986111111111111 0.5729166666666666 0.3090277777777778 0.59375 0.3072916666666667 0.6067708333333334 0.3142361111111111 0.6197916666666666 0.3142361111111111 0.6263020833333334 0.3194444444444444 0.6302083333333334 0.3211805555555556 0.63671875 0.2951388888888889 0.6432291666666666 0.2569444444444444 0.6653645833333334 0.22395833333333334 0.6705729166666666 0.1909722222222222 0.6796875 0.14756944444444445 0.6783854166666666 0.1284722222222222 0.671875 0.1111111111111111 0.6614583333333334 0.09027777777777778 0.6419270833333334 0.08333333333333333 0.625 0.06597222222222222 0.6028645833333334 0.057291666666666664 0.59375 0.04861111111111111 0.5885416666666666 0.03993055555555555 0.5677083333333334 0.04861111111111111 0.5520833333333334 0.07118055555555555 0.54296875 0.08159722222222222 0.53515625 0.09722222222222222 0.5390625 0.1076388888888889 0.5390625 0.13368055555555555 0.5247395833333334 0.16666666666666666 0.5104166666666666 0.1840277777777778 0.5065104166666666 0.20833333333333334 0.5078125
0 0.7708333333333334 0.061197916666666664 0.7986111111111112 0.06640625 0.8333333333333334 0.078125 0.859375 0.09635416666666667 0.8663194444444444 0.10416666666666667 0.8784722222222222 0.12760416666666666 0.8784722222222222 0.15885416666666666 0.875 0.18098958333333334 0.8663194444444444 0.19791666666666666 0.8524305555555556 0.21354166666666666 0.84375 0.21744791666666666 0.8055555555555556 0.24869791666666666 0.7864583333333334 0.2591145833333333 0.7465277777777778 0.2734375 0.734375 0.2799479166666667 0.7100694444444444 0.2838541666666667 0.6788194444444444 0.2825520833333333 0.6701388888888888 0.2799479166666667 0.6545138888888888 0.28125 0.6354166666666666 0.2799479166666667 0.59375 0.2643229166666667 0.5677083333333334 0.24348958333333334 0.5538194444444444 0.22005208333333334 0.5503472222222222 0.20963541666666666 0.5503472222222222 0.17578125 0.5625 0.15364583333333334 0.5763888888888888 0.13802083333333334 0.6302083333333334 0.09505208333333333 0.6545138888888888 0.08203125 0.6753472222222222 0.07161458333333333 0.703125 0.0625 0.7274305555555556 0.0625 0.7378472222222222 0.059895833333333336 0.7690972222222222 0.061197916666666664
0 0.4826388888888889 0.5026041666666666 0.5121527777777778 0.5143229166666666 0.5381944444444444 0.5325520833333334 0.5520833333333334 0.5559895833333334 0.5607638888888888 0.58984375 0.5381944444444444 0.66015625 0.5260416666666666 0.6744791666666666 0.5104166666666666 0.68359375 0.4982638888888889 0.6861979166666666 0.484375 0.6861979166666666 0.4670138888888889 0.6901041666666666 0.4375 0.6901041666666666 0.4184027777777778 0.6861979166666666 0.3836805555555556 0.671875 0.3541666666666667 0.6510416666666666 0.3420138888888889 0.63671875 0.3333333333333333 0.6171875 0.3298611111111111 0.6041666666666666 0.3298611111111111 0.57421875 0.3350694444444444 0.5598958333333334 0.3524305555555556 0.5338541666666666 0.3819444444444444 0.51171875 0.4184027777777778 0.4986979166666667 0.4652777777777778 0.4986979166666667 0.4809027777777778 0.5026041666666666
0 0.3802083333333333 0.12239583333333333 0.3854166666666667 0.12760416666666666 0.390625 0.12239583333333333 0.4010416666666667 0.13020833333333334 0.4166666666666667 0.12890625 0.4236111111111111 0.13151041666666666 0.453125 0.12369791666666667 0.484375 0.125 0.5052083333333334 0.1328125 0.5208333333333334 0.14453125 0.5347222222222222 0.1640625 0.5381944444444444 0.17838541666666666 0.5364583333333334 0.22265625 0.5329861111111112 0.24348958333333334 0.5277777777777778 0.2526041666666667 0.4965277777777778 0.25390625 0.4756944444444444 0.2591145833333333 0.453125 0.2734375 0.4340277777777778 0.2825520833333333 0.4010416666666667 0.2825520833333333 0.3767361111111111 0.2708333333333333 0.3559027777777778 0.2565104166666667 0.3420138888888889 0.234375 0.3420138888888889 0.20703125 0.3472222222222222 0.19401041666666666 0.3576388888888889 0.1796875 0.3576388888888889 0.17578125 0.3506944444444444 0.171875 0.359375 0.16015625 0.3576388888888889 0.1328125 0.3663194444444444 0.12630208333333334 0.3715277777777778 0.12630208333333334 0.3697916666666667 0.13020833333333334 0.3732638888888889 0.1328125 0.375 0.125 0.3784722222222222 0.12369791666666667
0 0.3072916666666667 0.3541666666666667 0.34375 0.3580729166666667 0.3611111111111111 0.3697916666666667 0.3854166666666667 0.3776041666666667 0.4114583333333333 0.40625 0.4253472222222222 0.43359375 0.4270833333333333 0.453125 0.4253472222222222 0.4674479166666667 0.4114583333333333 0.4921875 0.3854166666666667 0.5065104166666666 0.3767361111111111 0.5091145833333334 0.3489583333333333 0.5299479166666666 0.3333333333333333 0.5338541666666666 0.3211805555555556 0.5325520833333334 0.2881944444444444 0.5338541666666666 0.2795138888888889 0.5299479166666666 0.2690972222222222 0.5286458333333334 0.2586805555555556 0.51953125 0.234375 0.5104166666666666 0.2222222222222222 0.5091145833333334 0.2065972222222222 0.4921875 0.19618055555555555 0.484375 0.19444444444444445 0.4700520833333333 0.1892361111111111 0.4622395833333333 0.1892361111111111 0.44140625 0.19444444444444445 0.4231770833333333 0.1996527777777778 0.4140625 0.19618055555555555 0.40234375 0.21180555555555555 0.3854166666666667 0.2222222222222222 0.3815104166666667 0.234375 0.3723958333333333 0.2534722222222222 0.3645833333333333 0.2743055555555556 0.3580729166666667 0.3055555555555556 0.3541666666666667
0 0.2847222222222222 0.671875 0.3177083333333333 0.6940104166666666 0.3368055555555556 0.7122395833333334 0.3472222222222222 0.7330729166666666 0.3472222222222222 0.7421875 0.34375 0.75 0.34375 0.7838541666666666 0.3246527777777778 0.8111979166666666 0.2986111111111111 0.8307291666666666 0.2725694444444444 0.8411458333333334 0.2482638888888889 0.8463541666666666 0.21006944444444445 0.8463541666666666 0.19618055555555555 0.84375 0.1753472222222222 0.8359375 0.15625 0.8229166666666666 0.14756944444444445 0.8125 0.1371527777777778 0.7877604166666666 0.1388888888888889 0.7578125 0.14583333333333334 0.7356770833333334 0.16319444444444445 0.70703125 0.1875 0.6888020833333334 0.21006944444444445 0.6809895833333334 0.2309027777777778 0.6783854166666666 0.2586805555555556 0.6705729166666666 0.2829861111111111 0.671875