0 0.7470703125 0.20572916666666666 0.7548828125 0.21223958333333334 0.759765625 0.22916666666666666 0.7763671875 0.23307291666666666 0.787109375 0.2421875 0.80078125 0.2734375 0.8046875 0.2903645833333333 0.8046875 0.3033854166666667 0.8017578125 0.3203125 0.79296875 0.3515625 0.7822265625 0.3658854166666667 0.7685546875 0.3763020833333333 0.763671875 0.36328125 0.7607421875 0.3255208333333333 0.7529296875 0.3033854166666667 0.7392578125 0.2799479166666667 0.7236328125 0.2604166666666667 0.7138671875 0.25390625 0.673828125 0.2513020833333333 0.63671875 0.2643229166666667 0.619140625 0.27734375 0.61328125 0.27734375 0.611328125 0.2734375 0.6123046875 0.2630208333333333 0.619140625 0.24869791666666666 0.6298828125 0.234375 0.6357421875 0.23046875 0.6611328125 0.22526041666666666 0.6845703125 0.21614583333333334 0.6923828125 0.21614583333333334 0.7060546875 0.20833333333333334 0.71875 0.20963541666666666 0.74609375 0.20572916666666666
0 0.4404296875 0.5833333333333334 0.4560546875 0.5950520833333334 0.45703125 0.6028645833333334 0.48046875 0.60546875 0.498046875 0.6119791666666666 0.5107421875 0.6197916666666666 0.5263671875 0.6328125 0.5361328125 0.6575520833333334 0.5439453125 0.6927083333333334 0.544921875 0.73046875 0.5419921875 0.7669270833333334 0.533203125 0.8033854166666666 0.54296875 0.8255208333333334 0.5439453125 0.83984375 0.5361328125 0.859375 0.52734375 0.8697916666666666 0.517578125 0.8684895833333334 0.4814453125 0.8541666666666666 0.4482421875 0.8489583333333334 0.4375 0.83984375 0.4130859375 0.83203125 0.392578125 0.8125 0.3759765625 0.7877604166666666 0.3662109375 0.765625 0.36328125 0.7526041666666666 0.3623046875 0.7291666666666666 0.3671875 0.703125 0.373046875 0.69140625 0.373046875 0.671875 0.3818359375 0.6497395833333334 0.3828125 0.6171875 0.3896484375 0.6015625 0.408203125 0.58203125 0.42578125 0.5807291666666666 0.439453125 0.5833333333333334
0 0.28125 0.31640625 0.29296875 0.3190104166666667 0.3056640625 0.3268229166666667 0.3232421875 0.3567708333333333 0.3232421875 0.3658854166666667 0.318359375 0.3828125 0.3193359375 0.3971354166666667 0.310546875 0.4114583333333333 0.30859375 0.4244791666666667 0.3056640625 0.4270833333333333 0.26171875 0.4322916666666667 0.2568359375 0.4375 0.2509765625 0.4544270833333333 0.2314453125 0.46875 0.212890625 0.4778645833333333 0.2099609375 0.4765625 0.2060546875 0.46875 0.19921875 0.4440104166666667 0.19921875 0.4244791666666667 0.203125 0.40234375 0.2021484375 0.3828125 0.20703125 0.3528645833333333 0.2060546875 0.3333333333333333 0.208984375 0.32421875 0.212890625 0.32421875 0.2216796875 0.3307291666666667 0.2275390625 0.3307291666666667 0.24609375 0.3268229166666667 0.259765625 0.3190104166666667 0.2802734375 0.31640625
0 0.7666015625 0.4427083333333333 0.779296875 0.453125 0.783203125 0.46484375 0.8046875 0.4973958333333333 0.8076171875 0.5052083333333334 0.8115234375 0.5247395833333334 0.8095703125 0.5690104166666666 0.8037109375 0.5872395833333334 0.783203125 0.6119791666666666 0.7626953125 0.6223958333333334 0.7373046875 0.6263020833333334 0.7236328125 0.6236979166666666 0.716796875 0.6145833333333334 0.712890625 0.6158854166666666 0.708984375 0.6106770833333334 0.6982421875 0.6067708333333334 0.693359375 0.5911458333333334 0.6865234375 0.58203125 0.6767578125 0.5611979166666666 0.6650390625 0.5442708333333334 0.6533203125 0.5325520833333334 0.6494140625 0.5143229166666666 0.650390625 0.4986979166666667 0.65625 0.4921875 0.6923828125 0.4895833333333333 0.732421875 0.47265625 0.7451171875 0.4700520833333333 0.7529296875 0.46484375 0.7568359375 0.4596354166666667 0.7607421875 0.4466145833333333 0.765625 0.4427083333333333
0 0.4033203125 0.2682291666666667 0.4169921875 0.2721354166666667 0.4267578125 0.2786458333333333 0.4462890625 0.3046875 0.4462890625 0.3138020833333333 0.443359375 0.3138020833333333 0.4091796875 0.2903645833333333 0.373046875 0.2890625 0.361328125 0.2916666666666667 0.361328125 0.28515625 0.3720703125 0.2734375 0.3896484375 0.2682291666666667 0.40234375 0.2682291666666667
0 0.310546875 0.4322916666666667 0.345703125 0.4518229166666667 0.376953125 0.4830729166666667 0.3779296875 0.48828125 0.388671875 0.5026041666666666 0.3984375 0.5286458333333334 0.404296875 0.55859375 0.404296875 0.5755208333333334 0.40234375 0.5807291666666666 0.388671875 0.5963541666666666 0.37890625 0.6158854166666666 0.3681640625 0.6809895833333334 0.3603515625 0.6927083333333334 0.3447265625 0.7057291666666666 0.341796875 0.7265625 0.3369140625 0.7317708333333334 0.328125 0.7213541666666666 0.32421875 0.7213541666666666 0.291015625 0.7369791666666666 0.2626953125 0.7369791666666666 0.234375 0.7291666666666666 0.2216796875 0.7213541666666666 0.1953125 0.6953125 0.18359375 0.6770833333333334 0.1826171875 0.6614583333333334 0.1669921875 0.6158854166666666 0.166015625 0.6002604166666666 0.1748046875 0.5598958333333334 0.1806640625 0.5494791666666666 0.1904296875 0.515625 0.19921875 0.4986979166666667 0.216796875 0.48046875 0.2314453125 0.47265625 0.23828125 0.4661458333333333 0.248046875 0.4622395833333333 0.2509765625 0.4635416666666667 0.2578125 0.4401041666666667 0.2626953125 0.4348958333333333 0.2919921875 0.4309895833333333 0.3095703125 0.4322916666666667
0 0.6865234375 0.25390625 0.7109375 0.2578125 0.728515625 0.2708333333333333 0.7412109375 0.2864583333333333 0.7509765625 0.3033854166666667 0.7587890625 0.3268229166666667 0.763671875 0.375 0.7626953125 0.3828125 0.748046875 0.4153645833333333 0.74609375 0.4479166666666667 0.7421875 0.4596354166666667 0.7373046875 0.4635416666666667 0.7265625 0.46484375 0.7158203125 0.4739583333333333 0.6962890625 0.4817708333333333 0.666015625 0.4856770833333333 0.6455078125 0.4856770833333333 0.6357421875 0.4830729166666667 0.6064453125 0.46484375 0.58984375 0.4479166666666667 0.5830078125 0.4322916666666667 0.5791015625 0.4140625 0.5771484375 0.3502604166666667 0.583984375 0.3385416666666667 0.5908203125 0.3151041666666667 0.6064453125 0.28515625 0.654296875 0.2591145833333333 0.685546875 0.25390625
0 0.4091796875 0.2721354166666667 0.427734375 0.2825520833333333 0.4326171875 0.2916666666666667 0.4384765625 0.296875 0.4384765625 0.3020833333333333 0.4423828125 0.3033854166666667 0.4384765625 0.3020833333333333 0.4375 0.3059895833333333 0.4501953125 0.3229166666666667 0.4599609375 0.34765625 0.462890625 0.3854166666666667 0.4580078125 0.4127604166666667 0.4404296875 0.4505208333333333 0.423828125 0.4674479166666667 0.3974609375 0.4765625 0.3837890625 0.4765625 0.37109375 0.4700520833333333 0.3447265625 0.4466145833333333 0.333984375 0.4309895833333333 0.3310546875 0.4348958333333333 0.3251953125 0.4348958333333333 0.3173828125 0.4296875 0.3134765625 0.4244791666666667 0.3134765625 0.4153645833333333 0.322265625 0.40234375 0.322265625 0.375 0.326171875 0.3658854166666667 0.3349609375 0.3125 0.341796875 0.2994791666666667 0.3486328125 0.29296875 0.3583984375 0.2916666666666667 0.3623046875 0.2864583333333333 0.3642578125 0.2903645833333333 0.3671875 0.2903645833333333 0.369140625 0.2786458333333333 0.3759765625 0.2747395833333333 0.39453125 0.2708333333333333 0.408203125 0.2721354166666667
0 0.525390625 0.3359375 0.556640625 0.3528645833333333 0.5673828125 0.3619791666666667 0.57421875 0.3723958333333333 0.5751953125 0.40234375 0.58203125 0.4388020833333333 0.5859375 0.44921875 0.595703125 0.4596354166666667 0.603515625 0.47265625 0.6025390625 0.4921875 0.595703125 0.5182291666666666 0.5908203125 0.5247395833333334 0.568359375 0.5416666666666666 0.560546875 0.5533854166666666 0.55078125 0.5611979166666666 0.529296875 0.5872395833333334 0.525390625 0.5872395833333334 0.521484375 0.5911458333333334 0.5048828125 0.59375 0.4853515625 0.5885416666666666 0.4677734375 0.56640625 0.447265625 0.5572916666666666 0.4365234375 0.54296875 0.4287109375 0.5247395833333334 0.4208984375 0.4752604166666667 0.44140625 0.4557291666666667 0.4638671875 0.41015625 0.466796875 0.390625 0.4658203125 0.3528645833333333 0.490234375 0.3411458333333333 0.5244140625 0.3372395833333333
0 0.638671875 0.5299479166666666 0.654296875 0.5390625 0.666015625 0.5520833333333334 0.6787109375 0.5716145833333334 0.693359375 0.61328125 0.6953125 0.63671875 0.69921875 0.6497395833333334 0.69921875 0.6640625 0.693359375 0.7083333333333334 0.67578125 0.7421875 0.66796875 0.7526041666666666 0.6611328125 0.7565104166666666 0.62890625 0.7643229166666666 0.6103515625 0.7630208333333334 0.5947265625 0.7565104166666666 0.57421875 0.73828125 0.556640625 0.7161458333333334 0.5458984375 0.6875 0.5400390625 0.6549479166666666 0.5322265625 0.6302083333333334 0.5322265625 0.60546875 0.5380859375 0.5859375 0.5576171875 0.5638020833333334 0.5703125 0.5455729166666666 0.5810546875 0.5364583333333334 0.595703125 0.52734375 0.6103515625 0.5234375 0.6240234375 0.5247395833333334 0.6376953125 0.5299479166666666
0 0.521484375 0.2265625 0.5341796875 0.23307291666666666 0.544921875 0.24739583333333334 0.556640625 0.2578125 0.5673828125 0.2734375 0.583984375 0.2877604166666667 0.583984375 0.2942708333333333 0.580078125 0.3059895833333333 0.5625 0.328125 0.560546875 0.3359375 0.552734375 0.34375 0.5419921875 0.3424479166666667 0.5302734375 0.3346354166666667 0.5234375 0.3333333333333333 0.4892578125 0.3385416666666667 0.466796875 0.34765625 0.4619140625 0.34375 0.453125 0.3229166666666667 0.4482421875 0.2994791666666667 0.44921875 0.2838541666666667 0.4541015625 0.265625 0.4658203125 0.24479166666666666 0.4814453125 0.23177083333333334 0.501953125 0.2265625 0.5205078125 0.2265625