0 0.6552734375 0.07942708333333333 0.66015625 0.08203125 0.666015625 0.09375 0.666015625 0.11197916666666667 0.6689453125 0.12239583333333333 0.6689453125 0.15364583333333334 0.6640625 0.17057291666666666 0.6611328125 0.19921875 0.65625 0.20703125 0.650390625 0.20963541666666666 0.64453125 0.22135416666666666 0.6455078125 0.2265625 0.6513671875 0.2265625 0.6513671875 0.24479166666666666 0.64453125 0.26171875 0.6435546875 0.28125 0.640625 0.2864583333333333 0.630859375 0.2942708333333333 0.6123046875 0.30078125 0.595703125 0.30078125 0.5810546875 0.29296875 0.5322265625 0.22135416666666666 0.52734375 0.1953125 0.52734375 0.171875 0.529296875 0.16145833333333334 0.54296875 0.12369791666666667 0.552734375 0.11197916666666667 0.578125 0.09895833333333333 0.5849609375 0.08723958333333333 0.5927734375 0.09244791666666667 0.59765625 0.09244791666666667 0.6328125 0.07942708333333333 0.654296875 0.07942708333333333
0 0.314453125 0.21614583333333334 0.3388671875 0.22526041666666666 0.35546875 0.23828125 0.3623046875 0.24739583333333334 0.349609375 0.27734375 0.341796875 0.3177083333333333 0.3427734375 0.3580729166666667 0.35546875 0.3958333333333333 0.3603515625 0.421875 0.3564453125 0.42578125 0.3203125 0.421875 0.291015625 0.4309895833333333 0.2822265625 0.4296875 0.2685546875 0.4153645833333333 0.2412109375 0.37109375 0.2333984375 0.3385416666666667 0.232421875 0.3111979166666667 0.2392578125 0.26953125 0.2578125 0.23828125 0.2666015625 0.22916666666666666 0.287109375 0.21875 0.2978515625 0.21484375 0.3134765625 0.21614583333333334
0 0.3271484375 0.4270833333333333 0.3544921875 0.4322916666666667 0.369140625 0.4388020833333333 0.408203125 0.4817708333333333 0.42578125 0.4973958333333333 0.4345703125 0.5221354166666666 0.4365234375 0.5442708333333334 0.4365234375 0.56640625 0.43359375 0.5703125 0.421875 0.57421875 0.40625 0.5885416666666666 0.3798828125 0.6015625 0.3486328125 0.6484375 0.3388671875 0.6575520833333334 0.3388671875 0.68359375 0.3349609375 0.6888020833333334 0.33203125 0.69921875 0.294921875 0.6953125 0.2841796875 0.6927083333333334 0.2724609375 0.6861979166666666 0.265625 0.67578125 0.2607421875 0.6549479166666666 0.244140625 0.6276041666666666 0.2373046875 0.6041666666666666 0.2353515625 0.58984375 0.2373046875 0.5455729166666666 0.2548828125 0.4934895833333333 0.2666015625 0.47265625 0.275390625 0.4505208333333333 0.2822265625 0.4427083333333333 0.2939453125 0.4348958333333333 0.3173828125 0.4270833333333333 0.326171875 0.4270833333333333
0 0.775390625 0.34375 0.7919921875 0.3463541666666667 0.8134765625 0.35546875 0.8388671875 0.3736979166666667 0.8544921875 0.3958333333333333 0.861328125 0.41015625 0.8671875 0.4322916666666667 0.87109375 0.4583333333333333 0.87109375 0.4895833333333333 0.8681640625 0.50390625 0.8583984375 0.53515625 0.845703125 0.5572916666666666 0.8203125 0.5794270833333334 0.806640625 0.5846354166666666 0.78515625 0.5859375 0.78125 0.5885416666666666 0.7626953125 0.5872395833333334 0.748046875 0.58203125 0.7392578125 0.5768229166666666 0.7373046875 0.5729166666666666 0.7294921875 0.5716145833333334 0.7099609375 0.5598958333333334 0.6884765625 0.5286458333333334 0.6748046875 0.4908854166666667 0.6728515625 0.4778645833333333 0.6748046875 0.4205729166666667 0.677734375 0.4114583333333333 0.6865234375 0.40234375 0.705078125 0.375 0.7158203125 0.3645833333333333 0.7333984375 0.3528645833333333 0.74609375 0.34765625 0.7744140625 0.34375
0 0.4638671875 0.19010416666666666 0.466796875 0.19270833333333334 0.4814453125 0.19401041666666666 0.498046875 0.19921875 0.5126953125 0.20833333333333334 0.529296875 0.22395833333333334 0.568359375 0.2799479166666667 0.5849609375 0.3177083333333333 0.583984375 0.3359375 0.580078125 0.3450520833333333 0.5830078125 0.3515625 0.5830078125 0.359375 0.5791015625 0.375 0.5751953125 0.40625 0.5712890625 0.4166666666666667 0.5625 0.42578125 0.5439453125 0.453125 0.517578125 0.4674479166666667 0.4931640625 0.4908854166666667 0.4775390625 0.4973958333333333 0.462890625 0.4934895833333333 0.4443359375 0.4934895833333333 0.42578125 0.4869791666666667 0.4150390625 0.48046875 0.3935546875 0.4596354166666667 0.375 0.4348958333333333 0.365234375 0.4166666666666667 0.34765625 0.3658854166666667 0.34375 0.3450520833333333 0.3447265625 0.31640625 0.3505859375 0.2838541666666667 0.3681640625 0.24348958333333334 0.3798828125 0.22786458333333334 0.3994140625 0.2109375 0.455078125 0.18880208333333334 0.462890625 0.19010416666666666
0 0.4970703125 0.5794270833333334 0.5048828125 0.5846354166666666 0.513671875 0.5963541666666666 0.5341796875 0.6015625 0.5478515625 0.6171875 0.568359375 0.6263020833333334 0.572265625 0.6302083333333334 0.5830078125 0.65234375 0.5927734375 0.69140625 0.59375 0.75390625 0.591796875 0.76953125 0.5830078125 0.80078125 0.55859375 0.8359375 0.5341796875 0.8606770833333334 0.513671875 0.8736979166666666 0.4921875 0.8815104166666666 0.451171875 0.8802083333333334 0.4248046875 0.8697916666666666 0.39453125 0.8463541666666666 0.373046875 0.82421875 0.35546875 0.796875 0.3447265625 0.7682291666666666 0.3388671875 0.7330729166666666 0.337890625 0.703125 0.34375 0.6888020833333334 0.34375 0.67578125 0.34765625 0.6575520833333334 0.35546875 0.6432291666666666 0.3857421875 0.60546875 0.4228515625 0.5833333333333334 0.4423828125 0.5794270833333334 0.4501953125 0.5807291666666666 0.4619140625 0.5768229166666666 0.48828125 0.5768229166666666 0.49609375 0.5794270833333334
0 0.23046875 0.5546875 0.2314453125 0.5885416666666666 0.2353515625 0.6119791666666666 0.2421875 0.6328125 0.255859375 0.6549479166666666 0.2578125 0.66796875 0.251953125 0.6822916666666666 0.2333984375 0.703125 0.212890625 0.7135416666666666 0.1953125 0.71875 0.177734375 0.71875 0.1689453125 0.71484375 0.1591796875 0.70703125 0.1474609375 0.69140625 0.1328125 0.6627604166666666 0.1279296875 0.6471354166666666 0.1279296875 0.5989583333333334 0.1435546875 0.5716145833333334 0.158203125 0.5572916666666666 0.177734375 0.5598958333333334 0.185546875 0.5677083333333334 0.1943359375 0.5690104166666666 0.2060546875 0.5572916666666666 0.2216796875 0.5598958333333334 0.2294921875 0.5546875
0 0.1982421875 0.19401041666666666 0.2138671875 0.19921875 0.2265625 0.20703125 0.2412109375 0.22265625 0.25 0.23958333333333334 0.2490234375 0.24739583333333334 0.236328125 0.2708333333333333 0.2314453125 0.2994791666666667 0.2314453125 0.3619791666666667 0.2236328125 0.36328125 0.2021484375 0.3567708333333333 0.1826171875 0.35546875 0.1630859375 0.3606770833333333 0.1513671875 0.3671875 0.14453125 0.3658854166666667 0.1259765625 0.33984375 0.1171875 0.3138020833333333 0.111328125 0.3059895833333333 0.1142578125 0.2942708333333333 0.1142578125 0.2682291666666667 0.1171875 0.2526041666666667 0.12890625 0.22526041666666666 0.1513671875 0.20182291666666666 0.1787109375 0.19401041666666666 0.197265625 0.19401041666666666
0 0.228515625 0.37109375 0.2451171875 0.3854166666666667 0.2548828125 0.3997395833333333 0.265625 0.4192708333333333 0.2724609375 0.4453125 0.265625 0.46484375 0.2529296875 0.4869791666666667 0.2373046875 0.5299479166666666 0.2333984375 0.53515625 0.2080078125 0.5377604166666666 0.19921875 0.5494791666666666 0.1953125 0.55859375 0.19140625 0.5598958333333334 0.1884765625 0.5598958333333334 0.1875 0.5559895833333334 0.18359375 0.5546875 0.16796875 0.5546875 0.1396484375 0.5325520833333334 0.12109375 0.4934895833333333 0.115234375 0.4752604166666667 0.11328125 0.4609375 0.1142578125 0.4309895833333333 0.1259765625 0.40234375 0.1328125 0.3919270833333333 0.1474609375 0.3736979166666667 0.158203125 0.3658854166666667 0.19140625 0.359375 0.208984375 0.3619791666666667 0.2275390625 0.37109375
0 0.771484375 0.13411458333333334 0.7939453125 0.14322916666666666 0.8125 0.15755208333333334 0.828125 0.18489583333333334 0.833984375 0.20572916666666666 0.8349609375 0.23307291666666666 0.8330078125 0.2552083333333333 0.8271484375 0.2825520833333333 0.828125 0.2838541666666667 0.8349609375 0.2760416666666667 0.8349609375 0.2994791666666667 0.8232421875 0.3098958333333333 0.81640625 0.3203125 0.794921875 0.3424479166666667 0.7626953125 0.3411458333333333 0.7431640625 0.3450520833333333 0.7265625 0.3528645833333333 0.69921875 0.3736979166666667 0.6923828125 0.3723958333333333 0.677734375 0.3489583333333333 0.6640625 0.3385416666666667 0.6484375 0.2877604166666667 0.6484375 0.2630208333333333 0.6494140625 0.2578125 0.65625 0.24739583333333334 0.65625 0.22265625 0.66015625 0.20963541666666666 0.6650390625 0.203125 0.6650390625 0.19140625 0.677734375 0.171875 0.68359375 0.16796875 0.6845703125 0.15625 0.689453125 0.15104166666666666 0.73828125 0.13411458333333334 0.7705078125 0.13411458333333334
0 0.404296875 0.044270833333333336 0.40625 0.057291666666666664 0.4091796875 0.059895833333333336 0.4150390625 0.059895833333333336 0.41796875 0.06770833333333333 0.4140625 0.078125 0.4140625 0.125 0.416015625 0.13932291666666666 0.4228515625 0.15364583333333334 0.4306640625 0.19140625 0.427734375 0.1953125 0.3984375 0.20703125 0.3828125 0.22005208333333334 0.3671875 0.24088541666666666 0.36328125 0.24088541666666666 0.357421875 0.23307291666666666 0.353515625 0.203125 0.3544921875 0.1640625 0.359375 0.13411458333333334 0.369140625 0.09765625 0.3828125 0.06770833333333333 0.390625 0.055989583333333336 0.4033203125 0.044270833333333336
0 0.333984375 0.18098958333333334 0.341796875 0.18359375 0.3466796875 0.19140625 0.3515625 0.19401041666666666 0.3564453125 0.21614583333333334 0.3564453125 0.23697916666666666 0.3388671875 0.22395833333333334 0.322265625 0.21744791666666666 0.318359375 0.21354166666666666 0.3173828125 0.19270833333333334 0.3212890625 0.1796875 0.3271484375 0.17838541666666666 0.3330078125 0.18098958333333334
0 0.6025390625 0.4348958333333333 0.62890625 0.44140625 0.6416015625 0.44921875 0.6552734375 0.4622395833333333 0.671875 0.4921875 0.6826171875 0.5247395833333334 0.6845703125 0.5416666666666666 0.6845703125 0.57421875 0.677734375 0.59765625 0.6572265625 0.6302083333333334 0.646484375 0.640625 0.6298828125 0.6497395833333334 0.6015625 0.6497395833333334 0.5859375 0.6432291666666666 0.5732421875 0.6236979166666666 0.552734375 0.6119791666666666 0.5380859375 0.5989583333333334 0.53125 0.5872395833333334 0.5244140625 0.5638020833333334 0.5244140625 0.5182291666666666 0.5390625 0.4778645833333333 0.5576171875 0.4544270833333333 0.572265625 0.4427083333333333 0.5810546875 0.4375 0.6015625 0.4348958333333333