0 0.70703125 0.5416666666666666 0.7275390625 0.5455729166666666 0.75 0.5559895833333334 0.7587890625 0.5638020833333334 0.7783203125 0.5911458333333334 0.783203125 0.6015625 0.791015625 0.6328125 0.7939453125 0.6536458333333334 0.7939453125 0.6770833333333334 0.7900390625 0.6966145833333334 0.7841796875 0.7122395833333334 0.7568359375 0.75390625 0.7470703125 0.7565104166666666 0.7294921875 0.7682291666666666 0.7060546875 0.7708333333333334 0.6962890625 0.7747395833333334 0.681640625 0.7747395833333334 0.673828125 0.7721354166666666 0.6572265625 0.7604166666666666 0.638671875 0.7395833333333334 0.625 0.7174479166666666 0.6162109375 0.6953125 0.6123046875 0.65234375 0.6181640625 0.6184895833333334 0.6416015625 0.57421875 0.66015625 0.5559895833333334 0.6728515625 0.5520833333333334 0.6826171875 0.5455729166666666 0.7060546875 0.5416666666666666
0 0.3955078125 0.5234375 0.4111328125 0.53125 0.423828125 0.5416666666666666 0.431640625 0.5520833333333334 0.439453125 0.5690104166666666 0.4541015625 0.6106770833333334 0.4560546875 0.6236979166666666 0.455078125 0.6640625 0.45703125 0.6744791666666666 0.451171875 0.6927083333333334 0.435546875 0.71875 0.4169921875 0.734375 0.390625 0.74609375 0.3662109375 0.7434895833333334 0.3515625 0.7356770833333334 0.326171875 0.7057291666666666 0.3173828125 0.69140625 0.3095703125 0.6640625 0.3125 0.6419270833333334 0.3076171875 0.6158854166666666 0.3115234375 0.5911458333333334 0.31640625 0.5755208333333334 0.3232421875 0.5598958333333334 0.3369140625 0.5390625 0.35546875 0.5247395833333334 0.3701171875 0.5208333333333334 0.39453125 0.5234375
0 0.4462890625 0.3619791666666667 0.4501953125 0.3658854166666667 0.4560546875 0.3671875 0.4697265625 0.3802083333333333 0.48046875 0.3802083333333333 0.4892578125 0.3880208333333333 0.5048828125 0.3958333333333333 0.5185546875 0.4127604166666667 0.5244140625 0.4244791666666667 0.53125 0.4466145833333333 0.5322265625 0.46484375 0.5302734375 0.484375 0.52734375 0.4973958333333333 0.51953125 0.515625 0.5068359375 0.5338541666666666 0.4990234375 0.5403645833333334 0.48046875 0.546875 0.470703125 0.5533854166666666 0.453125 0.5533854166666666 0.4345703125 0.54296875 0.4072265625 0.5130208333333334 0.3974609375 0.48828125 0.396484375 0.4622395833333333 0.400390625 0.44140625 0.4130859375 0.4114583333333333 0.4228515625 0.3971354166666667 0.4267578125 0.37890625 0.4326171875 0.3684895833333333 0.4384765625 0.3619791666666667 0.4453125 0.3619791666666667
0 0.1953125 0.5364583333333334 0.1953125 0.5481770833333334 0.19921875 0.5572916666666666 0.212890625 0.5481770833333334 0.2177734375 0.55078125 0.2392578125 0.5494791666666666 0.2548828125 0.5533854166666666 0.2724609375 0.5638020833333334 0.2958984375 0.5950520833333334 0.3046875 0.6223958333333334 0.3076171875 0.6458333333333334 0.3046875 0.6640625 0.3095703125 0.6770833333333334 0.3095703125 0.6848958333333334 0.298828125 0.7109375 0.296875 0.7291666666666666 0.291015625 0.73046875 0.275390625 0.75 0.2578125 0.765625 0.2216796875 0.78125 0.2060546875 0.78125 0.1982421875 0.7786458333333334 0.1748046875 0.76171875 0.146484375 0.7213541666666666 0.1396484375 0.7200520833333334 0.13671875 0.69921875 0.13671875 0.6705729166666666 0.1396484375 0.6536458333333334 0.1396484375 0.6393229166666666 0.1435546875 0.6236979166666666 0.15234375 0.6028645833333334 0.150390625 0.59375 0.1611328125 0.578125 0.166015625 0.578125 0.1748046875 0.5690104166666666 0.1845703125 0.5638020833333334 0.1865234375 0.5533854166666666 0.1826171875 0.54296875 0.1845703125 0.5390625 0.1943359375 0.5364583333333334
0 0.3974609375 0.3046875 0.4091796875 0.3098958333333333 0.423828125 0.3229166666666667 0.4345703125 0.3268229166666667 0.4501953125 0.3450520833333333 0.44921875 0.3515625 0.4443359375 0.3580729166666667 0.4365234375 0.3606770833333333 0.4296875 0.3684895833333333 0.4208984375 0.3958333333333333 0.408203125 0.41796875 0.4013671875 0.42578125 0.3974609375 0.4192708333333333 0.3955078125 0.39453125 0.392578125 0.3841145833333333 0.375 0.3463541666666667 0.3583984375 0.32421875 0.359375 0.3138020833333333 0.37109375 0.30078125 0.3837890625 0.30078125 0.396484375 0.3046875
0 0.7314453125 0.2890625 0.7470703125 0.2903645833333333 0.7646484375 0.296875 0.779296875 0.3059895833333333 0.798828125 0.3294270833333333 0.8037109375 0.3307291666666667 0.8095703125 0.3268229166666667 0.8125 0.3411458333333333 0.8203125 0.3515625 0.826171875 0.35546875 0.8310546875 0.3658854166666667 0.8291015625 0.3893229166666667 0.837890625 0.4231770833333333 0.837890625 0.4661458333333333 0.8330078125 0.4973958333333333 0.8115234375 0.5338541666666666 0.798828125 0.546875 0.783203125 0.5559895833333334 0.7587890625 0.5559895833333334 0.7451171875 0.546875 0.7197265625 0.5390625 0.70703125 0.5325520833333334 0.6767578125 0.51171875 0.662109375 0.5130208333333334 0.6328125 0.5091145833333334 0.63671875 0.4752604166666667 0.6474609375 0.4752604166666667 0.6533203125 0.4635416666666667 0.6533203125 0.4518229166666667 0.6484375 0.4348958333333333 0.6484375 0.37890625 0.66015625 0.3411458333333333 0.6689453125 0.3359375 0.6767578125 0.31640625 0.6787109375 0.3033854166666667 0.68359375 0.2994791666666667 0.697265625 0.29296875 0.73046875 0.2890625
0 0.6171875 0.2630208333333333 0.634765625 0.2721354166666667 0.6572265625 0.2942708333333333 0.6650390625 0.3072916666666667 0.6669921875 0.3255208333333333 0.6650390625 0.33203125 0.6611328125 0.3333333333333333 0.65625 0.33984375 0.650390625 0.3606770833333333 0.6435546875 0.3723958333333333 0.642578125 0.3958333333333333 0.638671875 0.41796875 0.6259765625 0.4270833333333333 0.6123046875 0.4322916666666667 0.5986328125 0.43359375 0.5849609375 0.4427083333333333 0.57421875 0.4427083333333333 0.568359375 0.4388020833333333 0.5390625 0.4088541666666667 0.51953125 0.3802083333333333 0.51171875 0.3736979166666667 0.5068359375 0.35546875 0.509765625 0.3541666666666667 0.515625 0.3567708333333333 0.5185546875 0.3528645833333333 0.517578125 0.3346354166666667 0.5244140625 0.3046875 0.533203125 0.2864583333333333 0.548828125 0.2708333333333333 0.5673828125 0.26171875 0.58203125 0.2604166666666667 0.5859375 0.2578125 0.6005859375 0.2578125 0.6162109375 0.2630208333333333
0 0.5625 0.5299479166666666 0.57421875 0.53515625 0.5869140625 0.5455729166666666 0.595703125 0.5572916666666666 0.603515625 0.5768229166666666 0.607421875 0.5950520833333334 0.6083984375 0.6380208333333334 0.60546875 0.6588541666666666 0.6083984375 0.6809895833333334 0.6025390625 0.7005208333333334 0.59375 0.7122395833333334 0.5830078125 0.71875 0.5634765625 0.7213541666666666 0.5537109375 0.7252604166666666 0.5224609375 0.7252604166666666 0.5009765625 0.7161458333333334 0.48828125 0.7057291666666666 0.47265625 0.6809895833333334 0.4658203125 0.6575520833333334 0.46484375 0.6432291666666666 0.4658203125 0.625 0.4755859375 0.58984375 0.474609375 0.5625 0.4775390625 0.5533854166666666 0.5322265625 0.53125 0.5439453125 0.5286458333333334 0.5615234375 0.5299479166666666
0 0.4951171875 0.16276041666666666 0.51171875 0.171875 0.5302734375 0.19140625 0.5439453125 0.21875 0.548828125 0.23307291666666666 0.55078125 0.2565104166666667 0.548828125 0.2643229166666667 0.53515625 0.2786458333333333 0.5234375 0.2955729166666667 0.513671875 0.3216145833333333 0.5146484375 0.33203125 0.5107421875 0.3372395833333333 0.5009765625 0.3424479166666667 0.48046875 0.34765625 0.4609375 0.3463541666666667 0.451171875 0.3411458333333333 0.44140625 0.3307291666666667 0.4345703125 0.3177083333333333 0.42578125 0.29296875 0.4248046875 0.2825520833333333 0.4169921875 0.2565104166666667 0.40625 0.23307291666666666 0.404296875 0.21614583333333334 0.4072265625 0.203125 0.4169921875 0.19270833333333334 0.4248046875 0.19270833333333334 0.4501953125 0.18229166666666666 0.4765625 0.1640625 0.494140625 0.16276041666666666
0 0.640625 0.05859375 0.6474609375 0.06901041666666667 0.6689453125 0.08463541666666667 0.6845703125 0.10546875 0.697265625 0.14192708333333334 0.7001953125 0.15755208333333334 0.7001953125 0.17578125 0.697265625 0.19010416666666666 0.67578125 0.23958333333333334 0.6611328125 0.26171875 0.6513671875 0.2721354166666667 0.6435546875 0.2734375 0.6357421875 0.2669270833333333 0.61328125 0.2565104166666667 0.599609375 0.25390625 0.576171875 0.2552083333333333 0.5712890625 0.24479166666666666 0.564453125 0.24479166666666666 0.5576171875 0.24869791666666666 0.556640625 0.23697916666666666 0.544921875 0.21614583333333334 0.541015625 0.20052083333333334 0.541015625 0.17317708333333334 0.546875 0.15104166666666666 0.55859375 0.12760416666666666 0.57421875 0.109375 0.578125 0.09895833333333333 0.583984375 0.09244791666666667 0.5869140625 0.07942708333333333 0.591796875 0.07682291666666667 0.5947265625 0.08072916666666667 0.60546875 0.06901041666666667 0.6298828125 0.06901041666666667 0.6396484375 0.059895833333333336
0 0.744140625 0.17838541666666666 0.76171875 0.18098958333333334 0.7685546875 0.18489583333333334 0.7763671875 0.19270833333333334 0.783203125 0.20703125 0.7900390625 0.24739583333333334 0.7900390625 0.2760416666666667 0.787109375 0.2942708333333333 0.7822265625 0.3046875 0.7646484375 0.2942708333333333 0.7421875 0.2864583333333333 0.712890625 0.2864583333333333 0.6904296875 0.29296875 0.677734375 0.30078125 0.6728515625 0.30078125 0.66796875 0.2955729166666667 0.6689453125 0.2786458333333333 0.673828125 0.2526041666666667 0.697265625 0.19661458333333334 0.701171875 0.19140625 0.7119140625 0.18489583333333334 0.7265625 0.18359375 0.7373046875 0.17708333333333334 0.7431640625 0.17838541666666666
0 0.3037109375 0.2916666666666667 0.337890625 0.3059895833333333 0.3681640625 0.33984375 0.3876953125 0.37890625 0.392578125 0.3932291666666667 0.39453125 0.4075520833333333 0.39453125 0.4322916666666667 0.3916015625 0.4453125 0.3896484375 0.4778645833333333 0.3857421875 0.49609375 0.3818359375 0.50390625 0.3720703125 0.515625 0.345703125 0.5247395833333334 0.3330078125 0.5364583333333334 0.3154296875 0.5651041666666666 0.3095703125 0.5677083333333334 0.2919921875 0.5651041666666666 0.279296875 0.5572916666666666 0.2666015625 0.5533854166666666 0.22265625 0.5247395833333334 0.201171875 0.4934895833333333 0.1943359375 0.4778645833333333 0.1875 0.4700520833333333 0.1875 0.4596354166666667 0.1826171875 0.453125 0.185546875 0.4322916666666667 0.18359375 0.421875 0.1865234375 0.41796875 0.1943359375 0.3802083333333333 0.2119140625 0.3346354166666667 0.2373046875 0.3072916666666667 0.25 0.2994791666666667 0.275390625 0.2903645833333333 0.302734375 0.2916666666666667