0 0.4228515625 0.6614583333333334 0.427734375 0.6640625 0.4453125 0.6653645833333334 0.44921875 0.66796875 0.4521484375 0.6783854166666666 0.4580078125 0.68359375 0.484375 0.6809895833333334 0.49609375 0.6848958333333334 0.50390625 0.69140625 0.5205078125 0.6979166666666666 0.5322265625 0.71484375 0.54296875 0.7473958333333334 0.5478515625 0.7721354166666666 0.5498046875 0.81640625 0.541015625 0.8671875 0.541015625 0.8802083333333334 0.5458984375 0.8984375 0.5458984375 0.9153645833333334 0.5380859375 0.9375 0.5302734375 0.9466145833333334 0.51953125 0.9466145833333334 0.490234375 0.9361979166666666 0.4521484375 0.9309895833333334 0.4365234375 0.9192708333333334 0.4306640625 0.921875 0.41796875 0.9192708333333334 0.40625 0.91015625 0.392578125 0.8932291666666666 0.369140625 0.8489583333333334 0.365234375 0.83203125 0.3642578125 0.8151041666666666 0.3701171875 0.78515625 0.375 0.7747395833333334 0.3759765625 0.75 0.3837890625 0.734375 0.384765625 0.71875 0.3828125 0.7057291666666666 0.3896484375 0.6861979166666666 0.404296875 0.66796875 0.4111328125 0.6614583333333334 0.421875 0.6614583333333334
0 0.2158203125 0.375 0.216796875 0.3841145833333333 0.220703125 0.390625 0.2353515625 0.3893229166666667 0.2607421875 0.3776041666666667 0.2763671875 0.3736979166666667 0.2939453125 0.3763020833333333 0.3056640625 0.3828125 0.3212890625 0.4075520833333333 0.3251953125 0.4205729166666667 0.32421875 0.44140625 0.3193359375 0.4583333333333333 0.3193359375 0.4700520833333333 0.3125 0.48046875 0.3095703125 0.4947916666666667 0.3046875 0.5 0.28515625 0.5013020833333334 0.2646484375 0.5078125 0.255859375 0.515625 0.25 0.53125 0.2314453125 0.54296875 0.2177734375 0.546875 0.212890625 0.5455729166666666 0.2060546875 0.53515625 0.2001953125 0.5182291666666666 0.197265625 0.4934895833333333 0.201171875 0.4661458333333333 0.201171875 0.44140625 0.205078125 0.4166666666666667 0.205078125 0.39453125 0.2099609375 0.3802083333333333 0.21484375 0.3763020833333333
0 0.7783203125 0.5182291666666666 0.80078125 0.5481770833333334 0.814453125 0.5768229166666666 0.818359375 0.5950520833333334 0.81640625 0.6419270833333334 0.8125 0.6549479166666666 0.8046875 0.66796875 0.7861328125 0.6875 0.765625 0.6966145833333334 0.7412109375 0.69921875 0.7265625 0.6966145833333334 0.71875 0.6875 0.7041015625 0.6809895833333334 0.701171875 0.6705729166666666 0.69140625 0.6575520833333334 0.685546875 0.6432291666666666 0.6572265625 0.6041666666666666 0.6552734375 0.57421875 0.6572265625 0.5716145833333334 0.6650390625 0.5729166666666666 0.6748046875 0.56640625 0.7197265625 0.5625 0.734375 0.5546875 0.751953125 0.55078125 0.7626953125 0.5442708333333334 0.7666015625 0.5390625 0.76953125 0.5182291666666666 0.77734375 0.5182291666666666
0 0.412109375 0.3229166666666667 0.4267578125 0.3294270833333333 0.4443359375 0.3489583333333333 0.44921875 0.36328125 0.4521484375 0.37890625 0.451171875 0.3841145833333333 0.447265625 0.3841145833333333 0.4365234375 0.3736979166666667 0.4169921875 0.36328125 0.39453125 0.3567708333333333 0.384765625 0.3567708333333333 0.3662109375 0.36328125 0.337890625 0.3880208333333333 0.333984375 0.3854166666666667 0.3310546875 0.3723958333333333 0.3310546875 0.3619791666666667 0.3427734375 0.34765625 0.3583984375 0.33984375 0.3681640625 0.3294270833333333 0.3740234375 0.3268229166666667 0.3916015625 0.3216145833333333 0.4111328125 0.3229166666666667
0 0.302734375 0.5052083333333334 0.314453125 0.5078125 0.3232421875 0.51171875 0.333984375 0.5208333333333334 0.3447265625 0.5234375 0.3681640625 0.54296875 0.37890625 0.5559895833333334 0.388671875 0.5703125 0.3994140625 0.5963541666666666 0.40625 0.6302083333333334 0.40625 0.6484375 0.4033203125 0.6640625 0.388671875 0.6809895833333334 0.37890625 0.7044270833333334 0.37890625 0.7278645833333334 0.369140625 0.7591145833333334 0.3466796875 0.7799479166666666 0.3466796875 0.79296875 0.341796875 0.80859375 0.337890625 0.80859375 0.3310546875 0.7981770833333334 0.3251953125 0.796875 0.302734375 0.80859375 0.2802734375 0.8138020833333334 0.251953125 0.8125 0.23046875 0.8046875 0.2109375 0.7903645833333334 0.19140625 0.76953125 0.1845703125 0.7565104166666666 0.1826171875 0.7434895833333334 0.1689453125 0.70703125 0.166015625 0.69140625 0.166015625 0.6705729166666666 0.1748046875 0.640625 0.1826171875 0.6236979166666666 0.1884765625 0.5950520833333334 0.2041015625 0.5598958333333334 0.23828125 0.5416666666666666 0.2509765625 0.5390625 0.255859375 0.52734375 0.2568359375 0.51953125 0.2646484375 0.51171875 0.287109375 0.5052083333333334 0.3017578125 0.5052083333333334
0 0.70703125 0.33203125 0.724609375 0.3372395833333333 0.7353515625 0.3450520833333333 0.751953125 0.3658854166666667 0.7666015625 0.3971354166666667 0.76953125 0.41015625 0.7705078125 0.4544270833333333 0.7646484375 0.4778645833333333 0.7568359375 0.4856770833333333 0.7529296875 0.4947916666666667 0.763671875 0.5221354166666666 0.763671875 0.5338541666666666 0.7568359375 0.54296875 0.75 0.546875 0.7294921875 0.5481770833333334 0.697265625 0.5598958333333334 0.6708984375 0.5625 0.6650390625 0.5677083333333334 0.6298828125 0.5533854166666666 0.611328125 0.5403645833333334 0.5966796875 0.5234375 0.58984375 0.5091145833333334 0.5830078125 0.4791666666666667 0.583984375 0.4244791666666667 0.5810546875 0.4192708333333333 0.587890625 0.40234375 0.6005859375 0.3828125 0.60546875 0.3697916666666667 0.6162109375 0.3580729166666667 0.62890625 0.3515625 0.6396484375 0.3411458333333333 0.6494140625 0.3346354166666667 0.666015625 0.3346354166666667 0.6787109375 0.3307291666666667 0.7060546875 0.33203125
0 0.716796875 0.2630208333333333 0.7216796875 0.265625 0.7353515625 0.2630208333333333 0.7568359375 0.2643229166666667 0.76171875 0.2682291666666667 0.76953125 0.28125 0.7958984375 0.2916666666666667 0.7998046875 0.2994791666666667 0.7998046875 0.3098958333333333 0.806640625 0.3216145833333333 0.8125 0.33984375 0.8134765625 0.3606770833333333 0.8046875 0.40234375 0.7890625 0.4283854166666667 0.779296875 0.4348958333333333 0.7744140625 0.4322916666666667 0.7705078125 0.40234375 0.755859375 0.3671875 0.7353515625 0.33984375 0.7275390625 0.3346354166666667 0.69921875 0.3268229166666667 0.6826171875 0.3268229166666667 0.6650390625 0.3307291666666667 0.650390625 0.328125 0.62890625 0.34765625 0.6171875 0.3502604166666667 0.6083984375 0.3606770833333333 0.603515625 0.35546875 0.603515625 0.3424479166666667 0.60546875 0.3359375 0.6123046875 0.3268229166666667 0.619140625 0.3059895833333333 0.63671875 0.2825520833333333 0.6630859375 0.2721354166666667 0.68359375 0.2682291666666667 0.7001953125 0.2682291666666667 0.708984375 0.2630208333333333 0.7158203125 0.2630208333333333
0 0.8583984375 0.3177083333333333 0.875 0.32421875 0.87890625 0.328125 0.8759765625 0.3385416666666667 0.8759765625 0.3450520833333333 0.87890625 0.3528645833333333 0.896484375 0.3736979166666667 0.8984375 0.3828125 0.9052734375 0.3932291666666667 0.9013671875 0.4088541666666667 0.890625 0.4244791666666667 0.8828125 0.4270833333333333 0.8701171875 0.4401041666666667 0.8583984375 0.4453125 0.8359375 0.4388020833333333 0.7880859375 0.4348958333333333 0.7880859375 0.4296875 0.8056640625 0.4049479166666667 0.80859375 0.3854166666666667 0.8154296875 0.36328125 0.81640625 0.3411458333333333 0.8203125 0.3294270833333333 0.8271484375 0.3203125 0.833984375 0.31640625 0.857421875 0.3177083333333333
0 0.53125 0.3997395833333333 0.5615234375 0.4166666666666667 0.5791015625 0.4348958333333333 0.5830078125 0.4947916666666667 0.591796875 0.5221354166666666 0.6044921875 0.5390625 0.607421875 0.546875 0.60546875 0.56640625 0.595703125 0.5963541666666666 0.5908203125 0.6028645833333334 0.5771484375 0.61328125 0.5654296875 0.6302083333333334 0.5537109375 0.6354166666666666 0.5498046875 0.6458333333333334 0.54296875 0.6536458333333334 0.533203125 0.6588541666666666 0.529296875 0.65625 0.5263671875 0.6588541666666666 0.5 0.6640625 0.4794921875 0.6510416666666666 0.474609375 0.6575520833333334 0.4599609375 0.6666666666666666 0.45703125 0.6666666666666666 0.4462890625 0.6497395833333334 0.4482421875 0.6432291666666666 0.4462890625 0.63671875 0.453125 0.6328125 0.455078125 0.6263020833333334 0.4384765625 0.6067708333333334 0.4326171875 0.5950520833333334 0.4248046875 0.55859375 0.423828125 0.5442708333333334 0.4365234375 0.5325520833333334 0.44921875 0.515625 0.4580078125 0.5013020833333334 0.466796875 0.48046875 0.4697265625 0.4609375 0.4697265625 0.4388020833333333 0.4658203125 0.4153645833333333 0.466796875 0.4114583333333333 0.4833984375 0.4036458333333333 0.5205078125 0.3984375 0.5302734375 0.3997395833333333
0 0.6220703125 0.5989583333333334 0.6357421875 0.6015625 0.650390625 0.6080729166666666 0.6650390625 0.62109375 0.6826171875 0.64453125 0.6904296875 0.6653645833333334 0.6953125 0.671875 0.69921875 0.6953125 0.7001953125 0.7161458333333334 0.705078125 0.73828125 0.705078125 0.75 0.7001953125 0.7682291666666666 0.6982421875 0.78515625 0.6787109375 0.82421875 0.66796875 0.8333333333333334 0.6484375 0.8424479166666666 0.6357421875 0.8450520833333334 0.623046875 0.8450520833333334 0.6015625 0.8385416666666666 0.58203125 0.82421875 0.56640625 0.8059895833333334 0.5498046875 0.7669270833333334 0.53515625 0.6901041666666666 0.5361328125 0.6770833333333334 0.541015625 0.6653645833333334 0.55078125 0.65625 0.5810546875 0.6158854166666666 0.6025390625 0.6002604166666666 0.62109375 0.5989583333333334
0 0.53515625 0.2799479166666667 0.5791015625 0.3333333333333333 0.5849609375 0.3411458333333333 0.5869140625 0.34765625 0.5869140625 0.3541666666666667 0.583984375 0.3619791666666667 0.5693359375 0.37890625 0.560546875 0.3958333333333333 0.552734375 0.4036458333333333 0.5439453125 0.40234375 0.5322265625 0.3958333333333333 0.5146484375 0.3958333333333333 0.466796875 0.4036458333333333 0.458984375 0.390625 0.44921875 0.3528645833333333 0.44921875 0.3411458333333333 0.4599609375 0.30859375 0.470703125 0.29296875 0.48046875 0.2838541666666667 0.4990234375 0.2760416666666667 0.525390625 0.2760416666666667 0.5341796875 0.2799479166666667
0 0.3935546875 0.3580729166666667 0.4169921875 0.3645833333333333 0.44921875 0.3841145833333333 0.455078125 0.3932291666666667 0.4638671875 0.4192708333333333 0.466796875 0.4401041666666667 0.466796875 0.453125 0.462890625 0.4791666666666667 0.4580078125 0.49609375 0.453125 0.5052083333333334 0.4384765625 0.5260416666666666 0.4267578125 0.5364583333333334 0.412109375 0.5442708333333334 0.3955078125 0.5481770833333334 0.3818359375 0.546875 0.369140625 0.5390625 0.3466796875 0.51953125 0.3369140625 0.5078125 0.3291015625 0.5091145833333334 0.3193359375 0.50390625 0.314453125 0.4934895833333333 0.3173828125 0.4830729166666667 0.3193359375 0.4830729166666667 0.32421875 0.4739583333333333 0.322265625 0.4557291666666667 0.3271484375 0.4440104166666667 0.330078125 0.41015625 0.3408203125 0.3893229166666667 0.3544921875 0.3736979166666667 0.3671875 0.3645833333333333 0.3837890625 0.3580729166666667 0.392578125 0.3580729166666667