0 0.7204861111111112 0.5533854166666666 0.7378472222222222 0.5611979166666666 0.7534722222222222 0.5638020833333334 0.7795138888888888 0.5807291666666666 0.7899305555555556 0.5950520833333334 0.7916666666666666 0.6015625 0.7934027777777778 0.6354166666666666 0.7881944444444444 0.6458333333333334 0.7586805555555556 0.6653645833333334 0.7395833333333334 0.671875 0.7100694444444444 0.67578125 0.6927083333333334 0.6744791666666666 0.6475694444444444 0.6471354166666666 0.6371527777777778 0.6341145833333334 0.6284722222222222 0.61328125 0.6284722222222222 0.5950520833333334 0.6354166666666666 0.578125 0.6510416666666666 0.5677083333333334 0.6909722222222222 0.5546875 0.71875 0.5533854166666666
0 0.5 0.30078125 0.515625 0.3033854166666667 0.5208333333333334 0.3072916666666667 0.5399305555555556 0.3138020833333333 0.5625 0.3268229166666667 0.5746527777777778 0.3385416666666667 0.5833333333333334 0.3580729166666667 0.5833333333333334 0.3815104166666667 0.578125 0.39453125 0.5329861111111112 0.4322916666666667 0.5190972222222222 0.4466145833333333 0.5104166666666666 0.4505208333333333 0.5 0.4505208333333333 0.4947916666666667 0.4466145833333333 0.4878472222222222 0.4453125 0.4704861111111111 0.4296875 0.4565972222222222 0.4309895833333333 0.4496527777777778 0.4205729166666667 0.4236111111111111 0.4010416666666667 0.4166666666666667 0.390625 0.4131944444444444 0.37890625 0.4166666666666667 0.3515625 0.4236111111111111 0.3385416666666667 0.4340277777777778 0.3268229166666667 0.4444444444444444 0.3190104166666667 0.4635416666666667 0.3098958333333333 0.4826388888888889 0.3033854166666667 0.4982638888888889 0.30078125
0 0.359375 0.4205729166666667 0.3645833333333333 0.42578125 0.3940972222222222 0.4375 0.4114583333333333 0.4505208333333333 0.4253472222222222 0.4739583333333333 0.4270833333333333 0.48828125 0.4236111111111111 0.5091145833333334 0.4131944444444444 0.5286458333333334 0.4131944444444444 0.54296875 0.4097222222222222 0.5559895833333334 0.4027777777777778 0.5611979166666666 0.3784722222222222 0.5625 0.3559027777777778 0.5703125 0.3315972222222222 0.5703125 0.2986111111111111 0.56640625 0.2934027777777778 0.5638020833333334 0.2638888888888889 0.5598958333333334 0.25 0.5533854166666666 0.23958333333333334 0.5455729166666666 0.22569444444444445 0.5260416666666666 0.22395833333333334 0.48828125 0.2309027777777778 0.4752604166666667 0.24131944444444445 0.46484375 0.2482638888888889 0.453125 0.2673611111111111 0.4375 0.2829861111111111 0.4309895833333333 0.3072916666666667 0.42578125 0.3194444444444444 0.42578125 0.3315972222222222 0.4205729166666667 0.3402777777777778 0.4192708333333333 0.3576388888888889 0.4205729166666667
0 0.2621527777777778 0.5625 0.2743055555555556 0.56640625 0.2986111111111111 0.5690104166666666 0.3090277777777778 0.5729166666666666 0.3298611111111111 0.57421875 0.3402777777777778 0.578125 0.3715277777777778 0.5794270833333334 0.3836805555555556 0.5872395833333334 0.4045138888888889 0.6106770833333334 0.4097222222222222 0.6263020833333334 0.4079861111111111 0.6692708333333334 0.3871527777777778 0.6979166666666666 0.3819444444444444 0.7122395833333334 0.3715277777777778 0.71875 0.3020833333333333 0.7174479166666666 0.2743055555555556 0.71484375 0.2517361111111111 0.7096354166666666 0.24305555555555555 0.7057291666666666 0.2170138888888889 0.6861979166666666 0.20833333333333334 0.6692708333333334 0.20833333333333334 0.6497395833333334 0.21354166666666666 0.6341145833333334 0.2309027777777778 0.60546875 0.22743055555555555 0.5872395833333334 0.2361111111111111 0.5755208333333334 0.2552083333333333 0.5625 0.2604166666666667 0.5625
0 0.6614583333333334 0.3880208333333333 0.6961805555555556 0.40234375 0.7135416666666666 0.41796875 0.71875 0.4270833333333333 0.7222222222222222 0.44140625 0.7222222222222222 0.4791666666666667 0.7083333333333334 0.4908854166666667 0.7083333333333334 0.4947916666666667 0.7135416666666666 0.4986979166666667 0.7152777777777778 0.50390625 0.703125 0.51171875 0.6961805555555556 0.51953125 0.6822916666666666 0.5208333333333334 0.6753472222222222 0.515625 0.6631944444444444 0.515625 0.6545138888888888 0.5234375 0.6284722222222222 0.5260416666666666 0.5989583333333334 0.5247395833333334 0.5590277777777778 0.5052083333333334 0.5503472222222222 0.4934895833333333 0.5381944444444444 0.484375 0.5347222222222222 0.4791666666666667 0.5329861111111112 0.45703125 0.5381944444444444 0.4401041666666667 0.546875 0.4270833333333333 0.5625 0.4114583333333333 0.5763888888888888 0.40234375 0.5972222222222222 0.3932291666666667 0.6180555555555556 0.3880208333333333 0.6284722222222222 0.38671875 0.6597222222222222 0.3880208333333333
0 0.24305555555555555 0.24088541666666666 0.2517361111111111 0.24348958333333334 0.2690972222222222 0.24348958333333334 0.2795138888888889 0.24869791666666666 0.2829861111111111 0.24869791666666666 0.2951388888888889 0.24088541666666666 0.3125 0.2421875 0.3229166666666667 0.24609375 0.3368055555555556 0.2552083333333333 0.3524305555555556 0.2604166666666667 0.3836805555555556 0.2825520833333333 0.4045138888888889 0.3111979166666667 0.4131944444444444 0.3372395833333333 0.4097222222222222 0.3684895833333333 0.4010416666666667 0.3854166666666667 0.390625 0.3984375 0.375 0.4088541666666667 0.359375 0.4153645833333333 0.3333333333333333 0.4127604166666667 0.3211805555555556 0.4192708333333333 0.3003472222222222 0.4205729166666667 0.2916666666666667 0.4231770833333333 0.2673611111111111 0.4231770833333333 0.234375 0.4153645833333333 0.203125 0.40234375 0.171875 0.375 0.1545138888888889 0.34375 0.1527777777777778 0.3098958333333333 0.15625 0.2994791666666667 0.1701388888888889 0.2838541666666667 0.2013888888888889 0.26171875 0.2222222222222222 0.2526041666666667 0.2309027777777778 0.2526041666666667 0.24131944444444445 0.2421875
0 0.7152777777777778 0.19401041666666666 0.7361111111111112 0.19791666666666666 0.75 0.203125 0.7829861111111112 0.22135416666666666 0.8194444444444444 0.2526041666666667 0.828125 0.265625 0.8333333333333334 0.2825520833333333 0.8333333333333334 0.2994791666666667 0.8298611111111112 0.3151041666666667 0.8246527777777778 0.3255208333333333 0.8055555555555556 0.34765625 0.7777777777777778 0.3658854166666667 0.7621527777777778 0.37109375 0.7552083333333334 0.37109375 0.7361111111111112 0.3815104166666667 0.7170138888888888 0.3763020833333333 0.6909722222222222 0.3763020833333333 0.6614583333333334 0.3697916666666667 0.6510416666666666 0.3645833333333333 0.6336805555555556 0.3606770833333333 0.6128472222222222 0.3463541666666667 0.6024305555555556 0.3307291666666667 0.5868055555555556 0.3190104166666667 0.5763888888888888 0.3020833333333333 0.5711805555555556 0.2838541666666667 0.5711805555555556 0.2630208333333333 0.5746527777777778 0.24869791666666666 0.5833333333333334 0.234375 0.5972222222222222 0.22265625 0.625 0.20833333333333334 0.6475694444444444 0.203125 0.6684027777777778 0.1953125 0.6857638888888888 0.19270833333333334 0.7135416666666666 0.19401041666666666
0 0.8524305555555556 0.3489583333333333 0.875 0.3541666666666667 0.8993055555555556 0.3723958333333333 0.9184027777777778 0.39453125 0.9236111111111112 0.4114583333333333 0.9201388888888888 0.4127604166666667 0.9131944444444444 0.4075520833333333 0.9045138888888888 0.4088541666666667 0.8993055555555556 0.4127604166666667 0.8975694444444444 0.42578125 0.8923611111111112 0.42578125 0.8732638888888888 0.4192708333333333 0.8559027777777778 0.41796875 0.8385416666666666 0.4140625 0.8211805555555556 0.4140625 0.8125 0.4166666666666667 0.7638888888888888 0.4166666666666667 0.7552083333333334 0.4114583333333333 0.75 0.4049479166666667 0.7430555555555556 0.3919270833333333 0.7430555555555556 0.3854166666666667 0.7482638888888888 0.3802083333333333 0.765625 0.3723958333333333 0.7760416666666666 0.37109375 0.8072916666666666 0.3528645833333333 0.8506944444444444 0.3489583333333333
0 0.4809027777777778 0.46875 0.5086805555555556 0.4713541666666667 0.5208333333333334 0.4765625 0.5243055555555556 0.4830729166666667 0.5399305555555556 0.4908854166666667 0.5364583333333334 0.4986979166666667 0.5329861111111112 0.4986979166666667 0.53125 0.5013020833333334 0.5416666666666666 0.5026041666666666 0.5555555555555556 0.5078125 0.5885416666666666 0.5247395833333334 0.6076388888888888 0.54296875 0.6145833333333334 0.5598958333333334 0.6163194444444444 0.5768229166666666 0.6111111111111112 0.5989583333333334 0.5902777777777778 0.6263020833333334 0.5677083333333334 0.6276041666666666 0.5434027777777778 0.6223958333333334 0.5329861111111112 0.6236979166666666 0.5225694444444444 0.6276041666666666 0.5069444444444444 0.6393229166666666 0.4861111111111111 0.6380208333333334 0.4583333333333333 0.62890625 0.4270833333333333 0.6067708333333334 0.4166666666666667 0.5950520833333334 0.4097222222222222 0.5768229166666666 0.4097222222222222 0.5651041666666666 0.4166666666666667 0.5533854166666666 0.4201388888888889 0.5338541666666666 0.4305555555555556 0.5221354166666666 0.4427083333333333 0.5143229166666666 0.4444444444444444 0.5091145833333334 0.4496527777777778 0.5052083333333334 0.4305555555555556 0.49609375 0.4340277777777778 0.4856770833333333 0.4409722222222222 0.4791666666666667 0.4496527777777778 0.4765625 0.4670138888888889 0.4661458333333333 0.4756944444444444 0.4661458333333333 0.4791666666666667 0.46875
0 0.5815972222222222 0.6341145833333334 0.5954861111111112 0.6393229166666666 0.6215277777777778 0.66015625 0.6440972222222222 0.6744791666666666 0.6701388888888888 0.703125 0.6753472222222222 0.7122395833333334 0.6788194444444444 0.73046875 0.6770833333333334 0.7317708333333334 0.6770833333333334 0.7682291666666666 0.6736111111111112 0.77734375 0.6649305555555556 0.7890625 0.65625 0.796875 0.6388888888888888 0.8059895833333334 0.59375 0.8203125 0.5625 0.82421875 0.5381944444444444 0.8216145833333334 0.5104166666666666 0.8138020833333334 0.4930555555555556 0.8125 0.4565972222222222 0.7890625 0.4461805555555556 0.79296875 0.4392361111111111 0.7916666666666666 0.4340277777777778 0.7864583333333334 0.4270833333333333 0.7643229166666666 0.4288194444444444 0.7591145833333334 0.4375 0.7552083333333334 0.4340277777777778 0.75 0.4340277777777778 0.72265625 0.4375 0.7174479166666666 0.4375 0.7083333333333334 0.4427083333333333 0.6901041666666666 0.4496527777777778 0.6783854166666666 0.4565972222222222 0.671875 0.4809027777777778 0.6575520833333334 0.515625 0.6471354166666666 0.5190972222222222 0.63671875 0.5364583333333334 0.62890625 0.5520833333333334 0.62890625 0.5590277777777778 0.6315104166666666 0.5798611111111112 0.6341145833333334
0 0.4947916666666667 0.1875 0.5190972222222222 0.203125 0.5295138888888888 0.21614583333333334 0.5347222222222222 0.22916666666666666 0.5329861111111112 0.26171875 0.5190972222222222 0.28125 0.5 0.296875 0.4739583333333333 0.3033854166666667 0.4565972222222222 0.3111979166666667 0.4409722222222222 0.3151041666666667 0.4201388888888889 0.3125 0.40625 0.3072916666666667 0.3819444444444444 0.2760416666666667 0.3611111111111111 0.2630208333333333 0.3576388888888889 0.2565104166666667 0.359375 0.24348958333333334 0.375 0.21744791666666666 0.3923611111111111 0.20442708333333334 0.4253472222222222 0.1875 0.4461805555555556 0.18229166666666666 0.4722222222222222 0.18229166666666666 0.4930555555555556 0.1875
0 0.2673611111111111 0.8658854166666666 0.2638888888888889 0.8606770833333334 0.2638888888888889 0.8515625 0.2569444444444444 0.828125 0.24131944444444445 0.80859375 0.24305555555555555 0.7838541666666666 0.2534722222222222 0.765625 0.2708333333333333 0.7513020833333334 0.2916666666666667 0.7421875 0.3003472222222222 0.7408854166666666 0.3229166666666667 0.7317708333333334 0.3298611111111111 0.7317708333333334 0.3385416666666667 0.7278645833333334 0.3767361111111111 0.7252604166666666 0.3819444444444444 0.72265625 0.390625 0.7252604166666666 0.3958333333333333 0.7369791666666666 0.4184027777777778 0.7669270833333334 0.4184027777777778 0.7786458333333334 0.4236111111111111 0.7942708333333334 0.4236111111111111 0.8255208333333334 0.4149305555555556 0.8385416666666666 0.3819444444444444 0.86328125 0.3663194444444444 0.8684895833333334 0.3506944444444444 0.87109375 0.3125 0.87109375 0.2795138888888889 0.8697916666666666 0.2690972222222222 0.8658854166666666