0 0.642578125 0.24609375 0.65234375 0.25 0.6640625 0.2604166666666667 0.671875 0.2734375 0.67578125 0.28515625 0.6787109375 0.3111979166666667 0.6767578125 0.3385416666666667 0.671875 0.36328125 0.66796875 0.3671875 0.6611328125 0.3671875 0.64453125 0.3567708333333333 0.6259765625 0.35546875 0.5986328125 0.3697916666666667 0.5888671875 0.36328125 0.5810546875 0.3515625 0.5791015625 0.34375 0.580078125 0.31640625 0.5908203125 0.2903645833333333 0.587890625 0.28515625 0.6123046875 0.2591145833333333 0.6220703125 0.2526041666666667 0.6416015625 0.24609375
0 0.654296875 0.36328125 0.6650390625 0.3723958333333333 0.6708984375 0.3723958333333333 0.6708984375 0.3841145833333333 0.677734375 0.4114583333333333 0.67578125 0.4401041666666667 0.671875 0.4544270833333333 0.6572265625 0.4817708333333333 0.6474609375 0.4895833333333333 0.6318359375 0.4947916666666667 0.6142578125 0.4921875 0.6015625 0.484375 0.5908203125 0.4700520833333333 0.5810546875 0.4440104166666667 0.578125 0.4440104166666667 0.5732421875 0.44921875 0.5703125 0.4583333333333333 0.5673828125 0.4596354166666667 0.564453125 0.4518229166666667 0.5732421875 0.43359375 0.57421875 0.42578125 0.5693359375 0.41796875 0.560546875 0.421875 0.556640625 0.4205729166666667 0.552734375 0.4153645833333333 0.5537109375 0.4036458333333333 0.5625 0.3958333333333333 0.5791015625 0.3958333333333333 0.5908203125 0.3893229166666667 0.603515625 0.3697916666666667 0.619140625 0.359375 0.6416015625 0.3580729166666667 0.6533203125 0.36328125
0 0.6337890625 0.14453125 0.6611328125 0.15885416666666666 0.6689453125 0.171875 0.6728515625 0.19921875 0.671875 0.22265625 0.6650390625 0.2421875 0.6591796875 0.24869791666666666 0.634765625 0.24348958333333334 0.6240234375 0.24869791666666666 0.615234375 0.24739583333333334 0.6064453125 0.25 0.5986328125 0.25 0.599609375 0.24088541666666666 0.59375 0.22005208333333334 0.595703125 0.17578125 0.599609375 0.1640625 0.611328125 0.14973958333333334 0.6181640625 0.14583333333333334 0.6328125 0.14453125
0 0.3154296875 0.2942708333333333 0.3310546875 0.3033854166666667 0.341796875 0.31640625 0.349609375 0.33984375 0.3505859375 0.36328125 0.34765625 0.3776041666666667 0.3388671875 0.3971354166666667 0.328125 0.41015625 0.306640625 0.4231770833333333 0.2861328125 0.421875 0.2763671875 0.4153645833333333 0.267578125 0.4036458333333333 0.2548828125 0.3776041666666667 0.2548828125 0.3372395833333333 0.2529296875 0.3346354166666667 0.248046875 0.3359375 0.2431640625 0.3333333333333333 0.2412109375 0.32421875 0.2529296875 0.3098958333333333 0.26171875 0.3033854166666667 0.27734375 0.3033854166666667 0.30078125 0.29296875 0.314453125 0.2942708333333333
0 0.392578125 0.19791666666666666 0.4111328125 0.20833333333333334 0.4228515625 0.22395833333333334 0.431640625 0.2513020833333333 0.43359375 0.2721354166666667 0.431640625 0.2786458333333333 0.4248046875 0.2747395833333333 0.419921875 0.2760416666666667 0.4111328125 0.2903645833333333 0.4140625 0.3111979166666667 0.408203125 0.3177083333333333 0.396484375 0.3216145833333333 0.3837890625 0.3216145833333333 0.3662109375 0.3138020833333333 0.359375 0.3046875 0.349609375 0.2786458333333333 0.3466796875 0.26171875 0.3466796875 0.24609375 0.3525390625 0.22265625 0.369140625 0.203125 0.3916015625 0.19791666666666666
0 0.2265625 0.4895833333333333 0.2431640625 0.5 0.2626953125 0.5247395833333334 0.2666015625 0.5403645833333334 0.2666015625 0.5625 0.2607421875 0.5950520833333334 0.2490234375 0.6197916666666666 0.2353515625 0.6354166666666666 0.2119140625 0.6458333333333334 0.201171875 0.6458333333333334 0.18359375 0.6393229166666666 0.1650390625 0.6236979166666666 0.1572265625 0.6080729166666666 0.154296875 0.5911458333333334 0.146484375 0.578125 0.14453125 0.5638020833333334 0.150390625 0.5390625 0.162109375 0.5247395833333334 0.16796875 0.5130208333333334 0.1806640625 0.5 0.2001953125 0.4895833333333333 0.2255859375 0.4895833333333333
0 0.537109375 0.06640625 0.541015625 0.07161458333333333 0.54296875 0.07942708333333333 0.556640625 0.09895833333333333 0.5634765625 0.1171875 0.564453125 0.140625 0.5625 0.15885416666666666 0.556640625 0.17057291666666666 0.5244140625 0.15364583333333334 0.5068359375 0.15364583333333334 0.484375 0.16145833333333334 0.482421875 0.15885416666666666 0.478515625 0.1328125 0.478515625 0.11328125 0.4814453125 0.1015625 0.4873046875 0.08984375 0.5 0.07682291666666667 0.5009765625 0.06901041666666667 0.5146484375 0.0625 0.5322265625 0.06380208333333333 0.5361328125 0.06640625
0 0.4189453125 0.12890625 0.435546875 0.13541666666666666 0.4443359375 0.14322916666666666 0.4541015625 0.15755208333333334 0.4638671875 0.18489583333333334 0.4638671875 0.20572916666666666 0.4609375 0.21484375 0.45703125 0.22135416666666666 0.44921875 0.22786458333333334 0.4365234375 0.23307291666666666 0.4287109375 0.23177083333333334 0.423828125 0.22265625 0.4072265625 0.203125 0.388671875 0.1953125 0.3818359375 0.17838541666666666 0.3818359375 0.15885416666666666 0.38671875 0.14322916666666666 0.396484375 0.13151041666666666 0.4013671875 0.12890625 0.41796875 0.12890625
0 0.4267578125 0.2799479166666667 0.4326171875 0.2864583333333333 0.4384765625 0.2890625 0.4443359375 0.2994791666666667 0.453125 0.3059895833333333 0.4765625 0.3111979166666667 0.486328125 0.3177083333333333 0.49609375 0.328125 0.5 0.33984375 0.5029296875 0.3658854166666667 0.501953125 0.3880208333333333 0.498046875 0.3971354166666667 0.494140625 0.4166666666666667 0.4912109375 0.4153645833333333 0.4853515625 0.4192708333333333 0.4619140625 0.4244791666666667 0.44921875 0.4231770833333333 0.4306640625 0.4140625 0.4228515625 0.4049479166666667 0.4189453125 0.39453125 0.416015625 0.37890625 0.416015625 0.36328125 0.42578125 0.3294270833333333 0.42578125 0.3190104166666667 0.41796875 0.3098958333333333 0.4140625 0.2903645833333333 0.421875 0.2786458333333333 0.42578125 0.2799479166666667
0 0.52734375 0.15755208333333334 0.5361328125 0.16015625 0.5546875 0.17447916666666666 0.564453125 0.20052083333333334 0.5654296875 0.22395833333333334 0.560546875 0.25 0.552734375 0.265625 0.53125 0.2825520833333333 0.5126953125 0.2877604166666667 0.5009765625 0.2864583333333333 0.4931640625 0.2825520833333333 0.482421875 0.2734375 0.474609375 0.26171875 0.4716796875 0.25390625 0.466796875 0.22395833333333334 0.4677734375 0.20703125 0.4736328125 0.18619791666666666 0.4873046875 0.1640625 0.4931640625 0.16015625 0.5087890625 0.15625 0.5263671875 0.15755208333333334
0 0.8388671875 0.3489583333333333 0.8583984375 0.3619791666666667 0.875 0.3828125 0.884765625 0.4166666666666667 0.8857421875 0.44921875 0.880859375 0.47265625 0.8681640625 0.5 0.8427734375 0.5260416666666666 0.830078125 0.53515625 0.818359375 0.5390625 0.7890625 0.5377604166666666 0.7666015625 0.5247395833333334 0.7568359375 0.515625 0.7451171875 0.4986979166666667 0.734375 0.4752604166666667 0.73046875 0.4453125 0.7314453125 0.4244791666666667 0.736328125 0.4049479166666667 0.7509765625 0.37890625 0.7705078125 0.3580729166666667 0.7890625 0.34765625 0.8056640625 0.34375 0.82421875 0.34375 0.837890625 0.3489583333333333