0 0.4149305555555556 0.40625 0.4427083333333333 0.4140625 0.4704861111111111 0.4322916666666667 0.4809027777777778 0.4505208333333333 0.4791666666666667 0.47265625 0.4809027777777778 0.48046875 0.4756944444444444 0.5052083333333334 0.4670138888888889 0.5182291666666666 0.4496527777777778 0.5325520833333334 0.4253472222222222 0.54296875 0.4131944444444444 0.5455729166666666 0.3854166666666667 0.5455729166666666 0.3628472222222222 0.54296875 0.3524305555555556 0.5390625 0.3368055555555556 0.5286458333333334 0.3177083333333333 0.51953125 0.2881944444444444 0.4973958333333333 0.2864583333333333 0.4921875 0.2864583333333333 0.4791666666666667 0.2934027777777778 0.4674479166666667 0.2986111111111111 0.4479166666666667 0.3107638888888889 0.4309895833333333 0.3229166666666667 0.421875 0.3385416666666667 0.4114583333333333 0.3628472222222222 0.4036458333333333 0.4027777777777778 0.4036458333333333 0.4131944444444444 0.40625
0 0.8072916666666666 0.5846354166666666 0.8159722222222222 0.59375 0.8229166666666666 0.59765625 0.8611111111111112 0.6015625 0.875 0.60546875 0.8923611111111112 0.6145833333333334 0.9166666666666666 0.6354166666666666 0.9322916666666666 0.6744791666666666 0.9305555555555556 0.6861979166666666 0.9201388888888888 0.69921875 0.9097222222222222 0.7213541666666666 0.8958333333333334 0.734375 0.8732638888888888 0.74609375 0.8559027777777778 0.7486979166666666 0.8333333333333334 0.7591145833333334 0.8142361111111112 0.76171875 0.7916666666666666 0.76171875 0.7760416666666666 0.7591145833333334 0.7430555555555556 0.7473958333333334 0.7256944444444444 0.734375 0.7118055555555556 0.7174479166666666 0.703125 0.7018229166666666 0.7013888888888888 0.6809895833333334 0.6892361111111112 0.6744791666666666 0.703125 0.65625 0.703125 0.64453125 0.6996527777777778 0.6354166666666666 0.7013888888888888 0.6236979166666666 0.7083333333333334 0.6184895833333334 0.7361111111111112 0.61328125 0.7569444444444444 0.6041666666666666 0.7690972222222222 0.6015625 0.796875 0.5846354166666666 0.8055555555555556 0.5846354166666666
0 0.9982638888888888 0.5703125 0.9982638888888888 0.6953125 0.9947916666666666 0.6966145833333334 0.96875 0.6901041666666666 0.9357638888888888 0.6653645833333334 0.9253472222222222 0.6458333333333334 0.9236111111111112 0.63671875 0.9149305555555556 0.62890625 0.9097222222222222 0.6184895833333334 0.9097222222222222 0.6015625 0.9166666666666666 0.5950520833333334 0.9444444444444444 0.5846354166666666 0.953125 0.5833333333333334 0.9704861111111112 0.57421875 0.9965277777777778 0.5703125
0 0.6006944444444444 0.7408854166666666 0.6354166666666666 0.7486979166666666 0.6493055555555556 0.7565104166666666 0.6597222222222222 0.7591145833333334 0.6753472222222222 0.7708333333333334 0.6927083333333334 0.7890625 0.7065972222222222 0.8151041666666666 0.7065972222222222 0.8346354166666666 0.7013888888888888 0.8567708333333334 0.6927083333333334 0.8828125 0.6857638888888888 0.89453125 0.6458333333333334 0.9244791666666666 0.6336805555555556 0.9296875 0.6111111111111112 0.9348958333333334 0.5902777777777778 0.9348958333333334 0.5746527777777778 0.9322916666666666 0.5399305555555556 0.9205729166666666 0.5260416666666666 0.9127604166666666 0.5 0.8932291666666666 0.4878472222222222 0.875 0.4756944444444444 0.8411458333333334 0.4774305555555556 0.8046875 0.4878472222222222 0.78515625 0.5017361111111112 0.7682291666666666 0.5121527777777778 0.7604166666666666 0.546875 0.7447916666666666 0.5590277777777778 0.7434895833333334 0.5711805555555556 0.7395833333333334 0.5989583333333334 0.7408854166666666
0 0.2604166666666667 0.5729166666666666 0.265625 0.57421875 0.2777777777777778 0.5833333333333334 0.3072916666666667 0.5872395833333334 0.3298611111111111 0.5872395833333334 0.3524305555555556 0.5924479166666666 0.3611111111111111 0.5924479166666666 0.4010416666666667 0.60546875 0.4236111111111111 0.6197916666666666 0.4427083333333333 0.6380208333333334 0.4548611111111111 0.6549479166666666 0.4618055555555556 0.6783854166666666 0.4618055555555556 0.703125 0.4565972222222222 0.7174479166666666 0.4496527777777778 0.73046875 0.4305555555555556 0.7526041666666666 0.4010416666666667 0.7734375 0.375 0.7864583333333334 0.3472222222222222 0.7942708333333334 0.3315972222222222 0.8046875 0.3159722222222222 0.8072916666666666 0.2986111111111111 0.8151041666666666 0.2864583333333333 0.81640625 0.2690972222222222 0.8125 0.24305555555555555 0.8098958333333334 0.22916666666666666 0.8046875 0.2152777777777778 0.8033854166666666 0.1875 0.796875 0.1701388888888889 0.7903645833333334 0.1440972222222222 0.7760416666666666 0.125 0.7604166666666666 0.11631944444444445 0.7473958333333334 0.109375 0.7278645833333334 0.109375 0.7044270833333334 0.12152777777777778 0.6861979166666666 0.1284722222222222 0.6692708333333334 0.13541666666666666 0.6614583333333334 0.1388888888888889 0.6458333333333334 0.1440972222222222 0.63671875 0.16319444444444445 0.62890625 0.1684027777777778 0.625 0.171875 0.6158854166666666 0.1840277777777778 0.61328125 0.2013888888888889 0.6015625 0.21875 0.5989583333333334 0.22916666666666666 0.59375 0.2361111111111111 0.5872395833333334 0.2309027777777778 0.5846354166666666 0.2309027777777778 0.578125 0.234375 0.5729166666666666 0.24305555555555555 0.5729166666666666 0.25 0.5703125 0.2586805555555556 0.5729166666666666
0 0.9253472222222222 0.3723958333333333 0.9704861111111112 0.3841145833333333 0.9982638888888888 0.3997395833333333 0.9982638888888888 0.5 0.9965277777777778 0.5013020833333334 0.9982638888888888 0.5533854166666666 0.9947916666666666 0.5611979166666666 0.9861111111111112 0.5677083333333334 0.9704861111111112 0.5677083333333334 0.953125 0.578125 0.9253472222222222 0.5885416666666666 0.8836805555555556 0.5963541666666666 0.84375 0.5950520833333334 0.8368055555555556 0.5924479166666666 0.8298611111111112 0.5924479166666666 0.8211805555555556 0.58984375 0.8038194444444444 0.5794270833333334 0.7899305555555556 0.578125 0.7743055555555556 0.5677083333333334 0.7604166666666666 0.5520833333333334 0.7517361111111112 0.5338541666666666 0.7517361111111112 0.5247395833333334 0.7552083333333334 0.5208333333333334 0.7569444444444444 0.50390625 0.7638888888888888 0.4934895833333333 0.7638888888888888 0.4713541666666667 0.7725694444444444 0.45703125 0.7743055555555556 0.4466145833333333 0.7986111111111112 0.4205729166666667 0.8055555555555556 0.4049479166666667 0.8246527777777778 0.3893229166666667 0.8645833333333334 0.3763020833333333 0.890625 0.3723958333333333 0.9236111111111112 0.3723958333333333
0 0.5034722222222222 0.20182291666666666 0.5243055555555556 0.20833333333333334 0.5486111111111112 0.20963541666666666 0.5590277777777778 0.22135416666666666 0.5850694444444444 0.24348958333333334 0.5972222222222222 0.2630208333333333 0.6041666666666666 0.2799479166666667 0.6059027777777778 0.3203125 0.6024305555555556 0.33203125 0.5920138888888888 0.34765625 0.5625 0.3776041666666667 0.5243055555555556 0.3971354166666667 0.4965277777777778 0.4049479166666667 0.4670138888888889 0.41015625 0.4444444444444444 0.41015625 0.4079861111111111 0.4010416666666667 0.3836805555555556 0.3997395833333333 0.3628472222222222 0.3958333333333333 0.359375 0.3919270833333333 0.359375 0.3828125 0.3420138888888889 0.3619791666666667 0.3125 0.3619791666666667 0.3090277777777778 0.359375 0.3090277777777778 0.33984375 0.3142361111111111 0.3333333333333333 0.328125 0.328125 0.3177083333333333 0.30859375 0.3177083333333333 0.3020833333333333 0.3211805555555556 0.296875 0.3194444444444444 0.28515625 0.3402777777777778 0.26953125 0.3472222222222222 0.2591145833333333 0.3645833333333333 0.24479166666666666 0.3871527777777778 0.23307291666666666 0.4166666666666667 0.22265625 0.4548611111111111 0.1953125 0.4600694444444444 0.1953125 0.4670138888888889 0.20052083333333334 0.4895833333333333 0.19791666666666666 0.5017361111111112 0.20182291666666666
0 0.6024305555555556 0.5143229166666666 0.6215277777777778 0.5208333333333334 0.6319444444444444 0.5221354166666666 0.6527777777777778 0.5338541666666666 0.6753472222222222 0.55078125 0.6875 0.5651041666666666 0.6979166666666666 0.5885416666666666 0.6961805555555556 0.6171875 0.6927083333333334 0.6276041666666666 0.6822916666666666 0.6432291666666666 0.6458333333333334 0.6705729166666666 0.6267361111111112 0.6783854166666666 0.6041666666666666 0.6822916666666666 0.5815972222222222 0.6822916666666666 0.5347222222222222 0.6744791666666666 0.5069444444444444 0.6588541666666666 0.4704861111111111 0.6315104166666666 0.4618055555555556 0.6171875 0.4618055555555556 0.5846354166666666 0.4652777777777778 0.5690104166666666 0.4774305555555556 0.55078125 0.4947916666666667 0.53515625 0.5104166666666666 0.5260416666666666 0.5347222222222222 0.5169270833333334 0.5572916666666666 0.5143229166666666 0.6006944444444444 0.5143229166666666
0 0.6215277777777778 0.2890625 0.6388888888888888 0.2890625 0.6423611111111112 0.2916666666666667 0.6649305555555556 0.29296875 0.6701388888888888 0.2955729166666667 0.6840277777777778 0.2955729166666667 0.6892361111111112 0.29296875 0.6996527777777778 0.2955729166666667 0.7118055555555556 0.29296875 0.7430555555555556 0.2942708333333333 0.7638888888888888 0.2994791666666667 0.7951388888888888 0.328125 0.7951388888888888 0.3372395833333333 0.8038194444444444 0.3502604166666667 0.8107638888888888 0.3671875 0.8107638888888888 0.3841145833333333 0.8072916666666666 0.39453125 0.7916666666666666 0.4205729166666667 0.7847222222222222 0.4283854166666667 0.7586805555555556 0.4479166666666667 0.7447916666666666 0.453125 0.7482638888888888 0.45703125 0.7447916666666666 0.4609375 0.7395833333333334 0.4622395833333333 0.7395833333333334 0.4661458333333333 0.7326388888888888 0.4700520833333333 0.7239583333333334 0.46875 0.7083333333333334 0.4609375 0.6857638888888888 0.4635416666666667 0.6736111111111112 0.4622395833333333 0.6631944444444444 0.46484375 0.6545138888888888 0.4596354166666667 0.6267361111111112 0.453125 0.6006944444444444 0.4388020833333333 0.5885416666666666 0.4283854166666667 0.5729166666666666 0.4075520833333333 0.5711805555555556 0.4010416666666667 0.5746527777777778 0.3776041666666667 0.5815972222222222 0.3671875 0.5989583333333334 0.3489583333333333 0.6128472222222222 0.3216145833333333 0.6354166666666666 0.3059895833333333 0.6215277777777778 0.2903645833333333
0 0.7708333333333334 0.09375 0.7777777777777778 0.09765625 0.7847222222222222 0.109375 0.7881944444444444 0.13151041666666666 0.796875 0.13802083333333334 0.8020833333333334 0.13932291666666666 0.7986111111111112 0.14973958333333334 0.8072916666666666 0.171875 0.8055555555555556 0.1953125 0.8003472222222222 0.20703125 0.7864583333333334 0.22395833333333334 0.7708333333333334 0.234375 0.7482638888888888 0.24479166666666666 0.7204861111111112 0.2526041666666667 0.7083333333333334 0.2526041666666667 0.6579861111111112 0.24609375 0.6527777777777778 0.24479166666666666 0.6423611111111112 0.23697916666666666 0.625 0.21354166666666666 0.6197916666666666 0.19010416666666666 0.6215277777777778 0.1640625 0.6336805555555556 0.140625 0.65625 0.11979166666666667 0.6927083333333334 0.10677083333333333 0.7170138888888888 0.10546875 0.7395833333333334 0.09635416666666667 0.7552083333333334 0.09505208333333333 0.7621527777777778 0.09244791666666667 0.7690972222222222 0.09375
0 0.9045138888888888 0.2513020833333333 0.9166666666666666 0.2552083333333333 0.9600694444444444 0.28125 0.9756944444444444 0.296875 0.9826388888888888 0.3125 0.9826388888888888 0.3385416666666667 0.9791666666666666 0.34765625 0.96875 0.3619791666666667 0.9496527777777778 0.3723958333333333 0.9392361111111112 0.3723958333333333 0.9201388888888888 0.3684895833333333 0.8854166666666666 0.3697916666666667 0.8454861111111112 0.3776041666666667 0.8350694444444444 0.3815104166666667 0.8246527777777778 0.3815104166666667 0.8177083333333334 0.3736979166666667 0.8159722222222222 0.3645833333333333 0.8055555555555556 0.34375 0.8072916666666666 0.3294270833333333 0.7916666666666666 0.31640625 0.7899305555555556 0.3125 0.7916666666666666 0.3033854166666667 0.8055555555555556 0.2864583333333333 0.8229166666666666 0.2747395833333333 0.8298611111111112 0.2721354166666667 0.8454861111111112 0.2708333333333333 0.890625 0.2513020833333333 0.9027777777777778 0.2513020833333333