0 0.9072265625 0.46875 0.9228515625 0.4791666666666667 0.9296875 0.4908854166666667 0.9462890625 0.5104166666666666 0.9619140625 0.5403645833333334 0.9873046875 0.5690104166666666 0.9912109375 0.5846354166666666 0.984375 0.5911458333333334 0.9814453125 0.5989583333333334 0.966796875 0.6028645833333334 0.9609375 0.609375 0.9560546875 0.62109375 0.94921875 0.62109375 0.931640625 0.6432291666666666 0.91796875 0.6549479166666666 0.8916015625 0.6640625 0.8564453125 0.6588541666666666 0.8408203125 0.6484375 0.8271484375 0.6341145833333334 0.8232421875 0.6276041666666666 0.8203125 0.6158854166666666 0.822265625 0.59765625 0.8193359375 0.5703125 0.8212890625 0.5559895833333334 0.8203125 0.5494791666666666 0.8232421875 0.5403645833333334 0.826171875 0.515625 0.8330078125 0.4947916666666667 0.8408203125 0.484375 0.859375 0.4700520833333333 0.8681640625 0.4661458333333333 0.892578125 0.4661458333333333 0.90625 0.46875
0 0.1318359375 0.10286458333333333 0.138671875 0.10807291666666667 0.150390625 0.11067708333333333 0.1728515625 0.12890625 0.2001953125 0.14453125 0.208984375 0.15625 0.228515625 0.16536458333333334 0.251953125 0.19010416666666666 0.26953125 0.21744791666666666 0.2841796875 0.25 0.2919921875 0.2825520833333333 0.2939453125 0.3151041666666667 0.2900390625 0.34375 0.2822265625 0.3671875 0.2705078125 0.3932291666666667 0.2548828125 0.4127604166666667 0.232421875 0.4296875 0.2041015625 0.4440104166666667 0.189453125 0.4479166666666667 0.15234375 0.4505208333333333 0.146484375 0.4557291666666667 0.1513671875 0.4596354166666667 0.1513671875 0.4713541666666667 0.1494140625 0.4739583333333333 0.123046875 0.4791666666666667 0.119140625 0.4791666666666667 0.1142578125 0.4622395833333333 0.1162109375 0.453125 0.119140625 0.4518229166666667 0.1201171875 0.4479166666666667 0.087890625 0.42578125 0.0595703125 0.4010416666666667 0.0517578125 0.390625 0.0341796875 0.375 0.021484375 0.3541666666666667 0.009765625 0.3294270833333333 0.005859375 0.3098958333333333 0.001953125 0.2786458333333333 0.001953125 0.24479166666666666 0.00390625 0.23046875 0.01171875 0.2109375 0.0390625 0.16927083333333334 0.052734375 0.16015625 0.0634765625 0.14453125 0.0830078125 0.12890625 0.0888671875 0.12890625 0.1015625 0.13541666666666666 0.126953125 0.1328125 0.130859375 0.12630208333333334 0.123046875 0.1171875 0.1220703125 0.10677083333333333 0.125 0.1015625 0.130859375 0.10286458333333333
0 0.3603515625 0.4934895833333333 0.3720703125 0.4973958333333333 0.390625 0.51171875 0.4091796875 0.5208333333333334 0.41796875 0.5299479166666666 0.42578125 0.5338541666666666 0.4384765625 0.5494791666666666 0.4521484375 0.5598958333333334 0.4736328125 0.6119791666666666 0.4755859375 0.62890625 0.482421875 0.6575520833333334 0.482421875 0.7122395833333334 0.4794921875 0.73046875 0.4599609375 0.78125 0.435546875 0.8151041666666666 0.4140625 0.83203125 0.4052734375 0.8372395833333334 0.373046875 0.84765625 0.3544921875 0.84765625 0.3125 0.83984375 0.3046875 0.8307291666666666 0.2900390625 0.8203125 0.2666015625 0.7942708333333334 0.24609375 0.7552083333333334 0.2392578125 0.7369791666666666 0.23046875 0.6940104166666666 0.2294921875 0.6770833333333334 0.2294921875 0.6458333333333334 0.232421875 0.6184895833333334 0.2373046875 0.60546875 0.2421875 0.5807291666666666 0.2529296875 0.55859375 0.275390625 0.5299479166666666 0.2958984375 0.5130208333333334 0.33203125 0.4973958333333333 0.359375 0.4934895833333333
0 0.7255859375 0.3697916666666667 0.767578125 0.3958333333333333 0.79296875 0.4166666666666667 0.8125 0.45703125 0.8193359375 0.484375 0.8154296875 0.546875 0.8095703125 0.56640625 0.8056640625 0.5703125 0.8076171875 0.5807291666666666 0.802734375 0.5807291666666666 0.8017578125 0.5885416666666666 0.798828125 0.5911458333333334 0.798828125 0.5989583333333334 0.7900390625 0.6119791666666666 0.7763671875 0.6197916666666666 0.7607421875 0.6341145833333334 0.7490234375 0.6380208333333334 0.740234375 0.6328125 0.73828125 0.6184895833333334 0.7265625 0.6041666666666666 0.705078125 0.5989583333333334 0.6865234375 0.5872395833333334 0.626953125 0.5729166666666666 0.6171875 0.5520833333333334 0.6083984375 0.5390625 0.61328125 0.5299479166666666 0.615234375 0.4986979166666667 0.6181640625 0.4817708333333333 0.6201171875 0.48046875 0.6181640625 0.4778645833333333 0.609375 0.4765625 0.6083984375 0.46875 0.6181640625 0.4622395833333333 0.62890625 0.4296875 0.6474609375 0.3971354166666667 0.6591796875 0.3828125 0.6767578125 0.37109375 0.6875 0.3684895833333333 0.724609375 0.3697916666666667
0 0.7587890625 0.109375 0.7666015625 0.12239583333333333 0.779296875 0.13151041666666666 0.7939453125 0.13541666666666666 0.806640625 0.14322916666666666 0.8076171875 0.15104166666666666 0.8046875 0.16015625 0.806640625 0.16796875 0.8173828125 0.18229166666666666 0.822265625 0.19270833333333334 0.8369140625 0.20963541666666666 0.84375 0.22916666666666666 0.8603515625 0.2513020833333333 0.859375 0.2591145833333333 0.865234375 0.2734375 0.8662109375 0.2916666666666667 0.8759765625 0.3072916666666667 0.8759765625 0.31640625 0.8720703125 0.328125 0.8564453125 0.3450520833333333 0.8408203125 0.3723958333333333 0.8271484375 0.38671875 0.7939453125 0.40625 0.787109375 0.4036458333333333 0.7724609375 0.3841145833333333 0.765625 0.3802083333333333 0.75 0.3776041666666667 0.7314453125 0.3658854166666667 0.712890625 0.3619791666666667 0.7041015625 0.3567708333333333 0.6767578125 0.3190104166666667 0.666015625 0.2825520833333333 0.6640625 0.2682291666666667 0.6650390625 0.23177083333333334 0.6728515625 0.20963541666666666 0.681640625 0.16276041666666666 0.6875 0.14583333333333334 0.701171875 0.13020833333333334 0.7041015625 0.12239583333333333 0.712890625 0.1171875 0.7294921875 0.12109375 0.7431640625 0.11067708333333333 0.7578125 0.109375
0 0.25 0 0.5224609375 0 0.5185546875 0.022135416666666668 0.51171875 0.041666666666666664 0.4912109375 0.078125 0.47265625 0.10416666666666667 0.451171875 0.12369791666666667 0.4150390625 0.14453125 0.38671875 0.1484375 0.361328125 0.1484375 0.3447265625 0.14322916666666666 0.3173828125 0.12630208333333334 0.2958984375 0.10546875 0.2724609375 0.06901041666666667 0.251953125 0.0078125 0.2470703125 0.00390625 0.25 0.0013020833333333333
0 0.7958984375 0.6705729166666666 0.8095703125 0.6796875 0.8212890625 0.69140625 0.828125 0.7018229166666666 0.841796875 0.73046875 0.8466796875 0.7473958333333334 0.861328125 0.7682291666666666 0.86328125 0.7747395833333334 0.86328125 0.7903645833333334 0.8544921875 0.8385416666666666 0.841796875 0.8658854166666666 0.8291015625 0.8841145833333334 0.8173828125 0.89453125 0.80078125 0.9036458333333334 0.7861328125 0.90625 0.765625 0.9049479166666666 0.7587890625 0.8984375 0.7587890625 0.8932291666666666 0.7646484375 0.8802083333333334 0.765625 0.8671875 0.7744140625 0.8333333333333334 0.775390625 0.81640625 0.7783203125 0.8046875 0.7783203125 0.7552083333333334 0.7822265625 0.7473958333333334 0.77734375 0.7265625 0.7763671875 0.7096354166666666 0.7666015625 0.6705729166666666 0.7685546875 0.66796875 0.787109375 0.66796875 0.794921875 0.6705729166666666
0 0.55859375 0.5794270833333334 0.5673828125 0.5833333333333334 0.6015625 0.5807291666666666 0.65234375 0.5833333333333334 0.677734375 0.5911458333333334 0.70703125 0.60546875 0.716796875 0.61328125 0.7294921875 0.6158854166666666 0.73046875 0.6236979166666666 0.728515625 0.6315104166666666 0.755859375 0.6627604166666666 0.7626953125 0.67578125 0.7705078125 0.7044270833333334 0.7763671875 0.7395833333333334 0.7763671875 0.7955729166666666 0.7705078125 0.83984375 0.7548828125 0.8958333333333334 0.736328125 0.9283854166666666 0.703125 0.9674479166666666 0.6943359375 0.9739583333333334 0.673828125 0.98046875 0.6591796875 0.9895833333333334 0.6513671875 0.9921875 0.642578125 0.9895833333333334 0.6416015625 0.9908854166666666 0.6455078125 0.9934895833333334 0.6435546875 0.9947916666666666 0.615234375 0.9947916666666666 0.6064453125 0.9934895833333334 0.6064453125 0.9895833333333334 0.6015625 0.9895833333333334 0.6005859375 0.9908854166666666 0.603515625 0.9934895833333334 0.6005859375 0.9947916666666666 0.5791015625 0.9934895833333334 0.5576171875 0.9544270833333334 0.5498046875 0.9518229166666666 0.546875 0.9466145833333334 0.5302734375 0.9388020833333334 0.51953125 0.92578125 0.498046875 0.90625 0.482421875 0.8736979166666666 0.47265625 0.8580729166666666 0.46484375 0.8346354166666666 0.4609375 0.7916666666666666 0.482421875 0.7369791666666666 0.48828125 0.7057291666666666 0.4873046875 0.66796875 0.4912109375 0.6627604166666666 0.49609375 0.6614583333333334 0.5 0.6549479166666666 0.5009765625 0.6471354166666666 0.505859375 0.6380208333333334 0.505859375 0.625 0.515625 0.609375 0.5263671875 0.5989583333333334 0.5576171875 0.5794270833333334
0 0.4873046875 0.203125 0.5126953125 0.21223958333333334 0.5322265625 0.22395833333333334 0.54296875 0.234375 0.564453125 0.2630208333333333 0.5791015625 0.2955729166666667 0.5830078125 0.3268229166666667 0.5830078125 0.3580729166666667 0.5810546875 0.3736979166666667 0.57421875 0.3984375 0.560546875 0.42578125 0.537109375 0.45703125 0.51171875 0.4739583333333333 0.486328125 0.4817708333333333 0.4658203125 0.48046875 0.4521484375 0.4635416666666667 0.4345703125 0.46484375 0.4228515625 0.4622395833333333 0.3916015625 0.4348958333333333 0.3759765625 0.4049479166666667 0.3671875 0.3776041666666667 0.36328125 0.3580729166666667 0.36328125 0.3268229166666667 0.3681640625 0.296875 0.375 0.2747395833333333 0.3837890625 0.2604166666666667 0.3837890625 0.2513020833333333 0.3876953125 0.24479166666666666 0.4072265625 0.23307291666666666 0.4267578125 0.21484375 0.44140625 0.20572916666666666 0.4521484375 0.203125 0.486328125 0.203125
0 0.4345703125 0.87109375 0.4521484375 0.8776041666666666 0.46875 0.8893229166666666 0.482421875 0.90625 0.494140625 0.9270833333333334 0.5087890625 0.9283854166666666 0.517578125 0.94140625 0.5244140625 0.9440104166666666 0.533203125 0.9518229166666666 0.5517578125 0.9596354166666666 0.5673828125 0.984375 0.5712890625 0.9934895833333334 0.5703125 0.9986979166666666 0.306640625 0.9986979166666666 0.306640625 0.9921875 0.3251953125 0.9557291666666666 0.33984375 0.9322916666666666 0.3681640625 0.8971354166666666 0.4013671875 0.875 0.4169921875 0.87109375 0.43359375 0.87109375
0 0.6005859375 0.040364583333333336 0.623046875 0.046875 0.6494140625 0.06510416666666667 0.6748046875 0.08854166666666667 0.6796875 0.10807291666666667 0.681640625 0.15104166666666666 0.671875 0.203125 0.666015625 0.21744791666666666 0.658203125 0.22916666666666666 0.6474609375 0.23958333333333334 0.6259765625 0.2513020833333333 0.591796875 0.2565104166666667 0.5693359375 0.2552083333333333 0.5634765625 0.2526041666666667 0.5380859375 0.22135416666666666 0.515625 0.20703125 0.51171875 0.19791666666666666 0.509765625 0.17057291666666666 0.5146484375 0.13541666666666666 0.53125 0.09895833333333333 0.54296875 0.08072916666666667 0.5703125 0.048177083333333336 0.587890625 0.0390625 0.599609375 0.040364583333333336