0 0.896484375 0.23958333333333334 0.9033203125 0.2421875 0.9091796875 0.25390625 0.9267578125 0.2669270833333333 0.94140625 0.2890625 0.9482421875 0.3151041666666667 0.9482421875 0.3723958333333333 0.9365234375 0.3971354166666667 0.9248046875 0.4114583333333333 0.904296875 0.4166666666666667 0.8828125 0.4322916666666667 0.861328125 0.4427083333333333 0.8486328125 0.4440104166666667 0.8115234375 0.4348958333333333 0.787109375 0.41015625 0.7783203125 0.38671875 0.7763671875 0.3684895833333333 0.77734375 0.34765625 0.7685546875 0.3424479166666667 0.7666015625 0.3372395833333333 0.767578125 0.33203125 0.7763671875 0.3203125 0.7919921875 0.2799479166666667 0.806640625 0.2643229166666667 0.8330078125 0.24739583333333334 0.857421875 0.24609375 0.873046875 0.2421875 0.8779296875 0.23828125 0.8955078125 0.23958333333333334
0 0.4501953125 0.6783854166666666 0.46875 0.6822916666666666 0.4833984375 0.6888020833333334 0.4951171875 0.6979166666666666 0.5029296875 0.7083333333333334 0.5146484375 0.7278645833333334 0.521484375 0.7447916666666666 0.5283203125 0.76953125 0.5302734375 0.7903645833333334 0.5283203125 0.8229166666666666 0.5234375 0.84375 0.515625 0.8684895833333334 0.501953125 0.89453125 0.482421875 0.9153645833333334 0.451171875 0.9283854166666666 0.44140625 0.9348958333333334 0.4228515625 0.93359375 0.412109375 0.92578125 0.3955078125 0.9192708333333334 0.3896484375 0.9153645833333334 0.375 0.8958333333333334 0.3671875 0.8815104166666666 0.3583984375 0.8515625 0.3564453125 0.8385416666666666 0.3564453125 0.8111979166666666 0.3603515625 0.7760416666666666 0.3662109375 0.7513020833333334 0.37109375 0.73828125 0.388671875 0.70703125 0.3974609375 0.6953125 0.4169921875 0.6809895833333334 0.4228515625 0.6783854166666666 0.44921875 0.6783854166666666
0 0.77734375 0.4166666666666667 0.796875 0.4322916666666667 0.8251953125 0.4674479166666667 0.8388671875 0.4895833333333333 0.84765625 0.5104166666666666 0.859375 0.5520833333333334 0.873046875 0.5625 0.875 0.56640625 0.875 0.5950520833333334 0.8798828125 0.6067708333333334 0.8798828125 0.6145833333333334 0.8701171875 0.6236979166666666 0.869140625 0.63671875 0.8603515625 0.6497395833333334 0.859375 0.6536458333333334 0.8623046875 0.6653645833333334 0.86328125 0.6848958333333334 0.8623046875 0.6888020833333334 0.8564453125 0.6927083333333334 0.8486328125 0.69140625 0.8466796875 0.6744791666666666 0.8447265625 0.671875 0.8359375 0.671875 0.8232421875 0.6861979166666666 0.810546875 0.69140625 0.78515625 0.6901041666666666 0.76171875 0.68359375 0.744140625 0.6744791666666666 0.73046875 0.671875 0.71484375 0.6614583333333334 0.6943359375 0.625 0.6806640625 0.6067708333333334 0.6611328125 0.5950520833333334 0.6572265625 0.58984375 0.6552734375 0.58203125 0.6572265625 0.5130208333333334 0.6630859375 0.4921875 0.6767578125 0.4661458333333333 0.681640625 0.4505208333333333 0.708984375 0.42578125 0.73046875 0.4153645833333333 0.7705078125 0.4140625 0.7763671875 0.4166666666666667
0 0.9375 0.4192708333333333 0.966796875 0.4270833333333333 0.9990234375 0.4713541666666667 0.9990234375 0.57421875 0.9833984375 0.5911458333333334 0.9619140625 0.6067708333333334 0.927734375 0.6197916666666666 0.9111328125 0.6197916666666666 0.90234375 0.6171875 0.892578125 0.6119791666666666 0.8837890625 0.6015625 0.880859375 0.5924479166666666 0.880859375 0.5651041666666666 0.87890625 0.5611979166666666 0.87109375 0.5559895833333334 0.859375 0.5364583333333334 0.8544921875 0.51953125 0.8525390625 0.4921875 0.8583984375 0.4713541666666667 0.8642578125 0.4609375 0.89453125 0.4309895833333333 0.9140625 0.4192708333333333 0.9365234375 0.4192708333333333
0 0.6533203125 0.6041666666666666 0.6826171875 0.6223958333333334 0.7001953125 0.64453125 0.7060546875 0.6575520833333334 0.712890625 0.6666666666666666 0.73046875 0.6809895833333334 0.734375 0.6940104166666666 0.732421875 0.7018229166666666 0.7265625 0.70703125 0.71875 0.7096354166666666 0.71484375 0.7161458333333334 0.7177734375 0.734375 0.716796875 0.7552083333333334 0.712890625 0.7760416666666666 0.7060546875 0.7916666666666666 0.6982421875 0.8033854166666666 0.6806640625 0.8203125 0.6611328125 0.8294270833333334 0.6484375 0.8294270833333334 0.6337890625 0.82421875 0.625 0.8151041666666666 0.61328125 0.80859375 0.5859375 0.7825520833333334 0.5703125 0.7604166666666666 0.5673828125 0.7526041666666666 0.5634765625 0.7252604166666666 0.5634765625 0.7005208333333334 0.572265625 0.6822916666666666 0.5771484375 0.6549479166666666 0.58984375 0.6328125 0.6103515625 0.6145833333333334 0.6416015625 0.6041666666666666 0.65234375 0.6041666666666666
0 0.359375 0.4713541666666667 0.3828125 0.4778645833333333 0.404296875 0.48046875 0.4267578125 0.4934895833333333 0.447265625 0.51171875 0.45703125 0.5299479166666666 0.4638671875 0.5494791666666666 0.462890625 0.58203125 0.458984375 0.609375 0.447265625 0.640625 0.421875 0.66796875 0.4072265625 0.6783854166666666 0.396484375 0.6848958333333334 0.3642578125 0.6953125 0.3369140625 0.6940104166666666 0.3193359375 0.6901041666666666 0.30078125 0.6822916666666666 0.2890625 0.6731770833333334 0.2841796875 0.6744791666666666 0.2744140625 0.6705729166666666 0.26953125 0.6653645833333334 0.2578125 0.6666666666666666 0.2587890625 0.66015625 0.2646484375 0.6536458333333334 0.26953125 0.6328125 0.2744140625 0.6015625 0.2763671875 0.546875 0.283203125 0.5299479166666666 0.3154296875 0.4895833333333333 0.33203125 0.4817708333333333 0.33984375 0.47265625 0.3583984375 0.4713541666666667
0 0.345703125 0.23307291666666666 0.3720703125 0.24739583333333334 0.380859375 0.2578125 0.3896484375 0.2734375 0.3955078125 0.2994791666666667 0.4072265625 0.3268229166666667 0.408203125 0.3671875 0.4013671875 0.390625 0.375 0.4283854166666667 0.35546875 0.44140625 0.34375 0.4440104166666667 0.3232421875 0.4401041666666667 0.30859375 0.43359375 0.2900390625 0.421875 0.2685546875 0.4036458333333333 0.2578125 0.3880208333333333 0.25 0.3697916666666667 0.2470703125 0.3567708333333333 0.2470703125 0.3411458333333333 0.25 0.3177083333333333 0.2568359375 0.2955729166666667 0.2802734375 0.2604166666666667 0.2958984375 0.24869791666666666 0.322265625 0.234375 0.3447265625 0.23307291666666666
0 0.7763671875 0.0625 0.7998046875 0.07942708333333333 0.8115234375 0.09505208333333333 0.8232421875 0.13932291666666666 0.82421875 0.18619791666666666 0.810546875 0.20833333333333334 0.7958984375 0.22526041666666666 0.7734375 0.24088541666666666 0.7646484375 0.24348958333333334 0.7578125 0.2421875 0.751953125 0.2265625 0.7421875 0.21354166666666666 0.705078125 0.20572916666666666 0.6943359375 0.20052083333333334 0.6865234375 0.18489583333333334 0.6845703125 0.15494791666666666 0.6923828125 0.11458333333333333 0.701171875 0.09765625 0.7373046875 0.06901041666666667 0.75 0.06380208333333333 0.775390625 0.0625
0 0.560546875 0.28125 0.5869140625 0.2890625 0.595703125 0.2942708333333333 0.6103515625 0.30859375 0.619140625 0.3072916666666667 0.623046875 0.3111979166666667 0.623046875 0.3138020833333333 0.640625 0.3385416666666667 0.642578125 0.3541666666666667 0.654296875 0.3854166666666667 0.6591796875 0.4140625 0.66015625 0.44140625 0.6572265625 0.4635416666666667 0.6484375 0.4895833333333333 0.640625 0.5 0.62890625 0.5286458333333334 0.6083984375 0.5455729166666666 0.5791015625 0.5533854166666666 0.556640625 0.5533854166666666 0.5390625 0.5481770833333334 0.51953125 0.53515625 0.5 0.5182291666666666 0.490234375 0.5065104166666666 0.4755859375 0.4869791666666667 0.4736328125 0.4518229166666667 0.4658203125 0.4309895833333333 0.4599609375 0.4036458333333333 0.4619140625 0.390625 0.462890625 0.3489583333333333 0.46484375 0.3450520833333333 0.46875 0.34375 0.490234375 0.3138020833333333 0.51171875 0.2903645833333333 0.521484375 0.2890625 0.5390625 0.28125 0.5595703125 0.28125
0 0.5908203125 0 0.6162109375 0 0.62109375 0.014322916666666666 0.625 0.0390625 0.6240234375 0.07291666666666667 0.615234375 0.09895833333333333 0.6083984375 0.13671875 0.603515625 0.15104166666666666 0.5654296875 0.21875 0.552734375 0.23567708333333334 0.5283203125 0.25390625 0.5166015625 0.2591145833333333 0.49609375 0.2630208333333333 0.47265625 0.2630208333333333 0.455078125 0.2591145833333333 0.443359375 0.2526041666666667 0.4365234375 0.24479166666666666 0.43359375 0.23307291666666666 0.419921875 0.20963541666666666 0.4140625 0.18229166666666666 0.4228515625 0.13411458333333334 0.4306640625 0.11197916666666667 0.4501953125 0.07421875 0.4755859375 0.04296875 0.498046875 0.029947916666666668 0.5078125 0.014322916666666666 0.513671875 0.01171875 0.51953125 0.01171875 0.5380859375 0.01953125 0.546875 0.016927083333333332 0.5751953125 0.016927083333333332 0.583984375 0.01171875 0.5908203125 0.0013020833333333333
0 0.705078125 0.2109375 0.7353515625 0.21614583333333334 0.74609375 0.22265625 0.75 0.23046875 0.751953125 0.25 0.763671875 0.2890625 0.7607421875 0.3411458333333333 0.7578125 0.3502604166666667 0.7392578125 0.3763020833333333 0.7255859375 0.38671875 0.7138671875 0.390625 0.681640625 0.3880208333333333 0.6591796875 0.3776041666666667 0.650390625 0.3645833333333333 0.6474609375 0.35546875 0.6474609375 0.3346354166666667 0.6416015625 0.3307291666666667 0.62890625 0.3125 0.625 0.28515625 0.6259765625 0.2643229166666667 0.62890625 0.2513020833333333 0.6357421875 0.23697916666666666 0.650390625 0.21744791666666666 0.662109375 0.2109375 0.7041015625 0.2109375