0 0.5244140625 0.14453125 0.541015625 0.15104166666666666 0.5546875 0.16666666666666666 0.56640625 0.19270833333333334 0.5673828125 0.22005208333333334 0.56640625 0.22395833333333334 0.5556640625 0.23567708333333334 0.55078125 0.2513020833333333 0.541015625 0.2682291666666667 0.529296875 0.30859375 0.50390625 0.32421875 0.486328125 0.3203125 0.46484375 0.2994791666666667 0.4521484375 0.24869791666666666 0.4521484375 0.19140625 0.45703125 0.18098958333333334 0.4658203125 0.17578125 0.4765625 0.17447916666666666 0.5029296875 0.14973958333333334 0.5234375 0.14453125
0 0.72265625 0 0.8037109375 0 0.8037109375 0.029947916666666668 0.8017578125 0.04296875 0.7998046875 0.049479166666666664 0.791015625 0.0625 0.7890625 0.07421875 0.7666015625 0.09505208333333333 0.7431640625 0.109375 0.732421875 0.109375 0.728515625 0.10677083333333333 0.7275390625 0.052083333333333336 0.7236328125 0.041666666666666664 0.7119140625 0.0234375 0.712890625 0.01171875 0.72265625 0.0013020833333333333
0 0.615234375 0.4388020833333333 0.623046875 0.4427083333333333 0.6396484375 0.4440104166666667 0.654296875 0.4375 0.6787109375 0.4440104166666667 0.6845703125 0.4479166666666667 0.70703125 0.4856770833333333 0.7158203125 0.5104166666666666 0.72265625 0.5442708333333334 0.72265625 0.5625 0.7197265625 0.5807291666666666 0.7109375 0.6067708333333334 0.7041015625 0.6197916666666666 0.685546875 0.6432291666666666 0.662109375 0.6653645833333334 0.6494140625 0.671875 0.6298828125 0.6770833333333334 0.6015625 0.67578125 0.583984375 0.6692708333333334 0.578125 0.6692708333333334 0.572265625 0.6744791666666666 0.560546875 0.6744791666666666 0.5546875 0.6614583333333334 0.5546875 0.6510416666666666 0.55859375 0.6354166666666666 0.5498046875 0.62109375 0.54296875 0.6041666666666666 0.533203125 0.56640625 0.5400390625 0.5325520833333334 0.5390625 0.5013020833333334 0.5458984375 0.4869791666666667 0.5732421875 0.4544270833333333 0.5810546875 0.4479166666666667 0.603515625 0.4388020833333333 0.6142578125 0.4388020833333333
0 0.4111328125 0.22005208333333334 0.435546875 0.23697916666666666 0.443359375 0.24739583333333334 0.45703125 0.2760416666666667 0.4619140625 0.3020833333333333 0.4619140625 0.3255208333333333 0.4580078125 0.359375 0.451171875 0.3723958333333333 0.4287109375 0.38671875 0.4111328125 0.41015625 0.40625 0.4127604166666667 0.3828125 0.4127604166666667 0.3798828125 0.4153645833333333 0.375 0.4140625 0.353515625 0.3841145833333333 0.328125 0.359375 0.3193359375 0.35546875 0.3193359375 0.3463541666666667 0.31640625 0.3359375 0.3154296875 0.2955729166666667 0.32421875 0.2734375 0.330078125 0.265625 0.3330078125 0.25390625 0.349609375 0.22916666666666666 0.37890625 0.21614583333333334 0.4033203125 0.21614583333333334 0.41015625 0.22005208333333334
0 0.50390625 0.62109375 0.5234375 0.6328125 0.5419921875 0.66015625 0.5498046875 0.6640625 0.5537109375 0.6705729166666666 0.5537109375 0.6809895833333334 0.548828125 0.69140625 0.55078125 0.7265625 0.5478515625 0.7447916666666666 0.5390625 0.7669270833333334 0.529296875 0.7825520833333334 0.5185546875 0.7942708333333334 0.505859375 0.80078125 0.4912109375 0.7994791666666666 0.4609375 0.7864583333333334 0.44140625 0.7591145833333334 0.439453125 0.7526041666666666 0.4296875 0.7408854166666666 0.42578125 0.7109375 0.4267578125 0.7018229166666666 0.4296875 0.6966145833333334 0.43359375 0.6627604166666666 0.439453125 0.6497395833333334 0.447265625 0.6393229166666666 0.4580078125 0.62890625 0.4794921875 0.6171875 0.4921875 0.6171875 0.5029296875 0.62109375
0 0.322265625 0.36328125 0.3349609375 0.37109375 0.353515625 0.3893229166666667 0.3701171875 0.4166666666666667 0.37890625 0.4518229166666667 0.380859375 0.4765625 0.3876953125 0.48828125 0.3974609375 0.4973958333333333 0.3984375 0.51171875 0.3955078125 0.5182291666666666 0.3759765625 0.5299479166666666 0.361328125 0.5325520833333334 0.3447265625 0.54296875 0.310546875 0.546875 0.2998046875 0.5546875 0.2861328125 0.5533854166666666 0.271484375 0.546875 0.2578125 0.5364583333333334 0.2470703125 0.5221354166666666 0.2373046875 0.4934895833333333 0.232421875 0.4713541666666667 0.21875 0.4375 0.2158203125 0.4244791666666667 0.2158203125 0.4127604166666667 0.2265625 0.3880208333333333 0.244140625 0.3776041666666667 0.2666015625 0.3828125 0.2978515625 0.3645833333333333 0.3115234375 0.3619791666666667 0.3212890625 0.36328125
0 0.6416015625 0.20572916666666666 0.6533203125 0.2109375 0.677734375 0.23697916666666666 0.6923828125 0.23958333333333334 0.701171875 0.2552083333333333 0.7109375 0.2838541666666667 0.7138671875 0.3046875 0.71484375 0.3177083333333333 0.7119140625 0.3515625 0.6982421875 0.3919270833333333 0.6904296875 0.4049479166666667 0.669921875 0.4296875 0.6650390625 0.4322916666666667 0.63671875 0.4296875 0.6279296875 0.43359375 0.6015625 0.4309895833333333 0.5966796875 0.4348958333333333 0.587890625 0.4361979166666667 0.5810546875 0.4348958333333333 0.564453125 0.4205729166666667 0.5478515625 0.3971354166666667 0.541015625 0.3828125 0.5341796875 0.3541666666666667 0.533203125 0.3203125 0.5361328125 0.2916666666666667 0.5458984375 0.2643229166666667 0.560546875 0.23958333333333334 0.5732421875 0.23828125 0.5927734375 0.21354166666666666 0.6005859375 0.20833333333333334 0.640625 0.20572916666666666
0 0.37890625 0.0859375 0.390625 0.09114583333333333 0.40234375 0.10546875 0.4130859375 0.11197916666666667 0.4169921875 0.1171875 0.4296875 0.16015625 0.4306640625 0.17578125 0.427734375 0.19921875 0.4228515625 0.20963541666666666 0.4150390625 0.21614583333333334 0.392578125 0.21223958333333334 0.3740234375 0.21354166666666666 0.3388671875 0.23046875 0.333984375 0.23046875 0.328125 0.2265625 0.3134765625 0.19791666666666666 0.3095703125 0.1796875 0.3095703125 0.16145833333333334 0.3115234375 0.15364583333333334 0.326171875 0.1171875 0.33984375 0.09635416666666667 0.359375 0.0859375 0.3779296875 0.0859375
0 0.6826171875 0 0.6875 0.010416666666666666 0.6943359375 0.01171875 0.7080078125 0.022135416666666668 0.724609375 0.048177083333333336 0.7265625 0.078125 0.72265625 0.1171875 0.7109375 0.14322916666666666 0.6845703125 0.17057291666666666 0.677734375 0.18359375 0.6396484375 0.19921875 0.6220703125 0.19921875 0.6123046875 0.19270833333333334 0.5732421875 0.1875 0.5673828125 0.18229166666666666 0.5498046875 0.15104166666666666 0.5419921875 0.12890625 0.5400390625 0.11979166666666667 0.5419921875 0.09114583333333333 0.552734375 0.06510416666666667 0.5693359375 0.041666666666666664 0.5869140625 0.0234375 0.6103515625 0.006510416666666667 0.6220703125 0 0.681640625 0
0 0.490234375 0.3736979166666667 0.5107421875 0.3880208333333333 0.5234375 0.40234375 0.5390625 0.4153645833333333 0.541015625 0.421875 0.5400390625 0.4557291666666667 0.5458984375 0.4622395833333333 0.546875 0.4713541666666667 0.5439453125 0.4830729166666667 0.5341796875 0.5026041666666666 0.53125 0.5169270833333334 0.5302734375 0.5403645833333334 0.525390625 0.5625 0.5224609375 0.5638020833333334 0.515625 0.55859375 0.5107421875 0.55859375 0.498046875 0.5677083333333334 0.4833984375 0.5729166666666666 0.4541015625 0.5703125 0.4443359375 0.5651041666666666 0.4248046875 0.546875 0.4150390625 0.5338541666666666 0.4033203125 0.50390625 0.400390625 0.4674479166666667 0.40234375 0.4466145833333333 0.4111328125 0.4192708333333333 0.4296875 0.390625 0.4423828125 0.3815104166666667 0.4599609375 0.3736979166666667 0.4892578125 0.3736979166666667
0 0.44921875 0 0.4521484375 0.0026041666666666665 0.4619140625 0.0026041666666666665 0.466796875 0.015625 0.4833984375 0.018229166666666668 0.5029296875 0.016927083333333332 0.5166015625 0.0234375 0.5263671875 0.03515625 0.541015625 0.06510416666666667 0.5361328125 0.13020833333333334 0.5341796875 0.13541666666666666 0.529296875 0.140625 0.5068359375 0.14453125 0.49609375 0.15104166666666666 0.4794921875 0.16796875 0.4609375 0.17317708333333334 0.4462890625 0.171875 0.43359375 0.15755208333333334 0.4267578125 0.140625 0.419921875 0.11458333333333333 0.421875 0.08723958333333333 0.4345703125 0.0625 0.4306640625 0.049479166666666664 0.4404296875 0.0390625 0.4423828125 0.032552083333333336 0.443359375 0.022135416666666668 0.44140625 0.00390625 0.4482421875 0
0 0.35546875 0.5520833333333334 0.3759765625 0.5651041666666666 0.384765625 0.5768229166666666 0.3935546875 0.59765625 0.396484375 0.6106770833333334 0.396484375 0.6328125 0.39453125 0.65234375 0.3916015625 0.6614583333333334 0.392578125 0.67578125 0.3837890625 0.6966145833333334 0.3701171875 0.71484375 0.35546875 0.7265625 0.3349609375 0.734375 0.3193359375 0.734375 0.30078125 0.7291666666666666 0.2890625 0.7213541666666666 0.275390625 0.7044270833333334 0.267578125 0.69140625 0.26171875 0.67578125 0.26171875 0.6302083333333334 0.271484375 0.6002604166666666 0.2822265625 0.578125 0.298828125 0.5598958333333334 0.310546875 0.5520833333333334 0.3251953125 0.5481770833333334 0.3486328125 0.5494791666666666 0.3544921875 0.5520833333333334