0 0.8177083333333334 0.19401041666666666 0.8489583333333334 0.20572916666666666 0.859375 0.20182291666666666 0.8784722222222222 0.203125 0.9131944444444444 0.1953125 0.9166666666666666 0.203125 0.9270833333333334 0.20963541666666666 0.9600694444444444 0.2109375 0.9670138888888888 0.21875 0.9791666666666666 0.21484375 0.984375 0.21484375 0.9861111111111112 0.21744791666666666 0.984375 0.234375 0.96875 0.2604166666666667 0.9375 0.2890625 0.9288194444444444 0.2903645833333333 0.9184027777777778 0.296875 0.9079861111111112 0.3255208333333333 0.9010416666666666 0.3346354166666667 0.8940972222222222 0.33984375 0.8802083333333334 0.3450520833333333 0.8715277777777778 0.3528645833333333 0.8576388888888888 0.3606770833333333 0.8454861111111112 0.3645833333333333 0.8194444444444444 0.3684895833333333 0.7621527777777778 0.36328125 0.7291666666666666 0.3528645833333333 0.7152777777777778 0.3450520833333333 0.7048611111111112 0.3294270833333333 0.6944444444444444 0.3190104166666667 0.6753472222222222 0.3072916666666667 0.6545138888888888 0.2994791666666667 0.6510416666666666 0.2942708333333333 0.6527777777777778 0.2877604166666667 0.6614583333333334 0.2799479166666667 0.6736111111111112 0.2630208333333333 0.6822916666666666 0.24609375 0.6875 0.2265625 0.6909722222222222 0.22005208333333334 0.6979166666666666 0.21484375 0.7118055555555556 0.20963541666666666 0.7274305555555556 0.19921875 0.7482638888888888 0.19270833333333334 0.8020833333333334 0.19140625 0.8159722222222222 0.19401041666666666
0 0.7465277777777778 0.3932291666666667 0.7534722222222222 0.3984375 0.7951388888888888 0.3958333333333333 0.8072916666666666 0.40234375 0.8263888888888888 0.4088541666666667 0.8368055555555556 0.4166666666666667 0.84375 0.4270833333333333 0.8559027777777778 0.4348958333333333 0.8576388888888888 0.4427083333333333 0.8645833333333334 0.453125 0.8645833333333334 0.4791666666666667 0.8576388888888888 0.5078125 0.8576388888888888 0.5234375 0.84375 0.5364583333333334 0.8385416666666666 0.5403645833333334 0.8142361111111112 0.5481770833333334 0.796875 0.5611979166666666 0.7743055555555556 0.5716145833333334 0.7413194444444444 0.57421875 0.7118055555555556 0.57421875 0.6961805555555556 0.56640625 0.6875 0.56640625 0.6788194444444444 0.5638020833333334 0.6631944444444444 0.5533854166666666 0.6493055555555556 0.5377604166666666 0.640625 0.5221354166666666 0.6336805555555556 0.50390625 0.6319444444444444 0.484375 0.6440972222222222 0.45703125 0.6666666666666666 0.4348958333333333 0.6944444444444444 0.4140625 0.7204861111111112 0.40625 0.7447916666666666 0.3932291666666667
0 0.7552083333333334 0.578125 0.7743055555555556 0.5794270833333334 0.7881944444444444 0.5833333333333334 0.8020833333333334 0.5950520833333334 0.8177083333333334 0.6015625 0.8385416666666666 0.625 0.8506944444444444 0.6432291666666666 0.8506944444444444 0.6471354166666666 0.84375 0.6536458333333334 0.8350694444444444 0.66796875 0.8368055555555556 0.6705729166666666 0.8298611111111112 0.6953125 0.8177083333333334 0.7135416666666666 0.7986111111111112 0.7278645833333334 0.7881944444444444 0.734375 0.7725694444444444 0.73828125 0.734375 0.7552083333333334 0.7048611111111112 0.7604166666666666 0.6545138888888888 0.7591145833333334 0.6458333333333334 0.7630208333333334 0.6319444444444444 0.7630208333333334 0.6267361111111112 0.7604166666666666 0.6180555555555556 0.7486979166666666 0.6180555555555556 0.7408854166666666 0.6215277777777778 0.7330729166666666 0.6128472222222222 0.7161458333333334 0.609375 0.6861979166666666 0.6041666666666666 0.6783854166666666 0.6128472222222222 0.6770833333333334 0.6163194444444444 0.6744791666666666 0.6197916666666666 0.6705729166666666 0.6215277777777778 0.66015625 0.6319444444444444 0.6497395833333334 0.6371527777777778 0.6471354166666666 0.6545138888888888 0.6497395833333334 0.6701388888888888 0.640625 0.6822916666666666 0.6223958333333334 0.6770833333333334 0.6158854166666666 0.6649305555555556 0.609375 0.6649305555555556 0.6002604166666666 0.6701388888888888 0.59375 0.6875 0.5885416666666666 0.6961805555555556 0.5833333333333334 0.7118055555555556 0.5833333333333334 0.7326388888888888 0.5794270833333334 0.7534722222222222 0.578125
0 0.5434027777777778 0.71484375 0.5850694444444444 0.73046875 0.5989583333333334 0.7408854166666666 0.6128472222222222 0.7578125 0.625 0.7669270833333334 0.6371527777777778 0.7708333333333334 0.6423611111111112 0.7747395833333334 0.6440972222222222 0.7825520833333334 0.6267361111111112 0.7994791666666666 0.6163194444444444 0.8216145833333334 0.5989583333333334 0.8424479166666666 0.5815972222222222 0.8541666666666666 0.5642361111111112 0.8606770833333334 0.5503472222222222 0.8697916666666666 0.53125 0.8736979166666666 0.515625 0.8736979166666666 0.5086805555555556 0.8671875 0.5069444444444444 0.859375 0.4774305555555556 0.8450520833333334 0.4670138888888889 0.8307291666666666 0.4392361111111111 0.8111979166666666 0.4340277777777778 0.8020833333333334 0.4340277777777778 0.78125 0.4427083333333333 0.765625 0.46875 0.7421875 0.5138888888888888 0.71875 0.5295138888888888 0.71484375 0.5416666666666666 0.71484375
0 0.3298611111111111 0.4765625 0.3506944444444444 0.4830729166666667 0.3923611111111111 0.51171875 0.4079861111111111 0.5377604166666666 0.4114583333333333 0.57421875 0.4027777777777778 0.59765625 0.3958333333333333 0.6080729166666666 0.3663194444444444 0.6354166666666666 0.3576388888888889 0.640625 0.3298611111111111 0.6510416666666666 0.2881944444444444 0.6575520833333334 0.2586805555555556 0.6549479166666666 0.21354166666666666 0.6419270833333334 0.18055555555555555 0.6171875 0.171875 0.6015625 0.16666666666666666 0.58203125 0.1579861111111111 0.5651041666666666 0.1597222222222222 0.5520833333333334 0.1579861111111111 0.5416666666666666 0.1701388888888889 0.5260416666666666 0.18055555555555555 0.5169270833333334 0.1892361111111111 0.50390625 0.19791666666666666 0.4973958333333333 0.2309027777777778 0.4908854166666667 0.2517361111111111 0.48046875 0.2725694444444444 0.4752604166666667 0.3177083333333333 0.4739583333333333 0.328125 0.4765625
0 0.4201388888888889 0.19270833333333334 0.4513888888888889 0.19791666666666666 0.4913194444444444 0.22395833333333334 0.5 0.23697916666666666 0.5052083333333334 0.2552083333333333 0.5034722222222222 0.2838541666666667 0.4913194444444444 0.30859375 0.4809027777777778 0.3177083333333333 0.453125 0.33203125 0.4375 0.3372395833333333 0.3940972222222222 0.33984375 0.3836805555555556 0.3424479166666667 0.3680555555555556 0.3411458333333333 0.3524305555555556 0.3346354166666667 0.3420138888888889 0.3294270833333333 0.3177083333333333 0.3098958333333333 0.3072916666666667 0.2903645833333333 0.3055555555555556 0.2604166666666667 0.3090277777777778 0.2513020833333333 0.3246527777777778 0.23046875 0.3541666666666667 0.20703125 0.3836805555555556 0.1953125 0.3993055555555556 0.19270833333333334 0.4184027777777778 0.19270833333333334
0 0.4496527777777778 0.3411458333333333 0.4652777777777778 0.34375 0.5052083333333334 0.3606770833333333 0.5329861111111112 0.3815104166666667 0.5538194444444444 0.4153645833333333 0.5555555555555556 0.44921875 0.5503472222222222 0.4635416666666667 0.5434027777777778 0.47265625 0.5295138888888888 0.4869791666666667 0.5086805555555556 0.5013020833333334 0.4982638888888889 0.5065104166666666 0.4618055555555556 0.5169270833333334 0.4288194444444444 0.51953125 0.4184027777777778 0.52734375 0.4149305555555556 0.52734375 0.4079861111111111 0.5221354166666666 0.4010416666666667 0.51171875 0.3888888888888889 0.5013020833333334 0.3697916666666667 0.4921875 0.3472222222222222 0.4739583333333333 0.3350694444444444 0.4700520833333333 0.3211805555555556 0.4622395833333333 0.3194444444444444 0.4557291666666667 0.3229166666666667 0.4518229166666667 0.3229166666666667 0.4453125 0.3177083333333333 0.4309895833333333 0.3177083333333333 0.40625 0.3194444444444444 0.3997395833333333 0.3333333333333333 0.37890625 0.3576388888888889 0.3606770833333333 0.4010416666666667 0.3450520833333333 0.4479166666666667 0.3411458333333333
0 0.5711805555555556 0.5104166666666666 0.6041666666666666 0.5234375 0.6284722222222222 0.5403645833333334 0.6423611111111112 0.5625 0.6440972222222222 0.5690104166666666 0.6423611111111112 0.5794270833333334 0.6440972222222222 0.5807291666666666 0.6597222222222222 0.5794270833333334 0.6649305555555556 0.58203125 0.6649305555555556 0.5911458333333334 0.6579861111111112 0.6015625 0.6579861111111112 0.609375 0.6753472222222222 0.6223958333333334 0.6684027777777778 0.6341145833333334 0.6614583333333334 0.640625 0.6527777777777778 0.6432291666666666 0.6336805555555556 0.6419270833333334 0.6215277777777778 0.6510416666666666 0.6111111111111112 0.6666666666666666 0.6059027777777778 0.66796875 0.5989583333333334 0.67578125 0.5902777777777778 0.6770833333333334 0.5868055555555556 0.67578125 0.5260416666666666 0.6770833333333334 0.5017361111111112 0.6731770833333334 0.4826388888888889 0.6666666666666666 0.4704861111111111 0.6575520833333334 0.4618055555555556 0.64453125 0.4513888888888889 0.6393229166666666 0.4409722222222222 0.6302083333333334 0.4305555555555556 0.6184895833333334 0.4270833333333333 0.6106770833333334 0.4270833333333333 0.5872395833333334 0.4322916666666667 0.578125 0.4392361111111111 0.5533854166666666 0.4479166666666667 0.5416666666666666 0.4652777777777778 0.52734375 0.4965277777777778 0.51171875 0.5173611111111112 0.5065104166666666 0.5381944444444444 0.5052083333333334 0.5625 0.5078125 0.5694444444444444 0.5104166666666666
0 0.6354166666666666 0.16927083333333334 0.6493055555555556 0.17447916666666666 0.6684027777777778 0.1875 0.6736111111111112 0.19791666666666666 0.6840277777777778 0.20703125 0.6857638888888888 0.21614583333333334 0.6788194444444444 0.23177083333333334 0.6753472222222222 0.2513020833333333 0.65625 0.27734375 0.6354166666666666 0.2942708333333333 0.6128472222222222 0.30078125 0.5833333333333334 0.3033854166666667 0.5416666666666666 0.2994791666666667 0.5225694444444444 0.2916666666666667 0.5104166666666666 0.2825520833333333 0.5069444444444444 0.2421875 0.4913194444444444 0.21744791666666666 0.4913194444444444 0.21354166666666666 0.5069444444444444 0.19140625 0.5260416666666666 0.17838541666666666 0.5347222222222222 0.17578125 0.5555555555555556 0.1640625 0.5625 0.15885416666666666 0.5711805555555556 0.14583333333333334 0.5868055555555556 0.140625 0.5920138888888888 0.140625 0.59375 0.14322916666666666 0.5920138888888888 0.16015625 0.5989583333333334 0.16666666666666666 0.6336805555555556 0.16927083333333334
0 0.6527777777777778 0.3046875 0.6753472222222222 0.3125 0.7013888888888888 0.33203125 0.7100694444444444 0.3489583333333333 0.7100694444444444 0.3776041666666667 0.6961805555555556 0.40625 0.671875 0.4244791666666667 0.6527777777777778 0.4361979166666667 0.6267361111111112 0.4466145833333333 0.609375 0.4505208333333333 0.5798611111111112 0.4505208333333333 0.5625 0.4440104166666667 0.5590277777777778 0.4166666666666667 0.5451388888888888 0.390625 0.5277777777777778 0.37109375 0.5277777777777778 0.3658854166666667 0.5503472222222222 0.328125 0.5642361111111112 0.3177083333333333 0.6197916666666666 0.3033854166666667 0.6510416666666666 0.3046875
0 0.3697916666666667 0.6614583333333334 0.3888888888888889 0.6692708333333334 0.4010416666666667 0.6783854166666666 0.4114583333333333 0.6927083333333334 0.4131944444444444 0.7044270833333334 0.421875 0.7161458333333334 0.4288194444444444 0.7317708333333334 0.4322916666666667 0.7682291666666666 0.4288194444444444 0.7747395833333334 0.4079861111111111 0.7864583333333334 0.3854166666666667 0.8033854166666666 0.3819444444444444 0.8138020833333334 0.3680555555555556 0.8151041666666666 0.3402777777777778 0.82421875 0.3125 0.828125 0.2899305555555556 0.828125 0.2673611111111111 0.82421875 0.23958333333333334 0.8098958333333334 0.2222222222222222 0.7955729166666666 0.2152777777777778 0.7877604166666666 0.203125 0.7591145833333334 0.2048611111111111 0.73046875 0.2152777777777778 0.7083333333333334 0.22395833333333334 0.6966145833333334 0.265625 0.6666666666666666 0.2760416666666667 0.6627604166666666 0.3402777777777778 0.6549479166666666 0.3680555555555556 0.6614583333333334