0 0.728515625 0.4309895833333333 0.7626953125 0.4557291666666667 0.7763671875 0.4713541666666667 0.791015625 0.4973958333333333 0.7978515625 0.5403645833333334 0.7958984375 0.5729166666666666 0.7802734375 0.6119791666666666 0.7724609375 0.6223958333333334 0.7607421875 0.6315104166666666 0.7314453125 0.6419270833333334 0.7119140625 0.6419270833333334 0.7001953125 0.6380208333333334 0.6845703125 0.6302083333333334 0.669921875 0.6158854166666666 0.666015625 0.60546875 0.65625 0.5924479166666666 0.6494140625 0.5390625 0.642578125 0.5208333333333334 0.642578125 0.5104166666666666 0.650390625 0.4752604166666667 0.658203125 0.4596354166666667 0.6669921875 0.4479166666666667 0.685546875 0.4348958333333333 0.6962890625 0.4309895833333333 0.7109375 0.4283854166666667 0.7216796875 0.4283854166666667 0.7275390625 0.4309895833333333
0 0.3974609375 0.4895833333333333 0.4072265625 0.4947916666666667 0.4228515625 0.51953125 0.443359375 0.5221354166666666 0.453125 0.5260416666666666 0.486328125 0.5559895833333334 0.4912109375 0.5716145833333334 0.494140625 0.59375 0.494140625 0.6393229166666666 0.4873046875 0.6731770833333334 0.482421875 0.6848958333333334 0.4560546875 0.7252604166666666 0.4306640625 0.7434895833333334 0.419921875 0.7473958333333334 0.396484375 0.7473958333333334 0.3798828125 0.7421875 0.349609375 0.7213541666666666 0.322265625 0.68359375 0.310546875 0.6354166666666666 0.3115234375 0.6106770833333334 0.328125 0.5729166666666666 0.3310546875 0.5598958333333334 0.34375 0.5416666666666666 0.3466796875 0.5260416666666666 0.3583984375 0.5013020833333334 0.3740234375 0.4869791666666667 0.396484375 0.4895833333333333
0 0.5126953125 0.20833333333333334 0.560546875 0.2265625 0.578125 0.2421875 0.5927734375 0.26171875 0.609375 0.296875 0.6171875 0.3268229166666667 0.6201171875 0.3515625 0.6201171875 0.3723958333333333 0.6162109375 0.3958333333333333 0.6064453125 0.42578125 0.59375 0.44921875 0.59375 0.4557291666666667 0.5908203125 0.4622395833333333 0.580078125 0.46875 0.552734375 0.4778645833333333 0.53125 0.4765625 0.5224609375 0.48046875 0.513671875 0.4791666666666667 0.5048828125 0.4856770833333333 0.498046875 0.4947916666666667 0.4921875 0.4973958333333333 0.478515625 0.4934895833333333 0.46484375 0.4934895833333333 0.4453125 0.4661458333333333 0.431640625 0.4739583333333333 0.421875 0.4739583333333333 0.4189453125 0.46875 0.4150390625 0.4401041666666667 0.42578125 0.4283854166666667 0.416015625 0.4010416666666667 0.416015625 0.3294270833333333 0.4208984375 0.3033854166666667 0.4326171875 0.2786458333333333 0.4423828125 0.265625 0.4619140625 0.25 0.4658203125 0.24088541666666666 0.474609375 0.23177083333333334 0.4755859375 0.22265625 0.47265625 0.21614583333333334 0.4736328125 0.20963541666666666 0.4794921875 0.20572916666666666 0.51171875 0.20833333333333334
0 0.455078125 0.06640625 0.470703125 0.07942708333333333 0.484375 0.10026041666666667 0.490234375 0.1171875 0.4921875 0.13932291666666666 0.48828125 0.17708333333333334 0.482421875 0.19791666666666666 0.4677734375 0.2109375 0.4599609375 0.2421875 0.45703125 0.24739583333333334 0.4384765625 0.26171875 0.40234375 0.2565104166666667 0.3759765625 0.24088541666666666 0.37109375 0.234375 0.3583984375 0.20703125 0.353515625 0.13671875 0.365234375 0.08984375 0.37890625 0.07161458333333333 0.3935546875 0.0703125 0.41015625 0.06380208333333333 0.4453125 0.0625 0.4541015625 0.06640625
0 0.681640625 0.6640625 0.685546875 0.6640625 0.6953125 0.6705729166666666 0.703125 0.68359375 0.7138671875 0.6953125 0.72265625 0.7135416666666666 0.73046875 0.7109375 0.7373046875 0.7161458333333334 0.7421875 0.73046875 0.7685546875 0.7565104166666666 0.7763671875 0.7747395833333334 0.77734375 0.79296875 0.78125 0.8046875 0.783203125 0.8203125 0.7822265625 0.8294270833333334 0.77734375 0.8346354166666666 0.7744140625 0.8645833333333334 0.7685546875 0.8880208333333334 0.748046875 0.9192708333333334 0.724609375 0.9401041666666666 0.70703125 0.9453125 0.6533203125 0.9453125 0.6474609375 0.9401041666666666 0.6455078125 0.93359375 0.62890625 0.9192708333333334 0.6083984375 0.8958333333333334 0.5947265625 0.8671875 0.587890625 0.8372395833333334 0.5869140625 0.8177083333333334 0.5888671875 0.8059895833333334 0.5888671875 0.7734375 0.5908203125 0.765625 0.6123046875 0.7317708333333334 0.626953125 0.7161458333333334 0.662109375 0.7018229166666666 0.68359375 0.7005208333333334 0.6845703125 0.6940104166666666 0.681640625 0.6653645833333334
0 0.501953125 0.6940104166666666 0.50390625 0.6966145833333334 0.5185546875 0.69921875 0.5361328125 0.70703125 0.5673828125 0.7330729166666666 0.578125 0.7513020833333334 0.5849609375 0.7760416666666666 0.5849609375 0.80859375 0.5830078125 0.8203125 0.576171875 0.83984375 0.568359375 0.8515625 0.5439453125 0.8776041666666666 0.5400390625 0.8841145833333334 0.537109375 0.9010416666666666 0.533203125 0.9036458333333334 0.5224609375 0.9010416666666666 0.50390625 0.8880208333333334 0.4873046875 0.88671875 0.4697265625 0.8763020833333334 0.4482421875 0.8515625 0.4375 0.83203125 0.4306640625 0.8294270833333334 0.4267578125 0.82421875 0.41796875 0.8059895833333334 0.41796875 0.7981770833333334 0.4365234375 0.7786458333333334 0.439453125 0.7669270833333334 0.44921875 0.7513020833333334 0.4482421875 0.7473958333333334 0.451171875 0.74609375 0.462890625 0.7278645833333334 0.466796875 0.7265625 0.470703125 0.71875 0.5009765625 0.6940104166666666
0 0.5732421875 0.057291666666666664 0.595703125 0.06640625 0.6064453125 0.07552083333333333 0.615234375 0.09895833333333333 0.6240234375 0.11328125 0.6357421875 0.1484375 0.6474609375 0.16927083333333334 0.646484375 0.18098958333333334 0.63671875 0.19661458333333334 0.6201171875 0.203125 0.60546875 0.2265625 0.5849609375 0.2421875 0.5576171875 0.22005208333333334 0.5078125 0.20182291666666666 0.50390625 0.19791666666666666 0.4970703125 0.18098958333333334 0.4951171875 0.16276041666666666 0.4970703125 0.1171875 0.50390625 0.09765625 0.5244140625 0.0703125 0.533203125 0.0625 0.5498046875 0.057291666666666664 0.572265625 0.057291666666666664
0 0.23046875 0.061197916666666664 0.2314453125 0.078125 0.2421875 0.08984375 0.2626953125 0.08333333333333333 0.29296875 0.08203125 0.3134765625 0.08984375 0.3212890625 0.09505208333333333 0.3310546875 0.10677083333333333 0.349609375 0.16145833333333334 0.3525390625 0.1875 0.3505859375 0.23958333333333334 0.3515625 0.26171875 0.353515625 0.2721354166666667 0.361328125 0.2825520833333333 0.36328125 0.2890625 0.3505859375 0.296875 0.337890625 0.2955729166666667 0.302734375 0.2721354166666667 0.2587890625 0.2604166666666667 0.25 0.2630208333333333 0.2373046875 0.28125 0.22265625 0.2825520833333333 0.2119140625 0.2747395833333333 0.201171875 0.2565104166666667 0.1943359375 0.24088541666666666 0.19140625 0.2265625 0.1904296875 0.20442708333333334 0.1923828125 0.18619791666666666 0.2041015625 0.13151041666666666 0.2119140625 0.109375 0.212890625 0.0859375 0.2197265625 0.06510416666666667 0.22265625 0.061197916666666664 0.2294921875 0.061197916666666664
0 0.2578125 0.2669270833333333 0.275390625 0.2682291666666667 0.3076171875 0.2786458333333333 0.3271484375 0.2916666666666667 0.345703125 0.3098958333333333 0.3671875 0.34375 0.3798828125 0.37890625 0.3837890625 0.4010416666666667 0.3857421875 0.4401041666666667 0.3759765625 0.4791666666666667 0.3583984375 0.4947916666666667 0.33984375 0.52734375 0.3291015625 0.5403645833333334 0.2978515625 0.5598958333333334 0.2919921875 0.5729166666666666 0.2900390625 0.5716145833333334 0.2861328125 0.57421875 0.2861328125 0.5703125 0.2822265625 0.5677083333333334 0.2490234375 0.5716145833333334 0.23046875 0.5703125 0.2001953125 0.5598958333333334 0.1826171875 0.5481770833333334 0.1640625 0.5286458333333334 0.14453125 0.5026041666666666 0.1396484375 0.4908854166666667 0.134765625 0.4622395833333333 0.12890625 0.4427083333333333 0.1279296875 0.4088541666666667 0.130859375 0.3971354166666667 0.1416015625 0.3763020833333333 0.1474609375 0.3697916666666667 0.158203125 0.3346354166666667 0.1748046875 0.3138020833333333 0.1787109375 0.2981770833333333 0.181640625 0.2942708333333333 0.1953125 0.2890625 0.2021484375 0.2825520833333333 0.212890625 0.2825520833333333 0.2373046875 0.29296875 0.2412109375 0.2890625 0.2470703125 0.2721354166666667 0.251953125 0.2669270833333333 0.2568359375 0.2669270833333333
0 0.744140625 0.13671875 0.755859375 0.14192708333333334 0.7724609375 0.14453125 0.796875 0.15885416666666666 0.826171875 0.17057291666666666 0.8515625 0.19791666666666666 0.8671875 0.22005208333333334 0.8779296875 0.2513020833333333 0.8779296875 0.2916666666666667 0.87109375 0.32421875 0.861328125 0.34765625 0.8349609375 0.3815104166666667 0.7998046875 0.3958333333333333 0.787109375 0.39453125 0.7705078125 0.38671875 0.73828125 0.3854166666666667 0.7275390625 0.37109375 0.7041015625 0.35546875 0.681640625 0.3229166666666667 0.6728515625 0.2981770833333333 0.66796875 0.2916666666666667 0.658203125 0.29296875 0.654296875 0.2903645833333333 0.650390625 0.28125 0.650390625 0.2669270833333333 0.6572265625 0.2526041666666667 0.6572265625 0.23958333333333334 0.6591796875 0.23307291666666666 0.658203125 0.21484375 0.6611328125 0.20572916666666666 0.6611328125 0.19010416666666666 0.66796875 0.18229166666666666 0.685546875 0.17317708333333334 0.6962890625 0.15625 0.7177734375 0.13932291666666666 0.7265625 0.13671875 0.7431640625 0.13671875
0 0.5986328125 0.4791666666666667 0.619140625 0.4908854166666667 0.6259765625 0.4973958333333333 0.6376953125 0.515625 0.6484375 0.5442708333333334 0.6494140625 0.5768229166666666 0.65234375 0.6002604166666666 0.6474609375 0.640625 0.6376953125 0.6536458333333334 0.6259765625 0.6809895833333334 0.609375 0.6966145833333334 0.583984375 0.7109375 0.56640625 0.7109375 0.5458984375 0.703125 0.5185546875 0.6796875 0.5087890625 0.6640625 0.5 0.6341145833333334 0.498046875 0.5807291666666666 0.494140625 0.55078125 0.49609375 0.5442708333333334 0.5087890625 0.5299479166666666 0.51953125 0.5104166666666666 0.5205078125 0.4986979166666667 0.5263671875 0.48828125 0.5302734375 0.4869791666666667 0.537109375 0.4895833333333333 0.5693359375 0.4765625 0.587890625 0.4765625 0.59765625 0.4791666666666667
0 0.92578125 0.28515625 0.943359375 0.3020833333333333 0.947265625 0.3098958333333333 0.9423828125 0.32421875 0.9443359375 0.3802083333333333 0.9462890625 0.3893229166666667 0.9443359375 0.3958333333333333 0.9384765625 0.40234375 0.9228515625 0.4088541666666667 0.90625 0.41015625 0.8974609375 0.4153645833333333 0.884765625 0.4153645833333333 0.8759765625 0.4114583333333333 0.869140625 0.4036458333333333 0.8486328125 0.3893229166666667 0.8427734375 0.3828125 0.841796875 0.375 0.861328125 0.3502604166666667 0.87109375 0.33203125 0.8759765625 0.31640625 0.87890625 0.296875 0.8837890625 0.2864583333333333 0.904296875 0.2799479166666667 0.91796875 0.28125 0.9248046875 0.28515625