0 0.5390625 0.20703125 0.55078125 0.21484375 0.5615234375 0.23046875 0.568359375 0.24609375 0.5712890625 0.26171875 0.568359375 0.26953125 0.5546875 0.28515625 0.546875 0.3033854166666667 0.5400390625 0.328125 0.53515625 0.3671875 0.5224609375 0.3763020833333333 0.5078125 0.3802083333333333 0.48828125 0.3763020833333333 0.474609375 0.3645833333333333 0.46875 0.32421875 0.458984375 0.2994791666666667 0.458984375 0.25390625 0.4638671875 0.24348958333333334 0.4716796875 0.23697916666666666 0.48046875 0.23567708333333334 0.490234375 0.22265625 0.5048828125 0.21223958333333334 0.5185546875 0.20572916666666666 0.5380859375 0.20703125
0 0.4111328125 0.265625 0.4248046875 0.2708333333333333 0.439453125 0.28125 0.4580078125 0.3059895833333333 0.46484375 0.3203125 0.4677734375 0.3333333333333333 0.470703125 0.3541666666666667 0.470703125 0.3763020833333333 0.466796875 0.3997395833333333 0.4501953125 0.4075520833333333 0.4404296875 0.4153645833333333 0.4228515625 0.4361979166666667 0.4111328125 0.4583333333333333 0.408203125 0.4596354166666667 0.3837890625 0.4583333333333333 0.3681640625 0.42578125 0.3603515625 0.4153645833333333 0.3408203125 0.39453125 0.330078125 0.390625 0.3271484375 0.38671875 0.32421875 0.37890625 0.3232421875 0.3528645833333333 0.326171875 0.3346354166666667 0.341796875 0.3138020833333333 0.3447265625 0.3020833333333333 0.35546875 0.28125 0.3603515625 0.27734375 0.373046875 0.2747395833333333 0.3876953125 0.265625 0.41015625 0.265625
0 0.6826171875 0.4466145833333333 0.697265625 0.4518229166666667 0.716796875 0.4661458333333333 0.7177734375 0.4752604166666667 0.728515625 0.4908854166666667 0.73828125 0.51171875 0.75 0.55078125 0.7509765625 0.5768229166666666 0.748046875 0.6002604166666666 0.744140625 0.6158854166666666 0.734375 0.640625 0.703125 0.6822916666666666 0.693359375 0.6901041666666666 0.669921875 0.7018229166666666 0.638671875 0.7083333333333334 0.6240234375 0.7083333333333334 0.6123046875 0.7044270833333334 0.5927734375 0.70703125 0.5830078125 0.6979166666666666 0.5830078125 0.6809895833333334 0.564453125 0.6354166666666666 0.5546875 0.5872395833333334 0.5478515625 0.578125 0.5478515625 0.5729166666666666 0.5537109375 0.55859375 0.5537109375 0.5455729166666666 0.5576171875 0.5390625 0.5576171875 0.51171875 0.5625 0.4973958333333333 0.576171875 0.48046875 0.607421875 0.4583333333333333 0.634765625 0.4479166666666667 0.666015625 0.4453125 0.681640625 0.4466145833333333
0 0.3984375 0.17447916666666666 0.41796875 0.1875 0.427734375 0.20572916666666666 0.4375 0.24348958333333334 0.4384765625 0.2565104166666667 0.4365234375 0.2721354166666667 0.4296875 0.2721354166666667 0.4111328125 0.2630208333333333 0.390625 0.26171875 0.3720703125 0.2721354166666667 0.35546875 0.27734375 0.3486328125 0.28515625 0.345703125 0.2994791666666667 0.3427734375 0.3033854166666667 0.3349609375 0.296875 0.3232421875 0.2669270833333333 0.3212890625 0.24088541666666666 0.326171875 0.22395833333333334 0.34375 0.19010416666666666 0.3544921875 0.17708333333333334 0.3681640625 0.17057291666666666 0.384765625 0.17057291666666666 0.3974609375 0.17447916666666666
0 0.5185546875 0.6380208333333334 0.537109375 0.6471354166666666 0.5595703125 0.6705729166666666 0.57421875 0.6783854166666666 0.5703125 0.6940104166666666 0.57421875 0.73828125 0.57421875 0.7708333333333334 0.5712890625 0.7825520833333334 0.55078125 0.82421875 0.53515625 0.8359375 0.5244140625 0.83984375 0.5078125 0.83984375 0.494140625 0.8346354166666666 0.4833984375 0.828125 0.478515625 0.8216145833333334 0.4677734375 0.8138020833333334 0.4423828125 0.7890625 0.435546875 0.7552083333333334 0.435546875 0.7434895833333334 0.4404296875 0.7356770833333334 0.4423828125 0.6966145833333334 0.4462890625 0.6822916666666666 0.455078125 0.6640625 0.46875 0.6484375 0.4912109375 0.6341145833333334 0.5 0.6328125 0.517578125 0.6380208333333334
0 0.3271484375 0.39453125 0.341796875 0.3997395833333333 0.357421875 0.4166666666666667 0.3701171875 0.4348958333333333 0.3818359375 0.4674479166666667 0.3857421875 0.4869791666666667 0.38671875 0.5078125 0.3916015625 0.5286458333333334 0.396484375 0.53515625 0.4013671875 0.5338541666666666 0.408203125 0.5390625 0.408203125 0.5559895833333334 0.4033203125 0.5690104166666666 0.384765625 0.57421875 0.369140625 0.57421875 0.345703125 0.5625 0.3271484375 0.5611979166666666 0.3095703125 0.5677083333333334 0.2978515625 0.5807291666666666 0.287109375 0.5872395833333334 0.2744140625 0.5846354166666666 0.2626953125 0.5768229166666666 0.2451171875 0.5572916666666666 0.2197265625 0.4596354166666667 0.2177734375 0.4375 0.2265625 0.4127604166666667 0.232421875 0.40625 0.248046875 0.40234375 0.259765625 0.40625 0.2763671875 0.40625 0.310546875 0.3932291666666667 0.326171875 0.39453125
0 0.63671875 0.23697916666666666 0.662109375 0.2513020833333333 0.671875 0.2630208333333333 0.693359375 0.2786458333333333 0.70703125 0.296875 0.716796875 0.3203125 0.7216796875 0.3424479166666667 0.7216796875 0.3828125 0.712890625 0.41796875 0.7041015625 0.4361979166666667 0.6962890625 0.4453125 0.689453125 0.4453125 0.6767578125 0.4401041666666667 0.630859375 0.4427083333333333 0.5966796875 0.4544270833333333 0.58203125 0.44921875 0.5625 0.4322916666666667 0.546875 0.4010416666666667 0.5419921875 0.38671875 0.541015625 0.3697916666666667 0.54296875 0.328125 0.552734375 0.2942708333333333 0.55859375 0.2838541666666667 0.578125 0.2604166666666667 0.603515625 0.2421875 0.6142578125 0.24088541666666666 0.62109375 0.23697916666666666 0.6357421875 0.23697916666666666
0 0.650390625 0.078125 0.66796875 0.08333333333333333 0.705078125 0.11458333333333333 0.7236328125 0.09114583333333333 0.7314453125 0.1015625 0.740234375 0.10286458333333333 0.7451171875 0.10026041666666667 0.7548828125 0.08723958333333333 0.7578125 0.0859375 0.76171875 0.09114583333333333 0.7646484375 0.09114583333333333 0.7685546875 0.07942708333333333 0.7724609375 0.078125 0.7802734375 0.09765625 0.7822265625 0.12239583333333333 0.7822265625 0.13671875 0.7724609375 0.16536458333333334 0.751953125 0.18489583333333334 0.7333984375 0.19791666666666666 0.7138671875 0.19921875 0.6904296875 0.22916666666666666 0.6787109375 0.23958333333333334 0.6748046875 0.2552083333333333 0.654296875 0.24088541666666666 0.6357421875 0.23307291666666666 0.6181640625 0.23307291666666666 0.611328125 0.23697916666666666 0.6015625 0.23828125 0.5947265625 0.24088541666666666 0.58203125 0.2513020833333333 0.57421875 0.2526041666666667 0.5654296875 0.23046875 0.54296875 0.20182291666666666 0.5419921875 0.19010416666666666 0.544921875 0.17317708333333334 0.556640625 0.15234375 0.5947265625 0.11328125 0.6376953125 0.0859375 0.642578125 0.08072916666666667 0.6494140625 0.07942708333333333
0 0.501953125 0.4010416666666667 0.525390625 0.4127604166666667 0.5361328125 0.4153645833333333 0.541015625 0.4270833333333333 0.5498046875 0.4348958333333333 0.55078125 0.453125 0.5556640625 0.4609375 0.560546875 0.4635416666666667 0.5615234375 0.4778645833333333 0.5546875 0.4986979166666667 0.552734375 0.5377604166666666 0.5478515625 0.5455729166666666 0.5498046875 0.55859375 0.5419921875 0.5755208333333334 0.5400390625 0.578125 0.5322265625 0.5794270833333334 0.52734375 0.5859375 0.5146484375 0.5950520833333334 0.4794921875 0.6080729166666666 0.4716796875 0.6080729166666666 0.458984375 0.6015625 0.42578125 0.5690104166666666 0.4111328125 0.5299479166666666 0.408203125 0.5026041666666666 0.4091796875 0.48046875 0.412109375 0.4661458333333333 0.4248046875 0.4388020833333333 0.44921875 0.4127604166666667 0.48046875 0.4049479166666667 0.4912109375 0.3997395833333333 0.5009765625 0.4010416666666667
0 0.462890625 0.1015625 0.47265625 0.11328125 0.498046875 0.11067708333333333 0.5068359375 0.11197916666666667 0.51953125 0.11848958333333333 0.5263671875 0.12760416666666666 0.5341796875 0.14713541666666666 0.5390625 0.171875 0.5400390625 0.19270833333333334 0.537109375 0.20182291666666666 0.51171875 0.20572916666666666 0.4912109375 0.21875 0.4814453125 0.23046875 0.4697265625 0.234375 0.458984375 0.24609375 0.4541015625 0.2604166666666667 0.4501953125 0.2643229166666667 0.4462890625 0.2630208333333333 0.4423828125 0.2565104166666667 0.4375 0.2265625 0.4287109375 0.20182291666666666 0.4287109375 0.18489583333333334 0.4375 0.15755208333333334 0.4375 0.14583333333333334 0.4453125 0.13671875 0.4482421875 0.12760416666666666 0.4482421875 0.10286458333333333 0.4619140625 0.1015625
0 0.341796875 0.5651041666666666 0.365234375 0.5768229166666666 0.3798828125 0.5885416666666666 0.390625 0.6028645833333334 0.4052734375 0.6432291666666666 0.4052734375 0.66015625 0.400390625 0.7005208333333334 0.3955078125 0.7200520833333334 0.3876953125 0.7356770833333334 0.3671875 0.7578125 0.345703125 0.76953125 0.3330078125 0.7721354166666666 0.3037109375 0.7682291666666666 0.2919921875 0.7630208333333334 0.2802734375 0.75390625 0.259765625 0.72265625 0.2529296875 0.69921875 0.2529296875 0.68359375 0.2587890625 0.6484375 0.267578125 0.6263020833333334 0.28125 0.6015625 0.3134765625 0.5703125 0.328125 0.5651041666666666 0.3408203125 0.5651041666666666