0 0.4677734375 0.4791666666666667 0.474609375 0.4817708333333333 0.51171875 0.4830729166666667 0.5234375 0.4895833333333333 0.5361328125 0.5026041666666666 0.5439453125 0.515625 0.55078125 0.5338541666666666 0.5546875 0.5546875 0.5537109375 0.5911458333333334 0.54296875 0.6302083333333334 0.5224609375 0.66015625 0.494140625 0.6822916666666666 0.4853515625 0.6861979166666666 0.451171875 0.68359375 0.43359375 0.6783854166666666 0.419921875 0.6692708333333334 0.408203125 0.6588541666666666 0.396484375 0.6419270833333334 0.388671875 0.6223958333333334 0.3857421875 0.6080729166666666 0.3857421875 0.5768229166666666 0.388671875 0.55859375 0.392578125 0.54296875 0.4013671875 0.5247395833333334 0.42578125 0.4973958333333333 0.4423828125 0.4869791666666667 0.466796875 0.4791666666666667
0 0.5673828125 0.4270833333333333 0.5703125 0.43359375 0.5703125 0.4427083333333333 0.576171875 0.4557291666666667 0.578125 0.49609375 0.583984375 0.5169270833333334 0.5810546875 0.5364583333333334 0.5751953125 0.55078125 0.5634765625 0.5651041666666666 0.5576171875 0.56640625 0.5517578125 0.53125 0.5419921875 0.5078125 0.525390625 0.48828125 0.5126953125 0.48046875 0.5419921875 0.4583333333333333 0.5517578125 0.4479166666666667 0.5634765625 0.4296875 0.56640625 0.4283854166666667
0 0.7724609375 0.4895833333333333 0.7998046875 0.5013020833333334 0.8076171875 0.5078125 0.8193359375 0.5260416666666666 0.8310546875 0.5481770833333334 0.8369140625 0.5690104166666666 0.8388671875 0.5833333333333334 0.837890625 0.61328125 0.8359375 0.6223958333333334 0.8369140625 0.6315104166666666 0.8427734375 0.6328125 0.8486328125 0.625 0.8505859375 0.6263020833333334 0.84375 0.6432291666666666 0.8310546875 0.6471354166666666 0.8251953125 0.6536458333333334 0.8173828125 0.6783854166666666 0.78515625 0.69921875 0.7724609375 0.7044270833333334 0.759765625 0.7057291666666666 0.7470703125 0.7057291666666666 0.7236328125 0.7005208333333334 0.712890625 0.6927083333333334 0.705078125 0.6822916666666666 0.6904296875 0.65625 0.677734375 0.640625 0.6748046875 0.6328125 0.67578125 0.5768229166666666 0.6689453125 0.5729166666666666 0.6748046875 0.5651041666666666 0.6787109375 0.5651041666666666 0.681640625 0.5572916666666666 0.705078125 0.5364583333333334 0.724609375 0.53515625 0.734375 0.5403645833333334 0.759765625 0.5260416666666666 0.763671875 0.5221354166666666 0.7685546875 0.5104166666666666 0.763671875 0.4908854166666667 0.771484375 0.4895833333333333
0 0.384765625 0.5442708333333334 0.388671875 0.546875 0.388671875 0.55078125 0.3837890625 0.5768229166666666 0.3837890625 0.6171875 0.392578125 0.6393229166666666 0.40234375 0.65625 0.4140625 0.6692708333333334 0.4306640625 0.6809895833333334 0.43359375 0.6888020833333334 0.4248046875 0.7135416666666666 0.4130859375 0.7278645833333334 0.4013671875 0.7369791666666666 0.37890625 0.74609375 0.3486328125 0.7447916666666666 0.3349609375 0.7330729166666666 0.318359375 0.7265625 0.3076171875 0.7161458333333334 0.302734375 0.7018229166666666 0.291015625 0.6796875 0.2890625 0.66796875 0.2890625 0.6184895833333334 0.298828125 0.5911458333333334 0.3134765625 0.5716145833333334 0.3388671875 0.5546875 0.34765625 0.5455729166666666 0.3837890625 0.5442708333333334
0 0.685546875 0.33984375 0.7001953125 0.3502604166666667 0.7080078125 0.3684895833333333 0.716796875 0.3815104166666667 0.724609375 0.4075520833333333 0.728515625 0.4322916666666667 0.744140625 0.4674479166666667 0.7548828125 0.4778645833333333 0.7587890625 0.4908854166666667 0.7578125 0.5 0.7509765625 0.51953125 0.7294921875 0.51953125 0.70703125 0.5299479166666666 0.68359375 0.5455729166666666 0.6552734375 0.55078125 0.6279296875 0.546875 0.6103515625 0.5390625 0.599609375 0.53125 0.5869140625 0.51171875 0.5810546875 0.4921875 0.5810546875 0.44921875 0.5849609375 0.4270833333333333 0.583984375 0.4166666666666667 0.5869140625 0.4049479166666667 0.5927734375 0.3971354166666667 0.59375 0.3893229166666667 0.6015625 0.3723958333333333 0.6142578125 0.3567708333333333 0.6337890625 0.3411458333333333 0.650390625 0.3346354166666667 0.6611328125 0.3333333333333333 0.677734375 0.3359375 0.6845703125 0.33984375
0 0.4970703125 0.21484375 0.51171875 0.23046875 0.5185546875 0.24479166666666666 0.5224609375 0.2565104166666667 0.5185546875 0.2682291666666667 0.513671875 0.2721354166666667 0.5048828125 0.2721354166666667 0.484375 0.2786458333333333 0.478515625 0.2838541666666667 0.4638671875 0.2864583333333333 0.4462890625 0.2955729166666667 0.4404296875 0.2955729166666667 0.427734375 0.2890625 0.4248046875 0.2981770833333333 0.4267578125 0.3190104166666667 0.4208984375 0.3177083333333333 0.4169921875 0.3203125 0.421875 0.3333333333333333 0.419921875 0.3723958333333333 0.4248046875 0.390625 0.4306640625 0.4309895833333333 0.439453125 0.4518229166666667 0.4560546875 0.4739583333333333 0.41796875 0.4986979166666667 0.39453125 0.5078125 0.3857421875 0.5052083333333334 0.37890625 0.4973958333333333 0.3583984375 0.4973958333333333 0.3525390625 0.4895833333333333 0.3486328125 0.4635416666666667 0.341796875 0.44921875 0.3369140625 0.4270833333333333 0.3369140625 0.41015625 0.341796875 0.3919270833333333 0.3525390625 0.36328125 0.3623046875 0.3450520833333333 0.3671875 0.328125 0.3896484375 0.29296875 0.3935546875 0.28125 0.4189453125 0.2708333333333333 0.4248046875 0.2669270833333333 0.4287109375 0.2604166666666667 0.435546875 0.2591145833333333 0.4443359375 0.26171875 0.451171875 0.25390625 0.458984375 0.2565104166666667 0.4697265625 0.25390625 0.4755859375 0.24609375 0.48046875 0.23177083333333334 0.4892578125 0.23046875 0.4931640625 0.2265625 0.4931640625 0.21875 0.49609375 0.21484375
0 0.7158203125 0.2734375 0.7451171875 0.2890625 0.7685546875 0.3111979166666667 0.779296875 0.3255208333333333 0.798828125 0.3736979166666667 0.7998046875 0.40234375 0.8037109375 0.4114583333333333 0.8037109375 0.4192708333333333 0.7998046875 0.4309895833333333 0.8046875 0.44921875 0.8037109375 0.45703125 0.798828125 0.4622395833333333 0.7919921875 0.4635416666666667 0.7861328125 0.4557291666666667 0.765625 0.4765625 0.7548828125 0.4739583333333333 0.7470703125 0.4661458333333333 0.7431640625 0.4544270833333333 0.7333984375 0.4375 0.71875 0.3776041666666667 0.701171875 0.34765625 0.681640625 0.3346354166666667 0.66796875 0.3307291666666667 0.6572265625 0.3307291666666667 0.642578125 0.3359375 0.63671875 0.3346354166666667 0.646484375 0.3111979166666667 0.6748046875 0.28125 0.6904296875 0.2734375 0.71484375 0.2734375
0 0.88671875 0.4075520833333333 0.904296875 0.4140625 0.92578125 0.44140625 0.93359375 0.4596354166666667 0.939453125 0.48046875 0.94921875 0.4947916666666667 0.94921875 0.5078125 0.9453125 0.5130208333333334 0.931640625 0.5130208333333334 0.92578125 0.5221354166666666 0.921875 0.5364583333333334 0.9052734375 0.5598958333333334 0.8984375 0.5638020833333334 0.8837890625 0.56640625 0.8642578125 0.56640625 0.8583984375 0.5625 0.845703125 0.5598958333333334 0.837890625 0.5533854166666666 0.8330078125 0.5416666666666666 0.810546875 0.50390625 0.806640625 0.48828125 0.806640625 0.4791666666666667 0.81640625 0.4557291666666667 0.82421875 0.4479166666666667 0.8388671875 0.42578125 0.8486328125 0.4166666666666667 0.865234375 0.4075520833333333 0.8857421875 0.4075520833333333
0 0.5234375 0.28125 0.55078125 0.30859375 0.5673828125 0.3333333333333333 0.5712890625 0.3450520833333333 0.5751953125 0.3697916666666667 0.57421875 0.3971354166666667 0.5615234375 0.4296875 0.5537109375 0.4427083333333333 0.541015625 0.45703125 0.5166015625 0.4739583333333333 0.498046875 0.4791666666666667 0.478515625 0.4778645833333333 0.4658203125 0.4739583333333333 0.4482421875 0.4609375 0.44140625 0.4518229166666667 0.43359375 0.4348958333333333 0.4296875 0.4192708333333333 0.4267578125 0.3880208333333333 0.4228515625 0.3697916666666667 0.4248046875 0.3385416666666667 0.4306640625 0.3216145833333333 0.4306640625 0.3098958333333333 0.4326171875 0.3059895833333333 0.431640625 0.2994791666666667 0.4462890625 0.2994791666666667 0.458984375 0.2916666666666667 0.4814453125 0.2864583333333333 0.498046875 0.2786458333333333 0.5185546875 0.2786458333333333 0.5224609375 0.28125
0 0.5849609375 0.6067708333333334 0.5927734375 0.61328125 0.60546875 0.6145833333333334 0.6142578125 0.6184895833333334 0.623046875 0.6106770833333334 0.6357421875 0.6119791666666666 0.6796875 0.6497395833333334 0.7001953125 0.6809895833333334 0.7138671875 0.7213541666666666 0.71875 0.7526041666666666 0.71875 0.7721354166666666 0.7109375 0.8138020833333334 0.6943359375 0.8463541666666666 0.6767578125 0.8671875 0.6611328125 0.8776041666666666 0.63671875 0.88671875 0.6044921875 0.8880208333333334 0.5986328125 0.8932291666666666 0.5947265625 0.90234375 0.5888671875 0.9049479166666666 0.5859375 0.8893229166666666 0.5830078125 0.8854166666666666 0.5654296875 0.87890625 0.5380859375 0.8606770833333334 0.5185546875 0.8385416666666666 0.5009765625 0.80859375 0.4892578125 0.7682291666666666 0.490234375 0.7291666666666666 0.49609375 0.6927083333333334 0.51171875 0.6744791666666666 0.5244140625 0.6640625 0.544921875 0.6328125 0.55078125 0.625 0.5615234375 0.6171875 0.5634765625 0.6119791666666666 0.5673828125 0.609375 0.583984375 0.6080729166666666
0 0.58984375 0.23307291666666666 0.6103515625 0.23958333333333334 0.62890625 0.2526041666666667 0.640625 0.2721354166666667 0.6455078125 0.2890625 0.646484375 0.30078125 0.64453125 0.30859375 0.6298828125 0.3385416666666667 0.607421875 0.359375 0.583984375 0.37109375 0.578125 0.3697916666666667 0.572265625 0.3411458333333333 0.56640625 0.3255208333333333 0.5498046875 0.3033854166666667 0.5244140625 0.2786458333333333 0.521484375 0.2747395833333333 0.521484375 0.2708333333333333 0.52734375 0.2591145833333333 0.5400390625 0.25 0.5498046875 0.23828125 0.564453125 0.23307291666666666 0.5888671875 0.23307291666666666