0 0.8037109375 0.11197916666666667 0.8310546875 0.125 0.83984375 0.13671875 0.857421875 0.171875 0.8623046875 0.19140625 0.865234375 0.21614583333333334 0.8603515625 0.2955729166666667 0.8740234375 0.3138020833333333 0.875 0.3268229166666667 0.869140625 0.3359375 0.857421875 0.34375 0.810546875 0.3424479166666667 0.7939453125 0.34765625 0.7724609375 0.3489583333333333 0.748046875 0.3450520833333333 0.7314453125 0.3294270833333333 0.712890625 0.3216145833333333 0.705078125 0.3138020833333333 0.6943359375 0.2942708333333333 0.689453125 0.2669270833333333 0.68359375 0.16536458333333334 0.6884765625 0.14713541666666666 0.6982421875 0.12890625 0.7041015625 0.12239583333333333 0.7275390625 0.11328125 0.7333984375 0.11588541666666667 0.7412109375 0.12630208333333334 0.7470703125 0.12630208333333334 0.7705078125 0.1171875 0.802734375 0.11197916666666667
0 0.2783203125 0.0234375 0.2880859375 0.028645833333333332 0.298828125 0.0390625 0.3203125 0.06901041666666667 0.330078125 0.10286458333333333 0.330078125 0.13020833333333334 0.3232421875 0.15755208333333334 0.3056640625 0.16536458333333334 0.291015625 0.16796875 0.2734375 0.19010416666666666 0.2646484375 0.19661458333333334 0.2470703125 0.22135416666666666 0.2412109375 0.234375 0.232421875 0.23307291666666666 0.2138671875 0.22265625 0.1982421875 0.203125 0.1884765625 0.19661458333333334 0.177734375 0.18229166666666666 0.16796875 0.16276041666666666 0.1640625 0.14322916666666666 0.1640625 0.09765625 0.166015625 0.08333333333333333 0.1708984375 0.06901041666666667 0.185546875 0.052083333333333336 0.189453125 0.040364583333333336 0.1982421875 0.040364583333333336 0.2158203125 0.028645833333333332 0.228515625 0.024739583333333332 0.248046875 0.022135416666666668 0.27734375 0.0234375
0 0.734375 0.3671875 0.7373046875 0.3697916666666667 0.7626953125 0.3697916666666667 0.7783203125 0.3802083333333333 0.7890625 0.3828125 0.8017578125 0.3932291666666667 0.814453125 0.39453125 0.822265625 0.3984375 0.8369140625 0.4153645833333333 0.837890625 0.4244791666666667 0.84765625 0.44140625 0.861328125 0.4817708333333333 0.86328125 0.5221354166666666 0.857421875 0.54296875 0.857421875 0.5520833333333334 0.859375 0.5546875 0.8662109375 0.5546875 0.8671875 0.5572916666666666 0.8662109375 0.5651041666666666 0.8623046875 0.5729166666666666 0.8486328125 0.5911458333333334 0.8232421875 0.6145833333333334 0.822265625 0.6184895833333334 0.82421875 0.6263020833333334 0.8212890625 0.6302083333333334 0.80078125 0.6328125 0.7763671875 0.64453125 0.7626953125 0.64453125 0.75 0.640625 0.728515625 0.6276041666666666 0.7099609375 0.62109375 0.671875 0.6145833333333334 0.6435546875 0.57421875 0.6318359375 0.54296875 0.6298828125 0.5104166666666666 0.634765625 0.4765625 0.6474609375 0.4466145833333333 0.6650390625 0.42578125 0.6630859375 0.4166666666666667 0.6669921875 0.4088541666666667 0.681640625 0.3984375 0.6943359375 0.3828125 0.7099609375 0.3684895833333333 0.7177734375 0.3658854166666667 0.7333984375 0.3671875
0 0.6455078125 0 0.755859375 0 0.751953125 0.041666666666666664 0.73828125 0.07682291666666667 0.73046875 0.08723958333333333 0.716796875 0.09505208333333333 0.677734375 0.10677083333333333 0.63671875 0.1015625 0.6298828125 0.09765625 0.6318359375 0.08203125 0.642578125 0.059895833333333336 0.6455078125 0.044270833333333336 0.6455078125 0.0013020833333333333
0 0.060546875 0.4453125 0.080078125 0.4505208333333333 0.09375 0.4583333333333333 0.1171875 0.48046875 0.126953125 0.4973958333333333 0.1357421875 0.51953125 0.142578125 0.5533854166666666 0.142578125 0.56640625 0.13671875 0.6041666666666666 0.1328125 0.6171875 0.123046875 0.6380208333333334 0.1083984375 0.6588541666666666 0.080078125 0.6822916666666666 0.0478515625 0.69140625 0.0224609375 0.69140625 0 0.68359375 0 0.4674479166666667 0.0087890625 0.4583333333333333 0.0263671875 0.4479166666666667 0.0380859375 0.4440104166666667 0.0595703125 0.4453125
0 0.2705078125 0.5416666666666666 0.3037109375 0.5572916666666666 0.3271484375 0.5807291666666666 0.3291015625 0.5859375 0.3291015625 0.6028645833333334 0.326171875 0.6158854166666666 0.326171875 0.6549479166666666 0.33203125 0.7083333333333334 0.3291015625 0.71875 0.3193359375 0.7317708333333334 0.3115234375 0.73828125 0.294921875 0.76171875 0.2685546875 0.7799479166666666 0.2470703125 0.78515625 0.2109375 0.78515625 0.2021484375 0.7825520833333334 0.185546875 0.7721354166666666 0.1748046875 0.75 0.1630859375 0.7174479166666666 0.150390625 0.7096354166666666 0.13671875 0.69140625 0.1357421875 0.6783854166666666 0.138671875 0.6744791666666666 0.146484375 0.6744791666666666 0.1494140625 0.671875 0.1533203125 0.66015625 0.1533203125 0.6315104166666666 0.1640625 0.6041666666666666 0.189453125 0.5690104166666666 0.208984375 0.5520833333333334 0.2392578125 0.5390625 0.259765625 0.5390625 0.26953125 0.5416666666666666
0 0.1123046875 0.23046875 0.1591796875 0.2421875 0.1953125 0.2721354166666667 0.2099609375 0.2916666666666667 0.2236328125 0.3203125 0.2236328125 0.34375 0.228515625 0.375 0.2275390625 0.3893229166666667 0.21484375 0.4114583333333333 0.19921875 0.4322916666666667 0.1767578125 0.4518229166666667 0.154296875 0.4609375 0.126953125 0.4609375 0.1103515625 0.4583333333333333 0.0693359375 0.4361979166666667 0.0517578125 0.4127604166666667 0.0302734375 0.390625 0.0234375 0.3763020833333333 0.0126953125 0.34375 0.013671875 0.3359375 0.0185546875 0.3255208333333333 0.0205078125 0.296875 0.02734375 0.2760416666666667 0.0458984375 0.2513020833333333 0.0546875 0.24348958333333334 0.064453125 0.2421875 0.0869140625 0.23307291666666666 0.111328125 0.23177083333333334
0 0.66796875 0.6223958333333334 0.712890625 0.6276041666666666 0.7314453125 0.6354166666666666 0.748046875 0.6471354166666666 0.7822265625 0.6966145833333334 0.7890625 0.7135416666666666 0.7919921875 0.7291666666666666 0.7939453125 0.7434895833333334 0.79296875 0.7955729166666666 0.7890625 0.8177083333333334 0.783203125 0.8333333333333334 0.759765625 0.8671875 0.7275390625 0.8919270833333334 0.70703125 0.9010416666666666 0.6806640625 0.9010416666666666 0.6552734375 0.8932291666666666 0.642578125 0.8880208333333334 0.6201171875 0.8697916666666666 0.59765625 0.84375 0.5869140625 0.82421875 0.5771484375 0.7994791666666666 0.57421875 0.7825520833333334 0.572265625 0.7552083333333334 0.57421875 0.7252604166666666 0.5810546875 0.6979166666666666 0.587890625 0.6796875 0.60546875 0.65234375 0.6220703125 0.6393229166666666 0.6455078125 0.625 0.6669921875 0.6223958333333334
0 0.337890625 0.16666666666666666 0.3955078125 0.17447916666666666 0.4150390625 0.18359375 0.435546875 0.20052083333333334 0.45703125 0.23046875 0.4716796875 0.2643229166666667 0.48046875 0.296875 0.484375 0.3359375 0.484375 0.3541666666666667 0.478515625 0.390625 0.4736328125 0.4075520833333333 0.4638671875 0.4283854166666667 0.4541015625 0.43359375 0.4423828125 0.43359375 0.4287109375 0.4375 0.419921875 0.44140625 0.4013671875 0.4557291666666667 0.376953125 0.4661458333333333 0.3720703125 0.46484375 0.369140625 0.46875 0.3681640625 0.4765625 0.357421875 0.4830729166666667 0.3349609375 0.4830729166666667 0.31640625 0.4778645833333333 0.2841796875 0.4557291666666667 0.271484375 0.4427083333333333 0.2451171875 0.3932291666666667 0.236328125 0.37109375 0.23046875 0.3450520833333333 0.2294921875 0.3307291666666667 0.2314453125 0.2786458333333333 0.244140625 0.24088541666666666 0.2646484375 0.203125 0.29296875 0.17317708333333334 0.322265625 0.1640625 0.3369140625 0.16666666666666666
0 0.4677734375 0.4388020833333333 0.4736328125 0.4440104166666667 0.4814453125 0.4440104166666667 0.50390625 0.4518229166666667 0.5283203125 0.4661458333333333 0.5458984375 0.4791666666666667 0.5576171875 0.4934895833333333 0.57421875 0.5247395833333334 0.580078125 0.5403645833333334 0.587890625 0.5768229166666666 0.591796875 0.6184895833333334 0.591796875 0.66015625 0.5830078125 0.6796875 0.5712890625 0.71484375 0.56640625 0.7486979166666666 0.5546875 0.7734375 0.5302734375 0.7994791666666666 0.5283203125 0.8033854166666666 0.5302734375 0.8177083333333334 0.525390625 0.8268229166666666 0.5146484375 0.828125 0.50390625 0.8190104166666666 0.494140625 0.8151041666666666 0.4873046875 0.8255208333333334 0.478515625 0.8502604166666666 0.4736328125 0.8541666666666666 0.4580078125 0.8489583333333334 0.4443359375 0.84765625 0.439453125 0.83984375 0.439453125 0.8307291666666666 0.4462890625 0.8098958333333334 0.4375 0.8033854166666666 0.412109375 0.796875 0.3935546875 0.78515625 0.3837890625 0.7721354166666666 0.3759765625 0.75390625 0.337890625 0.7057291666666666 0.333984375 0.6901041666666666 0.330078125 0.6458333333333334 0.3310546875 0.609375 0.3427734375 0.55078125 0.349609375 0.52734375 0.35546875 0.5169270833333334 0.3623046875 0.49609375 0.3681640625 0.4869791666666667 0.3798828125 0.47265625 0.4013671875 0.4609375 0.421875 0.4453125 0.4384765625 0.4401041666666667 0.466796875 0.4388020833333333
0 0.53125 0.09505208333333333 0.224609375 0.19010416666666666
0 0.6015625 0.20703125 0.650390625 0.23697916666666666 0.669921875 0.2604166666666667 0.685546875 0.2981770833333333 0.6904296875 0.3294270833333333 0.6884765625 0.3502604166666667 0.6826171875 0.3763020833333333 0.66796875 0.3997395833333333 0.6650390625 0.40234375 0.650390625 0.4049479166666667 0.63671875 0.4127604166666667 0.6328125 0.4192708333333333 0.634765625 0.42578125 0.630859375 0.4322916666666667 0.6162109375 0.4427083333333333 0.6064453125 0.4453125 0.578125 0.4427083333333333 0.5625 0.4361979166666667 0.5478515625 0.42578125 0.5322265625 0.4049479166666667 0.5185546875 0.3776041666666667 0.509765625 0.34765625 0.505859375 0.3190104166666667 0.5068359375 0.29296875 0.5107421875 0.2747395833333333 0.5224609375 0.24609375 0.53515625 0.22916666666666666 0.5615234375 0.2109375 0.580078125 0.20703125 0.6005859375 0.20703125