0 0.466796875 0.2955729166666667 0.4833984375 0.3020833333333333 0.505859375 0.3203125 0.51171875 0.3333333333333333 0.515625 0.3658854166666667 0.5146484375 0.39453125 0.5048828125 0.4244791666666667 0.494140625 0.4427083333333333 0.4775390625 0.4505208333333333 0.4541015625 0.4505208333333333 0.44921875 0.4479166666666667 0.4521484375 0.4322916666666667 0.4580078125 0.421875 0.4638671875 0.3984375 0.4638671875 0.3815104166666667 0.462890625 0.359375 0.4580078125 0.3333333333333333 0.4453125 0.3151041666666667 0.4443359375 0.30859375 0.455078125 0.2994791666666667 0.4658203125 0.2955729166666667
0 0.7470703125 0.5182291666666666 0.7763671875 0.5364583333333334 0.7958984375 0.55859375 0.81640625 0.6119791666666666 0.81640625 0.625 0.8125 0.65234375 0.8056640625 0.6744791666666666 0.7861328125 0.703125 0.7685546875 0.7174479166666666 0.7373046875 0.7239583333333334 0.72265625 0.72265625 0.7119140625 0.71875 0.703125 0.7122395833333334 0.6884765625 0.6940104166666666 0.6796875 0.6770833333333334 0.6689453125 0.6432291666666666 0.666015625 0.62109375 0.666015625 0.6002604166666666 0.66796875 0.5872395833333334 0.6787109375 0.5611979166666666 0.7021484375 0.5286458333333334 0.7275390625 0.5182291666666666 0.74609375 0.5182291666666666
0 0.478515625 0.14973958333333334 0.490234375 0.1640625 0.4931640625 0.17447916666666666 0.4814453125 0.18619791666666666 0.470703125 0.20182291666666666 0.466796875 0.21484375 0.4599609375 0.19661458333333334 0.45703125 0.17578125 0.4638671875 0.16145833333333334 0.4697265625 0.16276041666666666 0.4775390625 0.14973958333333334
0 0.30078125 0.6184895833333334 0.32421875 0.6328125 0.345703125 0.66015625 0.361328125 0.6953125 0.37109375 0.7291666666666666 0.396484375 0.76171875 0.40625 0.78125 0.408203125 0.7864583333333334 0.4072265625 0.8020833333333334 0.40234375 0.8190104166666666 0.392578125 0.828125 0.38671875 0.828125 0.3798828125 0.8177083333333334 0.3759765625 0.8177083333333334 0.3623046875 0.8255208333333334 0.3525390625 0.8359375 0.3388671875 0.8450520833333334 0.3203125 0.8671875 0.2802734375 0.8841145833333334 0.2490234375 0.8880208333333334 0.2314453125 0.88671875 0.2236328125 0.8828125 0.21875 0.8763020833333334 0.1923828125 0.8255208333333334 0.189453125 0.81640625 0.1884765625 0.8033854166666666 0.181640625 0.78515625 0.1650390625 0.7630208333333334 0.1513671875 0.7513020833333334 0.146484375 0.7356770833333334 0.146484375 0.72265625 0.1513671875 0.7135416666666666 0.154296875 0.69921875 0.1650390625 0.6783854166666666 0.171875 0.6744791666666666 0.181640625 0.6783854166666666 0.1923828125 0.671875 0.2060546875 0.6536458333333334 0.2119140625 0.6497395833333334 0.216796875 0.6497395833333334 0.2265625 0.6380208333333334 0.23828125 0.6315104166666666 0.251953125 0.6184895833333334 0.2666015625 0.6145833333333334 0.287109375 0.6145833333333334 0.2998046875 0.6184895833333334
0 0.373046875 0.1328125 0.3818359375 0.14453125 0.3935546875 0.13411458333333334 0.4091796875 0.13411458333333334 0.4326171875 0.14713541666666666 0.44921875 0.16666666666666666 0.4560546875 0.18098958333333334 0.462890625 0.21354166666666666 0.4599609375 0.24869791666666666 0.4541015625 0.26953125 0.4443359375 0.2864583333333333 0.4345703125 0.296875 0.427734375 0.2955729166666667 0.40625 0.2838541666666667 0.3837890625 0.2786458333333333 0.3720703125 0.2786458333333333 0.3623046875 0.2838541666666667 0.3271484375 0.29296875 0.3076171875 0.3138020833333333 0.296875 0.3216145833333333 0.29296875 0.3307291666666667 0.2900390625 0.328125 0.2861328125 0.3151041666666667 0.28515625 0.2981770833333333 0.2822265625 0.2864583333333333 0.28125 0.2669270833333333 0.2861328125 0.24479166666666666 0.2998046875 0.22526041666666666 0.3134765625 0.21484375 0.3173828125 0.1953125 0.3232421875 0.18880208333333334 0.3271484375 0.17578125 0.3349609375 0.16796875 0.337890625 0.15625 0.341796875 0.15104166666666666 0.3505859375 0.14583333333333334 0.35546875 0.13411458333333334 0.3603515625 0.12890625 0.369140625 0.12890625 0.3720703125 0.1328125
0 0.2802734375 0.3580729166666667 0.2841796875 0.3619791666666667 0.283203125 0.41015625 0.287109375 0.4244791666666667 0.3017578125 0.44921875 0.328125 0.48046875 0.330078125 0.4908854166666667 0.318359375 0.5247395833333334 0.3046875 0.5442708333333334 0.294921875 0.55078125 0.279296875 0.5559895833333334 0.26171875 0.5559895833333334 0.2529296875 0.5533854166666666 0.240234375 0.5546875 0.2294921875 0.55078125 0.2197265625 0.54296875 0.19921875 0.51953125 0.1865234375 0.4973958333333333 0.181640625 0.4856770833333333 0.177734375 0.46484375 0.1796875 0.4309895833333333 0.1865234375 0.4036458333333333 0.1923828125 0.3880208333333333 0.19921875 0.37890625 0.2158203125 0.3671875 0.244140625 0.35546875 0.2626953125 0.3541666666666667 0.279296875 0.3580729166666667
0 0.6318359375 0.22265625 0.63671875 0.22916666666666666 0.6650390625 0.234375 0.6787109375 0.24479166666666666 0.697265625 0.2708333333333333 0.705078125 0.2864583333333333 0.716796875 0.3203125 0.720703125 0.3372395833333333 0.72265625 0.3580729166666667 0.7197265625 0.3880208333333333 0.708984375 0.4244791666666667 0.6982421875 0.4296875 0.6953125 0.4518229166666667 0.6923828125 0.4479166666666667 0.6875 0.4283854166666667 0.6748046875 0.4036458333333333 0.666015625 0.3919270833333333 0.6611328125 0.3776041666666667 0.654296875 0.3828125 0.650390625 0.3828125 0.64453125 0.3776041666666667 0.6396484375 0.3776041666666667 0.61328125 0.3854166666666667 0.5869140625 0.3880208333333333 0.5732421875 0.3854166666666667 0.5703125 0.3815104166666667 0.56640625 0.3671875 0.564453125 0.3489583333333333 0.55859375 0.3424479166666667 0.5595703125 0.3033854166666667 0.568359375 0.2760416666666667 0.5751953125 0.2669270833333333 0.5908203125 0.2552083333333333 0.6015625 0.23958333333333334 0.619140625 0.22395833333333334 0.623046875 0.22135416666666666 0.630859375 0.22265625
0 0.814453125 0.40234375 0.8310546875 0.4140625 0.8466796875 0.4375 0.853515625 0.4544270833333333 0.8564453125 0.4752604166666667 0.8642578125 0.48828125 0.8623046875 0.5065104166666666 0.859375 0.5091145833333334 0.8515625 0.5091145833333334 0.8359375 0.5364583333333334 0.8232421875 0.55078125 0.814453125 0.5559895833333334 0.7978515625 0.5533854166666666 0.76953125 0.52734375 0.751953125 0.5169270833333334 0.736328125 0.51171875 0.73046875 0.5 0.7275390625 0.4869791666666667 0.7275390625 0.4713541666666667 0.7314453125 0.4596354166666667 0.75390625 0.4231770833333333 0.7646484375 0.41015625 0.775390625 0.4036458333333333 0.791015625 0.3997395833333333 0.8056640625 0.3997395833333333 0.8134765625 0.40234375
0 0.5185546875 0.4518229166666667 0.54296875 0.4791666666666667 0.5576171875 0.5013020833333334 0.5703125 0.52734375 0.578125 0.5494791666666666 0.5791015625 0.5611979166666666 0.5830078125 0.57421875 0.5849609375 0.5989583333333334 0.583984375 0.6328125 0.576171875 0.6692708333333334 0.556640625 0.7083333333333334 0.5478515625 0.7213541666666666 0.5302734375 0.73828125 0.505859375 0.75 0.4921875 0.7526041666666666 0.46875 0.7513020833333334 0.4365234375 0.7434895833333334 0.431640625 0.7513020833333334 0.4248046875 0.7552083333333334 0.421875 0.75390625 0.423828125 0.7369791666666666 0.39453125 0.7096354166666666 0.38671875 0.69921875 0.3720703125 0.6744791666666666 0.361328125 0.6432291666666666 0.3564453125 0.6223958333333334 0.3544921875 0.5963541666666666 0.3544921875 0.5755208333333334 0.3583984375 0.5598958333333334 0.3603515625 0.5403645833333334 0.3701171875 0.5130208333333334 0.3818359375 0.4947916666666667 0.4296875 0.4635416666666667 0.4453125 0.45703125 0.470703125 0.45703125 0.4853515625 0.4635416666666667 0.4990234375 0.4557291666666667 0.5048828125 0.44921875 0.513671875 0.44921875 0.517578125 0.4518229166666667
0 0.5439453125 0.16666666666666666 0.5673828125 0.17708333333333334 0.580078125 0.1875 0.5888671875 0.20052083333333334 0.59375 0.21223958333333334 0.5966796875 0.23697916666666666 0.5859375 0.2552083333333333 0.5810546875 0.2565104166666667 0.56640625 0.2734375 0.5556640625 0.30859375 0.548828125 0.3177083333333333 0.5419921875 0.3333333333333333 0.533203125 0.3372395833333333 0.525390625 0.3372395833333333 0.517578125 0.3333333333333333 0.505859375 0.3151041666666667 0.494140625 0.3033854166666667 0.48046875 0.296875 0.46484375 0.28515625 0.4619140625 0.27734375 0.4609375 0.2604166666666667 0.4658203125 0.23177083333333334 0.4658203125 0.22005208333333334 0.4697265625 0.20442708333333334 0.484375 0.18359375 0.49609375 0.17447916666666666 0.51171875 0.16666666666666666 0.54296875 0.16666666666666666
0 0.64453125 0.3854166666666667 0.666015625 0.3984375 0.671875 0.4049479166666667 0.681640625 0.4231770833333333 0.693359375 0.4622395833333333 0.6953125 0.5078125 0.69140625 0.5247395833333334 0.68359375 0.53515625 0.673828125 0.5572916666666666 0.642578125 0.5846354166666666 0.619140625 0.5963541666666666 0.59375 0.5963541666666666 0.587890625 0.5924479166666666 0.5859375 0.57421875 0.5791015625 0.54296875 0.56640625 0.51171875 0.5390625 0.46875 0.537109375 0.4557291666666667 0.548828125 0.4231770833333333 0.564453125 0.4036458333333333 0.59375 0.390625 0.615234375 0.3893229166666667 0.6298828125 0.3841145833333333 0.6435546875 0.3854166666666667
0 0.400390625 0.28515625 0.416015625 0.2916666666666667 0.4345703125 0.3046875 0.4541015625 0.3294270833333333 0.4619140625 0.3645833333333333 0.4619140625 0.3971354166666667 0.45703125 0.4192708333333333 0.447265625 0.4427083333333333 0.44140625 0.4518229166666667 0.4296875 0.45703125 0.4111328125 0.4700520833333333 0.376953125 0.4856770833333333 0.3623046875 0.4856770833333333 0.3369140625 0.4778645833333333 0.3203125 0.4661458333333333 0.3095703125 0.4544270833333333 0.298828125 0.4401041666666667 0.2880859375 0.4192708333333333 0.28515625 0.4010416666666667 0.28515625 0.37109375 0.2900390625 0.3411458333333333 0.3095703125 0.3151041666666667 0.3232421875 0.30078125 0.3388671875 0.29296875 0.3544921875 0.2916666666666667 0.3583984375 0.2890625 0.3623046875 0.2903645833333333 0.3720703125 0.28515625 0.3994140625 0.28515625