0 0.7763671875 0.005208333333333333 0.7734375 0.009114583333333334 0.775390625 0.015625 0.7802734375 0.016927083333333332 0.7822265625 0.01171875 0.7861328125 0.010416666666666666 0.7861328125 0.016927083333333332 0.7900390625 0.022135416666666668 0.7998046875 0.024739583333333332 0.81640625 0.037760416666666664 0.8203125 0.032552083333333336 0.826171875 0.040364583333333336 0.826171875 0.057291666666666664 0.8359375 0.09505208333333333 0.8369140625 0.10807291666666667 0.8349609375 0.12630208333333334 0.837890625 0.13020833333333334 0.8623046875 0.10026041666666667 0.876953125 0.08854166666666667 0.8955078125 0.08463541666666667 0.916015625 0.08463541666666667 0.943359375 0.08854166666666667 0.9453125 0.09375 0.9404296875 0.10677083333333333 0.9404296875 0.11197916666666667 0.953125 0.1328125 0.966796875 0.14322916666666666 0.966796875 0.16276041666666666 0.96875 0.16536458333333334 0.9794921875 0.16536458333333334 0.9814453125 0.16796875 0.978515625 0.18229166666666666 0.9697265625 0.19791666666666666 0.9453125 0.22786458333333334 0.9345703125 0.23697916666666666 0.9111328125 0.24869791666666666 0.9033203125 0.2552083333333333 0.8759765625 0.2552083333333333 0.841796875 0.24609375 0.8271484375 0.23697916666666666 0.810546875 0.21875 0.7880859375 0.22395833333333334 0.78515625 0.22005208333333334 0.78515625 0.21223958333333334 0.7822265625 0.20963541666666666 0.7763671875 0.21354166666666666 0.767578125 0.21354166666666666 0.7578125 0.20833333333333334 0.736328125 0.203125 0.72265625 0.203125 0.6865234375 0.21223958333333334 0.66796875 0.20833333333333334 0.6611328125 0.20442708333333334 0.6298828125 0.171875 0.615234375 0.13671875 0.6083984375 0.12630208333333334 0.603515625 0.10807291666666667 0.60546875 0.09114583333333333 0.6171875 0.06901041666666667 0.623046875 0.05078125 0.6396484375 0.026041666666666668 0.6484375 0.018229166666666668 0.6591796875 0.013020833333333334 0.671875 0.013020833333333334 0.6806640625 0.016927083333333332 0.6884765625 0.016927083333333332 0.7021484375 0.00390625 0.716796875 0.0026041666666666665 0.71875 0 0.7529296875 0 0.76171875 0.00390625 0.775390625 0.00390625
0 0.5234375 0.2708333333333333 0.54296875 0.2760416666666667 0.5576171875 0.2838541666666667 0.568359375 0.29296875 0.5849609375 0.3138020833333333 0.58984375 0.3307291666666667 0.5908203125 0.34765625 0.59765625 0.375 0.6025390625 0.3854166666666667 0.6025390625 0.4114583333333333 0.5966796875 0.43359375 0.5849609375 0.45703125 0.5771484375 0.4557291666666667 0.5654296875 0.44140625 0.5546875 0.4348958333333333 0.5498046875 0.4348958333333333 0.5439453125 0.4388020833333333 0.53515625 0.4401041666666667 0.5263671875 0.44921875 0.5078125 0.4557291666666667 0.48828125 0.47265625 0.4619140625 0.44140625 0.453125 0.4244791666666667 0.443359375 0.390625 0.4443359375 0.3645833333333333 0.4521484375 0.3333333333333333 0.478515625 0.2994791666666667 0.4775390625 0.28515625 0.4814453125 0.2760416666666667 0.4873046875 0.2721354166666667 0.5224609375 0.2708333333333333
0 0.798828125 0.4010416666666667 0.8544921875 0.4270833333333333 0.875 0.4544270833333333 0.896484375 0.46484375 0.9111328125 0.484375 0.9140625 0.4947916666666667 0.912109375 0.5104166666666666 0.9052734375 0.5182291666666666 0.8984375 0.5325520833333334 0.8984375 0.5403645833333334 0.904296875 0.5520833333333334 0.904296875 0.5716145833333334 0.9013671875 0.5755208333333334 0.896484375 0.5729166666666666 0.892578125 0.5768229166666666 0.888671875 0.6106770833333334 0.884765625 0.6263020833333334 0.876953125 0.6432291666666666 0.8623046875 0.6640625 0.8505859375 0.6744791666666666 0.8291015625 0.6861979166666666 0.814453125 0.6901041666666666 0.7978515625 0.6901041666666666 0.7607421875 0.67578125 0.7119140625 0.6354166666666666 0.697265625 0.6302083333333334 0.6806640625 0.6315104166666666 0.6748046875 0.62890625 0.66796875 0.6145833333333334 0.6708984375 0.5924479166666666 0.6826171875 0.5872395833333334 0.6875 0.5807291666666666 0.6923828125 0.5677083333333334 0.6962890625 0.5416666666666666 0.697265625 0.5130208333333334 0.701171875 0.4791666666666667 0.708984375 0.4557291666666667 0.716796875 0.44140625 0.7373046875 0.4166666666666667 0.755859375 0.4036458333333333 0.7705078125 0.3997395833333333 0.7978515625 0.4010416666666667
0 0.5517578125 0.10286458333333333 0.578125 0.11197916666666667 0.595703125 0.12630208333333334 0.61328125 0.15104166666666666 0.625 0.18359375 0.6279296875 0.21744791666666666 0.625 0.24479166666666666 0.619140625 0.26953125 0.61328125 0.2825520833333333 0.599609375 0.30078125 0.58984375 0.30859375 0.5849609375 0.3072916666666667 0.5703125 0.2877604166666667 0.5458984375 0.2721354166666667 0.5244140625 0.2682291666666667 0.5166015625 0.2643229166666667 0.4853515625 0.265625 0.4765625 0.2708333333333333 0.4697265625 0.26171875 0.4638671875 0.24479166666666666 0.4619140625 0.23177083333333334 0.4609375 0.18229166666666666 0.46484375 0.1640625 0.4716796875 0.14713541666666666 0.4951171875 0.11848958333333333 0.51171875 0.10546875 0.5302734375 0.10026041666666667 0.55078125 0.10286458333333333
0 0.37109375 0 0.3876953125 0.010416666666666666 0.4228515625 0.0625 0.4296875 0.08072916666666667 0.431640625 0.10286458333333333 0.42578125 0.09895833333333333 0.3994140625 0.06770833333333333 0.3681640625 0.046875 0.34375 0.044270833333333336 0.33203125 0.037760416666666664 0.3271484375 0.037760416666666664 0.3154296875 0.044270833333333336 0.3017578125 0.045572916666666664 0.30859375 0.028645833333333332 0.3173828125 0.016927083333333332 0.33203125 0.00390625 0.337890625 0 0.3701171875 0
0 0.3076171875 0.3541666666666667 0.3173828125 0.36328125 0.3388671875 0.3684895833333333 0.3623046875 0.3828125 0.390625 0.41015625 0.4072265625 0.4322916666666667 0.419921875 0.4635416666666667 0.427734375 0.49609375 0.427734375 0.5755208333333334 0.4228515625 0.6002604166666666 0.4150390625 0.625 0.3984375 0.6614583333333334 0.373046875 0.6953125 0.3388671875 0.7252604166666666 0.333984375 0.7317708333333334 0.3310546875 0.7447916666666666 0.3271484375 0.75 0.3193359375 0.7526041666666666 0.3017578125 0.73828125 0.2900390625 0.7369791666666666 0.283203125 0.7421875 0.2724609375 0.7591145833333334 0.2666015625 0.7630208333333334 0.259765625 0.7604166666666666 0.25390625 0.7526041666666666 0.240234375 0.7421875 0.236328125 0.734375 0.236328125 0.7291666666666666 0.2431640625 0.7135416666666666 0.2431640625 0.7044270833333334 0.232421875 0.6953125 0.216796875 0.6875 0.1982421875 0.66796875 0.1875 0.640625 0.1806640625 0.6302083333333334 0.1787109375 0.6197916666666666 0.16796875 0.60546875 0.1591796875 0.5885416666666666 0.15625 0.5794270833333334 0.1552734375 0.53125 0.1630859375 0.4947916666666667 0.177734375 0.4622395833333333 0.181640625 0.4583333333333333 0.1884765625 0.43359375 0.193359375 0.42578125 0.201171875 0.421875 0.2138671875 0.4075520833333333 0.2158203125 0.3997395833333333 0.2255859375 0.3893229166666667 0.2314453125 0.3723958333333333 0.2470703125 0.3619791666666667 0.265625 0.3606770833333333 0.2783203125 0.35546875 0.306640625 0.3541666666666667
0 0.337890625 0.044270833333333336 0.3681640625 0.049479166666666664 0.3896484375 0.0625 0.404296875 0.07552083333333333 0.431640625 0.11067708333333333 0.4462890625 0.140625 0.4560546875 0.17708333333333334 0.4560546875 0.22786458333333334 0.453125 0.24348958333333334 0.453125 0.2565104166666667 0.4501953125 0.2708333333333333 0.4404296875 0.2942708333333333 0.4404296875 0.30078125 0.4365234375 0.3098958333333333 0.4326171875 0.3125 0.4208984375 0.3307291666666667 0.4111328125 0.3515625 0.3896484375 0.37109375 0.3720703125 0.37890625 0.3583984375 0.3763020833333333 0.345703125 0.3671875 0.3173828125 0.35546875 0.30859375 0.3489583333333333 0.2822265625 0.34765625 0.2783203125 0.34375 0.2724609375 0.3203125 0.2509765625 0.2955729166666667 0.240234375 0.2760416666666667 0.234375 0.2526041666666667 0.2353515625 0.23046875 0.2314453125 0.21354166666666666 0.23046875 0.19791666666666666 0.2236328125 0.17708333333333334 0.2236328125 0.17057291666666666 0.2294921875 0.16796875 0.2333984375 0.16276041666666666 0.23828125 0.15104166666666666 0.2490234375 0.13671875 0.25390625 0.11979166666666667 0.26953125 0.09505208333333333 0.2646484375 0.07682291666666667 0.2685546875 0.0703125 0.2900390625 0.059895833333333336 0.30859375 0.046875 0.318359375 0.045572916666666664 0.3271484375 0.040364583333333336 0.33203125 0.040364583333333336 0.3369140625 0.044270833333333336
0 0.1328125 0.23567708333333334 0.1669921875 0.23697916666666666 0.1845703125 0.2421875 0.2109375 0.2565104166666667 0.232421875 0.2786458333333333 0.248046875 0.2994791666666667 0.2568359375 0.3177083333333333 0.259765625 0.3307291666666667 0.2646484375 0.3411458333333333 0.2646484375 0.34765625 0.26171875 0.3528645833333333 0.240234375 0.3541666666666667 0.20703125 0.3645833333333333 0.193359375 0.3736979166666667 0.177734375 0.37890625 0.1630859375 0.3880208333333333 0.15234375 0.3958333333333333 0.1435546875 0.40625 0.1455078125 0.4166666666666667 0.1533203125 0.42578125 0.166015625 0.4296875 0.173828125 0.4244791666666667 0.1806640625 0.4244791666666667 0.181640625 0.4296875 0.1787109375 0.44921875 0.162109375 0.484375 0.154296875 0.5091145833333334 0.150390625 0.51171875 0.1435546875 0.51171875 0.111328125 0.5 0.0859375 0.48046875 0.0693359375 0.4479166666666667 0.0546875 0.4244791666666667 0.0546875 0.3984375 0.05078125 0.3828125 0.05078125 0.3736979166666667 0.046875 0.3658854166666667 0.046875 0.3580729166666667 0.052734375 0.33203125 0.068359375 0.3125 0.0849609375 0.2786458333333333 0.1044921875 0.2552083333333333 0.115234375 0.23697916666666666 0.1318359375 0.23567708333333334
0 0.94140625 0.08723958333333333 0.9453125 0.08984375 0.9453125 0.09635416666666667 0.9404296875 0.10677083333333333 0.9404296875 0.11197916666666667 0.953125 0.1328125 0.966796875 0.14322916666666666 0.966796875 0.16145833333333334 0.9697265625 0.16536458333333334 0.98046875 0.16536458333333334 0.982421875 0.16796875 0.9814453125 0.17447916666666666 0.9765625 0.1875 0.9677734375 0.20182291666666666 0.9423828125 0.23177083333333334 0.8994140625 0.2565104166666667 0.8818359375 0.2565104166666667 0.8466796875 0.24869791666666666 0.828125 0.23828125 0.8076171875 0.21744791666666666 0.79296875 0.21614583333333334 0.7900390625 0.21223958333333334 0.8017578125 0.203125 0.8134765625 0.17838541666666666 0.822265625 0.16796875 0.837890625 0.13020833333333334 0.8720703125 0.09114583333333333 0.896484375 0.08463541666666667 0.9404296875 0.08723958333333333
0 0.5498046875 0.4401041666666667 0.5634765625 0.4453125 0.5751953125 0.4583333333333333 0.6005859375 0.47265625 0.6171875 0.4895833333333333 0.6279296875 0.50390625 0.6376953125 0.5247395833333334 0.646484375 0.5677083333333334 0.6455078125 0.6080729166666666 0.6171875 0.65625 0.5927734375 0.6875 0.578125 0.7213541666666666 0.564453125 0.73828125 0.556640625 0.7421875 0.541015625 0.7317708333333334 0.5361328125 0.7239583333333334 0.529296875 0.7200520833333334 0.525390625 0.7109375 0.5185546875 0.71484375 0.509765625 0.6979166666666666 0.4873046875 0.6822916666666666 0.462890625 0.6471354166666666 0.455078125 0.6315104166666666 0.44921875 0.60546875 0.4482421875 0.5807291666666666 0.4541015625 0.54296875 0.4736328125 0.5013020833333334 0.498046875 0.4674479166666667 0.5068359375 0.4596354166666667 0.5263671875 0.453125 0.53515625 0.4440104166666667 0.548828125 0.44140625
0 0.4521484375 0 0.58984375 0 0.5986328125 0.044270833333333336 0.59765625 0.09505208333333333 0.5947265625 0.109375 0.591796875 0.11328125 0.5849609375 0.11328125 0.5732421875 0.10546875 0.5439453125 0.09765625 0.5205078125 0.09765625 0.5048828125 0.10546875 0.4775390625 0.13020833333333334 0.4697265625 0.13151041666666666 0.462890625 0.12109375 0.4560546875 0.09505208333333333 0.458984375 0.045572916666666664 0.455078125 0.032552083333333336 0.4521484375 0.0013020833333333333
0 0.7529296875 0 0.78125 0.020833333333333332 0.7998046875 0.024739583333333332 0.8154296875 0.037760416666666664 0.8203125 0.03515625 0.8232421875 0.036458333333333336 0.826171875 0.046875 0.826171875 0.05859375 0.8349609375 0.08723958333333333 0.8369140625 0.10416666666666667 0.8349609375 0.12760416666666666 0.822265625 0.16015625 0.8037109375 0.18880208333333334 0.775390625 0.21223958333333334 0.767578125 0.21223958333333334 0.7578125 0.20703125 0.7353515625 0.20182291666666666 0.720703125 0.20182291666666666 0.6904296875 0.2109375 0.673828125 0.20963541666666666 0.6640625 0.20572916666666666 0.6416015625 0.18489583333333334 0.6279296875 0.16796875 0.6162109375 0.13671875 0.609375 0.12630208333333334 0.6044921875 0.10807291666666667 0.6064453125 0.08984375 0.6142578125 0.07682291666666667 0.6220703125 0.053385416666666664 0.63671875 0.029947916666666668 0.6494140625 0.018229166666666668 0.6640625 0.013020833333333334 0.685546875 0.018229166666666668 0.703125 0.00390625 0.7177734375 0.0026041666666666665 0.7197265625 0 0.751953125 0
0 0.7412109375 0.2109375 0.751953125 0.21223958333333334 0.7666015625 0.21875 0.7939453125 0.23958333333333334 0.80078125 0.25390625 0.81640625 0.2747395833333333 0.826171875 0.29296875 0.8330078125 0.3450520833333333 0.82421875 0.3776041666666667 0.810546875 0.3971354166666667 0.7705078125 0.3958333333333333 0.7529296875 0.4010416666666667 0.732421875 0.4166666666666667 0.708984375 0.4453125 0.69921875 0.44921875 0.6884765625 0.4466145833333333 0.67578125 0.4361979166666667 0.6650390625 0.4205729166666667 0.65234375 0.3958333333333333 0.6357421875 0.3736979166666667 0.6240234375 0.3658854166666667 0.62109375 0.3619791666666667 0.619140625 0.3528645833333333 0.6142578125 0.34765625 0.6171875 0.3424479166666667 0.6171875 0.3346354166666667 0.62109375 0.3229166666666667 0.6337890625 0.3046875 0.6484375 0.2643229166666667 0.666015625 0.22786458333333334 0.697265625 0.21354166666666666 0.740234375 0.2109375