0 0.4560546875 0.18619791666666666 0.48046875 0.19010416666666666 0.5166015625 0.20572916666666666 0.5224609375 0.21354166666666666 0.53125 0.23958333333333334 0.5400390625 0.2552083333333333 0.5458984375 0.2708333333333333 0.55078125 0.2942708333333333 0.5517578125 0.3255208333333333 0.546875 0.3528645833333333 0.5224609375 0.38671875 0.509765625 0.3971354166666667 0.4951171875 0.4036458333333333 0.48046875 0.4036458333333333 0.455078125 0.3971354166666667 0.421875 0.3736979166666667 0.4072265625 0.35546875 0.3955078125 0.3346354166666667 0.388671875 0.3046875 0.3857421875 0.28515625 0.3857421875 0.2552083333333333 0.3896484375 0.23567708333333334 0.39453125 0.22265625 0.404296875 0.20833333333333334 0.4189453125 0.19401041666666666 0.439453125 0.1875 0.455078125 0.18619791666666666
0 0.6513671875 0.5130208333333334 0.677734375 0.5286458333333334 0.6982421875 0.5520833333333334 0.705078125 0.5690104166666666 0.7138671875 0.6106770833333334 0.7119140625 0.64453125 0.7001953125 0.6731770833333334 0.693359375 0.68359375 0.673828125 0.7044270833333334 0.6669921875 0.7096354166666666 0.658203125 0.7122395833333334 0.619140625 0.7083333333333334 0.6083984375 0.7044270833333334 0.5947265625 0.6953125 0.564453125 0.6653645833333334 0.5537109375 0.62890625 0.5537109375 0.62109375 0.5576171875 0.609375 0.576171875 0.5716145833333334 0.5791015625 0.546875 0.587890625 0.5260416666666666 0.6181640625 0.5130208333333334 0.650390625 0.5130208333333334
0 0.255859375 0.51953125 0.2861328125 0.5247395833333334 0.30078125 0.5364583333333334 0.3212890625 0.5625 0.3359375 0.5924479166666666 0.337890625 0.6171875 0.3349609375 0.65234375 0.3212890625 0.6875 0.3017578125 0.7057291666666666 0.275390625 0.71484375 0.2548828125 0.71484375 0.212890625 0.69921875 0.2041015625 0.7213541666666666 0.2001953125 0.7213541666666666 0.1845703125 0.6966145833333334 0.162109375 0.66796875 0.142578125 0.6653645833333334 0.1396484375 0.6549479166666666 0.1328125 0.6497395833333334 0.1337890625 0.63671875 0.1416015625 0.6263020833333334 0.146484375 0.61328125 0.1455078125 0.5846354166666666 0.1572265625 0.5833333333333334 0.1650390625 0.59765625 0.16796875 0.5950520833333334 0.16796875 0.5846354166666666 0.169921875 0.5794270833333334 0.1806640625 0.5572916666666666 0.2041015625 0.5286458333333334 0.2138671875 0.5221354166666666 0.228515625 0.5169270833333334 0.2548828125 0.51953125
0 0.3974609375 0.6197916666666666 0.408203125 0.6236979166666666 0.4541015625 0.66015625 0.45703125 0.6640625 0.4638671875 0.69140625 0.4619140625 0.7252604166666666 0.453125 0.7486979166666666 0.4384765625 0.7760416666666666 0.4326171875 0.7916666666666666 0.421875 0.80859375 0.4189453125 0.8177083333333334 0.4072265625 0.828125 0.3974609375 0.8255208333333334 0.38671875 0.8151041666666666 0.3681640625 0.7903645833333334 0.3515625 0.7786458333333334 0.33203125 0.7513020833333334 0.3251953125 0.7239583333333334 0.326171875 0.6901041666666666 0.3369140625 0.6575520833333334 0.353515625 0.6354166666666666 0.36328125 0.6276041666666666 0.3818359375 0.6197916666666666 0.396484375 0.6197916666666666
0 0.654296875 0.23697916666666666 0.6787109375 0.24479166666666666 0.6962890625 0.26171875 0.7109375 0.3033854166666667 0.720703125 0.3190104166666667 0.724609375 0.3463541666666667 0.734375 0.359375 0.7373046875 0.3763020833333333 0.736328125 0.3880208333333333 0.734375 0.4036458333333333 0.7314453125 0.41015625 0.7197265625 0.4205729166666667 0.6884765625 0.4296875 0.662109375 0.4518229166666667 0.6396484375 0.4622395833333333 0.62890625 0.4713541666666667 0.6162109375 0.4713541666666667 0.611328125 0.4674479166666667 0.59765625 0.4518229166666667 0.5810546875 0.4375 0.572265625 0.42578125 0.5654296875 0.4114583333333333 0.5634765625 0.3997395833333333 0.552734375 0.3684895833333333 0.5517578125 0.3541666666666667 0.560546875 0.3046875 0.5673828125 0.2825520833333333 0.5751953125 0.2708333333333333 0.615234375 0.24088541666666666 0.634765625 0.23697916666666666 0.6533203125 0.23697916666666666
0 0.2744140625 0 0.42578125 0 0.4345703125 0.013020833333333334 0.4501953125 0.06380208333333333 0.4501953125 0.08072916666666667 0.4453125 0.125 0.4306640625 0.1640625 0.4189453125 0.18359375 0.40234375 0.20182291666666666 0.3837890625 0.21614583333333334 0.369140625 0.22135416666666666 0.3408203125 0.22005208333333334 0.3134765625 0.20572916666666666 0.2880859375 0.1796875 0.2724609375 0.1484375 0.2607421875 0.10677083333333333 0.2392578125 0.10677083333333333 0.2236328125 0.11197916666666667 0.2197265625 0.109375 0.2158203125 0.1015625 0.2138671875 0.08203125 0.2294921875 0.06380208333333333 0.2421875 0.06380208333333333 0.2509765625 0.07291666666666667 0.255859375 0.07161458333333333 0.2607421875 0.06380208333333333 0.2626953125 0.057291666666666664 0.2529296875 0.045572916666666664 0.251953125 0.0390625 0.25390625 0.033854166666666664 0.26171875 0.026041666666666668 0.263671875 0.015625 0.2744140625 0.0013020833333333333
0 0.4521484375 0.3997395833333333 0.458984375 0.4036458333333333 0.4873046875 0.4088541666666667 0.5068359375 0.40234375 0.51953125 0.4075520833333333 0.556640625 0.4557291666666667 0.5693359375 0.4856770833333333 0.5771484375 0.4986979166666667 0.5810546875 0.5143229166666666 0.5810546875 0.5260416666666666 0.57421875 0.546875 0.57421875 0.5625 0.5712890625 0.57421875 0.55078125 0.6145833333333334 0.5380859375 0.6302083333333334 0.521484375 0.64453125 0.509765625 0.6510416666666666 0.4765625 0.66015625 0.4599609375 0.6575520833333334 0.44921875 0.65234375 0.4208984375 0.6302083333333334 0.4072265625 0.6158854166666666 0.3955078125 0.59765625 0.3818359375 0.5625 0.376953125 0.5338541666666666 0.376953125 0.50390625 0.37890625 0.4895833333333333 0.38671875 0.4739583333333333 0.39453125 0.44921875 0.41796875 0.4166666666666667 0.4248046875 0.4140625 0.4296875 0.4075520833333333 0.4423828125 0.3997395833333333 0.451171875 0.3997395833333333
0 0.560546875 0.671875 0.57421875 0.6809895833333334 0.595703125 0.7005208333333334 0.6171875 0.7122395833333334 0.625 0.7200520833333334 0.6318359375 0.7369791666666666 0.638671875 0.7825520833333334 0.626953125 0.828125 0.6015625 0.8828125 0.5849609375 0.9049479166666666 0.5654296875 0.92578125 0.560546875 0.9283854166666666 0.5458984375 0.9270833333333334 0.5341796875 0.9361979166666666 0.517578125 0.9440104166666666 0.5185546875 0.9466145833333334 0.5224609375 0.9466145833333334 0.529296875 0.9518229166666666 0.529296875 0.9609375 0.53125 0.9635416666666666 0.5390625 0.9635416666666666 0.5400390625 0.9661458333333334 0.5361328125 0.98046875 0.541015625 0.9869791666666666 0.546875 0.9908854166666666 0.5498046875 0.9869791666666666 0.5576171875 0.984375 0.5673828125 0.984375 0.564453125 0.9908854166666666 0.556640625 0.9947916666666666 0.5390625 0.9921875 0.5283203125 0.9934895833333334 0.5244140625 0.9908854166666666 0.517578125 0.9791666666666666 0.5068359375 0.9700520833333334 0.505859375 0.96484375 0.4970703125 0.96484375 0.4951171875 0.9622395833333334 0.4970703125 0.9596354166666666 0.4921875 0.9557291666666666 0.494140625 0.953125 0.494140625 0.9427083333333334 0.4921875 0.9401041666666666 0.4814453125 0.93359375 0.4560546875 0.90625 0.4462890625 0.890625 0.4404296875 0.875 0.43359375 0.8255208333333334 0.43359375 0.8098958333333334 0.4384765625 0.7890625 0.44921875 0.7708333333333334 0.458984375 0.7434895833333334 0.4716796875 0.7265625 0.4853515625 0.7161458333333334 0.5009765625 0.6940104166666666 0.515625 0.68359375 0.5361328125 0.6744791666666666 0.5595703125 0.671875
0 0.44921875 0 0.578125 0 0.5751953125 0.01171875 0.560546875 0.037760416666666664 0.5322265625 0.053385416666666664 0.51953125 0.055989583333333336 0.50390625 0.0546875 0.494140625 0.049479166666666664 0.45703125 0.015625 0.451171875 0.0078125 0.44921875 0.0013020833333333333
0 0.5673828125 0.04296875 0.5888671875 0.045572916666666664 0.6044921875 0.05078125 0.6220703125 0.06380208333333333 0.6416015625 0.09375 0.6494140625 0.12109375 0.6494140625 0.16015625 0.6328125 0.203125 0.619140625 0.22786458333333334 0.611328125 0.23697916666666666 0.6015625 0.24479166666666666 0.5830078125 0.25390625 0.5625 0.25390625 0.54296875 0.24609375 0.5380859375 0.23958333333333334 0.53125 0.22135416666666666 0.521484375 0.20442708333333334 0.4912109375 0.18489583333333334 0.484375 0.16145833333333334 0.484375 0.13671875 0.48828125 0.11197916666666667 0.5 0.0859375 0.513671875 0.0703125 0.541015625 0.052083333333333336 0.56640625 0.04296875
0 0.3232421875 0.24609375 0.3447265625 0.2565104166666667 0.3544921875 0.2643229166666667 0.369140625 0.2786458333333333 0.3779296875 0.2916666666666667 0.38671875 0.3151041666666667 0.388671875 0.3307291666666667 0.39453125 0.34765625 0.3974609375 0.3645833333333333 0.3974609375 0.3815104166666667 0.38671875 0.4140625 0.3662109375 0.4427083333333333 0.3515625 0.46875 0.34375 0.4895833333333333 0.3388671875 0.49609375 0.3310546875 0.5013020833333334 0.3212890625 0.5026041666666666 0.2998046875 0.51171875 0.27734375 0.515625 0.2578125 0.515625 0.2333984375 0.51171875 0.21875 0.5052083333333334 0.1953125 0.48828125 0.1796875 0.4622395833333333 0.16796875 0.4231770833333333 0.166015625 0.41015625 0.166015625 0.3776041666666667 0.1689453125 0.3567708333333333 0.171875 0.34375 0.1845703125 0.3098958333333333 0.2041015625 0.28515625 0.2314453125 0.2578125 0.248046875 0.24869791666666666 0.2705078125 0.24088541666666666 0.296875 0.24088541666666666 0.322265625 0.24609375