0 0.6591796875 0.73828125 0.666015625 0.74609375 0.673828125 0.76171875 0.6884765625 0.7747395833333334 0.7001953125 0.7955729166666666 0.703125 0.8046875 0.703125 0.8203125 0.70703125 0.8424479166666666 0.70703125 0.8645833333333334 0.703125 0.8932291666666666 0.7021484375 0.9192708333333334 0.693359375 0.9609375 0.685546875 0.984375 0.677734375 0.99609375 0.6640625 0.9934895833333334 0.65625 0.9947916666666666 0.6513671875 0.9986979166666666 0.6357421875 0.9986979166666666 0.6328125 0.9947916666666666 0.6328125 0.9700520833333334 0.634765625 0.96484375 0.6337890625 0.9479166666666666 0.6376953125 0.9322916666666666 0.63671875 0.9283854166666666 0.64453125 0.9049479166666666 0.64453125 0.8919270833333334 0.6484375 0.8723958333333334 0.654296875 0.8619791666666666 0.65234375 0.8255208333333334 0.6484375 0.8098958333333334 0.6416015625 0.796875 0.63671875 0.7903645833333334 0.62890625 0.7903645833333334 0.623046875 0.7838541666666666 0.61328125 0.7408854166666666 0.6162109375 0.73828125 0.6416015625 0.7356770833333334 0.654296875 0.7356770833333334 0.658203125 0.73828125
0 0.67578125 0.5091145833333334 0.6865234375 0.5130208333333334 0.6943359375 0.51953125 0.716796875 0.5481770833333334 0.7236328125 0.5651041666666666 0.7275390625 0.5911458333333334 0.7275390625 0.60546875 0.7216796875 0.6419270833333334 0.7158203125 0.6510416666666666 0.7021484375 0.6614583333333334 0.69140625 0.67578125 0.6669921875 0.69140625 0.6572265625 0.703125 0.6513671875 0.7057291666666666 0.6455078125 0.7057291666666666 0.6328125 0.6927083333333334 0.6298828125 0.67578125 0.6240234375 0.66796875 0.6181640625 0.6653645833333334 0.6015625 0.6432291666666666 0.6005859375 0.6315104166666666 0.611328125 0.5950520833333334 0.611328125 0.58203125 0.619140625 0.53125 0.6298828125 0.51953125 0.638671875 0.5143229166666666 0.6748046875 0.5091145833333334
0 0.58984375 0.13802083333333334 0.6083984375 0.14583333333333334 0.6171875 0.14453125 0.6455078125 0.15364583333333334 0.662109375 0.15494791666666666 0.6689453125 0.16145833333333334 0.66796875 0.171875 0.662109375 0.18489583333333334 0.662109375 0.19401041666666666 0.66796875 0.2109375 0.6728515625 0.24088541666666666 0.673828125 0.2565104166666667 0.6708984375 0.2786458333333333 0.6669921875 0.29296875 0.6611328125 0.30078125 0.6337890625 0.3190104166666667 0.6259765625 0.3190104166666667 0.6123046875 0.30859375 0.6005859375 0.3059895833333333 0.5908203125 0.2955729166666667 0.5810546875 0.2942708333333333 0.5673828125 0.2864583333333333 0.556640625 0.2747395833333333 0.5498046875 0.2565104166666667 0.55078125 0.21875 0.544921875 0.203125 0.5341796875 0.19010416666666666 0.533203125 0.18098958333333334 0.53515625 0.171875 0.5458984375 0.15625 0.564453125 0.14192708333333334 0.57421875 0.13802083333333334 0.5888671875 0.13802083333333334
0 0.65625 0.73828125 0.6611328125 0.7408854166666666 0.6728515625 0.76171875 0.6845703125 0.7708333333333334 0.69921875 0.7955729166666666 0.7021484375 0.8046875 0.7041015625 0.8346354166666666 0.70703125 0.84765625 0.7021484375 0.9153645833333334 0.693359375 0.9596354166666666 0.681640625 0.9921875 0.6787109375 0.99609375 0.671875 0.9986979166666666 0.66796875 0.99609375 0.6552734375 0.99609375 0.6533203125 0.9986979166666666 0.54296875 0.9986979166666666 0.525390625 0.9518229166666666 0.525390625 0.9453125 0.52734375 0.9440104166666666 0.5439453125 0.94140625 0.564453125 0.9309895833333334 0.5849609375 0.9127604166666666 0.5947265625 0.8958333333333334 0.6044921875 0.8684895833333334 0.60546875 0.859375 0.6083984375 0.8580729166666666 0.61328125 0.8489583333333334 0.6123046875 0.8359375 0.625 0.7955729166666666 0.6181640625 0.7604166666666666 0.6123046875 0.7408854166666666 0.6298828125 0.7369791666666666 0.6552734375 0.73828125
0 0.4130859375 0.7434895833333334 0.421875 0.7526041666666666 0.4267578125 0.7473958333333334 0.4287109375 0.7486979166666666 0.4287109375 0.76171875 0.4248046875 0.78515625 0.4287109375 0.8033854166666666 0.4208984375 0.84375 0.41796875 0.8541666666666666 0.4140625 0.859375 0.419921875 0.8932291666666666 0.423828125 0.8984375 0.427734375 0.8984375 0.4375 0.8958333333333334 0.4443359375 0.8880208333333334 0.447265625 0.8880208333333334 0.455078125 0.8932291666666666 0.4638671875 0.9049479166666666 0.4658203125 0.9114583333333334 0.462890625 0.9244791666666666 0.447265625 0.9453125 0.4287109375 0.9596354166666666 0.4091796875 0.9674479166666666 0.3935546875 0.9674479166666666 0.37890625 0.9635416666666666 0.3623046875 0.9557291666666666 0.3486328125 0.9453125 0.3369140625 0.9270833333333334 0.328125 0.9036458333333334 0.3251953125 0.8932291666666666 0.3232421875 0.8606770833333334 0.326171875 0.8346354166666666 0.330078125 0.8203125 0.3515625 0.7799479166666666 0.3984375 0.74609375 0.412109375 0.7434895833333334
0 0.5068359375 0.66015625 0.525390625 0.6666666666666666 0.54296875 0.66796875 0.556640625 0.6744791666666666 0.5615234375 0.671875 0.5693359375 0.671875 0.5732421875 0.6744791666666666 0.5859375 0.69921875 0.5986328125 0.7161458333333334 0.6083984375 0.7408854166666666 0.609375 0.7486979166666666 0.6123046875 0.7526041666666666 0.619140625 0.7864583333333334 0.619140625 0.8020833333333334 0.6123046875 0.8151041666666666 0.599609375 0.8736979166666666 0.591796875 0.89453125 0.58203125 0.9114583333333334 0.5576171875 0.9322916666666666 0.5244140625 0.94140625 0.5068359375 0.9401041666666666 0.4931640625 0.9348958333333334 0.4755859375 0.921875 0.4697265625 0.9127604166666666 0.4658203125 0.8997395833333334 0.4541015625 0.88671875 0.4482421875 0.8828125 0.44140625 0.8828125 0.427734375 0.8880208333333334 0.423828125 0.8854166666666666 0.4208984375 0.8763020833333334 0.4208984375 0.8606770833333334 0.423828125 0.8528645833333334 0.4248046875 0.83984375 0.43359375 0.8046875 0.43359375 0.7981770833333334 0.4365234375 0.7916666666666666 0.4345703125 0.7864583333333334 0.431640625 0.7864583333333334 0.431640625 0.7630208333333334 0.43359375 0.7552083333333334 0.4326171875 0.7356770833333334 0.4345703125 0.7265625 0.4482421875 0.6979166666666666 0.4638671875 0.6770833333333334 0.478515625 0.66796875 0.48828125 0.66796875 0.505859375 0.66015625
0 0.3095703125 0.30859375 0.328125 0.3203125 0.3447265625 0.3255208333333333 0.35546875 0.3372395833333333 0.373046875 0.3424479166666667 0.3779296875 0.34765625 0.38671875 0.3515625 0.3984375 0.3671875 0.404296875 0.3854166666666667 0.4033203125 0.4153645833333333 0.4013671875 0.4231770833333333 0.3876953125 0.4401041666666667 0.3857421875 0.4661458333333333 0.376953125 0.5052083333333334 0.3623046875 0.5260416666666666 0.3447265625 0.5403645833333334 0.310546875 0.5481770833333334 0.2880859375 0.546875 0.275390625 0.54296875 0.23828125 0.5234375 0.23046875 0.5260416666666666 0.216796875 0.5234375 0.2099609375 0.5182291666666666 0.203125 0.5065104166666666 0.201171875 0.4947916666666667 0.2080078125 0.4622395833333333 0.208984375 0.4309895833333333 0.2138671875 0.3958333333333333 0.2197265625 0.3776041666666667 0.232421875 0.3515625 0.2529296875 0.3268229166666667 0.2685546875 0.3138020833333333 0.2939453125 0.3059895833333333 0.30859375 0.30859375
0 0.345703125 0.55078125 0.3701171875 0.5520833333333334 0.37890625 0.5572916666666666 0.3857421875 0.5729166666666666 0.3955078125 0.5859375 0.4033203125 0.6080729166666666 0.4150390625 0.6236979166666666 0.419921875 0.6471354166666666 0.4189453125 0.6901041666666666 0.4111328125 0.71484375 0.4033203125 0.73046875 0.39453125 0.7421875 0.376953125 0.7578125 0.34765625 0.7760416666666666 0.3388671875 0.7747395833333334 0.3212890625 0.7669270833333334 0.294921875 0.765625 0.28515625 0.76171875 0.25390625 0.7278645833333334 0.2431640625 0.7057291666666666 0.2373046875 0.6744791666666666 0.2373046875 0.65234375 0.2421875 0.625 0.25 0.6028645833333334 0.2685546875 0.5768229166666666 0.2802734375 0.56640625 0.3017578125 0.5559895833333334 0.3447265625 0.55078125
0 0.564453125 0.2903645833333333 0.5888671875 0.3020833333333333 0.595703125 0.3111979166666667 0.6103515625 0.3138020833333333 0.623046875 0.32421875 0.6279296875 0.3372395833333333 0.6396484375 0.3502604166666667 0.650390625 0.38671875 0.650390625 0.4036458333333333 0.6484375 0.4127604166666667 0.6416015625 0.4375 0.630859375 0.4622395833333333 0.6142578125 0.4817708333333333 0.609375 0.4908854166666667 0.583984375 0.50390625 0.5615234375 0.5013020833333334 0.548828125 0.4947916666666667 0.5380859375 0.4856770833333333 0.517578125 0.4583333333333333 0.5078125 0.44140625 0.5009765625 0.4140625 0.5009765625 0.3802083333333333 0.5029296875 0.3697916666666667 0.5185546875 0.3359375 0.53515625 0.3125 0.5361328125 0.3020833333333333 0.546875 0.2838541666666667 0.556640625 0.28125 0.5634765625 0.2903645833333333
0 0.4365234375 0.07291666666666667 0.4599609375 0.08463541666666667 0.4697265625 0.09635416666666667 0.486328125 0.10286458333333333 0.51171875 0.12760416666666666 0.5224609375 0.1328125 0.53125 0.1640625 0.529296875 0.17447916666666666 0.5302734375 0.19270833333333334 0.54296875 0.20703125 0.546875 0.22526041666666666 0.546875 0.24739583333333334 0.541015625 0.28515625 0.5302734375 0.3020833333333333 0.5263671875 0.3151041666666667 0.5048828125 0.35546875 0.484375 0.3802083333333333 0.4697265625 0.3880208333333333 0.4501953125 0.3932291666666667 0.4375 0.3932291666666667 0.41015625 0.3854166666666667 0.40234375 0.3658854166666667 0.3935546875 0.3528645833333333 0.376953125 0.3359375 0.361328125 0.328125 0.3515625 0.3138020833333333 0.345703125 0.2981770833333333 0.3408203125 0.2916666666666667 0.3310546875 0.2890625 0.3271484375 0.2838541666666667 0.3359375 0.2734375 0.330078125 0.22526041666666666 0.3349609375 0.18098958333333334 0.3427734375 0.14973958333333334 0.3525390625 0.12760416666666666 0.359375 0.11588541666666667 0.37890625 0.09244791666666667 0.38671875 0.08984375 0.400390625 0.07942708333333333 0.4208984375 0.07291666666666667 0.435546875 0.07291666666666667
0 0.4990234375 0.4348958333333333 0.5224609375 0.4739583333333333 0.548828125 0.5013020833333334 0.5673828125 0.5078125 0.580078125 0.5091145833333334 0.5986328125 0.5026041666666666 0.60546875 0.49609375 0.6083984375 0.4973958333333333 0.6123046875 0.5104166666666666 0.61328125 0.5377604166666666 0.6123046875 0.5625 0.609375 0.5729166666666666 0.607421875 0.5989583333333334 0.591796875 0.63671875 0.5703125 0.6666666666666666 0.55078125 0.66796875 0.5361328125 0.6614583333333334 0.5224609375 0.66015625 0.5126953125 0.6549479166666666 0.5 0.6549479166666666 0.4873046875 0.6627604166666666 0.474609375 0.6627604166666666 0.4599609375 0.6744791666666666 0.4521484375 0.671875 0.439453125 0.6588541666666666 0.435546875 0.6575520833333334 0.423828125 0.6419270833333334 0.4208984375 0.6341145833333334 0.4189453125 0.6184895833333334 0.4228515625 0.609375 0.4228515625 0.6041666666666666 0.419921875 0.6015625 0.4228515625 0.5989583333333334 0.421875 0.5924479166666666 0.4140625 0.5833333333333334 0.4072265625 0.5807291666666666 0.3896484375 0.5559895833333334 0.4052734375 0.55078125 0.4052734375 0.515625 0.421875 0.48828125 0.421875 0.484375 0.4189453125 0.4830729166666667 0.4150390625 0.4752604166666667 0.412109375 0.4635416666666667 0.412109375 0.4596354166666667 0.4150390625 0.4557291666666667 0.41796875 0.453125 0.4306640625 0.453125 0.4345703125 0.4505208333333333 0.439453125 0.4583333333333333 0.4580078125 0.4401041666666667 0.462890625 0.4388020833333333 0.4736328125 0.4427083333333333 0.478515625 0.4375 0.498046875 0.4348958333333333
0 0.650390625 0.3346354166666667 0.6591796875 0.3385416666666667 0.6748046875 0.3372395833333333 0.6796875 0.33984375 0.685546875 0.34765625 0.6904296875 0.3697916666666667 0.69921875 0.3932291666666667 0.7041015625 0.4192708333333333 0.7041015625 0.44921875 0.6962890625 0.47265625 0.6796875 0.4947916666666667 0.669921875 0.5013020833333334 0.65625 0.5052083333333334 0.630859375 0.50390625 0.615234375 0.4986979166666667 0.61328125 0.4947916666666667 0.615234375 0.484375 0.6279296875 0.4700520833333333 0.638671875 0.4505208333333333 0.6513671875 0.4088541666666667 0.65234375 0.3854166666666667 0.6435546875 0.35546875 0.6357421875 0.3411458333333333 0.63671875 0.3372395833333333 0.6494140625 0.3346354166666667