0 0.8203125 0.2578125 0.8359375 0.2630208333333333 0.8603515625 0.2786458333333333 0.876953125 0.3033854166666667 0.884765625 0.328125 0.88671875 0.36328125 0.8828125 0.3815104166666667 0.8759765625 0.3971354166666667 0.8759765625 0.4114583333333333 0.8828125 0.4231770833333333 0.896484375 0.4244791666666667 0.90234375 0.43359375 0.90234375 0.4375 0.888671875 0.4557291666666667 0.888671875 0.4596354166666667 0.9091796875 0.47265625 0.931640625 0.4947916666666667 0.9453125 0.51171875 0.9560546875 0.5299479166666666 0.9638671875 0.5703125 0.9423828125 0.5299479166666666 0.9384765625 0.5299479166666666 0.9345703125 0.5390625 0.9287109375 0.5390625 0.9248046875 0.5286458333333334 0.9150390625 0.515625 0.880859375 0.4908854166666667 0.865234375 0.48828125 0.8583984375 0.4947916666666667 0.8232421875 0.5052083333333334 0.8232421875 0.4739583333333333 0.8271484375 0.44921875 0.826171875 0.4205729166666667 0.8232421875 0.4036458333333333 0.8125 0.3723958333333333 0.7763671875 0.3229166666666667 0.7548828125 0.30859375 0.7392578125 0.3072916666666667 0.734375 0.3033854166666667 0.734375 0.296875 0.7373046875 0.2916666666666667 0.7666015625 0.2682291666666667 0.79296875 0.2578125 0.8193359375 0.2578125
0 0.6064453125 0.1328125 0.62109375 0.1328125 0.6259765625 0.1484375 0.6474609375 0.14453125 0.6640625 0.14973958333333334 0.697265625 0.17447916666666666 0.7021484375 0.18098958333333334 0.724609375 0.22916666666666666 0.7275390625 0.2421875 0.7275390625 0.2604166666666667 0.716796875 0.2877604166666667 0.7109375 0.2955729166666667 0.685546875 0.296875 0.65234375 0.3046875 0.623046875 0.3216145833333333 0.6083984375 0.34375 0.591796875 0.3489583333333333 0.5791015625 0.3463541666666667 0.5634765625 0.3307291666666667 0.5595703125 0.3190104166666667 0.5595703125 0.3046875 0.5634765625 0.2825520833333333 0.56640625 0.23046875 0.5712890625 0.20703125 0.568359375 0.17838541666666666 0.5693359375 0.16276041666666666 0.5751953125 0.15234375 0.578125 0.14192708333333334 0.5830078125 0.13671875 0.5927734375 0.1328125 0.60546875 0.1328125
0 0.8759765625 0.4361979166666667 0.8779296875 0.4466145833333333 0.890625 0.4466145833333333 0.88671875 0.4557291666666667 0.888671875 0.4583333333333333 0.91015625 0.47265625 0.9453125 0.5104166666666666 0.9580078125 0.5338541666666666 0.958984375 0.5455729166666666 0.9697265625 0.5807291666666666 0.966796875 0.5807291666666666 0.962890625 0.5755208333333334 0.9482421875 0.5403645833333334 0.9423828125 0.53125 0.939453125 0.53125 0.93359375 0.5416666666666666 0.9248046875 0.5403645833333334 0.923828125 0.5286458333333334 0.9150390625 0.5169270833333334 0.8818359375 0.4921875 0.8642578125 0.4895833333333333 0.8525390625 0.4973958333333333 0.8427734375 0.4986979166666667 0.8251953125 0.5065104166666666 0.822265625 0.5052083333333334 0.822265625 0.4830729166666667 0.8251953125 0.4557291666666667 0.8271484375 0.4453125 0.830078125 0.44140625 0.85546875 0.4401041666666667 0.8623046875 0.4427083333333333 0.8701171875 0.4401041666666667 0.873046875 0.4453125 0.8759765625 0.4375
0 0.5888671875 0.6458333333333334 0.6064453125 0.6497395833333334 0.6171875 0.65625 0.63671875 0.6731770833333334 0.6513671875 0.6901041666666666 0.6748046875 0.73828125 0.6767578125 0.7513020833333334 0.6826171875 0.7682291666666666 0.681640625 0.7721354166666666 0.6845703125 0.7760416666666666 0.681640625 0.7916666666666666 0.6826171875 0.7955729166666666 0.6806640625 0.7994791666666666 0.6806640625 0.8229166666666666 0.6748046875 0.8463541666666666 0.666015625 0.87109375 0.654296875 0.89453125 0.6279296875 0.9244791666666666 0.6123046875 0.93359375 0.591796875 0.9388020833333334 0.5595703125 0.9388020833333334 0.546875 0.9348958333333334 0.5322265625 0.9166666666666666 0.513671875 0.9010416666666666 0.5078125 0.9010416666666666 0.498046875 0.9075520833333334 0.494140625 0.90625 0.4921875 0.90234375 0.4921875 0.875 0.478515625 0.8450520833333334 0.4794921875 0.8138020833333334 0.4765625 0.80078125 0.48046875 0.7747395833333334 0.490234375 0.74609375 0.529296875 0.6627604166666666 0.5400390625 0.6614583333333334 0.5634765625 0.6471354166666666 0.587890625 0.6458333333333334
0 0.49609375 0.32421875 0.4990234375 0.3229166666666667 0.5048828125 0.3294270833333333 0.5078125 0.3268229166666667 0.5185546875 0.33984375 0.53125 0.3697916666666667 0.5439453125 0.3854166666666667 0.5458984375 0.39453125 0.560546875 0.4231770833333333 0.5654296875 0.44140625 0.5673828125 0.47265625 0.564453125 0.4869791666666667 0.556640625 0.5078125 0.5498046875 0.5182291666666666 0.515625 0.5455729166666666 0.5087890625 0.5481770833333334 0.490234375 0.5481770833333334 0.462890625 0.5325520833333334 0.4150390625 0.4895833333333333 0.4111328125 0.4830729166666667 0.4091796875 0.4700520833333333 0.4091796875 0.4388020833333333 0.4140625 0.421875 0.4287109375 0.3971354166666667 0.44921875 0.3723958333333333 0.470703125 0.3541666666666667 0.4775390625 0.3450520833333333 0.48046875 0.3359375 0.48828125 0.3333333333333333 0.4970703125 0.3255208333333333
0 0.4111328125 0.4908854166666667 0.4375 0.5143229166666666 0.4541015625 0.5338541666666666 0.4736328125 0.5442708333333334 0.4970703125 0.56640625 0.513671875 0.5885416666666666 0.5166015625 0.6002604166666666 0.5185546875 0.6184895833333334 0.5185546875 0.6536458333333334 0.5126953125 0.6848958333333334 0.48046875 0.7604166666666666 0.474609375 0.77734375 0.4736328125 0.7877604166666666 0.46875 0.7994791666666666 0.451171875 0.8203125 0.4384765625 0.81640625 0.427734375 0.80859375 0.4130859375 0.79296875 0.3896484375 0.7799479166666666 0.3505859375 0.7421875 0.3330078125 0.7174479166666666 0.3193359375 0.6705729166666666 0.318359375 0.6380208333333334 0.3203125 0.6263020833333334 0.3330078125 0.59765625 0.3466796875 0.578125 0.3525390625 0.55859375 0.3681640625 0.5377604166666666 0.38671875 0.5 0.396484375 0.4934895833333333 0.41015625 0.4908854166666667
0 0.7412109375 0.5989583333333334 0.755859375 0.60546875 0.76953125 0.6080729166666666 0.79296875 0.62890625 0.806640625 0.6497395833333334 0.818359375 0.6875 0.818359375 0.7161458333333334 0.81640625 0.7239583333333334 0.8173828125 0.7408854166666666 0.80859375 0.7513020833333334 0.8037109375 0.7669270833333334 0.7900390625 0.7942708333333334 0.771484375 0.8138020833333334 0.7548828125 0.82421875 0.7421875 0.828125 0.71484375 0.82421875 0.703125 0.8203125 0.6943359375 0.8125 0.6943359375 0.8059895833333334 0.701171875 0.7890625 0.7001953125 0.7825520833333334 0.6943359375 0.7760416666666666 0.6845703125 0.7578125 0.6796875 0.7395833333333334 0.654296875 0.6861979166666666 0.6513671875 0.6744791666666666 0.6435546875 0.6705729166666666 0.6435546875 0.66015625 0.6572265625 0.6302083333333334 0.6748046875 0.6263020833333334 0.6953125 0.6106770833333334 0.7158203125 0.6015625 0.740234375 0.5989583333333334
0 0.7109375 0.30078125 0.7275390625 0.3046875 0.7412109375 0.3111979166666667 0.751953125 0.3111979166666667 0.76953125 0.3203125 0.779296875 0.3294270833333333 0.8076171875 0.3684895833333333 0.8203125 0.4036458333333333 0.82421875 0.4296875 0.822265625 0.4674479166666667 0.8193359375 0.484375 0.8193359375 0.5052083333333334 0.8115234375 0.5325520833333334 0.80078125 0.5572916666666666 0.78125 0.5846354166666666 0.76953125 0.5963541666666666 0.7626953125 0.6002604166666666 0.755859375 0.6002604166666666 0.7373046875 0.59375 0.7216796875 0.5950520833333334 0.6748046875 0.6171875 0.65625 0.61328125 0.6484375 0.6080729166666666 0.640625 0.5963541666666666 0.6337890625 0.59765625 0.6220703125 0.5911458333333334 0.611328125 0.5768229166666666 0.6025390625 0.5572916666666666 0.591796875 0.54296875 0.5859375 0.5182291666666666 0.58203125 0.4869791666666667 0.5849609375 0.4622395833333333 0.583984375 0.3971354166666667 0.5947265625 0.3697916666666667 0.6220703125 0.328125 0.6640625 0.3046875 0.6875 0.30078125 0.7099609375 0.30078125
0 0.47265625 0.11848958333333333 0.4794921875 0.12109375 0.509765625 0.12239583333333333 0.52734375 0.12890625 0.5361328125 0.13411458333333334 0.5478515625 0.14583333333333334 0.560546875 0.16536458333333334 0.56640625 0.19270833333333334 0.56640625 0.20442708333333334 0.5634765625 0.22005208333333334 0.5625 0.2552083333333333 0.5576171875 0.2864583333333333 0.5576171875 0.2994791666666667 0.556640625 0.3033854166666667 0.525390625 0.3424479166666667 0.5087890625 0.3203125 0.4951171875 0.3190104166666667 0.4873046875 0.3294270833333333 0.4765625 0.3346354166666667 0.4736328125 0.3450520833333333 0.46875 0.3515625 0.4609375 0.35546875 0.4521484375 0.3671875 0.439453125 0.375 0.421875 0.3723958333333333 0.4072265625 0.36328125 0.40234375 0.3567708333333333 0.390625 0.3489583333333333 0.37890625 0.3333333333333333 0.3681640625 0.2981770833333333 0.3662109375 0.2747395833333333 0.3671875 0.2578125 0.37890625 0.21223958333333334 0.4072265625 0.16796875 0.41015625 0.15494791666666666 0.4169921875 0.14192708333333334 0.4248046875 0.13411458333333334 0.4384765625 0.13541666666666666 0.4453125 0.12890625 0.4638671875 0.125 0.4716796875 0.11848958333333333
0 0.794921875 0.11197916666666667 0.8134765625 0.12109375 0.826171875 0.13671875 0.8330078125 0.14973958333333334 0.83984375 0.1796875 0.8388671875 0.19791666666666666 0.8349609375 0.21744791666666666 0.826171875 0.23567708333333334 0.814453125 0.2513020833333333 0.7939453125 0.25390625 0.7646484375 0.2643229166666667 0.73828125 0.28515625 0.732421875 0.28515625 0.728515625 0.2799479166666667 0.73046875 0.2643229166666667 0.73046875 0.24348958333333334 0.728515625 0.23307291666666666 0.70703125 0.1796875 0.7099609375 0.1640625 0.708984375 0.13932291666666666 0.7119140625 0.12890625 0.7197265625 0.11979166666666667 0.755859375 0.11979166666666667 0.779296875 0.11197916666666667 0.7939453125 0.11197916666666667
0 0.91015625 0.18619791666666666 0.9208984375 0.18880208333333334 0.9384765625 0.19791666666666666 0.958984375 0.22265625 0.9677734375 0.2526041666666667 0.9677734375 0.2760416666666667 0.95703125 0.3111979166666667 0.9423828125 0.3346354166666667 0.9248046875 0.3515625 0.8994140625 0.3606770833333333 0.8896484375 0.3606770833333333 0.88671875 0.32421875 0.8740234375 0.29296875 0.8505859375 0.2669270833333333 0.833984375 0.2578125 0.830078125 0.2513020833333333 0.830078125 0.24609375 0.8369140625 0.22265625 0.85546875 0.20052083333333334 0.8828125 0.18880208333333334 0.8955078125 0.1796875 0.9033203125 0.16927083333333334 0.9052734375 0.17057291666666666 0.90625 0.18229166666666666 0.9091796875 0.18619791666666666
0 0.673828125 0.055989583333333336 0.689453125 0.059895833333333336 0.7021484375 0.06901041666666667 0.712890625 0.08463541666666667 0.720703125 0.11067708333333333 0.720703125 0.11588541666666667 0.716796875 0.11848958333333333 0.7080078125 0.1328125 0.7021484375 0.16015625 0.697265625 0.1640625 0.6923828125 0.1640625 0.673828125 0.14973958333333334 0.65625 0.14322916666666666 0.6298828125 0.14322916666666666 0.6220703125 0.13020833333333334 0.611328125 0.13020833333333334 0.6103515625 0.12760416666666666 0.611328125 0.11328125 0.6181640625 0.08333333333333333 0.62890625 0.06640625 0.6455078125 0.057291666666666664 0.6728515625 0.055989583333333336
0 0.826171875 0.2591145833333333 0.845703125 0.2682291666666667 0.861328125 0.2799479166666667 0.8759765625 0.30078125 0.8837890625 0.3216145833333333 0.88671875 0.33984375 0.8857421875 0.3723958333333333 0.875 0.40234375 0.8505859375 0.43359375 0.83203125 0.4388020833333333 0.8271484375 0.4388020833333333 0.826171875 0.4205729166666667 0.822265625 0.3997395833333333 0.8154296875 0.37890625 0.8056640625 0.3606770833333333 0.7744140625 0.3216145833333333 0.7568359375 0.3098958333333333 0.7373046875 0.3072916666666667 0.7333984375 0.3020833333333333 0.734375 0.2955729166666667 0.7373046875 0.2916666666666667 0.767578125 0.2669270833333333 0.796875 0.2565104166666667 0.8173828125 0.2565104166666667 0.8251953125 0.2591145833333333