0 0.9045138888888888 0.17838541666666666 0.9166666666666666 0.19270833333333334 0.9253472222222222 0.19921875 0.9340277777777778 0.20442708333333334 0.9496527777777778 0.20963541666666666 0.953125 0.21875 0.9618055555555556 0.2265625 0.96875 0.22916666666666666 0.9756944444444444 0.22786458333333334 0.9982638888888888 0.23177083333333334 0.9982638888888888 0.3111979166666667 0.984375 0.3138020833333333 0.9739583333333334 0.3138020833333333 0.9635416666666666 0.3111979166666667 0.9583333333333334 0.3020833333333333 0.9479166666666666 0.296875 0.9427083333333334 0.2890625 0.9427083333333334 0.2682291666666667 0.9375 0.2604166666666667 0.9184027777777778 0.24479166666666666 0.9097222222222222 0.24088541666666666 0.90625 0.23307291666666666 0.875 0.2109375 0.8715277777777778 0.20572916666666666 0.8715277777777778 0.19661458333333334 0.8802083333333334 0.18098958333333334 0.8888888888888888 0.17447916666666666 0.8975694444444444 0.17447916666666666 0.9027777777777778 0.17838541666666666
0 0.7795138888888888 0.40625 0.78125 0.4075520833333333 0.7847222222222222 0.40625 0.8350694444444444 0.4075520833333333 0.8697916666666666 0.4205729166666667 0.8993055555555556 0.4401041666666667 0.9166666666666666 0.4596354166666667 0.9236111111111112 0.4739583333333333 0.9288194444444444 0.4947916666666667 0.9288194444444444 0.52734375 0.9149305555555556 0.5638020833333334 0.90625 0.5768229166666666 0.8871527777777778 0.59765625 0.8611111111111112 0.6171875 0.8454861111111112 0.6276041666666666 0.8020833333333334 0.64453125 0.7569444444444444 0.6536458333333334 0.7170138888888888 0.6536458333333334 0.6927083333333334 0.6510416666666666 0.6649305555555556 0.64453125 0.6267361111111112 0.6276041666666666 0.6128472222222222 0.6158854166666666 0.5972222222222222 0.5963541666666666 0.5902777777777778 0.578125 0.5850694444444444 0.5546875 0.5850694444444444 0.5416666666666666 0.5972222222222222 0.5130208333333334 0.6059027777777778 0.5 0.6180555555555556 0.48828125 0.625 0.46875 0.6319444444444444 0.4622395833333333 0.6336805555555556 0.45703125 0.640625 0.4518229166666667 0.6631944444444444 0.44140625 0.6770833333333334 0.4401041666666667 0.6875 0.4296875 0.6979166666666666 0.4231770833333333 0.7326388888888888 0.41015625 0.7777777777777778 0.40625
0 0.6822916666666666 0.6549479166666666 0.7013888888888888 0.66015625 0.7378472222222222 0.6614583333333334 0.7517361111111112 0.6666666666666666 0.7743055555555556 0.68359375 0.7864583333333334 0.69921875 0.7951388888888888 0.7161458333333334 0.8003472222222222 0.7447916666666666 0.8055555555555556 0.7486979166666666 0.8333333333333334 0.7526041666666666 0.84375 0.76171875 0.8454861111111112 0.7682291666666666 0.8385416666666666 0.7734375 0.8298611111111112 0.7760416666666666 0.8194444444444444 0.7760416666666666 0.8038194444444444 0.7721354166666666 0.8003472222222222 0.7760416666666666 0.7986111111111112 0.79296875 0.7899305555555556 0.8020833333333334 0.7725694444444444 0.8138020833333334 0.7638888888888888 0.8229166666666666 0.7465277777777778 0.8255208333333334 0.7378472222222222 0.8346354166666666 0.7083333333333334 0.83984375 0.6944444444444444 0.8385416666666666 0.6631944444444444 0.8411458333333334 0.6579861111111112 0.8463541666666666 0.625 0.8411458333333334 0.6163194444444444 0.83203125 0.5954861111111112 0.82421875 0.5659722222222222 0.8020833333333334 0.5520833333333334 0.78515625 0.5451388888888888 0.7682291666666666 0.5451388888888888 0.7291666666666666 0.5486111111111112 0.7174479166666666 0.5642361111111112 0.6927083333333334 0.578125 0.6809895833333334 0.6006944444444444 0.66796875 0.6354166666666666 0.65625 0.65625 0.65625 0.6631944444444444 0.6510416666666666 0.6805555555555556 0.6549479166666666
0 0.4010416666666667 0.625 0.4097222222222222 0.6315104166666666 0.4184027777777778 0.64453125 0.4184027777777778 0.6497395833333334 0.4270833333333333 0.6692708333333334 0.4409722222222222 0.6796875 0.4600694444444444 0.68359375 0.5069444444444444 0.6848958333333334 0.5104166666666666 0.6927083333333334 0.5104166666666666 0.7044270833333334 0.5052083333333334 0.7265625 0.4895833333333333 0.74609375 0.4809027777777778 0.7526041666666666 0.4600694444444444 0.76171875 0.4357638888888889 0.76953125 0.40625 0.7747395833333334 0.3871527777777778 0.7747395833333334 0.3715277777777778 0.7721354166666666 0.3402777777777778 0.76171875 0.3211805555555556 0.74609375 0.3072916666666667 0.7239583333333334 0.3090277777777778 0.6861979166666666 0.3125 0.6770833333333334 0.3315972222222222 0.6510416666666666 0.3489583333333333 0.640625 0.3680555555555556 0.6354166666666666 0.3802083333333333 0.62890625 0.3993055555555556 0.625
0 0.5225694444444444 0.53125 0.5659722222222222 0.54296875 0.5729166666666666 0.5481770833333334 0.5815972222222222 0.5598958333333334 0.5833333333333334 0.5716145833333334 0.5954861111111112 0.6015625 0.6180555555555556 0.6276041666666666 0.6163194444444444 0.6380208333333334 0.6059027777777778 0.6549479166666666 0.5885416666666666 0.6692708333333334 0.5746527777777778 0.67578125 0.546875 0.6796875 0.5069444444444444 0.6783854166666666 0.4618055555555556 0.6796875 0.4409722222222222 0.67578125 0.4270833333333333 0.6640625 0.4236111111111111 0.6484375 0.4079861111111111 0.6223958333333334 0.3993055555555556 0.6145833333333334 0.390625 0.5911458333333334 0.3923611111111111 0.57421875 0.3975694444444444 0.5638020833333334 0.4097222222222222 0.5494791666666666 0.4305555555555556 0.53515625 0.453125 0.52734375 0.4704861111111111 0.5260416666666666 0.5052083333333334 0.52734375 0.5208333333333334 0.53125
0 0.5173611111111112 0.7565104166666666 0.5381944444444444 0.76171875 0.5434027777777778 0.7799479166666666 0.5503472222222222 0.7903645833333334 0.5607638888888888 0.8033854166666666 0.5868055555555556 0.8268229166666666 0.5868055555555556 0.84375 0.5798611111111112 0.8580729166666666 0.5642361111111112 0.8736979166666666 0.5381944444444444 0.890625 0.515625 0.8984375 0.4982638888888889 0.8971354166666666 0.46875 0.890625 0.4340277777777778 0.8736979166666666 0.4149305555555556 0.8671875 0.4079861111111111 0.8697916666666666 0.4010416666666667 0.8645833333333334 0.4027777777777778 0.8502604166666666 0.4131944444444444 0.83984375 0.4149305555555556 0.8177083333333334 0.4131944444444444 0.8033854166666666 0.421875 0.7799479166666666 0.4305555555555556 0.7747395833333334 0.4375 0.7747395833333334 0.4600694444444444 0.7643229166666666 0.4652777777777778 0.7643229166666666 0.484375 0.7578125 0.5017361111111112 0.7552083333333334 0.515625 0.7565104166666666
0 0.2881944444444444 0.48046875 0.3315972222222222 0.48828125 0.3715277777777778 0.5078125 0.3802083333333333 0.5143229166666666 0.3975694444444444 0.54296875 0.3975694444444444 0.5559895833333334 0.390625 0.56640625 0.3871527777777778 0.5794270833333334 0.3871527777777778 0.59765625 0.390625 0.60546875 0.3888888888888889 0.6145833333333334 0.3732638888888889 0.6263020833333334 0.3333333333333333 0.6432291666666666 0.3003472222222222 0.6497395833333334 0.2638888888888889 0.6484375 0.2309027777777778 0.6354166666666666 0.2065972222222222 0.6158854166666666 0.19444444444444445 0.609375 0.19270833333333334 0.5989583333333334 0.16319444444444445 0.58203125 0.1579861111111111 0.57421875 0.1579861111111111 0.5598958333333334 0.1545138888888889 0.5546875 0.1597222222222222 0.54296875 0.16666666666666666 0.5377604166666666 0.1840277777777778 0.53125 0.203125 0.52734375 0.24479166666666666 0.4973958333333333 0.265625 0.48828125 0.2743055555555556 0.4817708333333333 0.2864583333333333 0.48046875
0 0.3836805555555556 0 0.3871527777777778 0.0026041666666666665 0.3993055555555556 0.0013020833333333333 0.4097222222222222 0.005208333333333333 0.4305555555555556 0.02734375 0.4461805555555556 0.049479166666666664 0.4583333333333333 0.0703125 0.4618055555555556 0.08463541666666667 0.4756944444444444 0.11328125 0.4791666666666667 0.12630208333333334 0.4791666666666667 0.14973958333333334 0.4704861111111111 0.16927083333333334 0.4548611111111111 0.19270833333333334 0.4548611111111111 0.203125 0.4496527777777778 0.21744791666666666 0.4322916666666667 0.2421875 0.421875 0.2526041666666667 0.3836805555555556 0.2786458333333333 0.3559027777777778 0.2903645833333333 0.3454861111111111 0.2903645833333333 0.3385416666666667 0.2877604166666667 0.3055555555555556 0.2890625 0.2986111111111111 0.2864583333333333 0.2916666666666667 0.2864583333333333 0.2465277777777778 0.26953125 0.20833333333333334 0.23307291666666666 0.2013888888888889 0.21614583333333334 0.2013888888888889 0.17447916666666666 0.2222222222222222 0.10286458333333333 0.25 0.061197916666666664 0.265625 0.049479166666666664 0.2951388888888889 0.03515625 0.3368055555555556 0.026041666666666668 0.3402777777777778 0.013020833333333334 0.3350694444444444 0.00390625 0.3385416666666667 0.0013020833333333333 0.3402777777777778 0.0026041666666666665 0.3454861111111111 0 0.3506944444444444 0.0026041666666666665 0.3767361111111111 0.0026041666666666665 0.3819444444444444 0
0 0.23958333333333334 0.2877604166666667 0.2777777777777778 0.2903645833333333 0.3211805555555556 0.3072916666666667 0.3350694444444444 0.3190104166666667 0.3472222222222222 0.33984375 0.3420138888888889 0.3502604166666667 0.3333333333333333 0.3580729166666667 0.3246527777777778 0.37109375 0.3177083333333333 0.38671875 0.3177083333333333 0.3919270833333333 0.3107638888888889 0.4010416666666667 0.3125 0.4166666666666667 0.3107638888888889 0.4283854166666667 0.2951388888888889 0.4361979166666667 0.2743055555555556 0.4401041666666667 0.2326388888888889 0.4388020833333333 0.2152777777777778 0.4361979166666667 0.2013888888888889 0.4322916666666667 0.1840277777777778 0.4231770833333333 0.15625 0.4036458333333333 0.1388888888888889 0.38671875 0.1284722222222222 0.36328125 0.1284722222222222 0.3489583333333333 0.13368055555555555 0.3307291666666667 0.140625 0.3203125 0.16319444444444445 0.2994791666666667 0.17708333333333334 0.2916666666666667 0.21180555555555555 0.2877604166666667 0.2378472222222222 0.2877604166666667
0 0.8993055555555556 0.17708333333333334 0.9253472222222222 0.20182291666666666 0.9288194444444444 0.20182291666666666 0.9322916666666666 0.20572916666666666 0.9479166666666666 0.21223958333333334 0.9565972222222222 0.22395833333333334 0.9635416666666666 0.22916666666666666 0.9791666666666666 0.23046875 0.9826388888888888 0.23307291666666666 0.9947916666666666 0.234375 0.9982638888888888 0.23697916666666666 0.9965277777777778 0.24088541666666666 0.9982638888888888 0.2513020833333333 0.9947916666666666 0.25390625 0.9982638888888888 0.27734375 0.9982638888888888 0.2825520833333333 0.9947916666666666 0.2877604166666667 0.9965277777777778 0.3072916666666667 0.9947916666666666 0.3098958333333333 0.9809027777777778 0.3111979166666667 0.9670138888888888 0.3098958333333333 0.9600694444444444 0.30078125 0.9461805555555556 0.29296875 0.9444444444444444 0.30078125 0.9479166666666666 0.3072916666666667 0.9479166666666666 0.3255208333333333 0.9409722222222222 0.3385416666666667 0.9166666666666666 0.36328125 0.8975694444444444 0.3776041666666667 0.8767361111111112 0.3880208333333333 0.8472222222222222 0.3971354166666667 0.8211805555555556 0.4010416666666667 0.7725694444444444 0.3997395833333333 0.7604166666666666 0.3971354166666667 0.7465277777777778 0.390625 0.7291666666666666 0.3880208333333333 0.7100694444444444 0.3802083333333333 0.6770833333333334 0.35546875 0.6614583333333334 0.3385416666666667 0.6545138888888888 0.3046875 0.65625 0.28125 0.6614583333333334 0.26953125 0.6840277777777778 0.23828125 0.7013888888888888 0.22395833333333334 0.7222222222222222 0.21223958333333334 0.7621527777777778 0.19791666666666666 0.7899305555555556 0.1953125 0.8229166666666666 0.1953125 0.8697916666666666 0.20703125 0.8732638888888888 0.20442708333333334 0.875 0.19270833333333334 0.8854166666666666 0.17838541666666666 0.890625 0.17578125 0.8975694444444444 0.17708333333333334
0 0.4635416666666667 0.3033854166666667 0.4947916666666667 0.3059895833333333 0.5434027777777778 0.3203125 0.5677083333333334 0.33203125 0.5989583333333334 0.3567708333333333 0.6180555555555556 0.3893229166666667 0.625 0.4166666666666667 0.6232638888888888 0.4309895833333333 0.5972222222222222 0.4583333333333333 0.5920138888888888 0.4661458333333333 0.5902777777777778 0.4765625 0.5659722222222222 0.5026041666666666 0.5555555555555556 0.5091145833333334 0.5190972222222222 0.5143229166666666 0.4930555555555556 0.5208333333333334 0.4444444444444444 0.5208333333333334 0.4149305555555556 0.5130208333333334 0.4010416666666667 0.5052083333333334 0.3854166666666667 0.4908854166666667 0.3611111111111111 0.4817708333333333 0.3559027777777778 0.4778645833333333 0.3454861111111111 0.4661458333333333 0.3368055555555556 0.4505208333333333 0.3229166666666667 0.4388020833333333 0.3159722222222222 0.421875 0.3177083333333333 0.3997395833333333 0.3211805555555556 0.3958333333333333 0.3211805555555556 0.390625 0.3315972222222222 0.3671875 0.3611111111111111 0.3359375 0.4114583333333333 0.30859375 0.4357638888888889 0.3033854166666667 0.4618055555555556 0.3033854166666667
0 0.5121527777777778 0.12760416666666666 0.5190972222222222 0.13151041666666666 0.5243055555555556 0.1328125 0.53125 0.13151041666666666 0.5555555555555556 0.140625 0.5642361111111112 0.140625 0.5711805555555556 0.13671875 0.5763888888888888 0.13671875 0.5850694444444444 0.14322916666666666 0.6076388888888888 0.14583333333333334 0.6284722222222222 0.15234375 0.6475694444444444 0.16276041666666666 0.6614583333333334 0.17447916666666666 0.6736111111111112 0.19010416666666666 0.6788194444444444 0.20182291666666666 0.6805555555555556 0.20703125 0.6788194444444444 0.23828125 0.6579861111111112 0.26171875 0.6371527777777778 0.296875 0.6302083333333334 0.3033854166666667 0.6163194444444444 0.3098958333333333 0.5885416666666666 0.31640625 0.5520833333333334 0.31640625 0.5052083333333334 0.3020833333333333 0.4704861111111111 0.2799479166666667 0.4618055555555556 0.2604166666666667 0.4513888888888889 0.24609375 0.4513888888888889 0.22916666666666666 0.4600694444444444 0.20182291666666666 0.4704861111111111 0.1875 0.4809027777777778 0.15885416666666666 0.4878472222222222 0.15104166666666666 0.4878472222222222 0.13932291666666666 0.4930555555555556 0.1328125 0.5104166666666666 0.12760416666666666