0 0.7529296875 0.41015625 0.779296875 0.4244791666666667 0.791015625 0.4401041666666667 0.8037109375 0.47265625 0.8056640625 0.484375 0.8056640625 0.5091145833333334 0.8017578125 0.53125 0.802734375 0.54296875 0.7998046875 0.55078125 0.7880859375 0.5559895833333334 0.775390625 0.5703125 0.7646484375 0.578125 0.7451171875 0.5846354166666666 0.7314453125 0.5846354166666666 0.7099609375 0.578125 0.6923828125 0.5638020833333334 0.6787109375 0.5455729166666666 0.6708984375 0.5208333333333334 0.6708984375 0.4622395833333333 0.6826171875 0.4453125 0.69921875 0.4296875 0.71484375 0.4192708333333333 0.734375 0.4088541666666667 0.751953125 0.41015625
0 0.6962890625 0.6393229166666666 0.73828125 0.6510416666666666 0.7431640625 0.66015625 0.7509765625 0.6666666666666666 0.76171875 0.6809895833333334 0.7734375 0.7083333333333334 0.779296875 0.734375 0.779296875 0.76953125 0.77734375 0.7799479166666666 0.771484375 0.79296875 0.75 0.82421875 0.716796875 0.83984375 0.6943359375 0.8385416666666666 0.677734375 0.8307291666666666 0.6552734375 0.8138020833333334 0.6396484375 0.7864583333333334 0.630859375 0.7526041666666666 0.6298828125 0.73828125 0.6328125 0.703125 0.6279296875 0.69921875 0.626953125 0.6953125 0.62890625 0.6796875 0.6435546875 0.6666666666666666 0.6611328125 0.6614583333333334 0.6728515625 0.6497395833333334 0.681640625 0.6484375 0.6884765625 0.6419270833333334 0.6953125 0.6393229166666666
0 0.2509765625 0.7369791666666666 0.26171875 0.7395833333333334 0.275390625 0.7473958333333334 0.287109375 0.7604166666666666 0.296875 0.7786458333333334 0.2998046875 0.7877604166666666 0.302734375 0.8125 0.298828125 0.84765625 0.2939453125 0.8606770833333334 0.279296875 0.8828125 0.2587890625 0.8997395833333334 0.2392578125 0.9088541666666666 0.2236328125 0.91015625 0.2080078125 0.91796875 0.197265625 0.9192708333333334 0.1923828125 0.9192708333333334 0.181640625 0.91015625 0.1875 0.9075520833333334 0.189453125 0.9010416666666666 0.1748046875 0.8697916666666666 0.1708984375 0.8567708333333334 0.1708984375 0.8333333333333334 0.1787109375 0.7955729166666666 0.1943359375 0.7643229166666666 0.212890625 0.7447916666666666 0.2333984375 0.7369791666666666 0.25 0.7369791666666666
0 0.26953125 0.5299479166666666 0.2998046875 0.5455729166666666 0.3212890625 0.5729166666666666 0.326171875 0.5833333333333334 0.3330078125 0.6119791666666666 0.3349609375 0.6471354166666666 0.3310546875 0.6627604166666666 0.3115234375 0.6966145833333334 0.298828125 0.7096354166666666 0.287109375 0.7174479166666666 0.2646484375 0.7252604166666666 0.2470703125 0.7252604166666666 0.2333984375 0.7213541666666666 0.216796875 0.7135416666666666 0.2021484375 0.7018229166666666 0.1884765625 0.6796875 0.1806640625 0.6549479166666666 0.1689453125 0.6380208333333334 0.166015625 0.6223958333333334 0.1796875 0.60546875 0.181640625 0.59765625 0.189453125 0.5911458333333334 0.201171875 0.5703125 0.216796875 0.5520833333333334 0.2373046875 0.5390625 0.2685546875 0.5299479166666666
0 0.66015625 0.8229166666666666 0.677734375 0.8359375 0.69140625 0.8411458333333334 0.703125 0.8489583333333334 0.7177734375 0.8697916666666666 0.724609375 0.89453125 0.724609375 0.9166666666666666 0.716796875 0.9505208333333334 0.7109375 0.9622395833333334 0.697265625 0.98046875 0.6806640625 0.9947916666666666 0.6689453125 0.9934895833333334 0.6455078125 0.984375 0.6240234375 0.9700520833333334 0.61328125 0.9557291666666666 0.60546875 0.9388020833333334 0.5986328125 0.91015625 0.5986328125 0.8919270833333334 0.6015625 0.8802083333333334 0.6103515625 0.8528645833333334 0.6181640625 0.8411458333333334 0.6279296875 0.8294270833333334 0.63671875 0.8229166666666666 0.6494140625 0.8190104166666666 0.6591796875 0.8229166666666666
0 0.3037109375 0.3059895833333333 0.3447265625 0.3072916666666667 0.3701171875 0.3294270833333333 0.380859375 0.3450520833333333 0.388671875 0.3723958333333333 0.390625 0.3997395833333333 0.384765625 0.4348958333333333 0.375 0.4557291666666667 0.3681640625 0.46484375 0.3544921875 0.4752604166666667 0.333984375 0.4856770833333333 0.3203125 0.4856770833333333 0.302734375 0.48046875 0.27734375 0.4674479166666667 0.2666015625 0.4557291666666667 0.255859375 0.4375 0.2529296875 0.4296875 0.2490234375 0.3984375 0.2490234375 0.37109375 0.251953125 0.3606770833333333 0.2607421875 0.33984375 0.271484375 0.3268229166666667 0.302734375 0.3072916666666667
0 0.5458984375 0.71875 0.5810546875 0.73828125 0.5947265625 0.7565104166666666 0.603515625 0.7799479166666666 0.607421875 0.8125 0.607421875 0.8333333333333334 0.599609375 0.875 0.5869140625 0.9075520833333334 0.5849609375 0.921875 0.5595703125 0.94921875 0.556640625 0.9674479166666666 0.533203125 0.97265625 0.52734375 0.97265625 0.515625 0.9674479166666666 0.5263671875 0.9622395833333334 0.52734375 0.953125 0.525390625 0.9505208333333334 0.5048828125 0.9518229166666666 0.4970703125 0.94921875 0.466796875 0.921875 0.4580078125 0.91015625 0.4521484375 0.8919270833333334 0.4521484375 0.8815104166666666 0.4482421875 0.8658854166666666 0.4482421875 0.8411458333333334 0.4521484375 0.82421875 0.44921875 0.8033854166666666 0.4560546875 0.7708333333333334 0.4658203125 0.7565104166666666 0.5048828125 0.7265625 0.5283203125 0.71875 0.544921875 0.71875
0 0.458984375 0.4908854166666667 0.4736328125 0.4973958333333333 0.4921875 0.5104166666666666 0.513671875 0.5377604166666666 0.5205078125 0.5546875 0.525390625 0.5768229166666666 0.52734375 0.6328125 0.5224609375 0.6575520833333334 0.5048828125 0.69921875 0.4921875 0.71484375 0.4755859375 0.7278645833333334 0.47265625 0.73828125 0.45703125 0.73828125 0.443359375 0.7447916666666666 0.4248046875 0.7447916666666666 0.4072265625 0.7408854166666666 0.38671875 0.7239583333333334 0.3720703125 0.703125 0.36328125 0.6809895833333334 0.359375 0.640625 0.35546875 0.6328125 0.3603515625 0.62109375 0.3603515625 0.6080729166666666 0.35546875 0.6028645833333334 0.35546875 0.578125 0.3583984375 0.578125 0.3623046875 0.5859375 0.3671875 0.5794270833333334 0.3701171875 0.5638020833333334 0.38671875 0.5403645833333334 0.39453125 0.51953125 0.3984375 0.5143229166666666 0.4228515625 0.5143229166666666 0.4345703125 0.5078125 0.4453125 0.5052083333333334 0.453125 0.4921875 0.4580078125 0.4908854166666667
0 0.38671875 0.78515625 0.4130859375 0.7916666666666666 0.427734375 0.7981770833333334 0.439453125 0.8111979166666666 0.4462890625 0.828125 0.4453125 0.875 0.4404296875 0.8854166666666666 0.4375 0.9036458333333334 0.4404296875 0.9153645833333334 0.439453125 0.9244791666666666 0.4267578125 0.9283854166666666 0.408203125 0.9453125 0.3916015625 0.9518229166666666 0.375 0.9518229166666666 0.3681640625 0.94921875 0.357421875 0.94140625 0.3505859375 0.9322916666666666 0.34375 0.9309895833333334 0.33984375 0.92578125 0.3310546875 0.9205729166666666 0.328125 0.9140625 0.330078125 0.9036458333333334 0.3349609375 0.8997395833333334 0.3369140625 0.85546875 0.3427734375 0.83984375 0.34375 0.8294270833333334 0.34765625 0.8177083333333334 0.353515625 0.8059895833333334 0.359375 0.7994791666666666 0.3671875 0.796875 0.380859375 0.78515625 0.3857421875 0.78515625
0 0.603515625 0.4986979166666667 0.623046875 0.5 0.6318359375 0.50390625 0.64453125 0.5143229166666666 0.662109375 0.5377604166666666 0.66796875 0.5533854166666666 0.671875 0.5716145833333334 0.671875 0.5989583333333334 0.6669921875 0.6197916666666666 0.66015625 0.63671875 0.642578125 0.6614583333333334 0.6328125 0.6692708333333334 0.619140625 0.6744791666666666 0.5966796875 0.6744791666666666 0.5751953125 0.6627604166666666 0.5673828125 0.6549479166666666 0.552734375 0.6328125 0.5458984375 0.6028645833333334 0.544921875 0.57421875 0.546875 0.55859375 0.548828125 0.5494791666666666 0.5576171875 0.5299479166666666 0.576171875 0.5078125 0.587890625 0.5013020833333334 0.6025390625 0.4986979166666667
0 0.6845703125 0.16536458333333334 0.6884765625 0.17578125 0.69921875 0.18489583333333334 0.7197265625 0.18359375 0.7216796875 0.19140625 0.7265625 0.19661458333333334 0.7373046875 0.18880208333333334 0.73828125 0.21744791666666666 0.732421875 0.23697916666666666 0.73046875 0.25390625 0.7109375 0.2890625 0.703125 0.2955729166666667 0.6865234375 0.3059895833333333 0.6796875 0.3059895833333333 0.66796875 0.3125 0.662109375 0.3125 0.650390625 0.3059895833333333 0.64453125 0.3307291666666667 0.64453125 0.34765625 0.6416015625 0.359375 0.6298828125 0.3802083333333333 0.62109375 0.38671875 0.6064453125 0.4088541666666667 0.583984375 0.4231770833333333 0.5537109375 0.4296875 0.525390625 0.4270833333333333 0.5166015625 0.4192708333333333 0.5107421875 0.4192708333333333 0.5 0.4283854166666667 0.494140625 0.4270833333333333 0.4931640625 0.4205729166666667 0.4951171875 0.4075520833333333 0.4775390625 0.3893229166666667 0.458984375 0.3580729166666667 0.4560546875 0.3619791666666667 0.453125 0.35546875 0.453125 0.3502604166666667 0.45703125 0.3424479166666667 0.45703125 0.3268229166666667 0.4541015625 0.31640625 0.4560546875 0.2903645833333333 0.4609375 0.2734375 0.46875 0.265625 0.4755859375 0.2513020833333333 0.4873046875 0.234375 0.51171875 0.20963541666666666 0.525390625 0.20052083333333334 0.5498046875 0.19270833333333334 0.576171875 0.1953125 0.603515625 0.20833333333333334 0.6142578125 0.22135416666666666 0.623046875 0.22526041666666666 0.62890625 0.20963541666666666 0.6416015625 0.19140625 0.6572265625 0.17838541666666666 0.68359375 0.16536458333333334