0 0.400390625 0.5950520833333334 0.4501953125 0.62109375 0.4658203125 0.6354166666666666 0.4736328125 0.6380208333333334 0.4814453125 0.6458333333333334 0.4912109375 0.6666666666666666 0.4970703125 0.6861979166666666 0.4990234375 0.6979166666666666 0.4990234375 0.73046875 0.4921875 0.74609375 0.4873046875 0.765625 0.4658203125 0.8059895833333334 0.4501953125 0.8138020833333334 0.4423828125 0.82421875 0.4375 0.8268229166666666 0.431640625 0.8268229166666666 0.412109375 0.8359375 0.39453125 0.8346354166666666 0.3701171875 0.8463541666666666 0.3408203125 0.8450520833333334 0.3291015625 0.8411458333333334 0.3310546875 0.8268229166666666 0.3359375 0.8203125 0.35546875 0.8138020833333334 0.3583984375 0.8098958333333334 0.3359375 0.79296875 0.3330078125 0.7890625 0.3330078125 0.78515625 0.345703125 0.7708333333333334 0.34765625 0.7630208333333334 0.3583984375 0.7513020833333334 0.36328125 0.7408854166666666 0.361328125 0.7369791666666666 0.361328125 0.7122395833333334 0.359375 0.703125 0.3564453125 0.7005208333333334 0.3515625 0.703125 0.3408203125 0.6966145833333334 0.3349609375 0.6901041666666666 0.3349609375 0.6875 0.3486328125 0.6614583333333334 0.357421875 0.6510416666666666 0.37109375 0.6236979166666666 0.3896484375 0.59765625 0.392578125 0.5950520833333334 0.3994140625 0.5950520833333334
0 0.1552734375 0.17708333333333334 0.17578125 0.18098958333333334 0.19921875 0.19140625 0.228515625 0.21744791666666666 0.2451171875 0.24088541666666666 0.255859375 0.26171875 0.259765625 0.2734375 0.2646484375 0.3111979166666667 0.2587890625 0.3645833333333333 0.2490234375 0.3932291666666667 0.2275390625 0.39453125 0.197265625 0.4010416666666667 0.1689453125 0.4153645833333333 0.1259765625 0.4153645833333333 0.10546875 0.40234375 0.080078125 0.37109375 0.07421875 0.359375 0.0634765625 0.3346354166666667 0.056640625 0.2994791666666667 0.0576171875 0.26953125 0.0615234375 0.2513020833333333 0.0693359375 0.23046875 0.0859375 0.20442708333333334 0.111328125 0.18359375 0.1416015625 0.17708333333333334 0.154296875 0.17708333333333334
0 0.5185546875 0.3111979166666667 0.5341796875 0.3268229166666667 0.5478515625 0.3463541666666667 0.5546875 0.3580729166666667 0.5615234375 0.3763020833333333 0.5703125 0.41796875 0.5703125 0.484375 0.5673828125 0.4973958333333333 0.5556640625 0.5247395833333334 0.51953125 0.57421875 0.501953125 0.58984375 0.4736328125 0.6028645833333334 0.4599609375 0.6184895833333334 0.447265625 0.6158854166666666 0.400390625 0.5911458333333334 0.390625 0.5924479166666666 0.376953125 0.6067708333333334 0.3681640625 0.60546875 0.3515625 0.5963541666666666 0.3408203125 0.5846354166666666 0.326171875 0.55859375 0.3173828125 0.5325520833333334 0.3134765625 0.4283854166666667 0.3203125 0.4088541666666667 0.3388671875 0.3802083333333333 0.3642578125 0.3671875 0.3740234375 0.35546875 0.4111328125 0.3333333333333333 0.4375 0.3138020833333333 0.4619140625 0.3059895833333333 0.5048828125 0.3072916666666667 0.517578125 0.3111979166666667
0 0.7861328125 0.4947916666666667 0.806640625 0.4947916666666667 0.8134765625 0.4986979166666667 0.8212890625 0.5078125 0.8212890625 0.51953125 0.8251953125 0.53125 0.8310546875 0.5403645833333334 0.841796875 0.5494791666666666 0.841796875 0.5533854166666666 0.8447265625 0.5572916666666666 0.8369140625 0.5598958333333334 0.8466796875 0.5716145833333334 0.859375 0.5963541666666666 0.8681640625 0.6328125 0.8681640625 0.6536458333333334 0.8642578125 0.6744791666666666 0.8544921875 0.6979166666666666 0.8388671875 0.7174479166666666 0.8154296875 0.73046875 0.7998046875 0.734375 0.7587890625 0.72265625 0.75390625 0.7044270833333334 0.7470703125 0.6979166666666666 0.7265625 0.6966145833333334 0.712890625 0.703125 0.7080078125 0.6979166666666666 0.6962890625 0.6744791666666666 0.693359375 0.6341145833333334 0.6875 0.61328125 0.6748046875 0.5846354166666666 0.677734375 0.5703125 0.685546875 0.5520833333333334 0.6953125 0.5377604166666666 0.7080078125 0.52734375 0.7373046875 0.51171875 0.74609375 0.50390625 0.7666015625 0.5026041666666666 0.779296875 0.5 0.7822265625 0.49609375 0.78515625 0.49609375
0 0.4384765625 0.12369791666666667 0.46484375 0.15625 0.4716796875 0.15625 0.4755859375 0.15104166666666666 0.4794921875 0.15364583333333334 0.484375 0.16796875 0.486328125 0.24739583333333334 0.4814453125 0.2708333333333333 0.47265625 0.2864583333333333 0.4697265625 0.296875 0.46484375 0.30078125 0.44140625 0.3072916666666667 0.4111328125 0.328125 0.4013671875 0.3268229166666667 0.3798828125 0.3111979166666667 0.365234375 0.2916666666666667 0.3583984375 0.2799479166666667 0.34765625 0.2526041666666667 0.34375 0.23697916666666666 0.3427734375 0.21875 0.3466796875 0.18619791666666666 0.3515625 0.17057291666666666 0.3623046875 0.15234375 0.3759765625 0.13802083333333334 0.3857421875 0.1328125 0.4091796875 0.13151041666666666 0.4140625 0.12890625 0.4326171875 0.1328125 0.4375 0.125
0 0.2451171875 0.4010416666666667 0.26953125 0.4075520833333333 0.2861328125 0.4166666666666667 0.29296875 0.4244791666666667 0.30859375 0.45703125 0.310546875 0.46484375 0.3115234375 0.5221354166666666 0.3095703125 0.53515625 0.3037109375 0.5520833333333334 0.2822265625 0.5859375 0.25390625 0.609375 0.2294921875 0.6171875 0.208984375 0.6171875 0.1796875 0.6067708333333334 0.1708984375 0.6015625 0.150390625 0.5729166666666666 0.1357421875 0.53515625 0.12890625 0.4947916666666667 0.1123046875 0.4505208333333333 0.1103515625 0.4348958333333333 0.11328125 0.4309895833333333 0.130859375 0.4296875 0.140625 0.4231770833333333 0.1640625 0.421875 0.205078125 0.4036458333333333 0.244140625 0.4010416666666667
0 0.744140625 0.7005208333333334 0.7509765625 0.7057291666666666 0.7548828125 0.7278645833333334 0.794921875 0.7395833333333334 0.8076171875 0.7552083333333334 0.8154296875 0.7760416666666666 0.830078125 0.796875 0.845703125 0.7981770833333334 0.8505859375 0.8033854166666666 0.8505859375 0.8125 0.8447265625 0.8307291666666666 0.8447265625 0.8528645833333334 0.8466796875 0.859375 0.8447265625 0.8997395833333334 0.833984375 0.9348958333333334 0.8125 0.96484375 0.8017578125 0.9739583333333334 0.7861328125 0.9817708333333334 0.76171875 0.984375 0.728515625 0.9791666666666666 0.7099609375 0.97265625 0.6884765625 0.9583333333333334 0.6669921875 0.9401041666666666 0.658203125 0.9270833333333334 0.6396484375 0.8815104166666666 0.634765625 0.84765625 0.63671875 0.8203125 0.64453125 0.7916666666666666 0.650390625 0.7786458333333334 0.6630859375 0.76171875 0.66796875 0.7513020833333334 0.67578125 0.7434895833333334 0.7041015625 0.7278645833333334 0.708984375 0.7174479166666666 0.7216796875 0.7057291666666666 0.7294921875 0.7018229166666666 0.7431640625 0.7005208333333334
0 0.67578125 0.28515625 0.681640625 0.2903645833333333 0.689453125 0.2916666666666667 0.6982421875 0.296875 0.7021484375 0.296875 0.7080078125 0.2916666666666667 0.712890625 0.2916666666666667 0.716796875 0.2942708333333333 0.73046875 0.3138020833333333 0.73046875 0.3541666666666667 0.748046875 0.3984375 0.7490234375 0.4348958333333333 0.7451171875 0.4505208333333333 0.73828125 0.4661458333333333 0.720703125 0.4908854166666667 0.7177734375 0.5026041666666666 0.708984375 0.5143229166666666 0.66796875 0.5377604166666666 0.6533203125 0.53515625 0.646484375 0.5247395833333334 0.6396484375 0.5247395833333334 0.6220703125 0.5169270833333334 0.603515625 0.50390625 0.576171875 0.4791666666666667 0.57421875 0.47265625 0.5751953125 0.4348958333333333 0.5732421875 0.4127604166666667 0.56640625 0.3815104166666667 0.5595703125 0.3606770833333333 0.5517578125 0.3463541666666667 0.5517578125 0.3411458333333333 0.5625 0.3255208333333333 0.5810546875 0.30859375 0.619140625 0.296875 0.662109375 0.29296875 0.6689453125 0.2838541666666667 0.6748046875 0.28515625
0 0.2919921875 0.055989583333333336 0.3203125 0.059895833333333336 0.3349609375 0.06770833333333333 0.34375 0.08072916666666667 0.3486328125 0.09244791666666667 0.3505859375 0.12630208333333334 0.3427734375 0.13802083333333334 0.3408203125 0.14583333333333334 0.34375 0.16666666666666666 0.34375 0.1875 0.33984375 0.22135416666666666 0.3349609375 0.23697916666666666 0.314453125 0.2578125 0.298828125 0.26953125 0.26953125 0.2760416666666667 0.263671875 0.2721354166666667 0.2470703125 0.23828125 0.2314453125 0.21614583333333334 0.20703125 0.19270833333333334 0.1806640625 0.17838541666666666 0.1787109375 0.17447916666666666 0.1796875 0.13802083333333334 0.185546875 0.11197916666666667 0.1923828125 0.09244791666666667 0.2001953125 0.078125 0.21484375 0.0625 0.234375 0.053385416666666664 0.2783203125 0.052083333333333336 0.291015625 0.055989583333333336
0 0.8095703125 0.3697916666666667 0.8271484375 0.3736979166666667 0.841796875 0.3841145833333333 0.8603515625 0.4205729166666667 0.8681640625 0.4427083333333333 0.87109375 0.4713541666666667 0.869140625 0.51171875 0.8583984375 0.5338541666666666 0.8447265625 0.546875 0.830078125 0.5338541666666666 0.8251953125 0.5182291666666666 0.828125 0.5078125 0.81640625 0.4947916666666667 0.8046875 0.4908854166666667 0.7802734375 0.48828125 0.775390625 0.4934895833333333 0.7646484375 0.4986979166666667 0.7451171875 0.4986979166666667 0.740234375 0.4908854166666667 0.740234375 0.47265625 0.75 0.4466145833333333 0.751953125 0.4361979166666667 0.7509765625 0.3971354166666667 0.755859375 0.390625 0.767578125 0.3828125 0.779296875 0.3802083333333333 0.7919921875 0.3723958333333333 0.80859375 0.3697916666666667
0 0.564453125 0.5338541666666666 0.5966796875 0.5338541666666666 0.6171875 0.5377604166666666 0.63671875 0.5481770833333334 0.654296875 0.5625 0.67578125 0.5950520833333334 0.6875 0.6236979166666666 0.69140625 0.64453125 0.69140625 0.6822916666666666 0.6865234375 0.703125 0.6748046875 0.7317708333333334 0.66015625 0.75 0.6328125 0.7721354166666666 0.6201171875 0.77734375 0.5888671875 0.7838541666666666 0.5625 0.7838541666666666 0.5517578125 0.7799479166666666 0.5439453125 0.7890625 0.5400390625 0.7903645833333334 0.537109375 0.7890625 0.5390625 0.77734375 0.53515625 0.7734375 0.52734375 0.7721354166666666 0.515625 0.7630208333333334 0.5009765625 0.7473958333333334 0.50390625 0.7421875 0.5048828125 0.7330729166666666 0.5087890625 0.7265625 0.50390625 0.71484375 0.5029296875 0.6953125 0.494140625 0.6614583333333334 0.4951171875 0.6263020833333334 0.498046875 0.6119791666666666 0.50390625 0.5989583333333334 0.5498046875 0.5416666666666666 0.5634765625 0.5338541666666666
0 0.6142578125 0.057291666666666664 0.6240234375 0.08203125 0.640625 0.09635416666666667 0.6513671875 0.11328125 0.66015625 0.12239583333333333 0.671875 0.1484375 0.6787109375 0.16927083333333334 0.681640625 0.1875 0.681640625 0.20442708333333334 0.6787109375 0.22526041666666666 0.673828125 0.24088541666666666 0.6650390625 0.2565104166666667 0.6513671875 0.2734375 0.6396484375 0.2838541666666667 0.6279296875 0.2903645833333333 0.58203125 0.3033854166666667 0.572265625 0.3098958333333333 0.5537109375 0.328125 0.5498046875 0.328125 0.5283203125 0.3125 0.5224609375 0.3020833333333333 0.5126953125 0.2734375 0.494140625 0.23958333333333334 0.4912109375 0.23046875 0.4921875 0.20963541666666666 0.4892578125 0.16796875 0.4853515625 0.15494791666666666 0.4765625 0.140625 0.478515625 0.12630208333333334 0.4853515625 0.109375 0.494140625 0.09635416666666667 0.501953125 0.09244791666666667 0.513671875 0.08072916666666667 0.5361328125 0.07421875 0.5712890625 0.0703125 0.576171875 0.06770833333333333 0.5810546875 0.05859375 0.61328125 0.057291666666666664