0 0.2690972222222222 0.40625 0.2777777777777778 0.41015625 0.2864583333333333 0.41015625 0.3055555555555556 0.4166666666666667 0.3246527777777778 0.43359375 0.3298611111111111 0.4466145833333333 0.3246527777777778 0.4557291666666667 0.3090277777777778 0.47265625 0.296875 0.49609375 0.2934027777777778 0.5052083333333334 0.2916666666666667 0.5403645833333334 0.2604166666666667 0.546875 0.2170138888888889 0.546875 0.1840277777777778 0.5364583333333334 0.1701388888888889 0.5234375 0.1579861111111111 0.4830729166666667 0.1545138888888889 0.4778645833333333 0.1423611111111111 0.4700520833333333 0.140625 0.4635416666666667 0.1423611111111111 0.4583333333333333 0.18055555555555555 0.4244791666666667 0.19270833333333334 0.4166666666666667 0.21180555555555555 0.4088541666666667 0.234375 0.4036458333333333 0.2604166666666667 0.4036458333333333 0.2673611111111111 0.40625
0 0.3559027777777778 0.5911458333333334 0.390625 0.6041666666666666 0.4357638888888889 0.6158854166666666 0.4722222222222222 0.6302083333333334 0.4965277777777778 0.6510416666666666 0.5 0.6614583333333334 0.5138888888888888 0.6783854166666666 0.515625 0.6888020833333334 0.5069444444444444 0.703125 0.5034722222222222 0.7278645833333334 0.5 0.734375 0.5 0.77734375 0.4965277777777778 0.7864583333333334 0.4878472222222222 0.7955729166666666 0.4878472222222222 0.7981770833333334 0.4670138888888889 0.8190104166666666 0.453125 0.8294270833333334 0.4340277777777778 0.83984375 0.4270833333333333 0.8463541666666666 0.4184027777777778 0.8502604166666666 0.4131944444444444 0.8502604166666666 0.3975694444444444 0.8567708333333334 0.390625 0.8567708333333334 0.3836805555555556 0.8606770833333334 0.3732638888888889 0.8606770833333334 0.3680555555555556 0.86328125 0.3524305555555556 0.8645833333333334 0.3333333333333333 0.86328125 0.3211805555555556 0.8658854166666666 0.2916666666666667 0.86328125 0.2725694444444444 0.8580729166666666 0.2517361111111111 0.8567708333333334 0.21875 0.8450520833333334 0.203125 0.8359375 0.17708333333333334 0.8138020833333334 0.16666666666666666 0.7981770833333334 0.1597222222222222 0.7721354166666666 0.16145833333333334 0.7486979166666666 0.1701388888888889 0.7278645833333334 0.1736111111111111 0.7018229166666666 0.1857638888888889 0.6809895833333334 0.21354166666666666 0.64453125 0.24305555555555555 0.62109375 0.24479166666666666 0.6171875 0.2725694444444444 0.6015625 0.3003472222222222 0.5924479166666666 0.3194444444444444 0.58984375 0.3541666666666667 0.5911458333333334
0 0.6840277777777778 0.6328125 0.7222222222222222 0.6393229166666666 0.7552083333333334 0.6549479166666666 0.7673611111111112 0.6640625 0.7881944444444444 0.6888020833333334 0.7986111111111112 0.70703125 0.8072916666666666 0.7330729166666666 0.8090277777777778 0.7473958333333334 0.8159722222222222 0.7643229166666666 0.8211805555555556 0.7669270833333334 0.8333333333333334 0.7578125 0.8472222222222222 0.7578125 0.8506944444444444 0.7604166666666666 0.8506944444444444 0.7682291666666666 0.8420138888888888 0.796875 0.8454861111111112 0.82421875 0.84375 0.8346354166666666 0.8298611111111112 0.84765625 0.8246527777777778 0.859375 0.8159722222222222 0.8645833333333334 0.8055555555555556 0.8645833333333334 0.7934027777777778 0.859375 0.7829861111111112 0.8502604166666666 0.7760416666666666 0.8502604166666666 0.765625 0.85546875 0.7604166666666666 0.8645833333333334 0.7621527777777778 0.8828125 0.7361111111111112 0.8776041666666666 0.7291666666666666 0.8723958333333334 0.7239583333333334 0.8723958333333334 0.6909722222222222 0.8932291666666666 0.6753472222222222 0.8932291666666666 0.671875 0.8893229166666666 0.6753472222222222 0.8828125 0.6909722222222222 0.8697916666666666 0.6927083333333334 0.8528645833333334 0.6909722222222222 0.84765625 0.6805555555555556 0.84765625 0.6597222222222222 0.8541666666666666 0.6284722222222222 0.8541666666666666 0.5885416666666666 0.84765625 0.5555555555555556 0.8372395833333334 0.53125 0.8177083333333334 0.515625 0.7994791666666666 0.5069444444444444 0.7799479166666666 0.5034722222222222 0.7591145833333334 0.5052083333333334 0.73828125 0.5138888888888888 0.70703125 0.5295138888888888 0.6809895833333334 0.5416666666666666 0.6692708333333334 0.5625 0.6614583333333334 0.5833333333333334 0.6497395833333334 0.6232638888888888 0.63671875 0.6423611111111112 0.6328125 0.6822916666666666 0.6328125
0 0.9635416666666666 0.5 0.9982638888888888 0.5104166666666666 0.9982638888888888 0.7213541666666666 0.9600694444444444 0.73046875 0.9149305555555556 0.73046875 0.8923611111111112 0.7278645833333334 0.8489583333333334 0.71484375 0.8194444444444444 0.69921875 0.7777777777777778 0.6640625 0.7725694444444444 0.6549479166666666 0.7638888888888888 0.625 0.7638888888888888 0.58984375 0.7777777777777778 0.5611979166666666 0.7951388888888888 0.54296875 0.8125 0.5286458333333334 0.84375 0.5104166666666666 0.8628472222222222 0.50390625 0.90625 0.49609375 0.9513888888888888 0.4973958333333333 0.9618055555555556 0.5
0 0.18055555555555555 0.2682291666666667 0.2065972222222222 0.2747395833333333 0.1892361111111111 0.3020833333333333 0.1840277777777778 0.3177083333333333 0.1840277777777778 0.33984375 0.1892361111111111 0.3541666666666667 0.203125 0.3736979166666667 0.2204861111111111 0.3854166666666667 0.23958333333333334 0.39453125 0.23958333333333334 0.3971354166666667 0.234375 0.3997395833333333 0.1840277777777778 0.4153645833333333 0.13541666666666666 0.4075520833333333 0.12152777777777778 0.4075520833333333 0.11284722222222222 0.4114583333333333 0.09722222222222222 0.4114583333333333 0.09027777777777778 0.4088541666666667 0.08333333333333333 0.4088541666666667 0.07118055555555555 0.40234375 0.059027777777777776 0.3841145833333333 0.059027777777777776 0.3671875 0.0642361111111111 0.3502604166666667 0.06597222222222222 0.3177083333333333 0.07291666666666667 0.296875 0.0798611111111111 0.2890625 0.09375 0.2799479166666667 0.11979166666666667 0.2708333333333333 0.15104166666666666 0.2669270833333333 0.17881944444444445 0.2682291666666667
0 0.1284722222222222 0.51953125 0.1579861111111111 0.5247395833333334 0.1684027777777778 0.5286458333333334 0.18055555555555555 0.5377604166666666 0.20833333333333334 0.5494791666666666 0.2378472222222222 0.5794270833333334 0.24131944444444445 0.5872395833333334 0.23958333333333334 0.61328125 0.234375 0.6223958333333334 0.2170138888888889 0.6354166666666666 0.19791666666666666 0.6549479166666666 0.1892361111111111 0.6692708333333334 0.1579861111111111 0.6809895833333334 0.10243055555555555 0.6822916666666666 0.0954861111111111 0.6927083333333334 0.08854166666666667 0.6901041666666666 0.08333333333333333 0.6848958333333334 0.07465277777777778 0.68359375 0.06770833333333333 0.6796875 0.04861111111111111 0.6783854166666666 0.03125 0.6731770833333334 0.020833333333333332 0.6640625 0.019097222222222224 0.6432291666666666 0.008680555555555556 0.6302083333333334 0.003472222222222222 0.61328125 0.001736111111111111 0.6028645833333334 0.003472222222222222 0.5846354166666666 0.015625 0.5572916666666666 0.022569444444444444 0.55078125 0.046875 0.5364583333333334 0.07118055555555555 0.52734375 0.09375 0.5221354166666666 0.1267361111111111 0.51953125
0 0.6510416666666666 0.3919270833333333 0.6875 0.3997395833333333 0.6961805555555556 0.3958333333333333 0.7430555555555556 0.3971354166666667 0.7569444444444444 0.3984375 0.7829861111111112 0.4049479166666667 0.796875 0.41015625 0.8142361111111112 0.4205729166666667 0.828125 0.43359375 0.8368055555555556 0.4479166666666667 0.8420138888888888 0.4622395833333333 0.8420138888888888 0.4921875 0.8385416666666666 0.50390625 0.8350694444444444 0.5091145833333334 0.8125 0.5234375 0.7899305555555556 0.5416666666666666 0.7725694444444444 0.5598958333333334 0.7621527777777778 0.5833333333333334 0.7534722222222222 0.5872395833333334 0.7256944444444444 0.5859375 0.6909722222222222 0.5807291666666666 0.6597222222222222 0.5807291666666666 0.625 0.57421875 0.6111111111111112 0.5690104166666666 0.5902777777777778 0.5572916666666666 0.5694444444444444 0.5403645833333334 0.5590277777777778 0.5247395833333334 0.5555555555555556 0.5 0.5590277777777778 0.484375 0.5711805555555556 0.4583333333333333 0.5746527777777778 0.4427083333333333 0.5954861111111112 0.4283854166666667 0.6006944444444444 0.421875 0.5972222222222222 0.4140625 0.6128472222222222 0.40234375 0.6180555555555556 0.3958333333333333 0.6371527777777778 0.3893229166666667 0.6458333333333334 0.3893229166666667 0.6493055555555556 0.3919270833333333
0 0.3107638888888889 0.21484375 0.3229166666666667 0.22135416666666666 0.3333333333333333 0.22395833333333334 0.3697916666666667 0.22395833333333334 0.40625 0.23046875 0.4461805555555556 0.24739583333333334 0.4739583333333333 0.2682291666666667 0.4826388888888889 0.2825520833333333 0.484375 0.296875 0.4809027777777778 0.3072916666666667 0.4756944444444444 0.3098958333333333 0.4670138888888889 0.30859375 0.4600694444444444 0.3151041666666667 0.4618055555555556 0.3450520833333333 0.4548611111111111 0.35546875 0.4548611111111111 0.359375 0.4461805555555556 0.3684895833333333 0.4357638888888889 0.3684895833333333 0.4270833333333333 0.3723958333333333 0.4079861111111111 0.38671875 0.3871527777777778 0.390625 0.3819444444444444 0.39453125 0.3819444444444444 0.3997395833333333 0.3767361111111111 0.4075520833333333 0.3559027777777778 0.4153645833333333 0.3350694444444444 0.4153645833333333 0.3246527777777778 0.4127604166666667 0.3142361111111111 0.4127604166666667 0.265625 0.4010416666666667 0.24305555555555555 0.3893229166666667 0.21875 0.3802083333333333 0.203125 0.3684895833333333 0.1892361111111111 0.34375 0.1875 0.3190104166666667 0.19618055555555555 0.296875 0.2048611111111111 0.2838541666666667 0.22569444444444445 0.2643229166666667 0.2673611111111111 0.2421875 0.2708333333333333 0.23046875 0.2760416666666667 0.2265625 0.2847222222222222 0.22395833333333334 0.2934027777777778 0.22395833333333334 0.3055555555555556 0.21614583333333334 0.3090277777777778 0.21614583333333334
0 0.4756944444444444 0.3776041666666667 0.4982638888888889 0.3893229166666667 0.5017361111111112 0.3893229166666667 0.5104166666666666 0.3971354166666667 0.5277777777777778 0.4036458333333333 0.5381944444444444 0.4114583333333333 0.546875 0.4270833333333333 0.5659722222222222 0.4479166666666667 0.5520833333333334 0.49609375 0.5538194444444444 0.55859375 0.5503472222222222 0.5638020833333334 0.5347222222222222 0.5755208333333334 0.5121527777777778 0.5846354166666666 0.5052083333333334 0.58984375 0.4861111111111111 0.5963541666666666 0.4739583333333333 0.5950520833333334 0.4027777777777778 0.5963541666666666 0.3489583333333333 0.5846354166666666 0.3107638888888889 0.5572916666666666 0.3038194444444444 0.55078125 0.296875 0.5377604166666666 0.296875 0.5078125 0.3020833333333333 0.4908854166666667 0.3090277777777778 0.4778645833333333 0.3298611111111111 0.4557291666666667 0.3350694444444444 0.4466145833333333 0.3559027777777778 0.4283854166666667 0.3871527777777778 0.41015625 0.3888888888888889 0.3997395833333333 0.3940972222222222 0.39453125 0.4149305555555556 0.3893229166666667 0.4322916666666667 0.375 0.4444444444444444 0.375 0.4513888888888889 0.3776041666666667 0.4635416666666667 0.3763020833333333 0.4739583333333333 0.3776041666666667
0 0.4982638888888889 0.7903645833333334 0.4965277777777778 0.8151041666666666 0.4791666666666667 0.8515625 0.4618055555555556 0.875 0.4461805555555556 0.88671875 0.4375 0.890625 0.4010416666666667 0.90234375 0.3836805555555556 0.9036458333333334 0.3541666666666667 0.9036458333333334 0.3524305555555556 0.8958333333333334 0.3420138888888889 0.8880208333333334 0.3315972222222222 0.88671875 0.3159722222222222 0.87890625 0.2934027777777778 0.8763020833333334 0.2829861111111111 0.8697916666666666 0.28125 0.8658854166666666 0.3246527777777778 0.8645833333333334 0.3298611111111111 0.8619791666666666 0.359375 0.8645833333333334 0.3767361111111111 0.8619791666666666 0.4097222222222222 0.8528645833333334 0.4288194444444444 0.8450520833333334 0.4548611111111111 0.8268229166666666 0.4722222222222222 0.8138020833333334 0.4913194444444444 0.79296875 0.4965277777777778 0.7903645833333334
0 0.11979166666666667 0.7721354166666666 0.15625 0.15625
0 0.6128472222222222 0.24739583333333334 0.6371527777777778 0.2578125 0.65625 0.2721354166666667 0.6736111111111112 0.2890625 0.6822916666666666 0.3059895833333333 0.6840277777777778 0.3268229166666667 0.6666666666666666 0.3450520833333333 0.6458333333333334 0.3776041666666667 0.6354166666666666 0.3854166666666667 0.6267361111111112 0.38671875 0.6041666666666666 0.3971354166666667 0.5885416666666666 0.3997395833333333 0.5815972222222222 0.3984375 0.5625 0.3997395833333333 0.5434027777777778 0.3971354166666667 0.5173611111111112 0.38671875 0.5138888888888888 0.37890625 0.5034722222222222 0.3697916666666667 0.4878472222222222 0.3450520833333333 0.4670138888888889 0.3346354166666667 0.4652777777777778 0.3216145833333333 0.4704861111111111 0.3138020833333333 0.4791666666666667 0.31640625 0.484375 0.3151041666666667 0.4861111111111111 0.30078125 0.5 0.27734375 0.5138888888888888 0.2643229166666667 0.53125 0.25390625 0.5538194444444444 0.24739583333333334 0.5763888888888888 0.24609375 0.6111111111111112 0.24739583333333334