0 0.5798611111111112 0.2747395833333333 0.6059027777777778 0.28125 0.6267361111111112 0.29296875 0.640625 0.3059895833333333 0.6510416666666666 0.3216145833333333 0.6527777777777778 0.328125 0.6527777777777778 0.33984375 0.6475694444444444 0.35546875 0.6475694444444444 0.36328125 0.6388888888888888 0.3828125 0.6232638888888888 0.3932291666666667 0.609375 0.41015625 0.6024305555555556 0.4153645833333333 0.5659722222222222 0.4322916666666667 0.5434027777777778 0.4375 0.515625 0.4361979166666667 0.4878472222222222 0.4244791666666667 0.4826388888888889 0.41796875 0.4791666666666667 0.40234375 0.4739583333333333 0.3919270833333333 0.4583333333333333 0.3723958333333333 0.4583333333333333 0.3580729166666667 0.4652777777777778 0.33984375 0.46875 0.3177083333333333 0.4756944444444444 0.3046875 0.484375 0.2981770833333333 0.5034722222222222 0.2942708333333333 0.546875 0.2786458333333333 0.578125 0.2747395833333333
0 0.7690972222222222 0.5716145833333334 0.78125 0.5833333333333334 0.8003472222222222 0.58984375 0.8072916666666666 0.5950520833333334 0.8315972222222222 0.6328125 0.8315972222222222 0.6588541666666666 0.8368055555555556 0.6705729166666666 0.8368055555555556 0.6770833333333334 0.8333333333333334 0.6861979166666666 0.8159722222222222 0.7096354166666666 0.7847222222222222 0.734375 0.7586805555555556 0.7421875 0.7430555555555556 0.7513020833333334 0.7170138888888888 0.7604166666666666 0.6857638888888888 0.7643229166666666 0.6701388888888888 0.7630208333333334 0.6458333333333334 0.7643229166666666 0.6232638888888888 0.7604166666666666 0.6197916666666666 0.7643229166666666 0.6111111111111112 0.7669270833333334 0.5954861111111112 0.765625 0.5902777777777778 0.7578125 0.5868055555555556 0.7473958333333334 0.59375 0.7395833333333334 0.59375 0.734375 0.5833333333333334 0.72265625 0.5729166666666666 0.7005208333333334 0.5746527777777778 0.69140625 0.5833333333333334 0.6848958333333334 0.5954861111111112 0.68359375 0.6006944444444444 0.6770833333333334 0.5989583333333334 0.6484375 0.6215277777777778 0.6223958333333334 0.6215277777777778 0.6119791666666666 0.6111111111111112 0.60546875 0.6111111111111112 0.6015625 0.6319444444444444 0.5872395833333334 0.6597222222222222 0.578125 0.6649305555555556 0.5729166666666666 0.6736111111111112 0.5703125 0.7013888888888888 0.5703125 0.7170138888888888 0.56640625 0.7430555555555556 0.56640625 0.7673611111111112 0.5716145833333334
0 0.4982638888888889 0.7161458333333334 0.5138888888888888 0.71875 0.5416666666666666 0.7291666666666666 0.5590277777777778 0.7421875 0.5711805555555556 0.7630208333333334 0.5989583333333334 0.7799479166666666 0.6006944444444444 0.7890625 0.5815972222222222 0.8072916666666666 0.578125 0.8138020833333334 0.5763888888888888 0.8307291666666666 0.5572916666666666 0.8528645833333334 0.5416666666666666 0.8645833333333334 0.5173611111111112 0.8736979166666666 0.5052083333333334 0.875 0.4913194444444444 0.8815104166666666 0.484375 0.8815104166666666 0.4774305555555556 0.8841145833333334 0.4635416666666667 0.8841145833333334 0.4565972222222222 0.8802083333333334 0.4548611111111111 0.8658854166666666 0.4305555555555556 0.8528645833333334 0.40625 0.82421875 0.3958333333333333 0.81640625 0.390625 0.8059895833333334 0.3888888888888889 0.7864583333333334 0.4010416666666667 0.7708333333333334 0.4079861111111111 0.75390625 0.4149305555555556 0.7486979166666666 0.4704861111111111 0.7200520833333334 0.4791666666666667 0.7174479166666666 0.4965277777777778 0.7161458333333334
0 0.7604166666666666 0.3619791666666667 0.7725694444444444 0.37109375 0.78125 0.3723958333333333 0.7951388888888888 0.37890625 0.8177083333333334 0.3971354166666667 0.8333333333333334 0.3984375 0.8368055555555556 0.4010416666666667 0.8385416666666666 0.4114583333333333 0.84375 0.4205729166666667 0.8402777777777778 0.4453125 0.84375 0.4544270833333333 0.8454861111111112 0.4830729166666667 0.8368055555555556 0.5026041666666666 0.8194444444444444 0.5143229166666666 0.8125 0.5234375 0.8072916666666666 0.52734375 0.8038194444444444 0.52734375 0.7743055555555556 0.5494791666666666 0.75 0.5611979166666666 0.7222222222222222 0.5611979166666666 0.7100694444444444 0.5638020833333334 0.6805555555555556 0.5638020833333334 0.6579861111111112 0.5598958333333334 0.6163194444444444 0.5377604166666666 0.6006944444444444 0.51953125 0.5902777777777778 0.49609375 0.5868055555555556 0.484375 0.5885416666666666 0.4557291666666667 0.6041666666666666 0.4244791666666667 0.6145833333333334 0.4140625 0.6458333333333334 0.3919270833333333 0.6770833333333334 0.3776041666666667 0.6979166666666666 0.3645833333333333 0.7222222222222222 0.37109375 0.7586805555555556 0.3619791666666667
0 0.3489583333333333 0.18098958333333334 0.3611111111111111 0.18489583333333334 0.3871527777777778 0.20182291666666666 0.3958333333333333 0.20442708333333334 0.4079861111111111 0.21744791666666666 0.4166666666666667 0.23567708333333334 0.4201388888888889 0.2526041666666667 0.4201388888888889 0.2747395833333333 0.4114583333333333 0.2955729166666667 0.4045138888888889 0.3033854166666667 0.3923611111111111 0.3111979166666667 0.3767361111111111 0.3151041666666667 0.3663194444444444 0.3216145833333333 0.3090277777777778 0.33203125 0.2829861111111111 0.33203125 0.2673611111111111 0.328125 0.25 0.3203125 0.22743055555555555 0.3033854166666667 0.21180555555555555 0.2747395833333333 0.21006944444444445 0.25 0.21354166666666666 0.24088541666666666 0.2361111111111111 0.2109375 0.265625 0.18880208333333334 0.2777777777777778 0.18359375 0.3072916666666667 0.17838541666666666 0.3298611111111111 0.17838541666666666 0.3472222222222222 0.18098958333333334
0 0.24131944444444445 0.4778645833333333 0.3003472222222222 0.5104166666666666 0.3177083333333333 0.5260416666666666 0.3229166666666667 0.5338541666666666 0.3229166666666667 0.5416666666666666 0.3333333333333333 0.578125 0.34375 0.58984375 0.34375 0.59765625 0.3333333333333333 0.609375 0.3090277777777778 0.6223958333333334 0.2934027777777778 0.6341145833333334 0.265625 0.6484375 0.2013888888888889 0.6627604166666666 0.1579861111111111 0.6588541666666666 0.140625 0.6549479166666666 0.11631944444444445 0.64453125 0.10416666666666667 0.6354166666666666 0.09375 0.6223958333333334 0.0763888888888889 0.5846354166666666 0.05555555555555555 0.5533854166666666 0.05381944444444445 0.5390625 0.0625 0.53125 0.07291666666666667 0.5130208333333334 0.08506944444444445 0.50390625 0.0954861111111111 0.5 0.1111111111111111 0.4986979166666667 0.12152777777777778 0.5013020833333334 0.13194444444444445 0.5013020833333334 0.14930555555555555 0.4908854166666667 0.18055555555555555 0.4791666666666667 0.21354166666666666 0.4752604166666667 0.2326388888888889 0.4752604166666667 0.23958333333333334 0.4778645833333333
0 0.7604166666666666 0.13802083333333334 0.7951388888888888 0.14192708333333334 0.8541666666666666 0.15755208333333334 0.8541666666666666 0.16276041666666666 0.859375 0.16796875 0.8871527777777778 0.18489583333333334 0.8923611111111112 0.19401041666666666 0.9079861111111112 0.2109375 0.9045138888888888 0.25 0.8993055555555556 0.2565104166666667 0.8940972222222222 0.27734375 0.8871527777777778 0.2877604166666667 0.8767361111111112 0.296875 0.859375 0.3072916666666667 0.8506944444444444 0.3190104166666667 0.8333333333333334 0.32421875 0.8177083333333334 0.3255208333333333 0.7916666666666666 0.3333333333333333 0.7378472222222222 0.3333333333333333 0.7013888888888888 0.3255208333333333 0.6927083333333334 0.3216145833333333 0.6788194444444444 0.3190104166666667 0.671875 0.3151041666666667 0.6545138888888888 0.3111979166666667 0.640625 0.296875 0.6076388888888888 0.2708333333333333 0.6024305555555556 0.2591145833333333 0.6024305555555556 0.24739583333333334 0.6145833333333334 0.21744791666666666 0.6180555555555556 0.20052083333333334 0.6302083333333334 0.18619791666666666 0.6892361111111112 0.14973958333333334 0.734375 0.13932291666666666 0.7586805555555556 0.13802083333333334
0 0.9201388888888888 0.12760416666666666 0.921875 0.13671875 0.9305555555555556 0.14322916666666666 0.9496527777777778 0.14453125 0.9722222222222222 0.140625 0.9774305555555556 0.14322916666666666 0.9774305555555556 0.14713541666666666 0.9809027777777778 0.14973958333333334 0.9982638888888888 0.14322916666666666 0.9982638888888888 0.18359375 0.9947916666666666 0.19010416666666666 0.9947916666666666 0.19661458333333334 0.9878472222222222 0.20703125 0.96875 0.22135416666666666 0.9652777777777778 0.23046875 0.9565972222222222 0.23697916666666666 0.9166666666666666 0.24869791666666666 0.9079861111111112 0.24869791666666666 0.9114583333333334 0.2109375 0.8871527777777778 0.18359375 0.8697916666666666 0.17447916666666666 0.8611111111111112 0.16796875 0.859375 0.16276041666666666 0.8524305555555556 0.15755208333333334 0.8402777777777778 0.15364583333333334 0.8298611111111112 0.14583333333333334 0.8298611111111112 0.14322916666666666 0.8315972222222222 0.14192708333333334 0.8402777777777778 0.14322916666666666 0.8541666666666666 0.15364583333333334 0.8576388888888888 0.15364583333333334 0.8645833333333334 0.1484375 0.8993055555555556 0.1328125 0.9131944444444444 0.12760416666666666 0.9184027777777778 0.12760416666666666
0 0.4756944444444444 0.4973958333333333 0.5173611111111112 0.5026041666666666 0.5381944444444444 0.5104166666666666 0.5572916666666666 0.5143229166666666 0.5833333333333334 0.54296875 0.5920138888888888 0.5651041666666666 0.5989583333333334 0.5716145833333334 0.5989583333333334 0.5807291666666666 0.59375 0.58984375 0.5920138888888888 0.6015625 0.6006944444444444 0.609375 0.6163194444444444 0.6158854166666666 0.6145833333333334 0.6223958333333334 0.6059027777777778 0.6341145833333334 0.5920138888888888 0.64453125 0.5920138888888888 0.6731770833333334 0.5850694444444444 0.6783854166666666 0.5729166666666666 0.6822916666666666 0.5503472222222222 0.6809895833333334 0.5243055555555556 0.67578125 0.4756944444444444 0.6796875 0.4548611111111111 0.6770833333333334 0.4357638888888889 0.671875 0.4114583333333333 0.66015625 0.3940972222222222 0.6471354166666666 0.3923611111111111 0.6432291666666666 0.3784722222222222 0.6315104166666666 0.3645833333333333 0.6015625 0.3645833333333333 0.5833333333333334 0.3680555555555556 0.5638020833333334 0.3767361111111111 0.5455729166666666 0.4027777777777778 0.5208333333333334 0.4392361111111111 0.5013020833333334 0.4461805555555556 0.4986979166666667 0.4739583333333333 0.4986979166666667
0 0.5138888888888888 0.12890625 0.5277777777777778 0.13151041666666666 0.5572916666666666 0.13151041666666666 0.5763888888888888 0.13671875 0.6024305555555556 0.15625 0.6111111111111112 0.17317708333333334 0.6111111111111112 0.18229166666666666 0.6076388888888888 0.19140625 0.6111111111111112 0.20703125 0.609375 0.21744791666666666 0.6024305555555556 0.234375 0.5902777777777778 0.2513020833333333 0.5694444444444444 0.2669270833333333 0.5243055555555556 0.2799479166666667 0.4913194444444444 0.2799479166666667 0.4722222222222222 0.27734375 0.4409722222222222 0.265625 0.4305555555555556 0.2578125 0.4253472222222222 0.25 0.4201388888888889 0.23046875 0.40625 0.20572916666666666 0.4079861111111111 0.1953125 0.4131944444444444 0.18489583333333334 0.4392361111111111 0.16536458333333334 0.4427083333333333 0.16015625 0.4409722222222222 0.14973958333333334 0.4548611111111111 0.14192708333333334 0.4652777777777778 0.1328125 0.4704861111111111 0.109375 0.5017361111111112 0.10416666666666667 0.5017361111111112 0.11197916666666667 0.5069444444444444 0.11979166666666667 0.5069444444444444 0.125 0.5121527777777778 0.12890625
0 0.3767361111111111 0.33203125 0.4027777777777778 0.33984375 0.4184027777777778 0.3489583333333333 0.4270833333333333 0.3515625 0.4444444444444444 0.36328125 0.453125 0.3723958333333333 0.4722222222222222 0.3984375 0.4756944444444444 0.4075520833333333 0.4791666666666667 0.4205729166666667 0.4774305555555556 0.4466145833333333 0.4722222222222222 0.4609375 0.4618055555555556 0.4752604166666667 0.4322916666666667 0.4986979166666667 0.4131944444444444 0.5078125 0.390625 0.5143229166666666 0.3680555555555556 0.5169270833333334 0.3402777777777778 0.515625 0.3368055555555556 0.51953125 0.3350694444444444 0.5286458333333334 0.3315972222222222 0.5286458333333334 0.3211805555555556 0.5221354166666666 0.2986111111111111 0.5 0.2760416666666667 0.4921875 0.2517361111111111 0.4739583333333333 0.23958333333333334 0.4700520833333333 0.234375 0.4661458333333333 0.2309027777777778 0.4609375 0.2309027777777778 0.453125 0.22569444444444445 0.4401041666666667 0.22395833333333334 0.4010416666666667 0.2309027777777778 0.3958333333333333 0.2378472222222222 0.3815104166666667 0.2482638888888889 0.3684895833333333 0.2638888888888889 0.3567708333333333 0.2951388888888889 0.3411458333333333 0.34375 0.3307291666666667 0.375 0.33203125
0 0.2916666666666667 0.6614583333333334 0.3229166666666667 0.6731770833333334 0.3385416666666667 0.6861979166666666 0.3489583333333333 0.7057291666666666 0.3506944444444444 0.7213541666666666 0.3524305555555556 0.7278645833333334 0.3576388888888889 0.7330729166666666 0.3576388888888889 0.7395833333333334 0.3489583333333333 0.75 0.3402777777777778 0.7786458333333334 0.3107638888888889 0.8125 0.2951388888888889 0.8229166666666666 0.2552083333333333 0.83203125 0.21180555555555555 0.83203125 0.19270833333333334 0.828125 0.17708333333333334 0.8216145833333334 0.1527777777777778 0.8033854166666666 0.1423611111111111 0.79296875 0.13541666666666666 0.7786458333333334 0.13194444444444445 0.7630208333333334 0.13368055555555555 0.7330729166666666 0.1371527777777778 0.72265625 0.15625 0.6979166666666666 0.1736111111111111 0.68359375 0.19444444444444445 0.671875 0.2465277777777778 0.6588541666666666 0.2760416666666667 0.6588541666666666 0.2899305555555556 0.6614583333333334