0 0.7548828125 0.546875 0.779296875 0.5611979166666666 0.8037109375 0.5872395833333334 0.814453125 0.60546875 0.8173828125 0.6158854166666666 0.828125 0.6302083333333334 0.8310546875 0.6484375 0.8427734375 0.6705729166666666 0.841796875 0.6875 0.837890625 0.6953125 0.8349609375 0.6901041666666666 0.83203125 0.6744791666666666 0.8271484375 0.6731770833333334 0.8251953125 0.67578125 0.814453125 0.7109375 0.8046875 0.73046875 0.7939453125 0.7447916666666666 0.77734375 0.7526041666666666 0.7578125 0.7552083333333334 0.7421875 0.7552083333333334 0.7353515625 0.7526041666666666 0.7138671875 0.7421875 0.6923828125 0.7265625 0.681640625 0.7135416666666666 0.6708984375 0.6953125 0.6611328125 0.6627604166666666 0.6611328125 0.62890625 0.6650390625 0.6067708333333334 0.67578125 0.5833333333333334 0.6845703125 0.5703125 0.7099609375 0.55078125 0.7392578125 0.5442708333333334 0.75390625 0.546875
0 0.5908203125 0 0.7177734375 0 0.716796875 0.049479166666666664 0.7138671875 0.06380208333333333 0.69921875 0.09505208333333333 0.6875 0.09895833333333333 0.6787109375 0.11067708333333333 0.6591796875 0.10807291666666667 0.6181640625 0.11067708333333333 0.603515625 0.1015625 0.5908203125 0.07421875 0.5908203125 0.0013020833333333333
0 0.1494140625 0.1875 0.1767578125 0.19921875 0.185546875 0.20572916666666666 0.1923828125 0.21875 0.1953125 0.234375 0.2421875 0.23697916666666666 0.2724609375 0.2578125 0.2880859375 0.2786458333333333 0.2939453125 0.2903645833333333 0.30859375 0.3333333333333333 0.3115234375 0.3450520833333333 0.3115234375 0.35546875 0.3154296875 0.3671875 0.314453125 0.3958333333333333 0.31640625 0.4075520833333333 0.3134765625 0.41796875 0.314453125 0.4375 0.310546875 0.4622395833333333 0.296875 0.48046875 0.294921875 0.4869791666666667 0.2958984375 0.4908854166666667 0.29296875 0.4973958333333333 0.2861328125 0.5013020833333334 0.29296875 0.5026041666666666 0.29296875 0.5143229166666666 0.2841796875 0.5182291666666666 0.279296875 0.5065104166666666 0.2529296875 0.5247395833333334 0.234375 0.52734375 0.2158203125 0.5247395833333334 0.208984375 0.515625 0.1875 0.5013020833333334 0.1591796875 0.4739583333333333 0.140625 0.4479166666666667 0.1259765625 0.4075520833333333 0.123046875 0.3723958333333333 0.125 0.3203125 0.1220703125 0.3151041666666667 0.1123046875 0.3072916666666667 0.0966796875 0.2747395833333333 0.0966796875 0.26953125 0.10546875 0.26171875 0.1083984375 0.2513020833333333 0.1083984375 0.24348958333333334 0.1015625 0.22265625 0.1015625 0.21614583333333334 0.107421875 0.20963541666666666 0.107421875 0.20572916666666666 0.1015625 0.19791666666666666 0.099609375 0.19140625 0.1162109375 0.18489583333333334 0.1484375 0.1875
0 0.41015625 0.1171875 0.41796875 0.12109375 0.4384765625 0.12109375 0.4482421875 0.12369791666666667 0.4736328125 0.140625 0.4873046875 0.16276041666666666 0.4951171875 0.19401041666666666 0.4931640625 0.22916666666666666 0.4814453125 0.265625 0.4580078125 0.2838541666666667 0.44921875 0.2838541666666667 0.44140625 0.2994791666666667 0.4248046875 0.3020833333333333 0.4033203125 0.30078125 0.3828125 0.2890625 0.369140625 0.27734375 0.3564453125 0.2526041666666667 0.349609375 0.22526041666666666 0.349609375 0.20572916666666666 0.353515625 0.18619791666666666 0.3603515625 0.1640625 0.3662109375 0.15234375 0.392578125 0.12239583333333333 0.40234375 0.1171875 0.4091796875 0.1171875
0 0.2685546875 0 0.361328125 0 0.37890625 0.02734375 0.3857421875 0.048177083333333336 0.3896484375 0.07291666666666667 0.3896484375 0.1015625 0.3857421875 0.12109375 0.35546875 0.16015625 0.3203125 0.17057291666666666 0.3095703125 0.17057291666666666 0.298828125 0.16666666666666666 0.28125 0.15234375 0.2568359375 0.1171875 0.2490234375 0.08854166666666667 0.2470703125 0.0703125 0.2490234375 0.04296875 0.255859375 0.020833333333333332 0.2685546875 0.0013020833333333333
0 0.6923828125 0.10416666666666667 0.701171875 0.11458333333333333 0.712890625 0.11979166666666667 0.7236328125 0.11458333333333333 0.73046875 0.11588541666666667 0.740234375 0.13932291666666666 0.744140625 0.15494791666666666 0.75 0.15885416666666666 0.7548828125 0.17447916666666666 0.7509765625 0.17838541666666666 0.748046875 0.17838541666666666 0.7412109375 0.16796875 0.736328125 0.171875 0.736328125 0.17708333333333334 0.744140625 0.19921875 0.744140625 0.22395833333333334 0.7333984375 0.2526041666666667 0.7294921875 0.2747395833333333 0.70703125 0.3059895833333333 0.6982421875 0.3138020833333333 0.6806640625 0.3216145833333333 0.6748046875 0.3268229166666667 0.6640625 0.3294270833333333 0.650390625 0.3411458333333333 0.6357421875 0.3489583333333333 0.6162109375 0.3489583333333333 0.5966796875 0.33984375 0.5908203125 0.3333333333333333 0.58984375 0.3190104166666667 0.5751953125 0.3059895833333333 0.556640625 0.28125 0.548828125 0.2604166666666667 0.544921875 0.2421875 0.5439453125 0.1953125 0.5458984375 0.18098958333333334 0.5546875 0.16015625 0.5673828125 0.14322916666666666 0.5947265625 0.12369791666666667 0.63671875 0.11328125 0.6767578125 0.11588541666666667 0.681640625 0.11458333333333333 0.6884765625 0.10416666666666667 0.69140625 0.10416666666666667
0 0.4892578125 0.2877604166666667 0.4912109375 0.2903645833333333 0.5205078125 0.29296875 0.537109375 0.2981770833333333 0.5771484375 0.3294270833333333 0.5966796875 0.3723958333333333 0.6015625 0.3958333333333333 0.6015625 0.41796875 0.59765625 0.4401041666666667 0.587890625 0.4674479166666667 0.564453125 0.5 0.529296875 0.5260416666666666 0.5263671875 0.5377604166666666 0.5185546875 0.5533854166666666 0.521484375 0.5703125 0.509765625 0.578125 0.5078125 0.578125 0.505859375 0.5703125 0.498046875 0.5638020833333334 0.4931640625 0.5559895833333334 0.490234375 0.5390625 0.4853515625 0.53125 0.48046875 0.5286458333333334 0.458984375 0.52734375 0.4365234375 0.5169270833333334 0.421875 0.5130208333333334 0.4150390625 0.5078125 0.408203125 0.47265625 0.390625 0.4479166666666667 0.3798828125 0.44140625 0.3828125 0.4088541666666667 0.388671875 0.3776041666666667 0.3974609375 0.35546875 0.4072265625 0.3385416666666667 0.4228515625 0.3203125 0.451171875 0.30078125 0.462890625 0.296875 0.4833984375 0.28515625 0.48828125 0.2877604166666667
0 0.5703125 0.5690104166666666 0.5947265625 0.5768229166666666 0.6181640625 0.5950520833333334 0.638671875 0.6263020833333334 0.6494140625 0.6640625 0.6494140625 0.7161458333333334 0.64453125 0.7486979166666666 0.630859375 0.78125 0.6201171875 0.7955729166666666 0.615234375 0.8177083333333334 0.599609375 0.8424479166666666 0.5947265625 0.83984375 0.591796875 0.8424479166666666 0.5927734375 0.8385416666666666 0.5869140625 0.8333333333333334 0.5712890625 0.828125 0.56640625 0.8229166666666666 0.5595703125 0.80859375 0.529296875 0.7981770833333334 0.5185546875 0.7903645833333334 0.5068359375 0.77734375 0.5 0.7682291666666666 0.486328125 0.7369791666666666 0.48046875 0.6979166666666666 0.4814453125 0.6614583333333334 0.4833984375 0.65234375 0.4970703125 0.62109375 0.5078125 0.6041666666666666 0.53125 0.5794270833333334 0.556640625 0.5690104166666666 0.5693359375 0.5690104166666666
0 0.4375 0 0.583984375 0 0.5869140625 0.016927083333333332 0.5849609375 0.05859375 0.5810546875 0.07421875 0.576171875 0.08723958333333333 0.55078125 0.12109375 0.5361328125 0.13411458333333334 0.5205078125 0.140625 0.5009765625 0.140625 0.4970703125 0.13802083333333334 0.482421875 0.140625 0.466796875 0.11588541666666667 0.453125 0.10546875 0.44921875 0.09635416666666667 0.4365234375 0.08203125 0.431640625 0.03125 0.431640625 0.013020833333333334 0.4375 0.0013020833333333333
0 0.3486328125 0.5755208333333334 0.375 0.5794270833333334 0.392578125 0.5885416666666666 0.40234375 0.5989583333333334 0.41796875 0.6236979166666666 0.4267578125 0.64453125 0.4306640625 0.6614583333333334 0.4306640625 0.6901041666666666 0.427734375 0.7122395833333334 0.4189453125 0.7395833333333334 0.40234375 0.7682291666666666 0.392578125 0.7786458333333334 0.3603515625 0.796875 0.349609375 0.7994791666666666 0.3310546875 0.7981770833333334 0.314453125 0.7890625 0.30078125 0.77734375 0.2802734375 0.7447916666666666 0.2744140625 0.7291666666666666 0.2666015625 0.6966145833333334 0.265625 0.6705729166666666 0.26953125 0.6484375 0.2783203125 0.625 0.2978515625 0.5963541666666666 0.333984375 0.578125 0.34765625 0.5768229166666666
0 0.7421875 0.2955729166666667 0.7490234375 0.3033854166666667 0.7529296875 0.3203125 0.7568359375 0.328125 0.7763671875 0.34375 0.7919921875 0.3684895833333333 0.7998046875 0.39453125 0.7998046875 0.421875 0.7978515625 0.4296875 0.787109375 0.44921875 0.7861328125 0.4596354166666667 0.779296875 0.46875 0.7744140625 0.46875 0.7685546875 0.46484375 0.75390625 0.48046875 0.73828125 0.4921875 0.716796875 0.4973958333333333 0.7041015625 0.4973958333333333 0.685546875 0.4908854166666667 0.681640625 0.4869791666666667 0.67578125 0.47265625 0.6572265625 0.4518229166666667 0.650390625 0.4114583333333333 0.6494140625 0.3815104166666667 0.65625 0.3580729166666667 0.681640625 0.3255208333333333 0.6904296875 0.3203125 0.7177734375 0.3125 0.7265625 0.3072916666666667 0.7333984375 0.296875 0.7412109375 0.2955729166666667