0 0.537109375 0.17317708333333334 0.552734375 0.18229166666666666 0.5703125 0.20833333333333334 0.57421875 0.22265625 0.57421875 0.2513020833333333 0.5712890625 0.265625 0.560546875 0.2734375 0.5478515625 0.2994791666666667 0.5361328125 0.3333333333333333 0.5107421875 0.3515625 0.5 0.3515625 0.486328125 0.34765625 0.4765625 0.33984375 0.4697265625 0.3294270833333333 0.4580078125 0.2890625 0.458984375 0.21875 0.4619140625 0.2109375 0.4658203125 0.20703125 0.486328125 0.19791666666666666 0.5087890625 0.17708333333333334 0.5185546875 0.171875 0.5361328125 0.17317708333333334
0 0.404296875 0.24739583333333334 0.416015625 0.25 0.4384765625 0.2682291666666667 0.45703125 0.2981770833333333 0.46484375 0.32421875 0.466796875 0.3372395833333333 0.466796875 0.3606770833333333 0.4609375 0.390625 0.4560546875 0.40234375 0.4501953125 0.41015625 0.4111328125 0.4427083333333333 0.384765625 0.4440104166666667 0.3828125 0.44921875 0.3779296875 0.4466145833333333 0.357421875 0.41796875 0.3251953125 0.390625 0.3193359375 0.3424479166666667 0.3193359375 0.328125 0.3388671875 0.2981770833333333 0.3544921875 0.26171875 0.373046875 0.2513020833333333 0.4033203125 0.24739583333333334
0 0.6572265625 0.4700520833333333 0.6630859375 0.4739583333333333 0.6708984375 0.484375 0.6865234375 0.4908854166666667 0.70703125 0.52734375 0.71484375 0.55078125 0.7216796875 0.5807291666666666 0.7216796875 0.609375 0.7119140625 0.6432291666666666 0.7060546875 0.6549479166666666 0.6923828125 0.671875 0.671875 0.6927083333333334 0.65625 0.7044270833333334 0.640625 0.7109375 0.6259765625 0.7135416666666666 0.59765625 0.7122395833333334 0.578125 0.703125 0.5703125 0.7096354166666666 0.5625 0.7096354166666666 0.556640625 0.703125 0.5537109375 0.6953125 0.5537109375 0.6848958333333334 0.5576171875 0.6783854166666666 0.5576171875 0.6744791666666666 0.5498046875 0.66015625 0.5478515625 0.6510416666666666 0.5390625 0.6315104166666666 0.5341796875 0.6119791666666666 0.5380859375 0.5885416666666666 0.541015625 0.546875 0.552734375 0.51953125 0.564453125 0.5078125 0.5703125 0.5 0.57421875 0.4895833333333333 0.5810546875 0.4817708333333333 0.6005859375 0.4752604166666667 0.6123046875 0.4778645833333333 0.6337890625 0.4700520833333333 0.65625 0.4700520833333333
0 0.4951171875 0.6549479166666666 0.5087890625 0.66015625 0.525390625 0.671875 0.5341796875 0.68359375 0.5390625 0.6979166666666666 0.548828125 0.7096354166666666 0.552734375 0.71875 0.5478515625 0.7330729166666666 0.5478515625 0.7604166666666666 0.54296875 0.7877604166666666 0.5224609375 0.8229166666666666 0.5068359375 0.8333333333333334 0.494140625 0.8333333333333334 0.4599609375 0.82421875 0.4580078125 0.8138020833333334 0.443359375 0.796875 0.4375 0.7786458333333334 0.431640625 0.7708333333333334 0.427734375 0.7434895833333334 0.427734375 0.7330729166666666 0.431640625 0.7239583333333334 0.4326171875 0.7057291666666666 0.435546875 0.6953125 0.44140625 0.6848958333333334 0.453125 0.6705729166666666 0.4697265625 0.6588541666666666 0.4775390625 0.6549479166666666 0.494140625 0.6549479166666666
0 0.330078125 0.4010416666666667 0.359375 0.4270833333333333 0.373046875 0.4479166666666667 0.3818359375 0.48046875 0.3837890625 0.5091145833333334 0.400390625 0.5286458333333334 0.4013671875 0.5455729166666666 0.3984375 0.5494791666666666 0.3828125 0.5572916666666666 0.3623046875 0.5625 0.33984375 0.578125 0.3203125 0.5807291666666666 0.3037109375 0.5872395833333334 0.279296875 0.58203125 0.2666015625 0.57421875 0.2568359375 0.5625 0.2509765625 0.55078125 0.240234375 0.5104166666666666 0.2236328125 0.4700520833333333 0.22265625 0.4518229166666667 0.2294921875 0.4322916666666667 0.2333984375 0.4270833333333333 0.2490234375 0.4166666666666667 0.2587890625 0.4166666666666667 0.2685546875 0.421875 0.302734375 0.4010416666666667 0.3125 0.3984375 0.3251953125 0.3984375 0.3291015625 0.4010416666666667
0 0.65234375 0.2421875 0.6640625 0.2513020833333333 0.6748046875 0.2643229166666667 0.6875 0.2734375 0.6943359375 0.2747395833333333 0.69921875 0.2721354166666667 0.70703125 0.2838541666666667 0.71484375 0.3033854166666667 0.7197265625 0.3229166666666667 0.7216796875 0.3411458333333333 0.7216796875 0.3658854166666667 0.7197265625 0.37890625 0.716796875 0.3919270833333333 0.7021484375 0.4283854166666667 0.67578125 0.4622395833333333 0.66796875 0.4674479166666667 0.6572265625 0.4635416666666667 0.640625 0.4635416666666667 0.6171875 0.46875 0.5849609375 0.4674479166666667 0.5712890625 0.4596354166666667 0.556640625 0.44140625 0.5419921875 0.4127604166666667 0.5380859375 0.3971354166666667 0.5361328125 0.3828125 0.5380859375 0.3385416666666667 0.5478515625 0.3072916666666667 0.5615234375 0.2825520833333333 0.59375 0.2526041666666667 0.60546875 0.24739583333333334 0.6279296875 0.24609375 0.6435546875 0.24088541666666666 0.6513671875 0.2421875
0 0.3935546875 0.11067708333333333 0.4208984375 0.13541666666666666 0.4287109375 0.15364583333333334 0.435546875 0.18229166666666666 0.435546875 0.20572916666666666 0.4326171875 0.22265625 0.4287109375 0.23177083333333334 0.4208984375 0.23958333333333334 0.376953125 0.24609375 0.3486328125 0.2604166666666667 0.34375 0.2591145833333333 0.3369140625 0.2526041666666667 0.3232421875 0.23307291666666666 0.314453125 0.203125 0.314453125 0.18489583333333334 0.31640625 0.17708333333333334 0.33203125 0.13671875 0.3447265625 0.11848958333333333 0.369140625 0.10677083333333333 0.3837890625 0.10677083333333333 0.392578125 0.11067708333333333
0 0.6611328125 0.006510416666666667 0.6845703125 0.009114583333333334 0.6884765625 0.013020833333333334 0.6953125 0.01171875 0.7041015625 0.022135416666666668 0.720703125 0.033854166666666664 0.732421875 0.052083333333333336 0.7392578125 0.06770833333333333 0.7421875 0.07942708333333333 0.7421875 0.10286458333333333 0.734375 0.14583333333333334 0.7216796875 0.16927083333333334 0.71484375 0.17447916666666666 0.7060546875 0.1875 0.697265625 0.19401041666666666 0.69140625 0.20182291666666666 0.6650390625 0.21614583333333334 0.6435546875 0.22395833333333334 0.63671875 0.22395833333333334 0.6201171875 0.21484375 0.59765625 0.2109375 0.580078125 0.203125 0.5703125 0.19140625 0.5634765625 0.1875 0.556640625 0.171875 0.5498046875 0.14583333333333334 0.548828125 0.11979166666666667 0.5517578125 0.10286458333333333 0.56640625 0.07291666666666667 0.59375 0.040364583333333336 0.6298828125 0.014322916666666666 0.6474609375 0.0078125 0.66015625 0.006510416666666667
0 0.826171875 0 0.826171875 0.036458333333333336 0.82421875 0.048177083333333336 0.8193359375 0.0625 0.8115234375 0.07291666666666667 0.8095703125 0.08463541666666667 0.802734375 0.09375 0.76171875 0.12239583333333333 0.74609375 0.12239583333333333 0.7431640625 0.11979166666666667 0.7451171875 0.10286458333333333 0.744140625 0.07682291666666667 0.740234375 0.06380208333333333 0.7255859375 0.032552083333333336 0.7255859375 0.024739583333333332 0.7353515625 0.010416666666666666 0.74609375 0 0.8251953125 0
0 0.4814453125 0.41015625 0.498046875 0.4153645833333333 0.53125 0.4427083333333333 0.541015625 0.4674479166666667 0.54296875 0.50390625 0.5478515625 0.5104166666666666 0.546875 0.5260416666666666 0.5380859375 0.5416666666666666 0.53125 0.5638020833333334 0.5302734375 0.5911458333333334 0.525390625 0.60546875 0.513671875 0.5989583333333334 0.5068359375 0.5989583333333334 0.5009765625 0.6028645833333334 0.4814453125 0.6067708333333334 0.466796875 0.6067708333333334 0.451171875 0.6015625 0.423828125 0.578125 0.41015625 0.5520833333333334 0.4033203125 0.515625 0.4052734375 0.4830729166666667 0.416015625 0.4453125 0.4208984375 0.4388020833333333 0.451171875 0.4140625 0.4580078125 0.4114583333333333 0.48046875 0.41015625
0 0.4697265625 0.016927083333333332 0.474609375 0.02734375 0.4794921875 0.032552083333333336 0.5087890625 0.03125 0.5263671875 0.0390625 0.5390625 0.059895833333333336 0.5439453125 0.08984375 0.544921875 0.12239583333333333 0.5400390625 0.14322916666666666 0.5224609375 0.16536458333333334 0.5126953125 0.16927083333333334 0.484375 0.18880208333333334 0.4580078125 0.18880208333333334 0.4482421875 0.18489583333333334 0.4375 0.17057291666666666 0.4267578125 0.13932291666666666 0.4267578125 0.1171875 0.4287109375 0.10807291666666667 0.443359375 0.07682291666666667 0.443359375 0.07291666666666667 0.4384765625 0.06640625 0.4462890625 0.057291666666666664 0.44921875 0.049479166666666664 0.44921875 0.024739583333333332 0.453125 0.01953125 0.46484375 0.015625 0.46875 0.016927083333333332
0 0.36328125 0.58984375 0.3828125 0.6041666666666666 0.396484375 0.6315104166666666 0.3994140625 0.6419270833333334 0.3994140625 0.66796875 0.396484375 0.6796875 0.3974609375 0.6888020833333334 0.3896484375 0.7213541666666666 0.376953125 0.7421875 0.3564453125 0.7591145833333334 0.3369140625 0.765625 0.322265625 0.765625 0.306640625 0.76171875 0.2958984375 0.7552083333333334 0.28125 0.7369791666666666 0.271484375 0.71875 0.2685546875 0.7083333333333334 0.267578125 0.6888020833333334 0.26953125 0.66015625 0.2734375 0.6458333333333334 0.28515625 0.6184895833333334 0.29296875 0.6067708333333334 0.306640625 0.59375 0.3203125 0.5872395833333334 0.345703125 0.5846354166666666 0.3623046875 0.58984375