0 0.5208333333333334 0.5390625 0.5486111111111112 0.5455729166666666 0.5798611111111112 0.5572916666666666 0.6059027777777778 0.5755208333333334 0.6267361111111112 0.6028645833333334 0.6336805555555556 0.6184895833333334 0.6371527777777778 0.63671875 0.6371527777777778 0.6536458333333334 0.6284722222222222 0.6796875 0.6284722222222222 0.6861979166666666 0.6215277777777778 0.6953125 0.6111111111111112 0.6979166666666666 0.5590277777777778 0.6979166666666666 0.5399305555555556 0.7044270833333334 0.5225694444444444 0.7161458333333334 0.5208333333333334 0.7200520833333334 0.5225694444444444 0.7356770833333334 0.5173611111111112 0.7447916666666666 0.5138888888888888 0.7473958333333334 0.4947916666666667 0.75 0.4635416666666667 0.75 0.4236111111111111 0.7421875 0.3819444444444444 0.7239583333333334 0.3611111111111111 0.7096354166666666 0.3489583333333333 0.6979166666666666 0.3333333333333333 0.671875 0.3350694444444444 0.6549479166666666 0.3333333333333333 0.6158854166666666 0.3368055555555556 0.60546875 0.3489583333333333 0.5911458333333334 0.3715277777777778 0.5768229166666666 0.3767361111111111 0.5690104166666666 0.3993055555555556 0.5546875 0.4201388888888889 0.5455729166666666 0.4392361111111111 0.5403645833333334 0.4565972222222222 0.5403645833333334 0.4652777777777778 0.5377604166666666 0.4826388888888889 0.5364583333333334 0.5190972222222222 0.5390625
0 0.0642361111111111 0.2643229166666667 0.11631944444444445 0.2760416666666667 0.13194444444444445 0.2825520833333333 0.1440972222222222 0.28515625 0.1701388888888889 0.2981770833333333 0.17881944444444445 0.3059895833333333 0.1875 0.3098958333333333 0.2065972222222222 0.3255208333333333 0.2361111111111111 0.36328125 0.24305555555555555 0.3802083333333333 0.2465277777777778 0.4075520833333333 0.23958333333333334 0.4466145833333333 0.2309027777777778 0.4609375 0.21354166666666666 0.4765625 0.20833333333333334 0.4778645833333333 0.2013888888888889 0.4752604166666667 0.1875 0.4752604166666667 0.18229166666666666 0.47265625 0.18229166666666666 0.4700520833333333 0.17708333333333334 0.4661458333333333 0.16319444444444445 0.4661458333333333 0.15625 0.4635416666666667 0.1423611111111111 0.46484375 0.1284722222222222 0.47265625 0.1232638888888889 0.4830729166666667 0.11805555555555555 0.4869791666666667 0.10069444444444445 0.4934895833333333 0.09895833333333333 0.5078125 0.08854166666666667 0.515625 0.06770833333333333 0.5234375 0.034722222222222224 0.5221354166666666 0.008680555555555556 0.515625 0 0.515625 0 0.3359375 0.003472222222222222 0.3346354166666667 0.003472222222222222 0.3307291666666667 0 0.328125 0 0.296875 0.022569444444444444 0.28125 0.027777777777777776 0.2734375 0.03993055555555555 0.2643229166666667 0.0625 0.2643229166666667
0 0.6215277777777778 0.703125 0.6475694444444444 0.7057291666666666 0.6684027777777778 0.7161458333333334 0.6875 0.7291666666666666 0.7256944444444444 0.7395833333333334 0.7378472222222222 0.7447916666666666 0.7847222222222222 0.7747395833333334 0.8055555555555556 0.7916666666666666 0.8315972222222222 0.8294270833333334 0.8472222222222222 0.8723958333333334 0.8472222222222222 0.8984375 0.8420138888888888 0.91796875 0.8315972222222222 0.9361979166666666 0.8125 0.95703125 0.765625 0.9921875 0.7517361111111112 0.9986979166666666 0.6215277777777778 0.9986979166666666 0.6197916666666666 0.99609375 0.6111111111111112 0.99609375 0.609375 0.9986979166666666 0.5329861111111112 0.9986979166666666 0.5295138888888888 0.9947916666666666 0.5260416666666666 0.9947916666666666 0.5225694444444444 0.9986979166666666 0.4930555555555556 0.9986979166666666 0.4878472222222222 0.9947916666666666 0.4826388888888889 0.9830729166666666 0.4670138888888889 0.96484375 0.46875 0.9583333333333334 0.4861111111111111 0.9453125 0.46875 0.9296875 0.4565972222222222 0.9049479166666666 0.4565972222222222 0.8841145833333334 0.4513888888888889 0.8619791666666666 0.453125 0.8606770833333334 0.4513888888888889 0.8307291666666666 0.4548611111111111 0.8216145833333334 0.46875 0.7994791666666666 0.5017361111111112 0.7682291666666666 0.5295138888888888 0.7526041666666666 0.5538194444444444 0.7434895833333334 0.5503472222222222 0.73828125 0.5416666666666666 0.7421875 0.5364583333333334 0.7421875 0.53125 0.73046875 0.5347222222222222 0.7265625 0.5329861111111112 0.7200520833333334 0.5451388888888888 0.7083333333333334 0.5642361111111112 0.703125 0.6197916666666666 0.7044270833333334
0 0.8142361111111112 0.55859375 0.84375 0.5677083333333334 0.8854166666666666 0.5989583333333334 0.9010416666666666 0.625 0.9079861111111112 0.6419270833333334 0.9079861111111112 0.6588541666666666 0.8871527777777778 0.6901041666666666 0.8680555555555556 0.70703125 0.8524305555555556 0.7174479166666666 0.8368055555555556 0.7213541666666666 0.8107638888888888 0.7317708333333334 0.7430555555555556 0.7200520833333334 0.7222222222222222 0.7135416666666666 0.703125 0.703125 0.6927083333333334 0.6940104166666666 0.6788194444444444 0.6744791666666666 0.6614583333333334 0.6575520833333334 0.65625 0.62109375 0.6666666666666666 0.60546875 0.6979166666666666 0.58203125 0.71875 0.5625 0.7309027777777778 0.5625 0.7569444444444444 0.5572916666666666 0.8125 0.55859375
0 0.16319444444444445 0.4778645833333333 0.1736111111111111 0.4830729166666667 0.19791666666666666 0.48046875 0.20833333333333334 0.4869791666666667 0.2361111111111111 0.4895833333333333 0.2552083333333333 0.4947916666666667 0.2847222222222222 0.5078125 0.3038194444444444 0.5247395833333334 0.3211805555555556 0.5533854166666666 0.3263888888888889 0.58203125 0.3263888888888889 0.5950520833333334 0.3229166666666667 0.60546875 0.3263888888888889 0.6471354166666666 0.3177083333333333 0.6588541666666666 0.296875 0.6640625 0.2690972222222222 0.6796875 0.2586805555555556 0.6888020833333334 0.2222222222222222 0.6966145833333334 0.19444444444444445 0.7005208333333334 0.16493055555555555 0.69921875 0.16319444444444445 0.7005208333333334 0.11979166666666667 0.69921875 0.09895833333333333 0.7005208333333334 0.08854166666666667 0.6966145833333334 0.06944444444444445 0.6848958333333334 0.041666666666666664 0.65625 0.03125 0.6276041666666666 0.027777777777777776 0.6015625 0.041666666666666664 0.56640625 0.05381944444444445 0.55078125 0.057291666666666664 0.5403645833333334 0.078125 0.5247395833333334 0.125 0.4986979166666667 0.1267361111111111 0.4973958333333333 0.125 0.4908854166666667 0.13194444444444445 0.4869791666666667 0.13368055555555555 0.4830729166666667 0.1527777777777778 0.4778645833333333 0.16145833333333334 0.4791666666666667
0 0.3784722222222222 0.3046875 0.4010416666666667 0.3098958333333333 0.4184027777777778 0.31640625 0.4461805555555556 0.3307291666666667 0.4670138888888889 0.3502604166666667 0.4791666666666667 0.3776041666666667 0.4774305555555556 0.3997395833333333 0.4635416666666667 0.4166666666666667 0.4513888888888889 0.44140625 0.4409722222222222 0.4544270833333333 0.4392361111111111 0.4609375 0.4288194444444444 0.4765625 0.4149305555555556 0.4830729166666667 0.3819444444444444 0.48046875 0.3697916666666667 0.4713541666666667 0.3559027777777778 0.4674479166666667 0.3489583333333333 0.4674479166666667 0.3350694444444444 0.4713541666666667 0.328125 0.4674479166666667 0.3177083333333333 0.4661458333333333 0.3003472222222222 0.4596354166666667 0.2881944444444444 0.453125 0.2673611111111111 0.4361979166666667 0.2534722222222222 0.4140625 0.25 0.4010416666666667 0.25 0.3723958333333333 0.2604166666666667 0.3502604166666667 0.2743055555555556 0.3333333333333333 0.3003472222222222 0.31640625 0.3194444444444444 0.3098958333333333 0.34375 0.3046875 0.3767361111111111 0.3046875
0 0.609375 0.36328125 0.640625 0.3723958333333333 0.6631944444444444 0.3854166666666667 0.6753472222222222 0.3958333333333333 0.6979166666666666 0.4296875 0.7100694444444444 0.4544270833333333 0.7100694444444444 0.4609375 0.7013888888888888 0.4739583333333333 0.7013888888888888 0.4778645833333333 0.7100694444444444 0.4817708333333333 0.7152777777777778 0.4817708333333333 0.71875 0.484375 0.71875 0.48828125 0.7152777777777778 0.49609375 0.7100694444444444 0.5 0.7065972222222222 0.5143229166666666 0.703125 0.5182291666666666 0.6857638888888888 0.5221354166666666 0.6753472222222222 0.5130208333333334 0.6597222222222222 0.5169270833333334 0.6527777777777778 0.5221354166666666 0.6527777777777778 0.5299479166666666 0.6493055555555556 0.5364583333333334 0.6180555555555556 0.55078125 0.5954861111111112 0.5572916666666666 0.5885416666666666 0.5572916666666666 0.5555555555555556 0.5442708333333334 0.5104166666666666 0.5338541666666666 0.5052083333333334 0.5299479166666666 0.5052083333333334 0.5247395833333334 0.4982638888888889 0.5182291666666666 0.46875 0.5130208333333334 0.4600694444444444 0.50390625 0.4513888888888889 0.4830729166666667 0.4513888888888889 0.4583333333333333 0.4635416666666667 0.4244791666666667 0.4739583333333333 0.4088541666666667 0.4861111111111111 0.3958333333333333 0.5138888888888888 0.3763020833333333 0.5416666666666666 0.3658854166666667 0.5677083333333334 0.3606770833333333 0.6006944444444444 0.3606770833333333 0.6076388888888888 0.36328125
0 0.2934027777777778 0.1875 0.3263888888888889 0.20182291666666666 0.3472222222222222 0.22395833333333334 0.359375 0.2513020833333333 0.359375 0.26953125 0.3524305555555556 0.2890625 0.3420138888888889 0.30078125 0.2986111111111111 0.3138020833333333 0.2743055555555556 0.3294270833333333 0.2638888888888889 0.33984375 0.2517361111111111 0.34765625 0.2326388888888889 0.3463541666666667 0.2013888888888889 0.31640625 0.1840277777777778 0.3033854166666667 0.1684027777777778 0.29296875 0.1440972222222222 0.28125 0.1423611111111111 0.2760416666666667 0.14583333333333334 0.2604166666666667 0.1527777777777778 0.24609375 0.1579861111111111 0.22395833333333334 0.16666666666666666 0.21614583333333334 0.1857638888888889 0.20963541666666666 0.21180555555555555 0.1953125 0.2309027777777778 0.18880208333333334 0.24479166666666666 0.1875 0.2517361111111111 0.18489583333333334 0.28125 0.18489583333333334 0.2916666666666667 0.1875
0 0.28125 0.9518229166666666 0.2916666666666667 0.9505208333333334 0.3090277777777778 0.94140625 0.3315972222222222 0.9361979166666666 0.3420138888888889 0.9296875 0.3663194444444444 0.92578125 0.3784722222222222 0.9140625 0.390625 0.91015625 0.4149305555555556 0.9322916666666666 0.421875 0.9440104166666666 0.4600694444444444 0.9700520833333334 0.4600694444444444 0.9817708333333334 0.4652777777777778 0.9921875 0.4652777777777778 0.99609375 0.4618055555555556 0.9986979166666666 0.2847222222222222 0.9986979166666666 0.2829861111111111 0.9973958333333334 0.28125 0.9986979166666666 0.22569444444444445 0.9986979166666666 0.22743055555555555 0.9947916666666666 0.2725694444444444 0.9622395833333334 0.28125 0.953125
0 0.5486111111111112 0.1484375 0.5711805555555556 0.15364583333333334 0.6059027777777778 0.15625 0.6284722222222222 0.1640625 0.6371527777777778 0.17057291666666666 0.6475694444444444 0.17447916666666666 0.6701388888888888 0.17838541666666666 0.6961805555555556 0.18880208333333334 0.7204861111111112 0.203125 0.7309027777777778 0.21484375 0.7395833333333334 0.23567708333333334 0.7413194444444444 0.2591145833333333 0.7378472222222222 0.2786458333333333 0.7274305555555556 0.2981770833333333 0.7152777777777778 0.3125 0.6736111111111112 0.3372395833333333 0.6666666666666666 0.3372395833333333 0.6371527777777778 0.34765625 0.6006944444444444 0.3489583333333333 0.5625 0.34765625 0.546875 0.34375 0.5381944444444444 0.34375 0.4809027777777778 0.3216145833333333 0.4722222222222222 0.3151041666666667 0.4583333333333333 0.3098958333333333 0.4322916666666667 0.2903645833333333 0.4166666666666667 0.26953125 0.4079861111111111 0.25 0.40625 0.21614583333333334 0.4097222222222222 0.20703125 0.4184027777777778 0.19401041666666666 0.4236111111111111 0.19010416666666666 0.4340277777777778 0.1875 0.4600694444444444 0.17317708333333334 0.4704861111111111 0.17057291666666666 0.4895833333333333 0.16015625 0.5086805555555556 0.15364583333333334 0.5347222222222222 0.1484375 0.546875 0.1484375
0 0.7934027777777778 0.2838541666666667 0.8125 0.28515625 0.8298611111111112 0.2890625 0.8524305555555556 0.3020833333333333 0.8888888888888888 0.31640625 0.8958333333333334 0.3216145833333333 0.9010416666666666 0.3346354166666667 0.8975694444444444 0.34375 0.8888888888888888 0.3489583333333333 0.8611111111111112 0.34375 0.8055555555555556 0.34765625 0.7777777777777778 0.3619791666666667 0.7239583333333334 0.3828125 0.7118055555555556 0.3828125 0.6805555555555556 0.3619791666666667 0.6770833333333334 0.3541666666666667 0.6840277777777778 0.3424479166666667 0.6996527777777778 0.3294270833333333 0.7065972222222222 0.3268229166666667 0.7256944444444444 0.3072916666666667 0.7378472222222222 0.3046875 0.7795138888888888 0.28515625 0.7916666666666666 0.2838541666666667
0 0.2934027777777778 0.703125 0.3194444444444444 0.71484375 0.3333333333333333 0.7239583333333334 0.359375 0.75 0.3732638888888889 0.7760416666666666 0.3802083333333333 0.7955729166666666 0.3836805555555556 0.81640625 0.3819444444444444 0.8411458333333334 0.3732638888888889 0.8645833333333334 0.375 0.90234375 0.3697916666666667 0.9140625 0.3628472222222222 0.9192708333333334 0.3454861111111111 0.9244791666666666 0.3333333333333333 0.921875 0.3298611111111111 0.9192708333333334 0.3142361111111111 0.9192708333333334 0.2916666666666667 0.9231770833333334 0.2621527777777778 0.9322916666666666 0.21875 0.9388020833333334 0.16493055555555555 0.9375 0.1284722222222222 0.9283854166666666 0.10069444444444445 0.9153645833333334 0.08680555555555555 0.9049479166666666 0.0763888888888889 0.890625 0.06944444444444445 0.87109375 0.06944444444444445 0.84375 0.07291666666666667 0.8229166666666666 0.08159722222222222 0.796875 0.08333333333333333 0.7721354166666666 0.07465277777777778 0.7552083333333334 0.07465277777777778 0.7265625 0.08333333333333333 0.7161458333333334 0.0920138888888889 0.7109375 0.11284722222222222 0.7057291666666666 0.1284722222222222 0.70703125 0.1684027777777778 0.7044270833333334 0.1840277777777778 0.70703125 0.2170138888888889 0.703125 0.2569444444444444 0.703125 0.2690972222222222 0.7005208333333334 0.2916666666666667 0.703125