0 0.3802083333333333 0.5846354166666666 0.421875 0.6002604166666666 0.4392361111111111 0.6119791666666666 0.4409722222222222 0.6184895833333334 0.4496527777777778 0.625 0.4635416666666667 0.6419270833333334 0.46875 0.6536458333333334 0.4670138888888889 0.66796875 0.4461805555555556 0.6848958333333334 0.4288194444444444 0.7122395833333334 0.421875 0.7408854166666666 0.4236111111111111 0.7669270833333334 0.4149305555555556 0.7734375 0.3940972222222222 0.78125 0.3854166666666667 0.7786458333333334 0.3472222222222222 0.7799479166666666 0.3315972222222222 0.7734375 0.3246527777777778 0.7747395833333334 0.3159722222222222 0.76953125 0.3020833333333333 0.765625 0.2743055555555556 0.74609375 0.2552083333333333 0.73828125 0.24479166666666666 0.73046875 0.2361111111111111 0.7161458333333334 0.2361111111111111 0.703125 0.25 0.671875 0.2569444444444444 0.6484375 0.2708333333333333 0.625 0.2847222222222222 0.6106770833333334 0.3090277777777778 0.5950520833333334 0.3211805555555556 0.58984375 0.3524305555555556 0.5846354166666666 0.3784722222222222 0.5846354166666666
0 0.171875 0.60546875 0.19444444444444445 0.6145833333333334 0.2013888888888889 0.6145833333333334 0.21006944444444445 0.6184895833333334 0.2326388888888889 0.6223958333333334 0.2465277777777778 0.6276041666666666 0.2552083333333333 0.6328125 0.2552083333333333 0.6419270833333334 0.2482638888888889 0.6588541666666666 0.24479166666666666 0.67578125 0.2309027777777778 0.7018229166666666 0.2309027777777778 0.7135416666666666 0.2378472222222222 0.73046875 0.24305555555555555 0.7369791666666666 0.24131944444444445 0.7395833333333334 0.2326388888888889 0.7473958333333334 0.21354166666666666 0.7552083333333334 0.1597222222222222 0.765625 0.1423611111111111 0.765625 0.11284722222222222 0.7591145833333334 0.0954861111111111 0.7513020833333334 0.0798611111111111 0.7408854166666666 0.0625 0.7109375 0.057291666666666664 0.6966145833333334 0.034722222222222224 0.6627604166666666 0.034722222222222224 0.6536458333333334 0.03819444444444445 0.6497395833333334 0.06597222222222222 0.6341145833333334 0.08333333333333333 0.6354166666666666 0.08854166666666667 0.6341145833333334 0.1232638888888889 0.6119791666666666 0.1388888888888889 0.60546875 0.1597222222222222 0.6015625 0.16493055555555555 0.6015625 0.1701388888888889 0.60546875
0 0.6145833333333334 0.6276041666666666 0.6232638888888888 0.6341145833333334 0.6388888888888888 0.6354166666666666 0.6805555555555556 0.6536458333333334 0.7100694444444444 0.6705729166666666 0.7465277777777778 0.6979166666666666 0.765625 0.7252604166666666 0.7708333333333334 0.7486979166666666 0.7777777777777778 0.7604166666666666 0.7829861111111112 0.78515625 0.7829861111111112 0.8020833333333334 0.7795138888888888 0.8098958333333334 0.7604166666666666 0.8411458333333334 0.7482638888888888 0.8528645833333334 0.7291666666666666 0.8671875 0.6979166666666666 0.8854166666666666 0.6736111111111112 0.8932291666666666 0.6423611111111112 0.8997395833333334 0.6041666666666666 0.8997395833333334 0.5885416666666666 0.8971354166666666 0.5642361111111112 0.8971354166666666 0.5416666666666666 0.8932291666666666 0.5364583333333334 0.890625 0.5225694444444444 0.890625 0.5034722222222222 0.87890625 0.4913194444444444 0.8776041666666666 0.4809027777777778 0.8736979166666666 0.4670138888888889 0.86328125 0.4600694444444444 0.8619791666666666 0.4496527777777778 0.8697916666666666 0.4444444444444444 0.8697916666666666 0.4340277777777778 0.8606770833333334 0.4184027777777778 0.8346354166666666 0.4201388888888889 0.828125 0.4270833333333333 0.8190104166666666 0.4479166666666667 0.8033854166666666 0.4461805555555556 0.7916666666666666 0.4375 0.78515625 0.4375 0.7734375 0.4288194444444444 0.7630208333333334 0.4270833333333333 0.7369791666666666 0.4357638888888889 0.70703125 0.4496527777777778 0.6875 0.4652777777777778 0.6744791666666666 0.4930555555555556 0.6575520833333334 0.5017361111111112 0.6549479166666666 0.5104166666666666 0.6432291666666666 0.5225694444444444 0.6419270833333334 0.5364583333333334 0.63671875 0.5815972222222222 0.6263020833333334 0.6128472222222222 0.6276041666666666
0 0.2534722222222222 0.3307291666666667 0.2638888888888889 0.3333333333333333 0.2725694444444444 0.33984375 0.2777777777777778 0.3489583333333333 0.2899305555555556 0.359375 0.3107638888888889 0.37109375 0.3159722222222222 0.3763020833333333 0.3125 0.3854166666666667 0.3003472222222222 0.3971354166666667 0.296875 0.4036458333333333 0.296875 0.4088541666666667 0.3003472222222222 0.4140625 0.3020833333333333 0.4505208333333333 0.2986111111111111 0.4557291666666667 0.2899305555555556 0.4557291666666667 0.2760416666666667 0.4518229166666667 0.22569444444444445 0.4518229166666667 0.2013888888888889 0.4583333333333333 0.1909722222222222 0.4583333333333333 0.1736111111111111 0.44921875 0.16666666666666666 0.4427083333333333 0.15625 0.42578125 0.1527777777777778 0.4127604166666667 0.1527777777777778 0.3984375 0.16319444444444445 0.37109375 0.16493055555555555 0.359375 0.1684027777777778 0.3541666666666667 0.18229166666666666 0.34375 0.19791666666666666 0.3359375 0.21875 0.3307291666666667 0.2517361111111111 0.3307291666666667
0 0.4114583333333333 0.8268229166666666 0.4131944444444444 0.8359375 0.4253472222222222 0.8528645833333334 0.4253472222222222 0.8567708333333334 0.4427083333333333 0.875 0.4513888888888889 0.8736979166666666 0.4583333333333333 0.8684895833333334 0.4652777777777778 0.8684895833333334 0.4739583333333333 0.8763020833333334 0.4947916666666667 0.8854166666666666 0.5034722222222222 0.88671875 0.5086805555555556 0.8919270833333334 0.5104166666666666 0.9010416666666666 0.5086805555555556 0.9583333333333334 0.484375 0.9778645833333334 0.4704861111111111 0.9986979166666666 0.4340277777777778 0.9986979166666666 0.4322916666666667 0.99609375 0.4288194444444444 0.9986979166666666 0.3298611111111111 0.9986979166666666 0.3159722222222222 0.98828125 0.3020833333333333 0.984375 0.3020833333333333 0.9739583333333334 0.2951388888888889 0.9609375 0.2916666666666667 0.9192708333333334 0.2951388888888889 0.8984375 0.3072916666666667 0.8736979166666666 0.3211805555555556 0.859375 0.3524305555555556 0.83984375 0.3871527777777778 0.828125 0.4097222222222222 0.8268229166666666
0 0.2170138888888889 0.76171875 0.24479166666666666 0.7643229166666666 0.2621527777777778 0.7708333333333334 0.2916666666666667 0.79296875 0.3038194444444444 0.8111979166666666 0.3038194444444444 0.82421875 0.3003472222222222 0.8346354166666666 0.3055555555555556 0.8619791666666666 0.2986111111111111 0.875 0.28125 0.89453125 0.2673611111111111 0.9049479166666666 0.24479166666666666 0.91796875 0.2065972222222222 0.9283854166666666 0.171875 0.9283854166666666 0.1545138888888889 0.9244791666666666 0.1388888888888889 0.91796875 0.1111111111111111 0.8971354166666666 0.10590277777777778 0.8763020833333334 0.109375 0.8723958333333334 0.1111111111111111 0.84765625 0.11805555555555555 0.8203125 0.125 0.8125 0.1423611111111111 0.7825520833333334 0.1545138888888889 0.7734375 0.171875 0.7669270833333334 0.2152777777777778 0.76171875
0 0.2847222222222222 0.45703125 0.3038194444444444 0.4674479166666667 0.3159722222222222 0.4921875 0.3333333333333333 0.5052083333333334 0.3628472222222222 0.5182291666666666 0.3663194444444444 0.5260416666666666 0.3663194444444444 0.5455729166666666 0.359375 0.5716145833333334 0.3559027777777778 0.5755208333333334 0.3472222222222222 0.5807291666666666 0.3229166666666667 0.5846354166666666 0.3090277777777778 0.5911458333333334 0.2916666666666667 0.6015625 0.2673611111111111 0.62109375 0.2361111111111111 0.6197916666666666 0.21875 0.6158854166666666 0.203125 0.609375 0.1909722222222222 0.609375 0.18055555555555555 0.6028645833333334 0.1736111111111111 0.6015625 0.15625 0.5872395833333334 0.14930555555555555 0.5677083333333334 0.1440972222222222 0.5638020833333334 0.14583333333333334 0.5533854166666666 0.15104166666666666 0.5455729166666666 0.14756944444444445 0.5065104166666666 0.1527777777777778 0.49609375 0.1597222222222222 0.4921875 0.1736111111111111 0.4765625 0.1875 0.4661458333333333 0.19444444444444445 0.4635416666666667 0.21006944444444445 0.4609375 0.2222222222222222 0.4557291666666667 0.23958333333333334 0.4544270833333333 0.2621527777777778 0.4544270833333333 0.2829861111111111 0.45703125
0 0.40625 0.3385416666666667 0.4322916666666667 0.34375 0.4427083333333333 0.34375 0.453125 0.34765625 0.4826388888888889 0.3723958333333333 0.4878472222222222 0.3841145833333333 0.4826388888888889 0.3893229166666667 0.4635416666666667 0.3971354166666667 0.4496527777777778 0.4075520833333333 0.4288194444444444 0.4140625 0.4201388888888889 0.421875 0.4097222222222222 0.4375 0.390625 0.4557291666666667 0.3802083333333333 0.4700520833333333 0.3767361111111111 0.4778645833333333 0.3732638888888889 0.5130208333333334 0.3645833333333333 0.5130208333333334 0.34375 0.5065104166666666 0.3298611111111111 0.4986979166666667 0.3159722222222222 0.4856770833333333 0.3072916666666667 0.4596354166666667 0.3038194444444444 0.40625 0.3125 0.390625 0.3246527777777778 0.3763020833333333 0.3524305555555556 0.3541666666666667 0.3767361111111111 0.34375 0.4045138888888889 0.3385416666666667
0 0.5677083333333334 0.375 0.59375 0.3815104166666667 0.6059027777777778 0.38671875 0.6267361111111112 0.3880208333333333 0.6423611111111112 0.3919270833333333 0.6475694444444444 0.3958333333333333 0.6597222222222222 0.39453125 0.6701388888888888 0.38671875 0.6805555555555556 0.3880208333333333 0.7170138888888888 0.4166666666666667 0.7361111111111112 0.4401041666666667 0.7534722222222222 0.4791666666666667 0.7552083333333334 0.4921875 0.7534722222222222 0.5247395833333334 0.7465277777777778 0.5442708333333334 0.7309027777777778 0.5677083333333334 0.6927083333333334 0.6028645833333334 0.6649305555555556 0.6171875 0.6336805555555556 0.625 0.6128472222222222 0.62109375 0.5885416666666666 0.62109375 0.5434027777777778 0.62890625 0.5190972222222222 0.625 0.4965277777777778 0.6263020833333334 0.4826388888888889 0.6158854166666666 0.4548611111111111 0.6067708333333334 0.4357638888888889 0.5963541666666666 0.4114583333333333 0.5755208333333334 0.3923611111111111 0.5494791666666666 0.3802083333333333 0.51953125 0.3802083333333333 0.4830729166666667 0.3888888888888889 0.46484375 0.4045138888888889 0.453125 0.421875 0.4270833333333333 0.4288194444444444 0.4205729166666667 0.4461805555555556 0.4140625 0.4600694444444444 0.4036458333333333 0.4895833333333333 0.3932291666666667 0.5052083333333334 0.3854166666666667 0.5190972222222222 0.3841145833333333 0.5381944444444444 0.37890625 0.5659722222222222 0.3763020833333333
0 0.8055555555555556 0 0.8229166666666666 0 0.8333333333333334 0.005208333333333333 0.8402777777777778 0.0026041666666666665 0.8472222222222222 0.0026041666666666665 0.8506944444444444 0 0.8715277777777778 0 0.875 0.0026041666666666665 0.8784722222222222 0.0026041666666666665 0.8802083333333334 0 0.9288194444444444 0 0.9375 0.016927083333333332 0.9392361111111112 0.049479166666666664 0.9253472222222222 0.06901041666666667 0.9236111111111112 0.09114583333333333 0.8871527777777778 0.12239583333333333 0.8784722222222222 0.1328125 0.8472222222222222 0.15755208333333334 0.8125 0.16796875 0.7673611111111112 0.19791666666666666 0.7534722222222222 0.203125 0.7430555555555556 0.20442708333333334 0.7378472222222222 0.22395833333333334 0.7170138888888888 0.2565104166666667 0.7100694444444444 0.2721354166666667 0.7083333333333334 0.2838541666666667 0.6857638888888888 0.2942708333333333 0.6753472222222222 0.3020833333333333 0.6666666666666666 0.3125 0.6440972222222222 0.3255208333333333 0.6232638888888888 0.3307291666666667 0.6041666666666666 0.3424479166666667 0.5902777777777778 0.3463541666666667 0.5572916666666666 0.3489583333333333 0.5364583333333334 0.34765625 0.5243055555555556 0.3424479166666667 0.5034722222222222 0.3385416666666667 0.4861111111111111 0.33203125 0.4548611111111111 0.3020833333333333 0.4427083333333333 0.2747395833333333 0.4444444444444444 0.24739583333333334 0.4565972222222222 0.23177083333333334 0.4600694444444444 0.22265625 0.46875 0.2109375 0.4722222222222222 0.19921875 0.4791666666666667 0.19140625 0.4826388888888889 0.171875 0.5069444444444444 0.1484375 0.5243055555555556 0.12630208333333334 0.5295138888888888 0.12239583333333333 0.5520833333333334 0.11848958333333333 0.5729166666666666 0.10677083333333333 0.609375 0.09895833333333333 0.6128472222222222 0.09505208333333333 0.6076388888888888 0.09114583333333333 0.6041666666666666 0.09114583333333333 0.6197916666666666 0.09114583333333333 0.6371527777777778 0.09765625 0.6649305555555556 0.10026041666666667 0.6909722222222222 0.10807291666666667 0.7170138888888888 0.125 0.7204861111111112 0.125 0.75 0.0859375 0.7743055555555556 0.0625 0.7847222222222222 0.0390625 0.7986111111111112 0.016927083333333332 0.8020833333333334 0.00390625 0.8055555555555556 0.0013020833333333333
0 0.40625 0.21744791666666666 0.4236111111111111 0.22526041666666666 0.4340277777777778 0.23307291666666666 0.4409722222222222 0.24348958333333334 0.4375 0.2526041666666667 0.4375 0.2734375 0.4479166666666667 0.3033854166666667 0.4496527777777778 0.3151041666666667 0.4479166666666667 0.3333333333333333 0.4392361111111111 0.33984375 0.40625 0.3359375 0.3975694444444444 0.3359375 0.3802083333333333 0.33984375 0.3524305555555556 0.3515625 0.3263888888888889 0.3697916666666667 0.3194444444444444 0.3697916666666667 0.3072916666666667 0.3658854166666667 0.2899305555555556 0.35546875 0.28125 0.3489583333333333 0.265625 0.32421875 0.2638888888888889 0.3125 0.265625 0.2903645833333333 0.2760416666666667 0.26953125 0.2760416666666667 0.265625 0.2708333333333333 0.2591145833333333 0.2725694444444444 0.24609375 0.2777777777777778 0.23828125 0.2847222222222222 0.24088541666666666 0.2916666666666667 0.23697916666666666 0.2934027777777778 0.22916666666666666 0.296875 0.23046875 0.3038194444444444 0.2265625 0.3194444444444444 0.2265625 0.3576388888888889 0.21354166666666666 0.3836805555555556 0.21223958333333334 0.4045138888888889 0.21744791666666666