0 0.4635416666666667 0.4244791666666667 0.4930555555555556 0.4322916666666667 0.5173611111111112 0.4479166666666667 0.5260416666666666 0.4622395833333333 0.5381944444444444 0.4713541666666667 0.5416666666666666 0.4765625 0.5416666666666666 0.4895833333333333 0.5190972222222222 0.53515625 0.5052083333333334 0.5494791666666666 0.4756944444444444 0.5625 0.4357638888888889 0.5651041666666666 0.4166666666666667 0.5625 0.3940972222222222 0.5533854166666666 0.3680555555555556 0.53515625 0.3541666666666667 0.5169270833333334 0.3506944444444444 0.50390625 0.3506944444444444 0.4856770833333333 0.3576388888888889 0.4700520833333333 0.3663194444444444 0.4596354166666667 0.3975694444444444 0.4361979166666667 0.4305555555555556 0.42578125 0.4618055555555556 0.4244791666666667
0 0.7447916666666666 0.66796875 0.7586805555555556 0.6796875 0.7690972222222222 0.68359375 0.7777777777777778 0.68359375 0.8038194444444444 0.6953125 0.8315972222222222 0.7200520833333334 0.8420138888888888 0.7395833333333334 0.8489583333333334 0.74609375 0.8524305555555556 0.7578125 0.8576388888888888 0.76171875 0.8732638888888888 0.7604166666666666 0.8732638888888888 0.7747395833333334 0.8663194444444444 0.8138020833333334 0.8489583333333334 0.8450520833333334 0.8385416666666666 0.8528645833333334 0.8107638888888888 0.8658854166666666 0.796875 0.87109375 0.765625 0.8776041666666666 0.7274305555555556 0.8776041666666666 0.6857638888888888 0.87109375 0.65625 0.85546875 0.6458333333333334 0.8463541666666666 0.6128472222222222 0.8072916666666666 0.6024305555555556 0.78515625 0.5989583333333334 0.765625 0.6006944444444444 0.75 0.6076388888888888 0.73828125 0.6059027777777778 0.7356770833333334 0.6076388888888888 0.7200520833333334 0.6215277777777778 0.69921875 0.6302083333333334 0.6927083333333334 0.6458333333333334 0.6888020833333334 0.6614583333333334 0.6888020833333334 0.6684027777777778 0.6809895833333334 0.6753472222222222 0.6770833333333334 0.703125 0.66796875 0.7118055555555556 0.6666666666666666 0.7430555555555556 0.66796875
0 0.2743055555555556 0.2903645833333333 0.2847222222222222 0.2955729166666667 0.3159722222222222 0.2994791666666667 0.3246527777777778 0.3046875 0.3489583333333333 0.3059895833333333 0.3697916666666667 0.3125 0.3854166666666667 0.3203125 0.3993055555555556 0.3307291666666667 0.4114583333333333 0.3450520833333333 0.4184027777777778 0.3580729166666667 0.421875 0.3697916666666667 0.4201388888888889 0.3802083333333333 0.4149305555555556 0.3932291666666667 0.4045138888888889 0.4075520833333333 0.3888888888888889 0.4192708333333333 0.3541666666666667 0.4361979166666667 0.3420138888888889 0.4401041666666667 0.3298611111111111 0.4479166666666667 0.3229166666666667 0.44921875 0.2777777777777778 0.4401041666666667 0.22916666666666666 0.4231770833333333 0.2065972222222222 0.4036458333333333 0.19618055555555555 0.3815104166666667 0.19791666666666666 0.3580729166666667 0.20833333333333334 0.3411458333333333 0.21875 0.33203125 0.2222222222222222 0.3229166666666667 0.2361111111111111 0.3125 0.2517361111111111 0.3125 0.2586805555555556 0.3098958333333333 0.2621527777777778 0.3059895833333333 0.2604166666666667 0.29296875 0.2638888888888889 0.2903645833333333 0.2725694444444444 0.2903645833333333
0 0.5572916666666666 0.7877604166666666 0.5920138888888888 0.8020833333333334 0.6267361111111112 0.8307291666666666 0.6423611111111112 0.8515625 0.6423611111111112 0.8776041666666666 0.6371527777777778 0.8958333333333334 0.6319444444444444 0.8997395833333334 0.6267361111111112 0.91015625 0.6111111111111112 0.9296875 0.5972222222222222 0.9388020833333334 0.5833333333333334 0.9427083333333334 0.5503472222222222 0.9427083333333334 0.5086805555555556 0.9322916666666666 0.4861111111111111 0.9244791666666666 0.46875 0.9140625 0.4548611111111111 0.9010416666666666 0.4427083333333333 0.8736979166666666 0.4444444444444444 0.8645833333333334 0.4583333333333333 0.8489583333333334 0.4704861111111111 0.8307291666666666 0.4739583333333333 0.8203125 0.4826388888888889 0.8098958333333334 0.4947916666666667 0.8033854166666666 0.515625 0.7981770833333334 0.5364583333333334 0.7877604166666666 0.5555555555555556 0.7877604166666666
0 0.12152777777777778 0.5651041666666666 0.1440972222222222 0.5690104166666666 0.1597222222222222 0.57421875 0.1909722222222222 0.5924479166666666 0.21354166666666666 0.6263020833333334 0.2152777777777778 0.64453125 0.2065972222222222 0.6809895833333334 0.1909722222222222 0.703125 0.1753472222222222 0.7135416666666666 0.15104166666666666 0.734375 0.12152777777777778 0.7447916666666666 0.09895833333333333 0.7473958333333334 0.078125 0.7473958333333334 0.041666666666666664 0.7421875 0.022569444444444444 0.734375 0 0.71484375 0 0.6184895833333334 0.013888888888888888 0.5989583333333334 0.03125 0.5859375 0.05381944444444445 0.57421875 0.09027777777777778 0.5651041666666666 0.11979166666666667 0.5651041666666666
0 0.3472222222222222 0.671875 0.3611111111111111 0.6822916666666666 0.3732638888888889 0.6875 0.40625 0.6927083333333334 0.4253472222222222 0.7096354166666666 0.453125 0.7434895833333334 0.46875 0.7552083333333334 0.4722222222222222 0.7604166666666666 0.4774305555555556 0.77734375 0.4774305555555556 0.7994791666666666 0.4670138888888889 0.828125 0.453125 0.8489583333333334 0.4322916666666667 0.8671875 0.3784722222222222 0.890625 0.3211805555555556 0.8997395833333334 0.3055555555555556 0.8997395833333334 0.24305555555555555 0.8893229166666666 0.2013888888888889 0.8697916666666666 0.1840277777777778 0.859375 0.1736111111111111 0.8515625 0.15104166666666666 0.8203125 0.1423611111111111 0.7942708333333334 0.1423611111111111 0.7747395833333334 0.14930555555555555 0.7513020833333334 0.1597222222222222 0.734375 0.171875 0.72265625 0.19791666666666666 0.7044270833333334 0.22916666666666666 0.6927083333333334 0.23958333333333334 0.68359375 0.2586805555555556 0.6861979166666666 0.2777777777777778 0.6822916666666666 0.2986111111111111 0.6822916666666666 0.3229166666666667 0.6770833333333334 0.3315972222222222 0.6731770833333334 0.3454861111111111 0.671875
0 0.24131944444444445 0.4388020833333333 0.265625 0.4440104166666667 0.3020833333333333 0.4609375 0.3194444444444444 0.4596354166666667 0.3229166666666667 0.4674479166666667 0.3229166666666667 0.4921875 0.3263888888888889 0.50390625 0.3246527777777778 0.5286458333333334 0.3177083333333333 0.546875 0.3090277777777778 0.5598958333333334 0.2864583333333333 0.5794270833333334 0.2743055555555556 0.5833333333333334 0.25 0.5872395833333334 0.21006944444444445 0.5859375 0.1857638888888889 0.5794270833333334 0.15625 0.5638020833333334 0.14930555555555555 0.5638020833333334 0.140625 0.5559895833333334 0.1388888888888889 0.5455729166666666 0.13194444444444445 0.5325520833333334 0.1284722222222222 0.5130208333333334 0.13194444444444445 0.4830729166666667 0.14756944444444445 0.4622395833333333 0.1597222222222222 0.453125 0.1753472222222222 0.4453125 0.19791666666666666 0.4401041666666667 0.21875 0.4375 0.23958333333333334 0.4388020833333333
0 0.7673611111111112 0.5052083333333334 0.78125 0.5104166666666666 0.7899305555555556 0.5221354166666666 0.7916666666666666 0.53515625 0.7881944444444444 0.54296875 0.7881944444444444 0.5598958333333334 0.7986111111111112 0.5755208333333334 0.8038194444444444 0.5950520833333334 0.8055555555555556 0.609375 0.8020833333333334 0.6145833333333334 0.8020833333333334 0.62109375 0.7760416666666666 0.6419270833333334 0.7604166666666666 0.6510416666666666 0.7291666666666666 0.6614583333333334 0.6961805555555556 0.6640625 0.6875 0.6666666666666666 0.6666666666666666 0.6666666666666666 0.6545138888888888 0.6614583333333334 0.6388888888888888 0.6640625 0.6354166666666666 0.6614583333333334 0.6302083333333334 0.65234375 0.6284722222222222 0.6341145833333334 0.625 0.6276041666666666 0.6128472222222222 0.6119791666666666 0.6041666666666666 0.6067708333333334 0.5972222222222222 0.5963541666666666 0.5972222222222222 0.5690104166666666 0.6041666666666666 0.5494791666666666 0.6128472222222222 0.5364583333333334 0.6215277777777778 0.5286458333333334 0.6458333333333334 0.5182291666666666 0.6875 0.5130208333333334 0.6979166666666666 0.5091145833333334 0.7256944444444444 0.5104166666666666 0.7378472222222222 0.5065104166666666 0.765625 0.5052083333333334
0 0.3315972222222222 0.15104166666666666 0.34375 0.15364583333333334 0.3663194444444444 0.15234375 0.3767361111111111 0.15625 0.3993055555555556 0.16015625 0.4305555555555556 0.171875 0.4427083333333333 0.1796875 0.4565972222222222 0.1953125 0.4774305555555556 0.2109375 0.4809027777777778 0.21614583333333334 0.4809027777777778 0.2265625 0.4739583333333333 0.22526041666666666 0.4704861111111111 0.22786458333333334 0.4722222222222222 0.24088541666666666 0.4670138888888889 0.2630208333333333 0.4513888888888889 0.2864583333333333 0.4322916666666667 0.30078125 0.4184027777777778 0.3072916666666667 0.3923611111111111 0.3111979166666667 0.3767361111111111 0.3111979166666667 0.3541666666666667 0.3033854166666667 0.3263888888888889 0.2994791666666667 0.3142361111111111 0.2942708333333333 0.2951388888888889 0.2916666666666667 0.2795138888888889 0.2786458333333333 0.2708333333333333 0.2747395833333333 0.2673611111111111 0.2630208333333333 0.2569444444444444 0.24739583333333334 0.2534722222222222 0.23307291666666666 0.2534722222222222 0.21484375 0.2638888888888889 0.19270833333333334 0.2951388888888889 0.16927083333333334 0.3125 0.16536458333333334 0.3298611111111111 0.15104166666666666
0 0.5329861111111112 0.58203125 0.5659722222222222 0.5846354166666666 0.5711805555555556 0.5833333333333334 0.5729166666666666 0.5911458333333334 0.5868055555555556 0.59765625 0.609375 0.6145833333333334 0.6232638888888888 0.6341145833333334 0.625 0.6432291666666666 0.6232638888888888 0.6692708333333334 0.6180555555555556 0.6940104166666666 0.6006944444444444 0.7200520833333334 0.5954861111111112 0.72265625 0.5815972222222222 0.7369791666666666 0.5746527777777778 0.7421875 0.5590277777777778 0.7486979166666666 0.5208333333333334 0.7565104166666666 0.4809027777777778 0.7552083333333334 0.4618055555555556 0.7434895833333334 0.4479166666666667 0.7291666666666666 0.4253472222222222 0.69921875 0.4114583333333333 0.6888020833333334 0.4097222222222222 0.6653645833333334 0.4131944444444444 0.65234375 0.4236111111111111 0.6315104166666666 0.4340277777777778 0.6184895833333334 0.453125 0.6041666666666666 0.4722222222222222 0.59375 0.4947916666666667 0.5859375 0.5190972222222222 0.58203125 0.53125 0.58203125
0 0.6753472222222222 0.4375 0.6875 0.4401041666666667 0.6996527777777778 0.4518229166666667 0.6979166666666666 0.4830729166666667 0.6892361111111112 0.5052083333333334 0.6857638888888888 0.5091145833333334 0.6788194444444444 0.51171875 0.6440972222222222 0.515625 0.6197916666666666 0.5260416666666666 0.5989583333333334 0.5247395833333334 0.5659722222222222 0.5065104166666666 0.5572916666666666 0.48828125 0.5555555555555556 0.4765625 0.5572916666666666 0.453125 0.5625 0.44921875 0.5850694444444444 0.4479166666666667 0.6163194444444444 0.44140625 0.6197916666666666 0.4388020833333333 0.6336805555555556 0.4401041666666667 0.6423611111111112 0.4375 0.6614583333333334 0.4375 0.6649305555555556 0.4348958333333333 0.6701388888888888 0.4348958333333333 0.6736111111111112 0.4375
0 0.59375 0.23567708333333334 0.609375 0.2421875 0.6319444444444444 0.24088541666666666 0.6319444444444444 0.24348958333333334 0.6388888888888888 0.24869791666666666 0.6545138888888888 0.25390625 0.6753472222222222 0.2643229166666667 0.6996527777777778 0.28125 0.7204861111111112 0.3125 0.7239583333333334 0.3255208333333333 0.7239583333333334 0.3450520833333333 0.7152777777777778 0.3697916666666667 0.6961805555555556 0.3971354166666667 0.6805555555555556 0.41015625 0.671875 0.4114583333333333 0.6649305555555556 0.4166666666666667 0.6649305555555556 0.4309895833333333 0.65625 0.43359375 0.640625 0.4322916666666667 0.6354166666666666 0.4348958333333333 0.6215277777777778 0.4348958333333333 0.6128472222222222 0.4388020833333333 0.5815972222222222 0.4453125 0.5451388888888888 0.4453125 0.5329861111111112 0.4427083333333333 0.4930555555555556 0.42578125 0.4756944444444444 0.4205729166666667 0.4618055555555556 0.41015625 0.453125 0.3984375 0.4461805555555556 0.3932291666666667 0.4322916666666667 0.3723958333333333 0.4305555555555556 0.34765625 0.4392361111111111 0.328125 0.4618055555555556 0.3033854166666667 0.4791666666666667 0.2877604166666667 0.5138888888888888 0.2630208333333333 0.5347222222222222 0.2526041666666667 0.5920138888888888 0.23567708333333334