0 0.4482421875 0.50390625 0.458984375 0.51171875 0.4677734375 0.5221354166666666 0.48046875 0.5442708333333334 0.486328125 0.5611979166666666 0.4892578125 0.57421875 0.4892578125 0.59765625 0.4853515625 0.62890625 0.4853515625 0.6484375 0.4912109375 0.6588541666666666 0.4921875 0.671875 0.4912109375 0.6770833333333334 0.4873046875 0.6809895833333334 0.4736328125 0.6809895833333334 0.4423828125 0.7265625 0.4345703125 0.734375 0.4248046875 0.73828125 0.3955078125 0.73828125 0.375 0.734375 0.361328125 0.7265625 0.3466796875 0.7096354166666666 0.3369140625 0.69140625 0.330078125 0.66796875 0.328125 0.6536458333333334 0.3291015625 0.60546875 0.333984375 0.578125 0.3583984375 0.53515625 0.369140625 0.5234375 0.390625 0.5078125 0.4140625 0.4986979166666667 0.435546875 0.4986979166666667 0.447265625 0.50390625
0 0.53515625 0.0625 0.5478515625 0.07161458333333333 0.5537109375 0.0703125 0.5546875 0.07552083333333333 0.580078125 0.09244791666666667 0.5908203125 0.10807291666666667 0.599609375 0.13411458333333334 0.5986328125 0.14453125 0.587890625 0.15104166666666666 0.583984375 0.16015625 0.58203125 0.17708333333333334 0.5712890625 0.20182291666666666 0.5634765625 0.2421875 0.54296875 0.265625 0.5390625 0.2669270833333333 0.50390625 0.26171875 0.4990234375 0.2552083333333333 0.4873046875 0.24739583333333334 0.462890625 0.21614583333333334 0.4560546875 0.20052083333333334 0.453125 0.18489583333333334 0.455078125 0.14973958333333334 0.47265625 0.09895833333333333 0.4892578125 0.07942708333333333 0.501953125 0.0703125 0.51953125 0.0625 0.5341796875 0.0625
0 0.76171875 0.3138020833333333 0.7705078125 0.3111979166666667 0.7822265625 0.31640625 0.7861328125 0.3203125 0.7900390625 0.3307291666666667 0.8017578125 0.34375 0.810546875 0.3502604166666667 0.822265625 0.3541666666666667 0.8486328125 0.375 0.861328125 0.390625 0.8671875 0.4166666666666667 0.865234375 0.4557291666666667 0.8544921875 0.4934895833333333 0.8388671875 0.5221354166666666 0.822265625 0.5442708333333334 0.8203125 0.5690104166666666 0.8173828125 0.57421875 0.8056640625 0.5872395833333334 0.7978515625 0.5872395833333334 0.7265625 0.5182291666666666 0.70703125 0.4856770833333333 0.701171875 0.4635416666666667 0.7001953125 0.43359375 0.703125 0.4192708333333333 0.7099609375 0.4010416666666667 0.71875 0.3893229166666667 0.734375 0.37890625 0.744140625 0.3372395833333333 0.7490234375 0.328125 0.76171875 0.3151041666666667
0 0.3330078125 0.15755208333333334 0.3486328125 0.16015625 0.3662109375 0.17057291666666666 0.3759765625 0.18619791666666666 0.3818359375 0.20833333333333334 0.3798828125 0.22526041666666666 0.3818359375 0.2682291666666667 0.3798828125 0.2838541666666667 0.3662109375 0.3138020833333333 0.3564453125 0.32421875 0.349609375 0.328125 0.330078125 0.328125 0.3115234375 0.3216145833333333 0.2890625 0.2903645833333333 0.279296875 0.2825520833333333 0.271484375 0.2721354166666667 0.2666015625 0.2552083333333333 0.2666015625 0.23177083333333334 0.2685546875 0.22265625 0.2802734375 0.19270833333333334 0.29296875 0.17057291666666666 0.302734375 0.16015625 0.33203125 0.15755208333333334
0 0.2236328125 0.2591145833333333 0.2373046875 0.2630208333333333 0.2548828125 0.2734375 0.2666015625 0.27734375 0.2900390625 0.296875 0.3115234375 0.3294270833333333 0.3154296875 0.3450520833333333 0.3271484375 0.3697916666666667 0.33203125 0.3958333333333333 0.3310546875 0.4440104166666667 0.328125 0.4583333333333333 0.3173828125 0.4817708333333333 0.30078125 0.5065104166666666 0.2890625 0.51953125 0.2744140625 0.52734375 0.2626953125 0.5377604166666666 0.2509765625 0.5403645833333334 0.24609375 0.5546875 0.240234375 0.5611979166666666 0.2373046875 0.5598958333333334 0.2353515625 0.5533854166666666 0.23046875 0.5481770833333334 0.2021484375 0.5494791666666666 0.17578125 0.5416666666666666 0.16015625 0.5325520833333334 0.1396484375 0.5130208333333334 0.115234375 0.4765625 0.1103515625 0.4622395833333333 0.107421875 0.4440104166666667 0.1025390625 0.4322916666666667 0.099609375 0.4075520833333333 0.099609375 0.3776041666666667 0.109375 0.3619791666666667 0.115234375 0.3411458333333333 0.1259765625 0.3203125 0.1337890625 0.3098958333333333 0.1513671875 0.30078125 0.154296875 0.2955729166666667 0.154296875 0.2903645833333333 0.166015625 0.2916666666666667 0.173828125 0.2877604166666667 0.177734375 0.2825520833333333 0.1787109375 0.2760416666666667 0.181640625 0.2786458333333333 0.1953125 0.2565104166666667 0.2041015625 0.2552083333333333 0.22265625 0.2591145833333333
0 0.66015625 0.12369791666666667 0.669921875 0.13020833333333334 0.689453125 0.1328125 0.7060546875 0.14322916666666666 0.716796875 0.14583333333333334 0.7333984375 0.15755208333333334 0.7490234375 0.17838541666666666 0.76171875 0.20442708333333334 0.7646484375 0.21484375 0.767578125 0.24348958333333334 0.765625 0.2721354166666667 0.755859375 0.3138020833333333 0.740234375 0.3307291666666667 0.7353515625 0.3489583333333333 0.724609375 0.3697916666666667 0.712890625 0.3776041666666667 0.69921875 0.39453125 0.6875 0.4010416666666667 0.6796875 0.4010416666666667 0.6611328125 0.3815104166666667 0.62890625 0.3658854166666667 0.6123046875 0.3463541666666667 0.6005859375 0.3502604166666667 0.5791015625 0.3502604166666667 0.5712890625 0.3385416666666667 0.5625 0.30859375 0.5703125 0.22135416666666666 0.57421875 0.20442708333333334 0.583984375 0.18359375 0.5888671875 0.16536458333333334 0.5927734375 0.16145833333333334 0.5927734375 0.15755208333333334 0.5986328125 0.15494791666666666 0.6220703125 0.12760416666666666 0.6337890625 0.125 0.6435546875 0.12630208333333334 0.6513671875 0.12239583333333333 0.6591796875 0.12369791666666667
0 0.5087890625 0 0.6171875 0.0013020833333333333 0.6171875 0.022135416666666668 0.6123046875 0.044270833333333336 0.60546875 0.0625 0.59765625 0.07161458333333333 0.591796875 0.0703125 0.5810546875 0.059895833333333336 0.568359375 0.055989583333333336 0.5419921875 0.052083333333333336 0.5341796875 0.055989583333333336 0.5224609375 0.057291666666666664 0.515625 0.046875 0.5087890625 0.0234375 0.5087890625 0.0013020833333333333
0 0.44140625 0 0.4443359375 0.010416666666666666 0.4658203125 0.0390625 0.4736328125 0.06770833333333333 0.4755859375 0.08463541666666667 0.4638671875 0.11067708333333333 0.451171875 0.15364583333333334 0.431640625 0.17708333333333334 0.41796875 0.18619791666666666 0.3994140625 0.19010416666666666 0.38671875 0.19010416666666666 0.3798828125 0.1875 0.373046875 0.17317708333333334 0.3603515625 0.16015625 0.3388671875 0.15364583333333334 0.3212890625 0.15234375 0.3134765625 0.13932291666666666 0.3076171875 0.140625 0.3056640625 0.13151041666666666 0.3115234375 0.12109375 0.3115234375 0.11197916666666667 0.306640625 0.09635416666666667 0.306640625 0.08333333333333333 0.3203125 0.07942708333333333 0.3359375 0.048177083333333336 0.3427734375 0.049479166666666664 0.3466796875 0.046875 0.3515625 0.0390625 0.365234375 0.028645833333333332 0.373046875 0.018229166666666668 0.3828125 0.01171875 0.392578125 0 0.4404296875 0
0 0.81640625 0.22916666666666666 0.828125 0.23567708333333334 0.83984375 0.24739583333333334 0.83984375 0.2721354166666667 0.84765625 0.2994791666666667 0.84375 0.3138020833333333 0.849609375 0.3229166666666667 0.8505859375 0.3307291666666667 0.8310546875 0.3515625 0.82421875 0.3515625 0.80859375 0.3450520833333333 0.796875 0.3346354166666667 0.7919921875 0.32421875 0.7822265625 0.3125 0.7646484375 0.3046875 0.765625 0.28515625 0.7734375 0.2421875 0.7822265625 0.23177083333333334 0.791015625 0.2265625 0.8076171875 0.2265625 0.8154296875 0.22916666666666666
0 0.560546875 0.3541666666666667 0.56640625 0.375 0.5693359375 0.375 0.576171875 0.3645833333333333 0.5849609375 0.3580729166666667 0.60546875 0.35546875 0.611328125 0.3567708333333333 0.62890625 0.37109375 0.6435546875 0.3763020833333333 0.66015625 0.38671875 0.6708984375 0.3984375 0.673828125 0.4127604166666667 0.681640625 0.43359375 0.685546875 0.47265625 0.681640625 0.4986979166666667 0.681640625 0.51171875 0.671875 0.53515625 0.666015625 0.546875 0.650390625 0.5638020833333334 0.626953125 0.578125 0.609375 0.5833333333333334 0.583984375 0.58203125 0.55859375 0.5703125 0.54296875 0.5598958333333334 0.529296875 0.53515625 0.5205078125 0.5026041666666666 0.5166015625 0.4765625 0.5166015625 0.45703125 0.51953125 0.4427083333333333 0.501953125 0.4427083333333333 0.494140625 0.4348958333333333 0.498046875 0.4231770833333333 0.5029296875 0.41796875 0.5068359375 0.4075520833333333 0.5078125 0.3919270833333333 0.51171875 0.3802083333333333 0.53515625 0.3776041666666667 0.5498046875 0.359375 0.5595703125 0.3541666666666667
0 0.4501953125 0.26171875 0.458984375 0.2643229166666667 0.4765625 0.27734375 0.4873046875 0.2890625 0.4990234375 0.3072916666666667 0.5087890625 0.3424479166666667 0.5087890625 0.37109375 0.5048828125 0.3841145833333333 0.501953125 0.4075520833333333 0.4853515625 0.4348958333333333 0.470703125 0.44921875 0.458984375 0.4557291666666667 0.427734375 0.46484375 0.4140625 0.4635416666666667 0.400390625 0.4557291666666667 0.3779296875 0.4296875 0.3642578125 0.4036458333333333 0.3603515625 0.3815104166666667 0.3603515625 0.3528645833333333 0.3720703125 0.3098958333333333 0.3876953125 0.28515625 0.4150390625 0.2630208333333333 0.44921875 0.26171875
0 0.6845703125 0.053385416666666664 0.708984375 0.06510416666666667 0.7294921875 0.09244791666666667 0.7373046875 0.11458333333333333 0.736328125 0.14322916666666666 0.7333984375 0.15234375 0.7119140625 0.14322916666666666 0.6923828125 0.13151041666666666 0.66796875 0.12630208333333334 0.6591796875 0.11979166666666667 0.6513671875 0.11979166666666667 0.64453125 0.12369791666666667 0.6259765625 0.12369791666666667 0.6201171875 0.12630208333333334 0.6162109375 0.13151041666666666 0.6123046875 0.13151041666666666 0.6142578125 0.11588541666666667 0.6201171875 0.09765625 0.6328125 0.08072916666666667 0.6474609375 0.0703125 0.6591796875 0.06640625 0.671875 0.0546875 0.68359375 0.053385416666666664