0 0.9461805555555556 0.5143229166666666 0.9583333333333334 0.51953125 0.9756944444444444 0.5208333333333334 0.9913194444444444 0.52734375 0.9982638888888888 0.5325520833333334 0.9982638888888888 0.6666666666666666 0.9652777777777778 0.6888020833333334 0.9305555555555556 0.69921875 0.90625 0.7018229166666666 0.8888888888888888 0.7109375 0.875 0.7096354166666666 0.8576388888888888 0.7005208333333334 0.8541666666666666 0.6861979166666666 0.8368055555555556 0.671875 0.8194444444444444 0.6510416666666666 0.8211805555555556 0.64453125 0.8263888888888888 0.6419270833333334 0.8298611111111112 0.6432291666666666 0.8350694444444444 0.6419270833333334 0.8506944444444444 0.62890625 0.8541666666666666 0.6223958333333334 0.8472222222222222 0.609375 0.8472222222222222 0.5924479166666666 0.8524305555555556 0.5807291666666666 0.8524305555555556 0.5703125 0.8472222222222222 0.56640625 0.8350694444444444 0.5638020833333334 0.8298611111111112 0.5598958333333334 0.8298611111111112 0.5572916666666666 0.8506944444444444 0.5377604166666666 0.8628472222222222 0.53125 0.8854166666666666 0.5247395833333334 0.8958333333333334 0.5182291666666666 0.9236111111111112 0.5130208333333334 0.9444444444444444 0.5143229166666666
0 0.6111111111111112 0.6770833333333334 0.6354166666666666 0.6848958333333334 0.6701388888888888 0.7135416666666666 0.6927083333333334 0.7447916666666666 0.6944444444444444 0.7526041666666666 0.6840277777777778 0.7734375 0.6736111111111112 0.7877604166666666 0.6736111111111112 0.7981770833333334 0.6614583333333334 0.8098958333333334 0.6354166666666666 0.8255208333333334 0.6215277777777778 0.8307291666666666 0.6024305555555556 0.8346354166666666 0.5729166666666666 0.8346354166666666 0.5625 0.83203125 0.5277777777777778 0.8177083333333334 0.5225694444444444 0.8138020833333334 0.4982638888888889 0.7877604166666666 0.4913194444444444 0.765625 0.4913194444444444 0.7486979166666666 0.4930555555555556 0.7369791666666666 0.4982638888888889 0.7252604166666666 0.5190972222222222 0.6979166666666666 0.5295138888888888 0.6901041666666666 0.5572916666666666 0.6783854166666666 0.5711805555555556 0.67578125 0.609375 0.6770833333333334
0 0.4722222222222222 0.2799479166666667 0.5017361111111112 0.28515625 0.5173611111111112 0.2916666666666667 0.5295138888888888 0.30078125 0.5399305555555556 0.3138020833333333 0.546875 0.3294270833333333 0.5486111111111112 0.35546875 0.5434027777777778 0.3658854166666667 0.5347222222222222 0.3736979166666667 0.5277777777777778 0.38671875 0.5225694444444444 0.390625 0.4895833333333333 0.4036458333333333 0.4600694444444444 0.4114583333333333 0.4340277777777778 0.41015625 0.4097222222222222 0.3997395833333333 0.3993055555555556 0.3919270833333333 0.3836805555555556 0.3684895833333333 0.3819444444444444 0.34765625 0.3836805555555556 0.3385416666666667 0.3940972222222222 0.3177083333333333 0.4097222222222222 0.2994791666666667 0.4201388888888889 0.2916666666666667 0.4392361111111111 0.2838541666666667 0.4548611111111111 0.2799479166666667 0.4704861111111111 0.2799479166666667
0 0.5104166666666666 0.5299479166666666 0.5295138888888888 0.5377604166666666 0.5503472222222222 0.54296875 0.5746527777777778 0.5598958333333334 0.578125 0.5703125 0.5920138888888888 0.58984375 0.6006944444444444 0.6080729166666666 0.5989583333333334 0.6184895833333334 0.6006944444444444 0.6223958333333334 0.5868055555555556 0.64453125 0.5850694444444444 0.6510416666666666 0.5659722222222222 0.66796875 0.546875 0.6783854166666666 0.5260416666666666 0.6861979166666666 0.4895833333333333 0.69140625 0.4722222222222222 0.69140625 0.4548611111111111 0.6888020833333334 0.4322916666666667 0.6796875 0.4114583333333333 0.6627604166666666 0.4045138888888889 0.65234375 0.390625 0.6393229166666666 0.3836805555555556 0.6263020833333334 0.3802083333333333 0.6106770833333334 0.3871527777777778 0.5859375 0.3940972222222222 0.57421875 0.4045138888888889 0.5651041666666666 0.4166666666666667 0.5611979166666666 0.4340277777777778 0.5455729166666666 0.4722222222222222 0.5299479166666666 0.4809027777777778 0.5286458333333334 0.5086805555555556 0.5299479166666666
0 0.7864583333333334 0.6875 0.8263888888888888 0.6927083333333334 0.8402777777777778 0.6979166666666666 0.8628472222222222 0.7109375 0.8819444444444444 0.7161458333333334 0.8923611111111112 0.7161458333333334 0.8975694444444444 0.7213541666666666 0.8975694444444444 0.7291666666666666 0.890625 0.7421875 0.8923611111111112 0.7604166666666666 0.890625 0.7760416666666666 0.8802083333333334 0.7994791666666666 0.8559027777777778 0.8216145833333334 0.8472222222222222 0.82421875 0.8368055555555556 0.8307291666666666 0.8298611111111112 0.83203125 0.8229166666666666 0.83203125 0.8159722222222222 0.8294270833333334 0.8055555555555556 0.8216145833333334 0.7795138888888888 0.8177083333333334 0.765625 0.80859375 0.7552083333333334 0.8046875 0.7482638888888888 0.8059895833333334 0.7430555555555556 0.8046875 0.7222222222222222 0.79296875 0.7083333333333334 0.7747395833333334 0.7065972222222222 0.7682291666666666 0.7083333333333334 0.7591145833333334 0.7152777777777778 0.73828125 0.7222222222222222 0.7265625 0.7569444444444444 0.6927083333333334 0.7725694444444444 0.6875 0.7847222222222222 0.6875
0 0.8524305555555556 0.3463541666666667 0.8559027777777778 0.3489583333333333 0.890625 0.3502604166666667 0.9027777777777778 0.3541666666666667 0.9097222222222222 0.359375 0.9253472222222222 0.36328125 0.9496527777777778 0.3815104166666667 0.9600694444444444 0.3958333333333333 0.9670138888888888 0.41015625 0.96875 0.4296875 0.9722222222222222 0.4361979166666667 0.9722222222222222 0.4401041666666667 0.9670138888888888 0.4440104166666667 0.9635416666666666 0.4583333333333333 0.9444444444444444 0.4765625 0.9288194444444444 0.5013020833333334 0.9114583333333334 0.51171875 0.8697916666666666 0.5234375 0.8524305555555556 0.5260416666666666 0.8402777777777778 0.5260416666666666 0.8333333333333334 0.5234375 0.8177083333333334 0.5221354166666666 0.8020833333333334 0.5169270833333334 0.7673611111111112 0.4973958333333333 0.7534722222222222 0.4869791666666667 0.7447916666666666 0.47265625 0.7465277777777778 0.4309895833333333 0.7517361111111112 0.41796875 0.7708333333333334 0.390625 0.7934027777777778 0.3723958333333333 0.8038194444444444 0.359375 0.8263888888888888 0.3580729166666667 0.8420138888888888 0.3489583333333333 0.8506944444444444 0.3463541666666667
0 0.8680555555555556 0.14192708333333334 0.8767361111111112 0.15104166666666666 0.890625 0.15234375 0.9149305555555556 0.14192708333333334 0.9305555555555556 0.14583333333333334 0.9392361111111112 0.13802083333333334 0.9444444444444444 0.13802083333333334 0.953125 0.15364583333333334 0.9513888888888888 0.19140625 0.9409722222222222 0.20572916666666666 0.9392361111111112 0.21614583333333334 0.9184027777777778 0.23177083333333334 0.9201388888888888 0.24739583333333334 0.9184027777777778 0.2708333333333333 0.9079861111111112 0.28125 0.8940972222222222 0.3020833333333333 0.8854166666666666 0.30859375 0.8680555555555556 0.31640625 0.828125 0.328125 0.8125 0.3307291666666667 0.7604166666666666 0.33203125 0.7291666666666666 0.3138020833333333 0.7170138888888888 0.3098958333333333 0.6875 0.3059895833333333 0.6770833333333334 0.2955729166666667 0.6770833333333334 0.28515625 0.6805555555555556 0.27734375 0.6805555555555556 0.25390625 0.6770833333333334 0.24739583333333334 0.671875 0.22005208333333334 0.6822916666666666 0.20963541666666666 0.7239583333333334 0.1875 0.75 0.17708333333333334 0.7864583333333334 0.171875 0.7951388888888888 0.17317708333333334 0.8177083333333334 0.171875 0.8194444444444444 0.17057291666666666 0.8177083333333334 0.16796875 0.8246527777777778 0.16536458333333334 0.8298611111111112 0.16666666666666666 0.8385416666666666 0.16276041666666666 0.8472222222222222 0.15364583333333334 0.8628472222222222 0.14322916666666666 0.8663194444444444 0.14322916666666666
0 0.7395833333333334 0.50390625 0.7517361111111112 0.5065104166666666 0.7725694444444444 0.515625 0.7986111111111112 0.5390625 0.8159722222222222 0.5364583333333334 0.8194444444444444 0.5403645833333334 0.8229166666666666 0.5625 0.8350694444444444 0.5690104166666666 0.8472222222222222 0.5703125 0.8472222222222222 0.58203125 0.8420138888888888 0.5950520833333334 0.8402777777777778 0.625 0.8368055555555556 0.6315104166666666 0.8298611111111112 0.62890625 0.8263888888888888 0.6341145833333334 0.8090277777777778 0.6354166666666666 0.8072916666666666 0.6380208333333334 0.8020833333333334 0.63671875 0.7690972222222222 0.6510416666666666 0.7378472222222222 0.6588541666666666 0.7100694444444444 0.6588541666666666 0.6909722222222222 0.65625 0.6631944444444444 0.6471354166666666 0.6423611111111112 0.63671875 0.6284722222222222 0.625 0.6145833333333334 0.60546875 0.6076388888888888 0.59375 0.6006944444444444 0.5690104166666666 0.6024305555555556 0.5572916666666666 0.6111111111111112 0.5416666666666666 0.6267361111111112 0.5325520833333334 0.6423611111111112 0.5182291666666666 0.6545138888888888 0.51171875 0.6805555555555556 0.50390625 0.7378472222222222 0.50390625
0 0.578125 0.3932291666666667 0.5972222222222222 0.3997395833333333 0.6024305555555556 0.3997395833333333 0.6197916666666666 0.4075520833333333 0.6475694444444444 0.4283854166666667 0.6597222222222222 0.4518229166666667 0.6597222222222222 0.4817708333333333 0.6493055555555556 0.5052083333333334 0.6319444444444444 0.5221354166666666 0.6197916666666666 0.5299479166666666 0.6006944444444444 0.5390625 0.5868055555555556 0.5416666666666666 0.5798611111111112 0.5520833333333334 0.5486111111111112 0.5364583333333334 0.5260416666666666 0.5325520833333334 0.5052083333333334 0.5234375 0.4913194444444444 0.5234375 0.4756944444444444 0.51953125 0.4704861111111111 0.515625 0.4565972222222222 0.4947916666666667 0.4496527777777778 0.4739583333333333 0.4496527777777778 0.4609375 0.4565972222222222 0.4375 0.4635416666666667 0.4283854166666667 0.4722222222222222 0.4231770833333333 0.4826388888888889 0.4127604166666667 0.4982638888888889 0.4036458333333333 0.53125 0.3919270833333333 0.5763888888888888 0.3932291666666667
0 0.5625 0.19270833333333334 0.5642361111111112 0.19921875 0.5763888888888888 0.2109375 0.5850694444444444 0.2109375 0.6059027777777778 0.20572916666666666 0.625 0.20572916666666666 0.6371527777777778 0.20833333333333334 0.6614583333333334 0.22005208333333334 0.671875 0.23697916666666666 0.6770833333333334 0.2578125 0.6753472222222222 0.2838541666666667 0.6631944444444444 0.3098958333333333 0.6319444444444444 0.3268229166666667 0.6111111111111112 0.3346354166666667 0.5920138888888888 0.3372395833333333 0.5677083333333334 0.3359375 0.5520833333333334 0.33203125 0.5381944444444444 0.3046875 0.5086805555555556 0.2825520833333333 0.5104166666666666 0.2604166666666667 0.5260416666666666 0.23697916666666666 0.5329861111111112 0.23307291666666666 0.5399305555555556 0.22395833333333334 0.5416666666666666 0.20572916666666666 0.5607638888888888 0.19270833333333334
0 0.7170138888888888 0.3138020833333333 0.7378472222222222 0.3216145833333333 0.7586805555555556 0.3411458333333333 0.765625 0.3567708333333333 0.7673611111111112 0.38671875 0.7465277777777778 0.4205729166666667 0.7361111111111112 0.4309895833333333 0.71875 0.4401041666666667 0.6875 0.4505208333333333 0.6666666666666666 0.4505208333333333 0.6614583333333334 0.4466145833333333 0.6510416666666666 0.4270833333333333 0.6215277777777778 0.4049479166666667 0.5989583333333334 0.3932291666666667 0.59375 0.37890625 0.5954861111111112 0.3515625 0.6180555555555556 0.3411458333333333 0.6440972222222222 0.3229166666666667 0.6701388888888888 0.3125 0.7013888888888888 0.3111979166666667 0.7152777777777778 0.3138020833333333