0 0.3350694444444444 0.2903645833333333 0.3385416666666667 0.3619791666666667 0.3541666666666667 0.3828125 0.3715277777777778 0.39453125 0.4253472222222222 0.41015625 0.4670138888888889 0.41015625 0.5052083333333334 0.4036458333333333 0.5416666666666666 0.3802083333333333 0.5642361111111112 0.3359375 0.5659722222222222 0.3072916666666667 0.5381944444444444 0.2669270833333333 0.5243055555555556 0.2578125 0.4583333333333333 0.23046875 0.4201388888888889 0.23177083333333334 0.3888888888888889 0.23958333333333334 0.3680555555555556 0.2513020833333333
0 0.050347222222222224 0.2513020833333333 0.052083333333333336 0.2877604166666667 0.0642361111111111 0.3111979166666667 0.0954861111111111 0.3450520833333333 0.1111111111111111 0.3450520833333333 0.13541666666666666 0.3580729166666667 0.14583333333333334 0.3528645833333333 0.14583333333333334 0.3450520833333333 0.16319444444444445 0.3255208333333333 0.171875 0.3255208333333333 0.1909722222222222 0.3463541666666667 0.22916666666666666 0.328125 0.24479166666666666 0.30859375 0.2482638888888889 0.2786458333333333 0.24131944444444445 0.24479166666666666 0.21354166666666666 0.20182291666666666 0.203125 0.19661458333333334 0.1388888888888889 0.18489583333333334 0.10243055555555555 0.19140625 0.0642361111111111 0.22265625
0 0.3090277777777778 0.13411458333333334 0.3368055555555556 0.14713541666666666 0.3628472222222222 0.16536458333333334 0.3715277777777778 0.17838541666666666 0.3715277777777778 0.18229166666666666 0.3767361111111111 0.1875 0.3836805555555556 0.2109375 0.3819444444444444 0.23828125 0.3541666666666667 0.2552083333333333 0.3472222222222222 0.26171875 0.3402777777777778 0.2747395833333333 0.3298611111111111 0.2825520833333333 0.2951388888888889 0.28125 0.2795138888888889 0.2760416666666667 0.2725694444444444 0.2760416666666667 0.2569444444444444 0.2682291666666667 0.24479166666666666 0.23828125 0.22569444444444445 0.21484375 0.2152777777777778 0.19921875 0.21354166666666666 0.19270833333333334 0.21354166666666666 0.16796875 0.22395833333333334 0.15104166666666666 0.2361111111111111 0.14192708333333334 0.2638888888888889 0.13151041666666666 0.296875 0.13151041666666666 0.3072916666666667 0.13411458333333334
0 0.5746527777777778 0.14453125 0.59375 0.15234375 0.6128472222222222 0.15625 0.6180555555555556 0.16015625 0.6232638888888888 0.16927083333333334 0.6232638888888888 0.17578125 0.6388888888888888 0.21614583333333334 0.6371527777777778 0.24479166666666666 0.6145833333333334 0.2825520833333333 0.6041666666666666 0.29296875 0.5815972222222222 0.30078125 0.5711805555555556 0.30078125 0.5607638888888888 0.2942708333333333 0.5607638888888888 0.2903645833333333 0.5486111111111112 0.2721354166666667 0.5347222222222222 0.2591145833333333 0.4947916666666667 0.2421875 0.4791666666666667 0.23177083333333334 0.4635416666666667 0.2265625 0.4583333333333333 0.22005208333333334 0.4583333333333333 0.19270833333333334 0.4618055555555556 0.18359375 0.4739583333333333 0.17057291666666666 0.4895833333333333 0.15885416666666666 0.5017361111111112 0.15364583333333334 0.5260416666666666 0.1484375 0.5364583333333334 0.1484375 0.546875 0.14453125 0.5729166666666666 0.14453125
0 0.7256944444444444 0.3125 0.75 0.3177083333333333 0.7673611111111112 0.3255208333333333 0.8072916666666666 0.3580729166666667 0.8177083333333334 0.37890625 0.8177083333333334 0.3893229166666667 0.8142361111111112 0.3997395833333333 0.7951388888888888 0.4348958333333333 0.78125 0.4466145833333333 0.7760416666666666 0.4479166666666667 0.7534722222222222 0.46484375 0.7378472222222222 0.4700520833333333 0.7204861111111112 0.4700520833333333 0.6944444444444444 0.45703125 0.6770833333333334 0.4505208333333333 0.6579861111111112 0.4466145833333333 0.6458333333333334 0.4401041666666667 0.6388888888888888 0.4388020833333333 0.6197916666666666 0.42578125 0.6041666666666666 0.4270833333333333 0.6006944444444444 0.4348958333333333 0.5989583333333334 0.43359375 0.5920138888888888 0.4388020833333333 0.5868055555555556 0.4361979166666667 0.5902777777777778 0.4244791666666667 0.5954861111111112 0.4205729166666667 0.5972222222222222 0.421875 0.6024305555555556 0.4192708333333333 0.6145833333333334 0.4088541666666667 0.6215277777777778 0.3815104166666667 0.6493055555555556 0.33984375 0.65625 0.3333333333333333 0.6666666666666666 0.3255208333333333 0.6875 0.31640625 0.6961805555555556 0.3138020833333333 0.7239583333333334 0.3125
0 0.6770833333333334 0.4544270833333333 0.7083333333333334 0.46875 0.7239583333333334 0.4817708333333333 0.734375 0.5026041666666666 0.7361111111111112 0.53125 0.7274305555555556 0.5598958333333334 0.7065972222222222 0.58984375 0.6892361111111112 0.6080729166666666 0.6527777777777778 0.63671875 0.6267361111111112 0.6341145833333334 0.6197916666666666 0.6315104166666666 0.5868055555555556 0.6067708333333334 0.5572916666666666 0.5950520833333334 0.5364583333333334 0.58984375 0.5138888888888888 0.5885416666666666 0.4982638888888889 0.5846354166666666 0.4895833333333333 0.578125 0.4774305555555556 0.5598958333333334 0.4739583333333333 0.5494791666666666 0.4739583333333333 0.5377604166666666 0.484375 0.51171875 0.4982638888888889 0.4934895833333333 0.5121527777777778 0.4830729166666667 0.5416666666666666 0.4713541666666667 0.5538194444444444 0.4596354166666667 0.5798611111111112 0.4544270833333333 0.6284722222222222 0.4544270833333333 0.6458333333333334 0.4518229166666667 0.6649305555555556 0.4518229166666667 0.6753472222222222 0.4544270833333333
0 0.3923611111111111 0.5794270833333334 0.4097222222222222 0.5833333333333334 0.4253472222222222 0.5911458333333334 0.4479166666666667 0.59375 0.4600694444444444 0.5989583333333334 0.4756944444444444 0.5989583333333334 0.5052083333333334 0.5924479166666666 0.5260416666666666 0.5924479166666666 0.5486111111111112 0.5963541666666666 0.5763888888888888 0.6067708333333334 0.6006944444444444 0.6223958333333334 0.6128472222222222 0.6341145833333334 0.6302083333333334 0.6640625 0.6319444444444444 0.6940104166666666 0.6267361111111112 0.7135416666666666 0.6128472222222222 0.734375 0.5972222222222222 0.7513020833333334 0.5763888888888888 0.765625 0.5486111111111112 0.7786458333333334 0.5260416666666666 0.78515625 0.4930555555555556 0.7890625 0.4600694444444444 0.7877604166666666 0.4288194444444444 0.7786458333333334 0.3975694444444444 0.7591145833333334 0.3732638888888889 0.7317708333333334 0.3663194444444444 0.7096354166666666 0.3645833333333333 0.6744791666666666 0.375 0.6575520833333334 0.4166666666666667 0.6197916666666666 0.4166666666666667 0.6158854166666666 0.4131944444444444 0.61328125 0.4097222222222222 0.61328125 0.4027777777777778 0.6080729166666666 0.3871527777777778 0.6015625 0.3819444444444444 0.5950520833333334 0.3819444444444444 0.5807291666666666 0.390625 0.5794270833333334
0 0.4618055555555556 0.23177083333333334 0.5104166666666666 0.25390625 0.5260416666666666 0.2578125 0.5399305555555556 0.2682291666666667 0.5451388888888888 0.2799479166666667 0.5607638888888888 0.30078125 0.5642361111111112 0.30859375 0.5659722222222222 0.32421875 0.5607638888888888 0.34375 0.5520833333333334 0.3580729166666667 0.5451388888888888 0.3645833333333333 0.5364583333333334 0.3841145833333333 0.5225694444444444 0.39453125 0.5017361111111112 0.4036458333333333 0.4791666666666667 0.4088541666666667 0.4513888888888889 0.41015625 0.4288194444444444 0.41015625 0.3940972222222222 0.4036458333333333 0.375 0.3958333333333333 0.3541666666666667 0.3828125 0.3402777777777778 0.3645833333333333 0.3333333333333333 0.3151041666666667 0.3350694444444444 0.2942708333333333 0.3385416666666667 0.28515625 0.3576388888888889 0.2591145833333333 0.3715277777777778 0.24869791666666666 0.3854166666666667 0.24088541666666666 0.4184027777777778 0.23177083333333334 0.4253472222222222 0.23046875 0.4600694444444444 0.23177083333333334
0 0.17881944444444445 0.34765625 0.19618055555555555 0.3580729166666667 0.2170138888888889 0.3763020833333333 0.2465277777777778 0.3880208333333333 0.2743055555555556 0.40625 0.2916666666666667 0.4296875 0.2986111111111111 0.4557291666666667 0.2986111111111111 0.4661458333333333 0.2951388888888889 0.4752604166666667 0.2760416666666667 0.5026041666666666 0.2361111111111111 0.5286458333333334 0.22916666666666666 0.53125 0.21875 0.53125 0.20833333333333334 0.5338541666666666 0.1892361111111111 0.5338541666666666 0.16145833333333334 0.5299479166666666 0.1388888888888889 0.5299479166666666 0.11805555555555555 0.5247395833333334 0.1076388888888889 0.5182291666666666 0.09375 0.5026041666666666 0.07465277777777778 0.4895833333333333 0.06597222222222222 0.4778645833333333 0.06076388888888889 0.4622395833333333 0.0642361111111111 0.4361979166666667 0.07291666666666667 0.421875 0.08159722222222222 0.4127604166666667 0.125 0.3815104166666667 0.13194444444444445 0.3697916666666667 0.14583333333333334 0.36328125 0.1579861111111111 0.3541666666666667 0.16666666666666666 0.3411458333333333 0.17708333333333334 0.34765625
0 0.1753472222222222 0.19010416666666666 0.21006944444444445 0.20052083333333334 0.2361111111111111 0.23307291666666666 0.24131944444444445 0.24739583333333334 0.2465277777777778 0.3020833333333333 0.234375 0.3216145833333333 0.2222222222222222 0.3307291666666667 0.1909722222222222 0.34375 0.1857638888888889 0.3411458333333333 0.18055555555555555 0.3346354166666667 0.18229166666666666 0.3307291666666667 0.1753472222222222 0.3294270833333333 0.16666666666666666 0.32421875 0.16145833333333334 0.328125 0.1527777777777778 0.3424479166666667 0.1527777777777778 0.3489583333333333 0.140625 0.35546875 0.13194444444444445 0.35546875 0.125 0.3502604166666667 0.10069444444444445 0.3450520833333333 0.08854166666666667 0.3372395833333333 0.057291666666666664 0.2994791666666667 0.050347222222222224 0.2786458333333333 0.050347222222222224 0.2552083333333333 0.057291666666666664 0.23697916666666666 0.06770833333333333 0.22005208333333334 0.0798611111111111 0.20703125 0.09375 0.19661458333333334 0.125 0.18619791666666666 0.1579861111111111 0.18619791666666666 0.1736111111111111 0.19010416666666666
0 0.9427083333333334 0.7356770833333334 0.9791666666666666 0.7434895833333334 0.9982638888888888 0.7526041666666666 0.9982638888888888 0.8567708333333334 0.9965277777777778 0.8580729166666666 0.9982638888888888 0.8619791666666666 0.9982638888888888 0.99609375 0.9947916666666666 0.9986979166666666 0.84375 0.9986979166666666 0.8402777777777778 0.99609375 0.8315972222222222 0.9986979166666666 0.828125 0.9973958333333334 0.8263888888888888 0.9986979166666666 0.7795138888888888 0.9986979166666666 0.7638888888888888 0.9921875 0.7586805555555556 0.9856770833333334 0.7361111111111112 0.96875 0.7135416666666666 0.93359375 0.7065972222222222 0.9140625 0.703125 0.8671875 0.7065972222222222 0.8424479166666666 0.7135416666666666 0.8255208333333334 0.7135416666666666 0.8190104166666666 0.7222222222222222 0.8072916666666666 0.7239583333333334 0.80078125 0.7378472222222222 0.7838541666666666 0.7413194444444444 0.7825520833333334 0.7413194444444444 0.7786458333333334 0.7569444444444444 0.7682291666666666 0.7569444444444444 0.765625 0.7638888888888888 0.76171875 0.7638888888888888 0.7591145833333334 0.8038194444444444 0.7395833333333334 0.84375 0.7317708333333334 0.9114583333333334 0.7317708333333334 0.9409722222222222 0.7356770833333334