0 0.8454861111111112 0.4244791666666667 0.8819444444444444 0.4388020833333333 0.8958333333333334 0.4401041666666667 0.9079861111111112 0.4466145833333333 0.9236111111111112 0.4479166666666667 0.9496527777777778 0.45703125 0.9739583333333334 0.4752604166666667 0.9861111111111112 0.4973958333333333 0.984375 0.5182291666666666 0.9635416666666666 0.5494791666666666 0.9375 0.5638020833333334 0.90625 0.5755208333333334 0.890625 0.578125 0.8802083333333334 0.5768229166666666 0.8767361111111112 0.578125 0.8524305555555556 0.57421875 0.8038194444444444 0.55859375 0.7881944444444444 0.546875 0.7777777777777778 0.5286458333333334 0.7777777777777778 0.5182291666666666 0.7916666666666666 0.4830729166666667 0.7916666666666666 0.4674479166666667 0.8055555555555556 0.45703125 0.8177083333333334 0.4440104166666667 0.8194444444444444 0.43359375 0.828125 0.4283854166666667 0.84375 0.4244791666666667
0 0.8506944444444444 0.61328125 0.8767361111111112 0.6171875 0.9097222222222222 0.6315104166666666 0.9392361111111112 0.6536458333333334 0.953125 0.6705729166666666 0.9548611111111112 0.67578125 0.953125 0.703125 0.9444444444444444 0.7265625 0.9340277777777778 0.7395833333333334 0.9097222222222222 0.7565104166666666 0.8975694444444444 0.76171875 0.8697916666666666 0.7708333333333334 0.859375 0.7708333333333334 0.8506944444444444 0.7734375 0.8142361111111112 0.7721354166666666 0.78125 0.76171875 0.7586805555555556 0.75 0.7430555555555556 0.73828125 0.7309027777777778 0.7161458333333334 0.7326388888888888 0.7044270833333334 0.7395833333333334 0.69140625 0.7378472222222222 0.6692708333333334 0.7309027777777778 0.65234375 0.734375 0.64453125 0.7569444444444444 0.62890625 0.7881944444444444 0.6171875 0.8177083333333334 0.6119791666666666 0.8489583333333334 0.61328125
0 0.9982638888888888 0.5377604166666666 0.9982638888888888 0.68359375 0.9722222222222222 0.6822916666666666 0.9618055555555556 0.6783854166666666 0.9461805555555556 0.65625 0.90625 0.6236979166666666 0.9079861111111112 0.5950520833333334 0.9184027777777778 0.578125 0.9513888888888888 0.5611979166666666 0.9774305555555556 0.5390625 0.9965277777777778 0.5377604166666666
0 0.5347222222222222 0.7994791666666666 0.5815972222222222 0.7981770833333334 0.5920138888888888 0.80078125 0.609375 0.80078125 0.625 0.7955729166666666 0.6614583333333334 0.7890625 0.6875 0.7760416666666666 0.6857638888888888 0.7877604166666666 0.671875 0.8072916666666666 0.6440972222222222 0.82421875 0.6215277777777778 0.8307291666666666 0.6041666666666666 0.8307291666666666 0.59375 0.8255208333333334 0.5711805555555556 0.82421875 0.5416666666666666 0.8111979166666666 0.5347222222222222 0.80078125
0 0.3315972222222222 0.4674479166666667 0.3663194444444444 0.4752604166666667 0.3819444444444444 0.4830729166666667 0.3923611111111111 0.484375 0.4166666666666667 0.4934895833333333 0.4288194444444444 0.4947916666666667 0.4427083333333333 0.5026041666666666 0.4479166666666667 0.5104166666666666 0.4479166666666667 0.515625 0.4305555555555556 0.5182291666666666 0.4305555555555556 0.5260416666666666 0.4392361111111111 0.5520833333333334 0.4392361111111111 0.57421875 0.4305555555555556 0.5963541666666666 0.4149305555555556 0.6145833333333334 0.40625 0.6197916666666666 0.3645833333333333 0.6380208333333334 0.2934027777777778 0.6549479166666666 0.2795138888888889 0.6536458333333334 0.2673611111111111 0.6471354166666666 0.2604166666666667 0.6380208333333334 0.25 0.6328125 0.21875 0.6067708333333334 0.20833333333333334 0.5833333333333334 0.19618055555555555 0.5638020833333334 0.1996527777777778 0.5286458333333334 0.21006944444444445 0.50390625 0.2222222222222222 0.4908854166666667 0.2378472222222222 0.48046875 0.2777777777777778 0.4674479166666667 0.2916666666666667 0.4661458333333333 0.3298611111111111 0.4674479166666667
0 0.4565972222222222 0.3541666666666667 0.4826388888888889 0.3580729166666667 0.5121527777777778 0.37109375 0.5347222222222222 0.3880208333333333 0.5434027777777778 0.4049479166666667 0.5434027777777778 0.42578125 0.5399305555555556 0.4322916666666667 0.5399305555555556 0.4388020833333333 0.5295138888888888 0.4622395833333333 0.5225694444444444 0.4713541666666667 0.5121527777777778 0.48046875 0.4965277777777778 0.4895833333333333 0.4635416666666667 0.5 0.4461805555555556 0.5 0.4322916666666667 0.4921875 0.3784722222222222 0.4778645833333333 0.3732638888888889 0.4739583333333333 0.3645833333333333 0.4609375 0.3576388888888889 0.4440104166666667 0.3611111111111111 0.40234375 0.3663194444444444 0.3932291666666667 0.3819444444444444 0.3763020833333333 0.3940972222222222 0.3671875 0.4079861111111111 0.3606770833333333 0.4322916666666667 0.35546875 0.4548611111111111 0.3541666666666667
0 0.7152777777777778 0.3802083333333333 0.7378472222222222 0.390625 0.7413194444444444 0.3958333333333333 0.7447916666666666 0.4140625 0.7708333333333334 0.4348958333333333 0.7829861111111112 0.4518229166666667 0.7864583333333334 0.4622395833333333 0.7864583333333334 0.48828125 0.7708333333333334 0.5208333333333334 0.7725694444444444 0.5325520833333334 0.7465277777777778 0.5572916666666666 0.7239583333333334 0.5690104166666666 0.7135416666666666 0.5703125 0.703125 0.5677083333333334 0.6649305555555556 0.5690104166666666 0.6145833333333334 0.5598958333333334 0.5902777777777778 0.5533854166666666 0.5659722222222222 0.5403645833333334 0.5416666666666666 0.515625 0.5329861111111112 0.5013020833333334 0.5347222222222222 0.4596354166666667 0.5416666666666666 0.4466145833333333 0.5486111111111112 0.4244791666666667 0.5590277777777778 0.4140625 0.5694444444444444 0.4075520833333333 0.5954861111111112 0.3971354166666667 0.6197916666666666 0.39453125 0.6267361111111112 0.3971354166666667 0.6423611111111112 0.3984375 0.6475694444444444 0.390625 0.65625 0.38671875 0.6857638888888888 0.3854166666666667 0.703125 0.37890625 0.7135416666666666 0.3802083333333333
0 0.9670138888888888 0.69921875 0.984375 0.7044270833333334 0.9791666666666666 0.7252604166666666 0.9791666666666666 0.73828125 0.984375 0.7434895833333334 0.9913194444444444 0.7434895833333334 0.9930555555555556 0.7473958333333334 0.9913194444444444 0.7513020833333334 0.9878472222222222 0.75390625 0.9774305555555556 0.75390625 0.9722222222222222 0.7578125 0.9704861111111112 0.765625 0.9652777777777778 0.7721354166666666 0.953125 0.7734375 0.9513888888888888 0.7825520833333334 0.9149305555555556 0.7838541666666666 0.8940972222222222 0.8033854166666666 0.8680555555555556 0.796875 0.8559027777777778 0.7838541666666666 0.8541666666666666 0.7747395833333334 0.8836805555555556 0.7682291666666666 0.9097222222222222 0.7578125 0.9201388888888888 0.7513020833333334 0.9427083333333334 0.7317708333333334 0.9548611111111112 0.703125 0.9600694444444444 0.69921875 0.9652777777777778 0.69921875
0 0.3611111111111111 0.17057291666666666 0.3854166666666667 0.17708333333333334 0.3993055555555556 0.18359375 0.4253472222222222 0.20442708333333334 0.4357638888888889 0.21744791666666666 0.4444444444444444 0.234375 0.4496527777777778 0.2526041666666667 0.4479166666666667 0.2877604166666667 0.4392361111111111 0.3033854166666667 0.4253472222222222 0.3203125 0.4131944444444444 0.3294270833333333 0.3993055555555556 0.3359375 0.3819444444444444 0.33984375 0.3645833333333333 0.3411458333333333 0.3420138888888889 0.3411458333333333 0.3333333333333333 0.3359375 0.3142361111111111 0.3294270833333333 0.3107638888888889 0.3307291666666667 0.2916666666666667 0.3294270833333333 0.2708333333333333 0.32421875 0.2621527777777778 0.3151041666666667 0.2604166666666667 0.30859375 0.24305555555555555 0.28515625 0.2326388888888889 0.2604166666666667 0.234375 0.23697916666666666 0.24305555555555555 0.21614583333333334 0.25 0.203125 0.2673611111111111 0.1875 0.2795138888888889 0.18098958333333334 0.3020833333333333 0.17317708333333334 0.3315972222222222 0.16927083333333334 0.359375 0.17057291666666666
0 0.5486111111111112 0.55078125 0.5746527777777778 0.5533854166666666 0.59375 0.55859375 0.6684027777777778 0.5872395833333334 0.6979166666666666 0.6106770833333334 0.7256944444444444 0.66015625 0.7274305555555556 0.6744791666666666 0.7309027777777778 0.6809895833333334 0.7309027777777778 0.6953125 0.7256944444444444 0.7005208333333334 0.7239583333333334 0.7161458333333334 0.7135416666666666 0.7434895833333334 0.7065972222222222 0.7552083333333334 0.6892361111111112 0.7721354166666666 0.6614583333333334 0.7877604166666666 0.6197916666666666 0.7981770833333334 0.609375 0.7981770833333334 0.6059027777777778 0.80078125 0.6059027777777778 0.8059895833333334 0.5989583333333334 0.80078125 0.5902777777777778 0.8033854166666666 0.5815972222222222 0.8020833333333334 0.578125 0.8098958333333334 0.5711805555555556 0.8072916666666666 0.5694444444444444 0.7994791666666666 0.5399305555555556 0.796875 0.5364583333333334 0.7981770833333334 0.5034722222222222 0.7838541666666666 0.4809027777777778 0.7682291666666666 0.4600694444444444 0.7473958333333334 0.4427083333333333 0.7252604166666666 0.4305555555555556 0.6822916666666666 0.4305555555555556 0.6549479166666666 0.4270833333333333 0.63671875 0.4427083333333333 0.59765625 0.453125 0.5859375 0.4895833333333333 0.55859375 0.5190972222222222 0.5520833333333334 0.546875 0.55078125
0 0.6527777777777778 0.20052083333333334 0.6649305555555556 0.20572916666666666 0.6753472222222222 0.23177083333333334 0.6822916666666666 0.23697916666666666 0.6944444444444444 0.23958333333333334 0.6961805555555556 0.24739583333333334 0.71875 0.2682291666666667 0.7309027777777778 0.2838541666666667 0.734375 0.2955729166666667 0.734375 0.3125 0.7309027777777778 0.3268229166666667 0.7274305555555556 0.3346354166666667 0.7118055555555556 0.3515625 0.6788194444444444 0.37109375 0.640625 0.3841145833333333 0.6076388888888888 0.38671875 0.5989583333333334 0.3893229166666667 0.5850694444444444 0.3893229166666667 0.5503472222222222 0.3841145833333333 0.5347222222222222 0.3776041666666667 0.5277777777777778 0.37109375 0.4930555555555556 0.3541666666666667 0.4722222222222222 0.3346354166666667 0.4583333333333333 0.3098958333333333 0.453125 0.2890625 0.4548611111111111 0.26171875 0.4652777777777778 0.24348958333333334 0.4861111111111111 0.2265625 0.5260416666666666 0.2109375 0.5538194444444444 0.20703125 0.578125 0.20703125 0.5902777777777778 0.20963541666666666 0.6215277777777778 0.20182291666666666 0.6510416666666666 0.20052083333333334
0 0.8003472222222222 0.2942708333333333 0.8350694444444444 0.3020833333333333 0.8559027777777778 0.3098958333333333 0.8697916666666666 0.3216145833333333 0.8784722222222222 0.3385416666666667 0.8767361111111112 0.3619791666666667 0.8680555555555556 0.3763020833333333 0.8559027777777778 0.3880208333333333 0.8559027777777778 0.3932291666666667 0.8611111111111112 0.3971354166666667 0.859375 0.4036458333333333 0.8506944444444444 0.4114583333333333 0.8402777777777778 0.4075520833333333 0.8038194444444444 0.4192708333333333 0.78125 0.4192708333333333 0.7552083333333334 0.4153645833333333 0.7482638888888888 0.4088541666666667 0.7465277777777778 0.3971354166666667 0.7413194444444444 0.3880208333333333 0.734375 0.3828125 0.7222222222222222 0.37890625 0.7083333333333334 0.3684895833333333 0.7152777777777778 0.3606770833333333 0.7222222222222222 0.3463541666666667 0.7326388888888888 0.3346354166666667 0.7395833333333334 0.3020833333333333 0.765625 0.2955729166666667 0.7986111111111112 0.2942708333333333
0 0.3958333333333333 0.6536458333333334 0.4114583333333333 0.66015625 0.4253472222222222 0.6770833333333334 0.4322916666666667 0.70703125 0.4305555555555556 0.7135416666666666 0.4357638888888889 0.7278645833333334 0.4340277777777778 0.75 0.421875 0.76953125 0.3975694444444444 0.7890625 0.3767361111111111 0.7981770833333334 0.3489583333333333 0.8059895833333334 0.3368055555555556 0.8072916666666666 0.3072916666666667 0.8072916666666666 0.2881944444444444 0.8046875 0.2725694444444444 0.7994791666666666 0.2517361111111111 0.7864583333333334 0.24131944444444445 0.7760416666666666 0.22916666666666666 0.75390625 0.22743055555555555 0.7369791666666666 0.2309027777777778 0.71875 0.2378472222222222 0.7083333333333334 0.2621527777777778 0.6861979166666666 0.2690972222222222 0.6770833333333334 0.2708333333333333 0.6705729166666666 0.28125 0.6627604166666666 0.3038194444444444 0.6575520833333334 0.328125 0.6588541666666666 0.3385416666666667 0.6549479166666666 0.3506944444444444 0.6549479166666666 0.3559027777777778 0.65234375 0.3940972222222222 0.6536458333333334