0 0.4652777777777778 0.4609375 0.4722222222222222 0.46484375 0.4930555555555556 0.4661458333333333 0.5017361111111112 0.4700520833333333 0.5069444444444444 0.4778645833333333 0.5225694444444444 0.4856770833333333 0.5225694444444444 0.4895833333333333 0.515625 0.4921875 0.5173611111111112 0.49609375 0.5434027777777778 0.50390625 0.5711805555555556 0.5208333333333334 0.5850694444444444 0.5364583333333334 0.5920138888888888 0.5598958333333334 0.5920138888888888 0.5716145833333334 0.5885416666666666 0.5833333333333334 0.5763888888888888 0.6015625 0.5659722222222222 0.6106770833333334 0.5590277777777778 0.61328125 0.5381944444444444 0.61328125 0.5243055555555556 0.609375 0.5138888888888888 0.609375 0.4930555555555556 0.62109375 0.4826388888888889 0.6236979166666666 0.46875 0.6223958333333334 0.4409722222222222 0.61328125 0.4097222222222222 0.58984375 0.4027777777777778 0.5807291666666666 0.3975694444444444 0.56640625 0.3975694444444444 0.5533854166666666 0.4027777777777778 0.5455729166666666 0.40625 0.52734375 0.4166666666666667 0.5143229166666666 0.4288194444444444 0.5052083333333334 0.4322916666666667 0.5052083333333334 0.4409722222222222 0.5 0.4322916666666667 0.4934895833333333 0.4201388888888889 0.4908854166666667 0.4184027777777778 0.4869791666666667 0.4201388888888889 0.4817708333333333 0.4270833333333333 0.4739583333333333 0.4375 0.4700520833333333 0.453125 0.4596354166666667 0.4635416666666667 0.4609375
0 0.6961805555555556 0.546875 0.7274305555555556 0.55859375 0.7395833333333334 0.56640625 0.7482638888888888 0.5755208333333334 0.7552083333333334 0.5872395833333334 0.7569444444444444 0.5963541666666666 0.7569444444444444 0.625 0.7517361111111112 0.6328125 0.7204861111111112 0.65234375 0.7065972222222222 0.65625 0.6770833333333334 0.66015625 0.6614583333333334 0.6588541666666666 0.6493055555555556 0.6484375 0.6336805555555556 0.6432291666666666 0.6197916666666666 0.6328125 0.6111111111111112 0.6223958333333334 0.6041666666666666 0.60546875 0.6024305555555556 0.5859375 0.6076388888888888 0.5703125 0.6145833333333334 0.5638020833333334 0.6267361111111112 0.5572916666666666 0.6510416666666666 0.5520833333333334 0.6631944444444444 0.546875 0.6840277777777778 0.5455729166666666 0.6944444444444444 0.546875
0 0.5260416666666666 0.6145833333333334 0.5399305555555556 0.6184895833333334 0.5572916666666666 0.6197916666666666 0.5677083333333334 0.6236979166666666 0.6163194444444444 0.66015625 0.6319444444444444 0.6783854166666666 0.6440972222222222 0.7018229166666666 0.6440972222222222 0.74609375 0.6319444444444444 0.765625 0.6197916666666666 0.7747395833333334 0.5920138888888888 0.7864583333333334 0.5659722222222222 0.7942708333333334 0.5434027777777778 0.796875 0.5208333333333334 0.7955729166666666 0.4930555555555556 0.7877604166666666 0.4722222222222222 0.7864583333333334 0.4392361111111111 0.7630208333333334 0.421875 0.765625 0.4166666666666667 0.7604166666666666 0.4114583333333333 0.7447916666666666 0.4114583333333333 0.7330729166666666 0.4184027777777778 0.7174479166666666 0.4166666666666667 0.7057291666666666 0.4270833333333333 0.6692708333333334 0.4340277777777778 0.6588541666666666 0.4444444444444444 0.6497395833333334 0.4600694444444444 0.6419270833333334 0.4965277777777778 0.6315104166666666 0.5017361111111112 0.6276041666666666 0.5034722222222222 0.6223958333333334 0.5121527777777778 0.6158854166666666 0.5243055555555556 0.6145833333333334
0 0.4965277777777778 0.3033854166666667 0.5277777777777778 0.31640625 0.5538194444444444 0.3333333333333333 0.5590277777777778 0.33984375 0.5659722222222222 0.3567708333333333 0.5659722222222222 0.3802083333333333 0.5590277777777778 0.3932291666666667 0.5121527777777778 0.4348958333333333 0.4965277777777778 0.4453125 0.4878472222222222 0.4453125 0.484375 0.4427083333333333 0.4722222222222222 0.4401041666666667 0.4583333333333333 0.42578125 0.4444444444444444 0.42578125 0.4409722222222222 0.41796875 0.4166666666666667 0.4010416666666667 0.4079861111111111 0.3880208333333333 0.4045138888888889 0.3763020833333333 0.4045138888888889 0.3658854166666667 0.4097222222222222 0.3463541666666667 0.4149305555555556 0.3372395833333333 0.4253472222222222 0.3268229166666667 0.4357638888888889 0.3190104166666667 0.4652777777777778 0.3059895833333333 0.4809027777777778 0.3020833333333333 0.4947916666666667 0.3033854166666667
0 0.3472222222222222 0.4153645833333333 0.359375 0.421875 0.375 0.42578125 0.3923611111111111 0.4375 0.4079861111111111 0.4544270833333333 0.4149305555555556 0.4739583333333333 0.4131944444444444 0.4973958333333333 0.4010416666666667 0.5208333333333334 0.3975694444444444 0.5455729166666666 0.3888888888888889 0.55078125 0.3697916666666667 0.5520833333333334 0.3506944444444444 0.5572916666666666 0.3038194444444444 0.5559895833333334 0.2586805555555556 0.546875 0.2378472222222222 0.5325520833333334 0.22569444444444445 0.515625 0.2222222222222222 0.5065104166666666 0.2222222222222222 0.4869791666666667 0.22569444444444445 0.47265625 0.23958333333333334 0.4583333333333333 0.2465277777777778 0.4453125 0.2604166666666667 0.43359375 0.2881944444444444 0.4231770833333333 0.3090277777777778 0.4231770833333333 0.328125 0.4166666666666667 0.3454861111111111 0.4153645833333333
0 0.2725694444444444 0.5533854166666666 0.3020833333333333 0.5598958333333334 0.3177083333333333 0.5598958333333334 0.3454861111111111 0.56640625 0.3576388888888889 0.56640625 0.375 0.5768229166666666 0.390625 0.5950520833333334 0.3975694444444444 0.6263020833333334 0.3958333333333333 0.6458333333333334 0.3715277777777778 0.6822916666666666 0.3663194444444444 0.6953125 0.3611111111111111 0.6966145833333334 0.3368055555555556 0.6966145833333334 0.3246527777777778 0.6940104166666666 0.2934027777777778 0.6953125 0.2586805555555556 0.6901041666666666 0.2309027777777778 0.6783854166666666 0.2204861111111111 0.6705729166666666 0.21180555555555555 0.66015625 0.20833333333333334 0.6510416666666666 0.20833333333333334 0.625 0.22743055555555555 0.5911458333333334 0.22569444444444445 0.5716145833333334 0.2326388888888889 0.5638020833333334 0.2517361111111111 0.55078125 0.2708333333333333 0.5533854166666666
0 0.6284722222222222 0.38671875 0.6440972222222222 0.3893229166666667 0.6614583333333334 0.3958333333333333 0.6857638888888888 0.4140625 0.6944444444444444 0.4283854166666667 0.6961805555555556 0.4739583333333333 0.6822916666666666 0.4869791666666667 0.6840277777777778 0.4947916666666667 0.6805555555555556 0.5026041666666666 0.671875 0.51171875 0.6545138888888888 0.5130208333333334 0.6510416666666666 0.5104166666666666 0.6423611111111112 0.5091145833333334 0.6284722222222222 0.515625 0.609375 0.5182291666666666 0.5868055555555556 0.5182291666666666 0.5729166666666666 0.515625 0.5434027777777778 0.5013020833333334 0.5381944444444444 0.4973958333333333 0.5329861111111112 0.48828125 0.5173611111111112 0.4752604166666667 0.515625 0.4557291666666667 0.5190972222222222 0.4427083333333333 0.5295138888888888 0.4244791666666667 0.5555555555555556 0.40234375 0.5902777777777778 0.3893229166666667 0.6076388888888888 0.38671875 0.6267361111111112 0.38671875
0 0.2690972222222222 0.24609375 0.2795138888888889 0.2513020833333333 0.2934027777777778 0.24479166666666666 0.3125 0.24609375 0.3489583333333333 0.2630208333333333 0.3611111111111111 0.2708333333333333 0.3767361111111111 0.2838541666666667 0.3958333333333333 0.3098958333333333 0.4045138888888889 0.3372395833333333 0.4027777777777778 0.3606770833333333 0.3993055555555556 0.37109375 0.3836805555555556 0.3932291666666667 0.3541666666666667 0.41015625 0.3333333333333333 0.41015625 0.3107638888888889 0.4166666666666667 0.2621527777777778 0.4166666666666667 0.2222222222222222 0.4049479166666667 0.2013888888888889 0.3932291666666667 0.18055555555555555 0.3763020833333333 0.1701388888888889 0.36328125 0.1597222222222222 0.34375 0.15625 0.32421875 0.1579861111111111 0.3072916666666667 0.16145833333333334 0.296875 0.1736111111111111 0.2838541666666667 0.20833333333333334 0.2604166666666667 0.2204861111111111 0.2552083333333333 0.24479166666666666 0.24609375 0.2673611111111111 0.24609375
0 0.6822916666666666 0.19921875 0.7170138888888888 0.20442708333333334 0.7586805555555556 0.22526041666666666 0.7708333333333334 0.234375 0.796875 0.26171875 0.8055555555555556 0.27734375 0.8072916666666666 0.2877604166666667 0.8072916666666666 0.3046875 0.8020833333333334 0.3216145833333333 0.7916666666666666 0.3359375 0.7795138888888888 0.3450520833333333 0.7760416666666666 0.3515625 0.75 0.3671875 0.7326388888888888 0.37109375 0.7100694444444444 0.3802083333333333 0.6996527777777778 0.3776041666666667 0.6684027777777778 0.3763020833333333 0.6545138888888888 0.3736979166666667 0.6128472222222222 0.3606770833333333 0.5954861111111112 0.34765625 0.5833333333333334 0.33203125 0.5729166666666666 0.32421875 0.5625 0.30859375 0.5555555555555556 0.2877604166666667 0.5555555555555556 0.2708333333333333 0.5607638888888888 0.2513020833333333 0.5711805555555556 0.23697916666666666 0.5833333333333334 0.22786458333333334 0.6059027777777778 0.21614583333333334 0.6493055555555556 0.20182291666666666 0.6805555555555556 0.19921875
0 0.8368055555555556 0.3541666666666667 0.8489583333333334 0.3580729166666667 0.8697916666666666 0.375 0.8836805555555556 0.3919270833333333 0.890625 0.4075520833333333 0.890625 0.4140625 0.8784722222222222 0.41015625 0.8697916666666666 0.41015625 0.8663194444444444 0.4127604166666667 0.8645833333333334 0.4270833333333333 0.8576388888888888 0.4270833333333333 0.8368055555555556 0.4192708333333333 0.8142361111111112 0.41796875 0.8072916666666666 0.4153645833333333 0.7847222222222222 0.4166666666666667 0.7378472222222222 0.4153645833333333 0.7309027777777778 0.4114583333333333 0.7204861111111112 0.39453125 0.71875 0.3893229166666667 0.7204861111111112 0.3828125 0.7274305555555556 0.3776041666666667 0.7586805555555556 0.3671875 0.7777777777777778 0.3541666666666667 0.8072916666666666 0.3541666666666667 0.8159722222222222 0.3515625 0.8350694444444444 0.3541666666666667
0 0.4704861111111111 0.1875 0.4913194444444444 0.1953125 0.5104166666666666 0.20963541666666666 0.515625 0.21614583333333334 0.5225694444444444 0.23307291666666666 0.5225694444444444 0.2565104166666667 0.5190972222222222 0.2669270833333333 0.5086805555555556 0.28125 0.4895833333333333 0.296875 0.4618055555555556 0.3046875 0.4392361111111111 0.3138020833333333 0.4131944444444444 0.3125 0.4010416666666667 0.30859375 0.3958333333333333 0.3046875 0.3819444444444444 0.28515625 0.3541666666666667 0.2630208333333333 0.3541666666666667 0.24609375 0.3715277777777778 0.21875 0.3923611111111111 0.20442708333333334 0.4253472222222222 0.18880208333333334 0.4444444444444444 0.18619791666666666 0.46875 0.1875
0 0.2604166666666667 0.83203125 0.2569444444444444 0.8268229166666666 0.2569444444444444 0.8190104166666666 0.25 0.8033854166666666 0.2482638888888889 0.79296875 0.2361111111111111 0.7786458333333334 0.2361111111111111 0.76171875 0.24131944444444445 0.7486979166666666 0.25 0.7369791666666666 0.2777777777777778 0.7200520833333334 0.3090277777777778 0.7083333333333334 0.3420138888888889 0.703125 0.3663194444444444 0.7018229166666666 0.375 0.7018229166666666 0.3802083333333333 0.7057291666666666 0.3836805555555556 0.7161458333333334 0.4010416666666667 0.7395833333333334 0.4010416666666667 0.75390625 0.40625 0.76953125 0.4079861111111111 0.7864583333333334 0.4045138888888889 0.7981770833333334 0.3958333333333333 0.8111979166666666 0.3854166666666667 0.8203125 0.3715277777777778 0.828125 0.3489583333333333 0.8359375 0.2916666666666667 0.8372395833333334 0.2725694444444444 0.8359375 0.2621527777777778 0.83203125