0 0.7060546875 0.5755208333333334 0.7275390625 0.5872395833333334 0.755859375 0.5950520833333334 0.76171875 0.6015625 0.76171875 0.6106770833333334 0.759765625 0.6184895833333334 0.7607421875 0.6223958333333334 0.7568359375 0.62890625 0.751953125 0.6588541666666666 0.7529296875 0.6888020833333334 0.7509765625 0.72265625 0.744140625 0.7526041666666666 0.734375 0.7760416666666666 0.720703125 0.7942708333333334 0.7109375 0.8033854166666666 0.697265625 0.80859375 0.6669921875 0.8046875 0.6201171875 0.7799479166666666 0.61328125 0.7799479166666666 0.6044921875 0.78515625 0.587890625 0.7838541666666666 0.5771484375 0.77734375 0.5732421875 0.7721354166666666 0.5693359375 0.7578125 0.57421875 0.71484375 0.580078125 0.6940104166666666 0.5791015625 0.6809895833333334 0.5849609375 0.6263020833333334 0.587890625 0.6158854166666666 0.5986328125 0.5989583333333334 0.6162109375 0.58203125 0.6396484375 0.5716145833333334 0.6884765625 0.5690104166666666 0.705078125 0.5755208333333334
0 0.87890625 0.5299479166666666 0.8974609375 0.53515625 0.908203125 0.5416666666666666 0.9208984375 0.5546875 0.9404296875 0.5846354166666666 0.9521484375 0.62109375 0.953125 0.6536458333333334 0.951171875 0.6848958333333334 0.9453125 0.7239583333333334 0.9404296875 0.7330729166666666 0.9248046875 0.7356770833333334 0.892578125 0.7473958333333334 0.876953125 0.7578125 0.8642578125 0.76171875 0.845703125 0.7604166666666666 0.8291015625 0.7552083333333334 0.810546875 0.7408854166666666 0.8017578125 0.7291666666666666 0.787109375 0.69140625 0.775390625 0.671875 0.7734375 0.6484375 0.7666015625 0.62109375 0.7685546875 0.5950520833333334 0.76171875 0.5885416666666666 0.76171875 0.5794270833333334 0.763671875 0.57421875 0.775390625 0.5729166666666666 0.7958984375 0.5572916666666666 0.8173828125 0.5455729166666666 0.828125 0.5442708333333334 0.869140625 0.5299479166666666 0.8779296875 0.5299479166666666
0 0.3505859375 0 0.353515625 0 0.3544921875 0.00390625 0.3447265625 0.018229166666666668 0.3447265625 0.022135416666666668 0.3583984375 0.0234375 0.3603515625 0.026041666666666668 0.3603515625 0.033854166666666664 0.353515625 0.061197916666666664 0.3525390625 0.109375 0.3701171875 0.15885416666666666 0.3759765625 0.18229166666666666 0.3759765625 0.19010416666666666 0.3583984375 0.20963541666666666 0.353515625 0.21223958333333334 0.3388671875 0.203125 0.310546875 0.15885416666666666 0.2939453125 0.1015625 0.2958984375 0.078125 0.3056640625 0.053385416666666664 0.328125 0.018229166666666668 0.3505859375 0.0013020833333333333
0 0.3623046875 0.59765625 0.392578125 0.6119791666666666 0.4072265625 0.62890625 0.408203125 0.63671875 0.404296875 0.6471354166666666 0.404296875 0.6692708333333334 0.4072265625 0.6783854166666666 0.4072265625 0.69140625 0.41015625 0.70703125 0.42578125 0.7434895833333334 0.4287109375 0.7682291666666666 0.4248046875 0.78515625 0.4140625 0.8098958333333334 0.3916015625 0.8411458333333334 0.36328125 0.8619791666666666 0.3349609375 0.8697916666666666 0.294921875 0.8684895833333334 0.2705078125 0.8385416666666666 0.263671875 0.8333333333333334 0.2529296875 0.81640625 0.240234375 0.7669270833333334 0.224609375 0.7369791666666666 0.224609375 0.72265625 0.236328125 0.6809895833333334 0.2529296875 0.6458333333333334 0.26171875 0.6328125 0.2998046875 0.6041666666666666 0.3232421875 0.5950520833333334 0.361328125 0.59765625
0 0.357421875 0.4010416666666667 0.3828125 0.4296875 0.4189453125 0.4544270833333333 0.427734375 0.4661458333333333 0.431640625 0.48046875 0.42578125 0.50390625 0.4150390625 0.5182291666666666 0.4130859375 0.5403645833333334 0.4013671875 0.5611979166666666 0.3935546875 0.5716145833333334 0.3828125 0.5807291666666666 0.3583984375 0.58984375 0.3349609375 0.58984375 0.3251953125 0.5872395833333334 0.2998046875 0.5677083333333334 0.28125 0.53515625 0.2783203125 0.5234375 0.2763671875 0.4908854166666667 0.2783203125 0.47265625 0.2880859375 0.4453125 0.3115234375 0.4127604166666667 0.330078125 0.40234375 0.3564453125 0.4010416666666667
0 0.275390625 0.13932291666666666 0.2998046875 0.15364583333333334 0.310546875 0.16536458333333334 0.3212890625 0.1875 0.33203125 0.21744791666666666 0.33203125 0.22786458333333334 0.3369140625 0.23567708333333334 0.341796875 0.2513020833333333 0.333984375 0.2721354166666667 0.3349609375 0.2825520833333333 0.3330078125 0.2994791666666667 0.3232421875 0.3463541666666667 0.310546875 0.375 0.3017578125 0.3828125 0.283203125 0.4088541666666667 0.2685546875 0.421875 0.2412109375 0.4322916666666667 0.2197265625 0.4322916666666667 0.208984375 0.4296875 0.193359375 0.4205729166666667 0.1845703125 0.41015625 0.1728515625 0.3776041666666667 0.16796875 0.3541666666666667 0.1572265625 0.32421875 0.1533203125 0.2955729166666667 0.1591796875 0.265625 0.1787109375 0.20442708333333334 0.1943359375 0.17578125 0.197265625 0.16666666666666666 0.2080078125 0.15234375 0.22265625 0.13932291666666666 0.2333984375 0.13541666666666666 0.2578125 0.13541666666666666 0.2744140625 0.13932291666666666
0 0.5771484375 0.3294270833333333 0.59765625 0.3359375 0.6181640625 0.3515625 0.6201171875 0.3619791666666667 0.6171875 0.3893229166666667 0.61328125 0.4036458333333333 0.61328125 0.4166666666666667 0.6181640625 0.4205729166666667 0.623046875 0.4322916666666667 0.625 0.4283854166666667 0.6318359375 0.42578125 0.6328125 0.4192708333333333 0.6376953125 0.4244791666666667 0.638671875 0.4309895833333333 0.6435546875 0.4348958333333333 0.6484375 0.4557291666666667 0.6484375 0.4752604166666667 0.6455078125 0.4908854166666667 0.63671875 0.515625 0.6181640625 0.546875 0.59765625 0.5677083333333334 0.5751953125 0.5768229166666666 0.5400390625 0.57421875 0.5263671875 0.5690104166666666 0.5185546875 0.5638020833333334 0.5068359375 0.5481770833333334 0.501953125 0.5377604166666666 0.494140625 0.5299479166666666 0.490234375 0.53515625 0.49609375 0.5455729166666666 0.494140625 0.5533854166666666 0.4833984375 0.5598958333333334 0.466796875 0.5572916666666666 0.462890625 0.5520833333333334 0.458984375 0.5403645833333334 0.451171875 0.53125 0.44921875 0.5247395833333334 0.4521484375 0.5 0.4453125 0.4869791666666667 0.4453125 0.4830729166666667 0.44921875 0.4700520833333333 0.455078125 0.4596354166666667 0.462890625 0.4544270833333333 0.4697265625 0.44140625 0.4765625 0.4518229166666667 0.4775390625 0.4505208333333333 0.478515625 0.4283854166666667 0.4873046875 0.4010416666666667 0.4970703125 0.3776041666666667 0.5146484375 0.3515625 0.525390625 0.3411458333333333 0.5361328125 0.3385416666666667 0.5439453125 0.3333333333333333 0.5576171875 0.3294270833333333 0.576171875 0.3294270833333333
0 0.244140625 0.47265625 0.263671875 0.4830729166666667 0.2724609375 0.4934895833333333 0.2744140625 0.5013020833333334 0.275390625 0.5286458333333334 0.30078125 0.5807291666666666 0.30078125 0.58984375 0.2978515625 0.5989583333333334 0.259765625 0.62890625 0.244140625 0.6510416666666666 0.203125 0.6380208333333334 0.197265625 0.6341145833333334 0.1884765625 0.62109375 0.1845703125 0.6080729166666666 0.177734375 0.5950520833333334 0.1689453125 0.5559895833333334 0.1689453125 0.5325520833333334 0.1708984375 0.5221354166666666 0.181640625 0.4986979166666667 0.189453125 0.4869791666666667 0.212890625 0.4739583333333333 0.2333984375 0.4713541666666667 0.2431640625 0.47265625
0 0.80078125 0.21614583333333334 0.8154296875 0.22395833333333334 0.8330078125 0.23958333333333334 0.85546875 0.2708333333333333 0.8662109375 0.2942708333333333 0.876953125 0.328125 0.880859375 0.3658854166666667 0.8798828125 0.3893229166666667 0.87109375 0.4427083333333333 0.8662109375 0.4544270833333333 0.8408203125 0.4908854166666667 0.8388671875 0.4973958333333333 0.8388671875 0.5182291666666666 0.83203125 0.5260416666666666 0.806640625 0.5377604166666666 0.796875 0.5377604166666666 0.7861328125 0.5247395833333334 0.7685546875 0.5299479166666666 0.7275390625 0.52734375 0.708984375 0.5221354166666666 0.6884765625 0.5078125 0.673828125 0.4895833333333333 0.6650390625 0.4739583333333333 0.6533203125 0.4440104166666667 0.6513671875 0.4283854166666667 0.642578125 0.4244791666666667 0.6416015625 0.4140625 0.638671875 0.4088541666666667 0.6328125 0.4036458333333333 0.626953125 0.4036458333333333 0.6259765625 0.3971354166666667 0.62890625 0.3971354166666667 0.6328125 0.3893229166666667 0.6298828125 0.3828125 0.623046875 0.3815104166666667 0.623046875 0.3776041666666667 0.6259765625 0.3736979166666667 0.6240234375 0.3684895833333333 0.6259765625 0.3515625 0.6318359375 0.33984375 0.6484375 0.3229166666666667 0.669921875 0.2760416666666667 0.70703125 0.23828125 0.7197265625 0.22916666666666666 0.7490234375 0.21875 0.7763671875 0.21484375 0.7998046875 0.21614583333333334
0 0.4990234375 0.56640625 0.5126953125 0.5690104166666666 0.5263671875 0.5768229166666666 0.552734375 0.5846354166666666 0.5576171875 0.5950520833333334 0.5732421875 0.6510416666666666 0.57421875 0.6875 0.5634765625 0.7630208333333334 0.556640625 0.7721354166666666 0.54296875 0.7825520833333334 0.5166015625 0.7942708333333334 0.4931640625 0.7942708333333334 0.4755859375 0.7903645833333334 0.4638671875 0.7825520833333334 0.4541015625 0.7721354166666666 0.4423828125 0.765625 0.431640625 0.75 0.4306640625 0.7421875 0.4169921875 0.7109375 0.4130859375 0.6953125 0.4091796875 0.6627604166666666 0.4091796875 0.6510416666666666 0.4208984375 0.61328125 0.44140625 0.58203125 0.4658203125 0.5677083333333334 0.498046875 0.56640625
0 0.4384765625 0.22005208333333334 0.443359375 0.22135416666666666 0.451171875 0.22916666666666666 0.458984375 0.22265625 0.46484375 0.22265625 0.47265625 0.2265625 0.4736328125 0.23046875 0.482421875 0.23958333333333334 0.486328125 0.25390625 0.490234375 0.2578125 0.4873046875 0.26953125 0.505859375 0.3125 0.5107421875 0.33984375 0.5087890625 0.3515625 0.4931640625 0.3776041666666667 0.4814453125 0.41015625 0.4765625 0.4166666666666667 0.4697265625 0.41796875 0.46484375 0.4244791666666667 0.4609375 0.4388020833333333 0.447265625 0.4453125 0.427734375 0.4466145833333333 0.408203125 0.4401041666666667 0.3798828125 0.421875 0.3623046875 0.3984375 0.353515625 0.3828125 0.3466796875 0.3658854166666667 0.3427734375 0.34765625 0.341796875 0.3151041666666667 0.3447265625 0.296875 0.349609375 0.28125 0.361328125 0.2578125 0.3720703125 0.24479166666666666 0.3857421875 0.234375 0.4248046875 0.22135416666666666 0.4375 0.22135416666666666
0 0.626953125 0.09765625 0.6435546875 0.11197916666666667 0.666015625 0.14453125 0.6708984375 0.15755208333333334 0.67578125 0.18098958333333334 0.671875 0.20833333333333334 0.6728515625 0.21354166666666666 0.6689453125 0.23046875 0.6611328125 0.25 0.642578125 0.2799479166666667 0.623046875 0.296875 0.5986328125 0.30859375 0.58203125 0.3072916666666667 0.564453125 0.3020833333333333 0.5546875 0.2890625 0.546875 0.2708333333333333 0.5341796875 0.26171875 0.5283203125 0.25390625 0.525390625 0.24869791666666666 0.5302734375 0.23828125 0.52734375 0.21744791666666666 0.52734375 0.18489583333333334 0.5380859375 0.14583333333333334 0.5478515625 0.12760416666666666 0.556640625 0.1171875 0.5771484375 0.10416666666666667 0.587890625 0.10026041666666667 0.6083984375 0.09635416666666667 0.6259765625 0.09765625