0 0.6298828125 0.3229166666666667 0.6474609375 0.3294270833333333 0.66796875 0.3567708333333333 0.673828125 0.3893229166666667 0.6748046875 0.42578125 0.6796875 0.4440104166666667 0.6796875 0.453125 0.673828125 0.4622395833333333 0.671875 0.4700520833333333 0.66796875 0.4739583333333333 0.6572265625 0.4713541666666667 0.65234375 0.47265625 0.64453125 0.4830729166666667 0.640625 0.4778645833333333 0.6337890625 0.4778645833333333 0.6103515625 0.484375 0.5986328125 0.4830729166666667 0.5888671875 0.4765625 0.5712890625 0.4596354166666667 0.55859375 0.4375 0.5556640625 0.41796875 0.5595703125 0.3997395833333333 0.5615234375 0.3515625 0.5703125 0.3385416666666667 0.5810546875 0.3359375 0.6005859375 0.3229166666666667 0.62890625 0.3229166666666667
0 0.544921875 0.4479166666666667 0.572265625 0.46484375 0.60546875 0.4973958333333333 0.623046875 0.5416666666666666 0.626953125 0.57421875 0.626953125 0.5885416666666666 0.623046875 0.6171875 0.61328125 0.6380208333333334 0.60546875 0.6484375 0.5859375 0.6653645833333334 0.556640625 0.6809895833333334 0.544921875 0.6809895833333334 0.5341796875 0.6731770833333334 0.529296875 0.6731770833333334 0.5234375 0.6783854166666666 0.509765625 0.6744791666666666 0.4853515625 0.6588541666666666 0.4814453125 0.6536458333333334 0.4794921875 0.6432291666666666 0.4765625 0.6393229166666666 0.458984375 0.6393229166666666 0.4521484375 0.6341145833333334 0.4521484375 0.61328125 0.4599609375 0.60546875 0.458984375 0.56640625 0.4658203125 0.546875 0.4716796875 0.51171875 0.4794921875 0.5 0.498046875 0.4830729166666667 0.52734375 0.46875 0.529296875 0.4661458333333333 0.5302734375 0.4557291666666667 0.53515625 0.44921875 0.5400390625 0.4466145833333333 0.5439453125 0.4479166666666667
0 0.5869140625 0.6848958333333334 0.603515625 0.7005208333333334 0.61328125 0.7252604166666666 0.615234375 0.7578125 0.609375 0.796875 0.6025390625 0.81640625 0.59375 0.8294270833333334 0.568359375 0.8489583333333334 0.552734375 0.85546875 0.5341796875 0.85546875 0.529296875 0.8528645833333334 0.5166015625 0.8424479166666666 0.5 0.8190104166666666 0.49609375 0.8046875 0.49609375 0.7838541666666666 0.4990234375 0.7669270833333334 0.498046875 0.7174479166666666 0.5048828125 0.703125 0.529296875 0.6848958333333334 0.5341796875 0.6848958333333334 0.5390625 0.6901041666666666 0.55859375 0.6875 0.5673828125 0.6822916666666666 0.5859375 0.6848958333333334
0 0.435546875 0.68359375 0.4423828125 0.6875 0.4609375 0.6848958333333334 0.466796875 0.6875 0.478515625 0.69921875 0.494140625 0.734375 0.49609375 0.7604166666666666 0.4921875 0.7942708333333334 0.48828125 0.80859375 0.4814453125 0.8229166666666666 0.470703125 0.8385416666666666 0.4609375 0.84765625 0.431640625 0.8619791666666666 0.41015625 0.8619791666666666 0.40234375 0.859375 0.388671875 0.8528645833333334 0.3798828125 0.8424479166666666 0.3603515625 0.8098958333333334 0.3544921875 0.7864583333333334 0.353515625 0.7604166666666666 0.359375 0.7291666666666666 0.365234375 0.7122395833333334 0.369140625 0.70703125 0.388671875 0.69921875 0.4111328125 0.6809895833333334 0.4228515625 0.6783854166666666 0.4345703125 0.68359375
0 0.33203125 0.4908854166666667 0.345703125 0.4973958333333333 0.3583984375 0.5 0.369140625 0.5065104166666666 0.380859375 0.5091145833333334 0.4013671875 0.5208333333333334 0.4248046875 0.5533854166666666 0.435546875 0.5872395833333334 0.435546875 0.6106770833333334 0.4326171875 0.6263020833333334 0.42578125 0.6471354166666666 0.416015625 0.6640625 0.4072265625 0.67578125 0.3955078125 0.6861979166666666 0.3388671875 0.7174479166666666 0.318359375 0.71484375 0.310546875 0.70703125 0.296875 0.7057291666666666 0.2822265625 0.7005208333333334 0.263671875 0.6888020833333334 0.2373046875 0.6575520833333334 0.2333984375 0.6263020833333334 0.2333984375 0.5872395833333334 0.2431640625 0.5703125 0.2578125 0.5286458333333334 0.2626953125 0.5234375 0.2744140625 0.5208333333333334 0.2958984375 0.50390625 0.3046875 0.5013020833333334 0.31640625 0.4921875 0.3310546875 0.4908854166666667
0 0.7470703125 0.41015625 0.7802734375 0.421875 0.8173828125 0.453125 0.833984375 0.48046875 0.8408203125 0.4973958333333333 0.8447265625 0.5299479166666666 0.8447265625 0.546875 0.84765625 0.5546875 0.85546875 0.5638020833333334 0.875 0.5703125 0.8837890625 0.5807291666666666 0.88671875 0.5885416666666666 0.88671875 0.5963541666666666 0.87890625 0.60546875 0.876953125 0.6276041666666666 0.87109375 0.63671875 0.869140625 0.6471354166666666 0.865234375 0.6497395833333334 0.849609375 0.6497395833333334 0.8388671875 0.640625 0.8203125 0.63671875 0.7978515625 0.65234375 0.7646484375 0.6588541666666666 0.7451171875 0.65625 0.732421875 0.6471354166666666 0.72265625 0.64453125 0.712890625 0.6354166666666666 0.701171875 0.6184895833333334 0.6884765625 0.5859375 0.68359375 0.578125 0.6767578125 0.5455729166666666 0.6767578125 0.4869791666666667 0.6884765625 0.4427083333333333 0.7001953125 0.4296875 0.7236328125 0.4127604166666667 0.74609375 0.41015625
0 0.376953125 0.2994791666666667 0.3994140625 0.3046875 0.408203125 0.3111979166666667 0.4150390625 0.3203125 0.4287109375 0.3502604166666667 0.435546875 0.4010416666666667 0.4326171875 0.43359375 0.4267578125 0.4661458333333333 0.421875 0.4700520833333333 0.4130859375 0.4713541666666667 0.3935546875 0.4869791666666667 0.3671875 0.4947916666666667 0.345703125 0.4908854166666667 0.3212890625 0.4791666666666667 0.3056640625 0.4609375 0.2939453125 0.4270833333333333 0.2939453125 0.3841145833333333 0.306640625 0.3489583333333333 0.333984375 0.3033854166666667 0.3427734375 0.296875 0.345703125 0.296875 0.349609375 0.3033854166666667 0.359375 0.2994791666666667 0.3759765625 0.2994791666666667
0 0.6767578125 0.6549479166666666 0.6982421875 0.6640625 0.71484375 0.6848958333333334 0.7265625 0.71484375 0.728515625 0.7434895833333334 0.7236328125 0.76953125 0.7138671875 0.7916666666666666 0.69921875 0.8111979166666666 0.67578125 0.8216145833333334 0.66015625 0.8203125 0.646484375 0.8151041666666666 0.63671875 0.8072916666666666 0.625 0.7916666666666666 0.619140625 0.7747395833333334 0.6181640625 0.7395833333333334 0.615234375 0.7278645833333334 0.6162109375 0.7044270833333334 0.623046875 0.6848958333333334 0.630859375 0.671875 0.642578125 0.66015625 0.6513671875 0.6549479166666666 0.67578125 0.6549479166666666
0 0.490234375 0.8138020833333334 0.494140625 0.8138020833333334 0.513671875 0.84375 0.533203125 0.8619791666666666 0.5361328125 0.8776041666666666 0.5361328125 0.8997395833333334 0.529296875 0.9244791666666666 0.513671875 0.9505208333333334 0.501953125 0.9583333333333334 0.49609375 0.9661458333333334 0.490234375 0.98046875 0.482421875 0.98046875 0.478515625 0.9778645833333334 0.470703125 0.9661458333333334 0.4453125 0.9453125 0.419921875 0.9036458333333334 0.4150390625 0.8802083333333334 0.416015625 0.87109375 0.419921875 0.8658854166666666 0.4365234375 0.86328125 0.45703125 0.8541666666666666 0.46484375 0.84765625 0.490234375 0.8151041666666666
0 0.6279296875 0.8268229166666666 0.63671875 0.84375 0.640625 0.8645833333333334 0.65234375 0.8802083333333334 0.65625 0.8919270833333334 0.6640625 0.9036458333333334 0.6689453125 0.9244791666666666 0.6689453125 0.9348958333333334 0.6650390625 0.9479166666666666 0.6650390625 0.9583333333333334 0.66796875 0.9661458333333334 0.6611328125 0.96484375 0.6591796875 0.9674479166666666 0.650390625 0.99609375 0.646484375 0.9986979166666666 0.5537109375 0.9986979166666666 0.5419921875 0.9752604166666666 0.5322265625 0.9348958333333334 0.5380859375 0.91015625 0.541015625 0.8802083333333334 0.55078125 0.8619791666666666 0.5703125 0.8528645833333334 0.583984375 0.83984375 0.591796875 0.8359375 0.6044921875 0.8372395833333334 0.6162109375 0.8450520833333334 0.619140625 0.8411458333333334 0.619140625 0.8268229166666666 0.6220703125 0.82421875 0.626953125 0.8268229166666666
0 0.521484375 0.3059895833333333 0.53125 0.3098958333333333 0.54296875 0.3203125 0.5537109375 0.33984375 0.55859375 0.3684895833333333 0.5556640625 0.4049479166666667 0.55078125 0.4205729166666667 0.53515625 0.4453125 0.51953125 0.4583333333333333 0.4921875 0.4661458333333333 0.4794921875 0.46484375 0.4619140625 0.45703125 0.4482421875 0.4453125 0.44140625 0.4348958333333333 0.4375 0.4244791666666667 0.4384765625 0.38671875 0.4345703125 0.3671875 0.4345703125 0.3541666666666667 0.439453125 0.34375 0.4521484375 0.328125 0.45703125 0.3138020833333333 0.4619140625 0.3098958333333333 0.484375 0.3059895833333333 0.5205078125 0.3059895833333333