0 0.7861328125 0.0703125 0.79296875 0.07942708333333333 0.7978515625 0.09505208333333333 0.81640625 0.11197916666666667 0.8125 0.11848958333333333 0.8134765625 0.12239583333333333 0.818359375 0.12760416666666666 0.8349609375 0.13671875 0.8486328125 0.15104166666666666 0.8642578125 0.17838541666666666 0.869140625 0.19010416666666666 0.8720703125 0.20442708333333334 0.87109375 0.23567708333333334 0.8623046875 0.2682291666666667 0.8427734375 0.30078125 0.8251953125 0.3177083333333333 0.802734375 0.33203125 0.7841796875 0.3385416666666667 0.76953125 0.35546875 0.7578125 0.359375 0.744140625 0.35546875 0.740234375 0.34765625 0.7412109375 0.3385416666666667 0.736328125 0.3307291666666667 0.7109375 0.3177083333333333 0.6884765625 0.2916666666666667 0.6796875 0.2747395833333333 0.6728515625 0.2513020833333333 0.671875 0.22786458333333334 0.673828125 0.203125 0.67578125 0.19140625 0.6875 0.16536458333333334 0.716796875 0.13020833333333334 0.7216796875 0.1171875 0.73828125 0.11067708333333333 0.7431640625 0.10546875 0.7490234375 0.08203125 0.763671875 0.08333333333333333 0.78515625 0.0703125
0 0.748046875 0.3997395833333333 0.759765625 0.4010416666666667 0.783203125 0.41015625 0.7998046875 0.4401041666666667 0.8203125 0.51171875 0.8212890625 0.5299479166666666 0.8212890625 0.5494791666666666 0.818359375 0.5625 0.8046875 0.5846354166666666 0.7919921875 0.6015625 0.7744140625 0.6145833333333334 0.7607421875 0.6184895833333334 0.734375 0.6171875 0.716796875 0.609375 0.69921875 0.5963541666666666 0.6728515625 0.5638020833333334 0.6669921875 0.55078125 0.6640625 0.5364583333333334 0.666015625 0.47265625 0.6748046875 0.4466145833333333 0.685546875 0.4296875 0.7041015625 0.4114583333333333 0.7255859375 0.40234375 0.7470703125 0.4010416666666667
0 0.4248046875 0.5260416666666666 0.45703125 0.5338541666666666 0.4736328125 0.5416666666666666 0.4873046875 0.5520833333333334 0.51171875 0.5794270833333334 0.5283203125 0.6119791666666666 0.5390625 0.6471354166666666 0.541015625 0.6796875 0.5390625 0.7200520833333334 0.5361328125 0.7356770833333334 0.5283203125 0.7578125 0.5 0.79296875 0.49609375 0.7955729166666666 0.4775390625 0.7955729166666666 0.455078125 0.8098958333333334 0.4345703125 0.8125 0.4072265625 0.8098958333333334 0.400390625 0.8151041666666666 0.3974609375 0.8151041666666666 0.3896484375 0.8033854166666666 0.380859375 0.796875 0.37890625 0.7890625 0.365234375 0.7734375 0.3583984375 0.7721354166666666 0.3515625 0.77734375 0.34765625 0.77734375 0.3408203125 0.7682291666666666 0.3310546875 0.7369791666666666 0.3232421875 0.69921875 0.3212890625 0.6770833333333334 0.322265625 0.6484375 0.3291015625 0.609375 0.341796875 0.58203125 0.3544921875 0.5625 0.3662109375 0.5494791666666666 0.38671875 0.53515625 0.4091796875 0.5260416666666666 0.423828125 0.5260416666666666
0 0.6650390625 0.6197916666666666 0.697265625 0.625 0.71484375 0.6328125 0.7412109375 0.6536458333333334 0.76171875 0.6809895833333334 0.7734375 0.7057291666666666 0.78515625 0.73828125 0.7919921875 0.7473958333333334 0.7919921875 0.7513020833333334 0.78515625 0.765625 0.7841796875 0.7786458333333334 0.78515625 0.7838541666666666 0.796875 0.80078125 0.798828125 0.8111979166666666 0.7958984375 0.8268229166666666 0.77734375 0.8606770833333334 0.76171875 0.8619791666666666 0.75 0.8763020833333334 0.72265625 0.90234375 0.708984375 0.9114583333333334 0.6923828125 0.9166666666666666 0.6640625 0.9140625 0.619140625 0.8828125 0.6083984375 0.8854166666666666 0.59765625 0.8580729166666666 0.58203125 0.8385416666666666 0.58203125 0.83203125 0.5791015625 0.8255208333333334 0.5751953125 0.8216145833333334 0.5712890625 0.82421875 0.5703125 0.8177083333333334 0.572265625 0.7981770833333334 0.568359375 0.7578125 0.57421875 0.72265625 0.5849609375 0.6822916666666666 0.60546875 0.65234375 0.6298828125 0.6276041666666666 0.6416015625 0.62109375 0.6640625 0.6197916666666666
0 0.44140625 0.0026041666666666665 0.447265625 0.006510416666666667 0.458984375 0.020833333333333332 0.4736328125 0.055989583333333336 0.484375 0.10286458333333333 0.482421875 0.13932291666666666 0.474609375 0.16276041666666666 0.4716796875 0.18619791666666666 0.4521484375 0.234375 0.4267578125 0.26953125 0.404296875 0.29296875 0.390625 0.2994791666666667 0.359375 0.2981770833333333 0.337890625 0.2864583333333333 0.3232421875 0.2825520833333333 0.2919921875 0.24348958333333334 0.283203125 0.22526041666666666 0.27734375 0.20703125 0.275390625 0.16536458333333334 0.2763671875 0.14322916666666666 0.28125 0.109375 0.2900390625 0.06770833333333333 0.2998046875 0.040364583333333336 0.3154296875 0.01171875 0.3271484375 0 0.439453125 0 0.4404296875 0.0026041666666666665
0 0.3017578125 0.2877604166666667 0.318359375 0.2903645833333333 0.330078125 0.2994791666666667 0.353515625 0.3111979166666667 0.3642578125 0.3229166666666667 0.37109375 0.3515625 0.36328125 0.3932291666666667 0.36328125 0.4466145833333333 0.3486328125 0.4765625 0.3359375 0.4856770833333333 0.318359375 0.4895833333333333 0.2978515625 0.4895833333333333 0.2724609375 0.4817708333333333 0.2646484375 0.4856770833333333 0.2392578125 0.4908854166666667 0.2275390625 0.4908854166666667 0.22265625 0.48828125 0.2109375 0.4674479166666667 0.2099609375 0.4544270833333333 0.2138671875 0.4283854166666667 0.208984375 0.40625 0.212890625 0.390625 0.2119140625 0.3567708333333333 0.2138671875 0.3411458333333333 0.2236328125 0.3177083333333333 0.23046875 0.30859375 0.2529296875 0.2916666666666667 0.2734375 0.2864583333333333 0.30078125 0.2877604166666667
0 0.6083984375 0.3893229166666667 0.6298828125 0.40234375 0.654296875 0.43359375 0.658203125 0.4427083333333333 0.662109375 0.4622395833333333 0.662109375 0.4973958333333333 0.654296875 0.5286458333333334 0.6376953125 0.5559895833333334 0.615234375 0.5768229166666666 0.599609375 0.58203125 0.5849609375 0.58203125 0.5673828125 0.5755208333333334 0.552734375 0.5611979166666666 0.5380859375 0.5377604166666666 0.53125 0.5338541666666666 0.521484375 0.5221354166666666 0.5234375 0.49609375 0.51953125 0.4700520833333333 0.521484375 0.4596354166666667 0.5322265625 0.4322916666666667 0.5419921875 0.4166666666666667 0.556640625 0.3997395833333333 0.5791015625 0.3893229166666667 0.607421875 0.3893229166666667
0 0.4443359375 0.3046875 0.466796875 0.30859375 0.490234375 0.32421875 0.5048828125 0.3385416666666667 0.5224609375 0.375 0.52734375 0.4036458333333333 0.5263671875 0.4348958333333333 0.5234375 0.4479166666666667 0.517578125 0.4596354166666667 0.51171875 0.4791666666666667 0.4912109375 0.51171875 0.478515625 0.5221354166666666 0.4677734375 0.5260416666666666 0.435546875 0.5247395833333334 0.4169921875 0.51953125 0.408203125 0.5130208333333334 0.3935546875 0.4973958333333333 0.37890625 0.4739583333333333 0.3662109375 0.42578125 0.365234375 0.4127604166666667 0.3681640625 0.3828125 0.376953125 0.35546875 0.3857421875 0.3385416666666667 0.4052734375 0.31640625 0.4248046875 0.3059895833333333 0.443359375 0.3046875
0 0.587890625 0.08984375 0.62109375 0.09635416666666667 0.640625 0.11328125 0.65234375 0.12890625 0.6611328125 0.14583333333333334 0.66796875 0.17057291666666666 0.669921875 0.18229166666666666 0.669921875 0.22135416666666666 0.66796875 0.24348958333333334 0.6650390625 0.2526041666666667 0.6484375 0.2864583333333333 0.619140625 0.3255208333333333 0.60546875 0.3372395833333333 0.591796875 0.3606770833333333 0.580078125 0.37109375 0.5712890625 0.38671875 0.568359375 0.38671875 0.5634765625 0.3802083333333333 0.5615234375 0.3684895833333333 0.548828125 0.3515625 0.5478515625 0.3307291666666667 0.53515625 0.3177083333333333 0.5205078125 0.3072916666666667 0.5126953125 0.2955729166666667 0.50390625 0.2760416666666667 0.4990234375 0.26171875 0.49609375 0.2421875 0.49609375 0.21484375 0.5029296875 0.17447916666666666 0.513671875 0.14973958333333334 0.5283203125 0.12890625 0.5419921875 0.11197916666666667 0.5732421875 0.09244791666666667 0.5869140625 0.08984375
0 0.31640625 0.5221354166666666 0.3369140625 0.5325520833333334 0.345703125 0.5416666666666666 0.3544921875 0.5559895833333334 0.3427734375 0.57421875 0.326171875 0.6106770833333334 0.3193359375 0.6536458333333334 0.318359375 0.6979166666666666 0.3154296875 0.7018229166666666 0.298828125 0.70703125 0.283203125 0.70703125 0.2626953125 0.7005208333333334 0.2509765625 0.6927083333333334 0.2353515625 0.6731770833333334 0.224609375 0.6458333333333334 0.22265625 0.625 0.2236328125 0.6015625 0.2255859375 0.58984375 0.23046875 0.578125 0.267578125 0.5325520833333334 0.291015625 0.5221354166666666 0.3154296875 0.5221354166666666
0 0.5537109375 0.76171875 0.5634765625 0.7669270833333334 0.56640625 0.7734375 0.568359375 0.7916666666666666 0.56640625 0.8268229166666666 0.572265625 0.84375 0.576171875 0.8658854166666666 0.58203125 0.8763020833333334 0.58984375 0.9088541666666666 0.5986328125 0.9231770833333334 0.6025390625 0.9244791666666666 0.60546875 0.9205729166666666 0.60546875 0.9140625 0.603515625 0.91015625 0.6044921875 0.9036458333333334 0.6015625 0.89453125 0.6015625 0.88671875 0.60546875 0.88671875 0.6083984375 0.890625 0.619140625 0.8893229166666666 0.623046875 0.8932291666666666 0.62109375 0.9036458333333334 0.6162109375 0.9140625 0.6171875 0.9322916666666666 0.6123046875 0.9596354166666666 0.599609375 0.9869791666666666 0.5888671875 0.9986979166666666 0.49609375 0.9986979166666666 0.490234375 0.9947916666666666 0.453125 0.9505208333333334 0.4521484375 0.9348958333333334 0.447265625 0.9192708333333334 0.4384765625 0.91015625 0.431640625 0.91015625 0.4306640625 0.90625 0.431640625 0.8815104166666666 0.443359375 0.87890625 0.4443359375 0.8606770833333334 0.4501953125 0.8502604166666666 0.458984375 0.8255208333333334 0.466796875 0.8125 0.48046875 0.80859375 0.486328125 0.8020833333333334 0.4990234375 0.7994791666666666 0.515625 0.7825520833333334 0.5263671875 0.7838541666666666 0.54296875 0.78125 0.5458984375 0.7760416666666666 0.546875 0.765625 0.5498046875 0.76171875 0.552734375 0.76171875