0 0.4166666666666667 0.37109375 0.4513888888888889 0.3828125 0.4739583333333333 0.39453125 0.484375 0.4088541666666667 0.4861111111111111 0.42578125 0.4756944444444444 0.4635416666666667 0.4652777777777778 0.48046875 0.4375 0.49609375 0.4027777777777778 0.5026041666666666 0.390625 0.5013020833333334 0.3697916666666667 0.4947916666666667 0.3472222222222222 0.4791666666666667 0.3229166666666667 0.4544270833333333 0.3159722222222222 0.44140625 0.3159722222222222 0.4322916666666667 0.3246527777777778 0.41015625 0.3541666666666667 0.3828125 0.375 0.3736979166666667 0.3923611111111111 0.37109375 0.4149305555555556 0.37109375
0 0.875 0.4088541666666667 0.8767361111111112 0.41015625 0.8958333333333334 0.4088541666666667 0.9288194444444444 0.41015625 0.9409722222222222 0.4127604166666667 0.9826388888888888 0.4296875 0.9982638888888888 0.4427083333333333 0.9982638888888888 0.59375 0.9774305555555556 0.59765625 0.9444444444444444 0.6223958333333334 0.9305555555555556 0.625 0.9097222222222222 0.6328125 0.8888888888888888 0.6354166666666666 0.8715277777777778 0.6354166666666666 0.8489583333333334 0.6315104166666666 0.7829861111111112 0.6041666666666666 0.7690972222222222 0.5924479166666666 0.7569444444444444 0.5885416666666666 0.7413194444444444 0.57421875 0.7361111111111112 0.5651041666666666 0.7309027777777778 0.5416666666666666 0.7517361111111112 0.48046875 0.7725694444444444 0.453125 0.7986111111111112 0.43359375 0.8350694444444444 0.4140625 0.8506944444444444 0.41015625 0.8732638888888888 0.4088541666666667
0 0.7586805555555556 0.59765625 0.7673611111111112 0.6002604166666666 0.7708333333333334 0.6080729166666666 0.7760416666666666 0.6119791666666666 0.7864583333333334 0.6119791666666666 0.7899305555555556 0.6158854166666666 0.7986111111111112 0.6171875 0.8315972222222222 0.62890625 0.8541666666666666 0.64453125 0.8680555555555556 0.66015625 0.8784722222222222 0.6809895833333334 0.8802083333333334 0.7005208333333334 0.8767361111111112 0.71875 0.859375 0.7473958333333334 0.8524305555555556 0.75 0.8368055555555556 0.7630208333333334 0.8159722222222222 0.7721354166666666 0.7760416666666666 0.78125 0.734375 0.78125 0.703125 0.7747395833333334 0.6805555555555556 0.765625 0.6631944444444444 0.7526041666666666 0.6510416666666666 0.7395833333333334 0.6423611111111112 0.7239583333333334 0.6388888888888888 0.7109375 0.6388888888888888 0.6940104166666666 0.6458333333333334 0.66015625 0.6440972222222222 0.6588541666666666 0.6302083333333334 0.66015625 0.6232638888888888 0.6575520833333334 0.640625 0.6380208333333334 0.6440972222222222 0.61328125 0.6493055555555556 0.609375 0.6753472222222222 0.609375 0.6822916666666666 0.6119791666666666 0.6961805555555556 0.6119791666666666 0.7118055555555556 0.6067708333333334 0.7413194444444444 0.60546875 0.7569444444444444 0.5989583333333334
0 0.9947916666666666 0.6106770833333334 0.9982638888888888 0.6145833333333334 0.9982638888888888 0.7877604166666666 0.9895833333333334 0.7864583333333334 0.9652777777777778 0.76953125 0.953125 0.7643229166666666 0.9270833333333334 0.7447916666666666 0.9097222222222222 0.7252604166666666 0.8940972222222222 0.7005208333333334 0.8958333333333334 0.6627604166666666 0.9027777777777778 0.6510416666666666 0.9097222222222222 0.64453125 0.921875 0.63671875 0.9270833333333334 0.63671875 0.9496527777777778 0.6263020833333334 0.9704861111111112 0.6197916666666666 0.9791666666666666 0.6145833333333334 0.9930555555555556 0.6106770833333334
0 0.4965277777777778 0.703125 0.5208333333333334 0.7096354166666666 0.5399305555555556 0.7174479166666666 0.5694444444444444 0.7369791666666666 0.5815972222222222 0.7526041666666666 0.5885416666666666 0.7669270833333334 0.5920138888888888 0.78125 0.5920138888888888 0.8033854166666666 0.5815972222222222 0.8255208333333334 0.5538194444444444 0.8619791666666666 0.5347222222222222 0.875 0.5034722222222222 0.8919270833333334 0.4739583333333333 0.8984375 0.4513888888888889 0.8971354166666666 0.4270833333333333 0.8893229166666666 0.4079861111111111 0.87890625 0.390625 0.8658854166666666 0.3697916666666667 0.8346354166666666 0.3663194444444444 0.8177083333333334 0.3663194444444444 0.7916666666666666 0.3697916666666667 0.7721354166666666 0.3784722222222222 0.75390625 0.3854166666666667 0.7447916666666666 0.4114583333333333 0.72265625 0.4513888888888889 0.70703125 0.4791666666666667 0.703125 0.4947916666666667 0.703125
0 0.2604166666666667 0.4895833333333333 0.2725694444444444 0.4921875 0.2864583333333333 0.4986979166666667 0.3038194444444444 0.5013020833333334 0.3420138888888889 0.515625 0.3784722222222222 0.546875 0.3923611111111111 0.5677083333333334 0.3975694444444444 0.5846354166666666 0.3958333333333333 0.6223958333333334 0.3871527777777778 0.6393229166666666 0.375 0.6549479166666666 0.3506944444444444 0.6731770833333334 0.3315972222222222 0.68359375 0.3038194444444444 0.6927083333333334 0.2743055555555556 0.6966145833333334 0.2673611111111111 0.7005208333333334 0.2621527777777778 0.70703125 0.2517361111111111 0.70703125 0.2482638888888889 0.7005208333333334 0.22395833333333334 0.7005208333333334 0.19444444444444445 0.6966145833333334 0.16493055555555555 0.6901041666666666 0.13194444444444445 0.671875 0.1076388888888889 0.6549479166666666 0.09375 0.6393229166666666 0.08333333333333333 0.6223958333333334 0.0763888888888889 0.6002604166666666 0.0763888888888889 0.5885416666666666 0.08854166666666667 0.5625 0.11458333333333333 0.5364583333333334 0.1371527777777778 0.51953125 0.1527777777777778 0.51171875 0.16493055555555555 0.4973958333333333 0.17881944444444445 0.49609375 0.1892361111111111 0.4921875 0.1996527777777778 0.4921875 0.20833333333333334 0.49609375 0.2204861111111111 0.49609375 0.23958333333333334 0.4895833333333333 0.2586805555555556 0.4895833333333333
0 0.8350694444444444 0.15885416666666666 0.8489583333333334 0.17447916666666666 0.8454861111111112 0.18489583333333334 0.8472222222222222 0.19140625 0.859375 0.19921875 0.8576388888888888 0.20963541666666666 0.8663194444444444 0.234375 0.8645833333333334 0.24739583333333334 0.8541666666666666 0.265625 0.8263888888888888 0.2864583333333333 0.8020833333333334 0.296875 0.7881944444444444 0.2994791666666667 0.7309027777777778 0.296875 0.7118055555555556 0.2864583333333333 0.7100694444444444 0.27734375 0.6961805555555556 0.24609375 0.6961805555555556 0.22526041666666666 0.6996527777777778 0.20963541666666666 0.703125 0.203125 0.7152777777777778 0.19140625 0.7326388888888888 0.18098958333333334 0.7552083333333334 0.17317708333333334 0.7934027777777778 0.16796875 0.8229166666666666 0.15755208333333334 0.8333333333333334 0.15885416666666666
0 0.9461805555555556 0.3098958333333333 0.9618055555555556 0.3151041666666667 0.9982638888888888 0.3411458333333333 0.9982638888888888 0.4192708333333333 0.9895833333333334 0.4231770833333333 0.9774305555555556 0.4231770833333333 0.9444444444444444 0.41015625 0.90625 0.4036458333333333 0.8819444444444444 0.4036458333333333 0.8385416666666666 0.4075520833333333 0.8333333333333334 0.4036458333333333 0.8298611111111112 0.3958333333333333 0.828125 0.3723958333333333 0.8333333333333334 0.35546875 0.84375 0.3411458333333333 0.859375 0.3307291666666667 0.8975694444444444 0.3216145833333333 0.9131944444444444 0.3216145833333333 0.9322916666666666 0.3111979166666667 0.9444444444444444 0.3098958333333333
0 0.5625 0.4908854166666667 0.5954861111111112 0.5013020833333334 0.6059027777777778 0.5065104166666666 0.625 0.5208333333333334 0.6423611111111112 0.5416666666666666 0.6493055555555556 0.5572916666666666 0.6493055555555556 0.5885416666666666 0.6458333333333334 0.59765625 0.6302083333333334 0.6171875 0.6232638888888888 0.625 0.5954861111111112 0.6432291666666666 0.5694444444444444 0.6510416666666666 0.5295138888888888 0.6510416666666666 0.5121527777777778 0.6484375 0.4756944444444444 0.6328125 0.4548611111111111 0.6145833333333334 0.4461805555555556 0.59765625 0.4392361111111111 0.58984375 0.4340277777777778 0.5716145833333334 0.4340277777777778 0.5559895833333334 0.4392361111111111 0.5390625 0.4513888888888889 0.5221354166666666 0.46875 0.5078125 0.4861111111111111 0.4986979166666667 0.5138888888888888 0.4908854166666667 0.5225694444444444 0.4895833333333333 0.5607638888888888 0.4908854166666667
0 0.5329861111111112 0.21484375 0.5364583333333334 0.21744791666666666 0.5555555555555556 0.21744791666666666 0.5763888888888888 0.2265625 0.5954861111111112 0.22526041666666666 0.6059027777777778 0.23046875 0.609375 0.24088541666666666 0.6319444444444444 0.2669270833333333 0.6388888888888888 0.2825520833333333 0.6423611111111112 0.3020833333333333 0.6388888888888888 0.3177083333333333 0.6336805555555556 0.3268229166666667 0.625 0.3346354166666667 0.6215277777777778 0.3424479166666667 0.6111111111111112 0.3541666666666667 0.59375 0.3684895833333333 0.5694444444444444 0.3802083333333333 0.5451388888888888 0.3880208333333333 0.5086805555555556 0.3919270833333333 0.4722222222222222 0.3893229166666667 0.4375 0.3736979166666667 0.4131944444444444 0.3671875 0.4045138888888889 0.3671875 0.4010416666666667 0.3645833333333333 0.4027777777777778 0.3515625 0.3975694444444444 0.3385416666666667 0.3940972222222222 0.3359375 0.375 0.3346354166666667 0.375 0.3307291666666667 0.3819444444444444 0.31640625 0.3923611111111111 0.3111979166666667 0.3888888888888889 0.2825520833333333 0.3923611111111111 0.2708333333333333 0.3975694444444444 0.2669270833333333 0.4131944444444444 0.26171875 0.4253472222222222 0.2513020833333333 0.4322916666666667 0.24869791666666666 0.4496527777777778 0.25 0.4670138888888889 0.24479166666666666 0.4913194444444444 0.24088541666666666 0.4982638888888889 0.23046875 0.515625 0.22265625 0.5260416666666666 0.21484375 0.53125 0.21484375
0 0.7326388888888888 0.3138020833333333 0.7829861111111112 0.3268229166666667 0.7899305555555556 0.33203125 0.7951388888888888 0.33984375 0.8090277777777778 0.3489583333333333 0.8072916666666666 0.3541666666666667 0.8090277777777778 0.36328125 0.8194444444444444 0.3932291666666667 0.8142361111111112 0.4127604166666667 0.8020833333333334 0.41796875 0.7934027777777778 0.4244791666666667 0.7899305555555556 0.4348958333333333 0.7604166666666666 0.45703125 0.7534722222222222 0.4700520833333333 0.7447916666666666 0.4765625 0.7395833333333334 0.4778645833333333 0.7170138888888888 0.4778645833333333 0.7048611111111112 0.47265625 0.6770833333333334 0.4713541666666667 0.6684027777777778 0.46875 0.6614583333333334 0.46875 0.6545138888888888 0.4713541666666667 0.6493055555555556 0.4635416666666667 0.6284722222222222 0.453125 0.6111111111111112 0.4401041666666667 0.5954861111111112 0.4205729166666667 0.5902777777777778 0.4075520833333333 0.5920138888888888 0.3854166666666667 0.6006944444444444 0.3697916666666667 0.6284722222222222 0.34375 0.6302083333333334 0.3372395833333333 0.6371527777777778 0.33203125 0.6475694444444444 0.3268229166666667 0.6579861111111112 0.3255208333333333 0.6666666666666666 0.31640625 0.6996527777777778 0.31640625 0.7135416666666666 0.3125 0.7309027777777778 0.3138020833333333