0 0.494140625 0.6744791666666666 0.509765625 0.6888020833333334 0.533203125 0.72265625 0.5380859375 0.7369791666666666 0.5390625 0.7604166666666666 0.5361328125 0.7864583333333334 0.52734375 0.8059895833333334 0.513671875 0.8216145833333334 0.4912109375 0.83984375 0.486328125 0.8463541666666666 0.4716796875 0.8450520833333334 0.4462890625 0.83203125 0.4365234375 0.82421875 0.40625 0.7786458333333334 0.400390625 0.7630208333333334 0.3994140625 0.75390625 0.4013671875 0.7486979166666666 0.416015625 0.7317708333333334 0.4248046875 0.7096354166666666 0.4453125 0.6888020833333334 0.4638671875 0.6796875 0.4736328125 0.6705729166666666 0.482421875 0.6705729166666666 0.4931640625 0.6744791666666666
0 0.6728515625 0.4778645833333333 0.693359375 0.4908854166666667 0.7197265625 0.51953125 0.7294921875 0.5416666666666666 0.734375 0.5768229166666666 0.734375 0.5872395833333334 0.73046875 0.60546875 0.7197265625 0.6302083333333334 0.7099609375 0.6458333333333334 0.7041015625 0.6510416666666666 0.6787109375 0.6575520833333334 0.6533203125 0.6549479166666666 0.640625 0.6471354166666666 0.626953125 0.6341145833333334 0.62109375 0.6197916666666666 0.6083984375 0.6002604166666666 0.607421875 0.5729166666666666 0.603515625 0.55078125 0.6044921875 0.5325520833333334 0.6083984375 0.515625 0.6123046875 0.5052083333333334 0.62109375 0.4934895833333333 0.6396484375 0.48046875 0.662109375 0.4765625 0.671875 0.4778645833333333
0 0.490234375 0.2799479166666667 0.51171875 0.28515625 0.5361328125 0.2955729166666667 0.5517578125 0.3059895833333333 0.564453125 0.3216145833333333 0.578125 0.34765625 0.583984375 0.3645833333333333 0.587890625 0.4010416666666667 0.587890625 0.42578125 0.580078125 0.453125 0.5654296875 0.4791666666666667 0.5625 0.48828125 0.55859375 0.4921875 0.525390625 0.5 0.509765625 0.4934895833333333 0.49609375 0.4947916666666667 0.4873046875 0.4986979166666667 0.4814453125 0.5091145833333334 0.4775390625 0.51171875 0.45703125 0.5078125 0.4423828125 0.484375 0.4306640625 0.4895833333333333 0.423828125 0.4895833333333333 0.4208984375 0.4869791666666667 0.4208984375 0.4609375 0.4287109375 0.453125 0.421875 0.43359375 0.421875 0.3997395833333333 0.4267578125 0.3658854166666667 0.4345703125 0.3450520833333333 0.4453125 0.3294270833333333 0.46484375 0.3138020833333333 0.4765625 0.2994791666666667 0.4765625 0.2825520833333333 0.4892578125 0.2799479166666667
0 0.44921875 0.16276041666666666 0.462890625 0.1640625 0.4814453125 0.1796875 0.4912109375 0.1953125 0.49609375 0.22005208333333334 0.4931640625 0.2513020833333333 0.48828125 0.26953125 0.4833984375 0.2760416666666667 0.4765625 0.2786458333333333 0.47265625 0.2838541666666667 0.462890625 0.30859375 0.4462890625 0.3177083333333333 0.4189453125 0.3151041666666667 0.4013671875 0.3033854166666667 0.392578125 0.29296875 0.3857421875 0.2747395833333333 0.384765625 0.22786458333333334 0.3935546875 0.18489583333333334 0.4013671875 0.17317708333333334 0.41015625 0.16666666666666666 0.431640625 0.16276041666666666 0.4482421875 0.16276041666666666
0 0.6298828125 0.671875 0.6376953125 0.6744791666666666 0.64453125 0.68359375 0.6572265625 0.7096354166666666 0.6650390625 0.7109375 0.6708984375 0.7161458333333334 0.6748046875 0.7278645833333334 0.68359375 0.7395833333333334 0.6923828125 0.74609375 0.7001953125 0.76171875 0.703125 0.7890625 0.701171875 0.8177083333333334 0.6943359375 0.8541666666666666 0.685546875 0.875 0.6796875 0.87890625 0.6640625 0.9010416666666666 0.6513671875 0.9088541666666666 0.6298828125 0.9127604166666666 0.5947265625 0.90625 0.591796875 0.91015625 0.587890625 0.9075520833333334 0.583984375 0.8958333333333334 0.578125 0.8880208333333334 0.5615234375 0.8723958333333334 0.5556640625 0.86328125 0.5537109375 0.8541666666666666 0.5439453125 0.83203125 0.541015625 0.81640625 0.5419921875 0.7643229166666666 0.5458984375 0.7486979166666666 0.5556640625 0.73046875 0.568359375 0.71484375 0.5810546875 0.7057291666666666 0.6083984375 0.6953125 0.6259765625 0.6979166666666666 0.6298828125 0.6888020833333334 0.6298828125 0.6731770833333334
0 0.40625 0.4947916666666667 0.412109375 0.5 0.4130859375 0.5104166666666666 0.4169921875 0.5182291666666666 0.427734375 0.5247395833333334 0.4384765625 0.52734375 0.4521484375 0.5377604166666666 0.46875 0.5611979166666666 0.47265625 0.5833333333333334 0.47265625 0.6158854166666666 0.470703125 0.62890625 0.4560546875 0.6692708333333334 0.4375 0.6901041666666666 0.408203125 0.7122395833333334 0.390625 0.7096354166666666 0.3740234375 0.7018229166666666 0.3486328125 0.6822916666666666 0.3291015625 0.6497395833333334 0.3212890625 0.6106770833333334 0.3212890625 0.59765625 0.32421875 0.5846354166666666 0.3388671875 0.55859375 0.341796875 0.5455729166666666 0.3525390625 0.53125 0.3564453125 0.515625 0.365234375 0.5013020833333334 0.380859375 0.4895833333333333 0.3916015625 0.4895833333333333 0.4052734375 0.4947916666666667
0 0.3037109375 0.3072916666666667 0.3212890625 0.3098958333333333 0.337890625 0.3190104166666667 0.3525390625 0.3294270833333333 0.37109375 0.3515625 0.380859375 0.3684895833333333 0.38671875 0.3841145833333333 0.3935546875 0.4127604166666667 0.39453125 0.4296875 0.39453125 0.4505208333333333 0.38671875 0.48046875 0.365234375 0.4973958333333333 0.3525390625 0.515625 0.34765625 0.5286458333333334 0.3427734375 0.53515625 0.318359375 0.5455729166666666 0.3076171875 0.5598958333333334 0.3017578125 0.55078125 0.2578125 0.546875 0.2373046875 0.53515625 0.2236328125 0.5234375 0.2119140625 0.5078125 0.1953125 0.4752604166666667 0.1904296875 0.4296875 0.1904296875 0.4075520833333333 0.1923828125 0.4010416666666667 0.2021484375 0.3841145833333333 0.212890625 0.37109375 0.2216796875 0.3489583333333333 0.236328125 0.33203125 0.2373046875 0.3229166666666667 0.26171875 0.3151041666666667 0.265625 0.3190104166666667 0.279296875 0.3190104166666667 0.2861328125 0.3216145833333333 0.29296875 0.30859375 0.302734375 0.3072916666666667
0 0.2890625 0.14973958333333334 0.2890625 0.15755208333333334 0.294921875 0.16536458333333334 0.3017578125 0.16796875 0.3408203125 0.16927083333333334 0.357421875 0.17708333333333334 0.3681640625 0.18880208333333334 0.376953125 0.21875 0.380859375 0.24088541666666666 0.3779296875 0.3203125 0.3857421875 0.3346354166666667 0.3857421875 0.33984375 0.376953125 0.34375 0.369140625 0.3424479166666667 0.3525390625 0.3255208333333333 0.333984375 0.3125 0.3037109375 0.3020833333333333 0.294921875 0.3033854166666667 0.2861328125 0.3151041666666667 0.2802734375 0.31640625 0.2685546875 0.3151041666666667 0.26171875 0.3072916666666667 0.2529296875 0.28125 0.2529296875 0.25 0.2724609375 0.18619791666666666 0.275390625 0.16666666666666666 0.2802734375 0.15494791666666666 0.2880859375 0.15104166666666666
0 0.6962890625 0.2421875 0.73046875 0.25 0.775390625 0.2747395833333333 0.7861328125 0.28515625 0.796875 0.30078125 0.8037109375 0.3125 0.8125 0.3372395833333333 0.8134765625 0.3723958333333333 0.80859375 0.3958333333333333 0.8037109375 0.4075520833333333 0.7841796875 0.4361979166666667 0.7744140625 0.4440104166666667 0.765625 0.44921875 0.740234375 0.4557291666666667 0.7138671875 0.44921875 0.6953125 0.4479166666666667 0.6884765625 0.4361979166666667 0.671875 0.42578125 0.6552734375 0.4049479166666667 0.646484375 0.3919270833333333 0.6328125 0.3580729166666667 0.6318359375 0.3424479166666667 0.6337890625 0.3059895833333333 0.6396484375 0.2799479166666667 0.65625 0.265625 0.6630859375 0.2565104166666667 0.681640625 0.24348958333333334 0.6953125 0.2421875
0 0.54296875 0.5 0.5634765625 0.50390625 0.58203125 0.5169270833333334 0.5927734375 0.5325520833333334 0.603515625 0.5598958333333334 0.6044921875 0.6041666666666666 0.6025390625 0.6328125 0.5986328125 0.6471354166666666 0.5849609375 0.6666666666666666 0.5810546875 0.6770833333333334 0.5634765625 0.6901041666666666 0.5537109375 0.6940104166666666 0.529296875 0.6953125 0.5224609375 0.6927083333333334 0.4931640625 0.66796875 0.486328125 0.6588541666666666 0.4765625 0.6276041666666666 0.4765625 0.5533854166666666 0.4814453125 0.5416666666666666 0.4873046875 0.5377604166666666 0.4990234375 0.5234375 0.498046875 0.5182291666666666 0.5048828125 0.5169270833333334 0.5078125 0.5130208333333334 0.5146484375 0.51171875 0.52734375 0.5026041666666666 0.5419921875 0.5013020833333334
0 0.8515625 0.3697916666666667 0.8583984375 0.3736979166666667 0.8779296875 0.3958333333333333 0.876953125 0.4010416666666667 0.8701171875 0.4114583333333333 0.875 0.44140625 0.8740234375 0.4622395833333333 0.8759765625 0.4713541666666667 0.869140625 0.48046875 0.8623046875 0.484375 0.8447265625 0.484375 0.83984375 0.4869791666666667 0.826171875 0.4869791666666667 0.798828125 0.4661458333333333 0.7841796875 0.4505208333333333 0.775390625 0.4453125 0.7919921875 0.4296875 0.798828125 0.4153645833333333 0.806640625 0.40625 0.8173828125 0.37890625 0.826171875 0.3723958333333333 0.8369140625 0.3684895833333333 0.8505859375 0.3697916666666667
0 0.5634765625 0.16796875 0.5810546875 0.17447916666666666 0.5927734375 0.18359375 0.5966796875 0.20052083333333334 0.60546875 0.21744791666666666 0.6103515625 0.23958333333333334 0.619140625 0.2578125 0.6181640625 0.2708333333333333 0.609375 0.2825520833333333 0.595703125 0.2890625 0.5810546875 0.3098958333333333 0.5693359375 0.3190104166666667 0.56640625 0.3190104166666667 0.5517578125 0.30078125 0.5400390625 0.29296875 0.505859375 0.2786458333333333 0.5029296875 0.2734375 0.498046875 0.2526041666666667 0.5 0.22005208333333334 0.50390625 0.20182291666666666 0.5205078125 0.17838541666666666 0.533203125 0.16927083333333334 0.5625 0.16796875