0 0.1545138888888889 0.3190104166666667 0.1701388888888889 0.3229166666666667 0.18229166666666666 0.3229166666666667 0.1892361111111111 0.3190104166666667 0.19618055555555555 0.3190104166666667 0.2048611111111111 0.32421875 0.1996527777777778 0.33203125 0.22743055555555555 0.3528645833333333 0.24131944444444445 0.3723958333333333 0.24305555555555555 0.3984375 0.2378472222222222 0.41015625 0.2309027777777778 0.4153645833333333 0.19618055555555555 0.4309895833333333 0.16666666666666666 0.4518229166666667 0.15625 0.4518229166666667 0.1440972222222222 0.4557291666666667 0.13368055555555555 0.4505208333333333 0.11979166666666667 0.44921875 0.10416666666666667 0.4440104166666667 0.07465277777777778 0.4283854166666667 0.0625 0.4127604166666667 0.059027777777777776 0.3880208333333333 0.0642361111111111 0.3763020833333333 0.06076388888888889 0.3619791666666667 0.08680555555555555 0.33984375 0.1371527777777778 0.3203125 0.1527777777777778 0.3190104166666667
0 0.8524305555555556 0.3971354166666667 0.8628472222222222 0.4049479166666667 0.8802083333333334 0.4127604166666667 0.9010416666666666 0.4322916666666667 0.90625 0.4427083333333333 0.9045138888888888 0.4674479166666667 0.8958333333333334 0.4921875 0.8836805555555556 0.5065104166666666 0.8541666666666666 0.5260416666666666 0.8315972222222222 0.5325520833333334 0.8194444444444444 0.5338541666666666 0.7621527777777778 0.5325520833333334 0.71875 0.5221354166666666 0.7065972222222222 0.51171875 0.703125 0.5026041666666666 0.6961805555555556 0.4973958333333333 0.6840277777777778 0.4778645833333333 0.6892361111111112 0.4635416666666667 0.6892361111111112 0.4427083333333333 0.7013888888888888 0.4205729166666667 0.7100694444444444 0.4127604166666667 0.7170138888888888 0.41015625 0.7361111111111112 0.4088541666666667 0.7552083333333334 0.4010416666666667 0.7777777777777778 0.3971354166666667 0.8072916666666666 0.3971354166666667 0.8298611111111112 0.3997395833333333 0.8368055555555556 0.3997395833333333 0.84375 0.3958333333333333 0.8506944444444444 0.3971354166666667
0 0.8194444444444444 0.5364583333333334 0.8402777777777778 0.5455729166666666 0.859375 0.5611979166666666 0.8732638888888888 0.5833333333333334 0.875 0.5924479166666666 0.8680555555555556 0.6067708333333334 0.8576388888888888 0.6158854166666666 0.8159722222222222 0.6419270833333334 0.7916666666666666 0.6484375 0.7690972222222222 0.6471354166666666 0.7552083333333334 0.64453125 0.7482638888888888 0.640625 0.7395833333333334 0.6171875 0.7204861111111112 0.5911458333333334 0.7222222222222222 0.5677083333333334 0.7291666666666666 0.5572916666666666 0.75 0.5442708333333334 0.7829861111111112 0.5377604166666666 0.8177083333333334 0.5364583333333334
0 0.34375 0.51171875 0.3645833333333333 0.5247395833333334 0.3871527777777778 0.53515625 0.4149305555555556 0.5559895833333334 0.4253472222222222 0.5716145833333334 0.4270833333333333 0.58984375 0.421875 0.6028645833333334 0.4097222222222222 0.6171875 0.3975694444444444 0.6263020833333334 0.3767361111111111 0.6354166666666666 0.3576388888888889 0.640625 0.3454861111111111 0.6471354166666666 0.3368055555555556 0.6484375 0.3211805555555556 0.6471354166666666 0.3072916666666667 0.63671875 0.2881944444444444 0.6276041666666666 0.2673611111111111 0.6119791666666666 0.2569444444444444 0.5950520833333334 0.2569444444444444 0.5703125 0.2638888888888889 0.55859375 0.28125 0.5416666666666666 0.3055555555555556 0.5286458333333334 0.3142361111111111 0.5260416666666666 0.3263888888888889 0.5143229166666666 0.3333333333333333 0.51171875 0.3420138888888889 0.51171875
0 0.2847222222222222 0.4153645833333333 0.3125 0.4270833333333333 0.3211805555555556 0.43359375 0.3263888888888889 0.44140625 0.3333333333333333 0.4583333333333333 0.3315972222222222 0.48828125 0.328125 0.4947916666666667 0.3263888888888889 0.5078125 0.3177083333333333 0.5182291666666666 0.3125 0.5221354166666666 0.2864583333333333 0.5325520833333334 0.2743055555555556 0.5403645833333334 0.2586805555555556 0.5442708333333334 0.2204861111111111 0.54296875 0.19791666666666666 0.5338541666666666 0.17708333333333334 0.5169270833333334 0.1684027777777778 0.4973958333333333 0.16666666666666666 0.4817708333333333 0.1736111111111111 0.4713541666666667 0.1753472222222222 0.453125 0.1909722222222222 0.4388020833333333 0.2170138888888889 0.4244791666666667 0.2361111111111111 0.41796875 0.2621527777777778 0.4140625 0.2829861111111111 0.4153645833333333
0 0.6163194444444444 0.44921875 0.6319444444444444 0.4518229166666667 0.6475694444444444 0.4583333333333333 0.6805555555555556 0.4830729166666667 0.6944444444444444 0.5052083333333334 0.6979166666666666 0.5234375 0.6961805555555556 0.5403645833333334 0.6840277777777778 0.5598958333333334 0.6631944444444444 0.5677083333333334 0.6111111111111112 0.5677083333333334 0.5972222222222222 0.5651041666666666 0.578125 0.5716145833333334 0.5694444444444444 0.5716145833333334 0.5625 0.5677083333333334 0.5434027777777778 0.55078125 0.5347222222222222 0.5390625 0.5277777777777778 0.5169270833333334 0.53125 0.4934895833333333 0.5381944444444444 0.4791666666666667 0.5555555555555556 0.4622395833333333 0.5572916666666666 0.453125 0.5763888888888888 0.4544270833333333 0.5885416666666666 0.44921875 0.5972222222222222 0.4479166666666667 0.6145833333333334 0.44921875
0 0.3732638888888889 0.25 0.3993055555555556 0.2552083333333333 0.4131944444444444 0.2604166666666667 0.4357638888888889 0.2747395833333333 0.4479166666666667 0.2877604166666667 0.4618055555555556 0.3111979166666667 0.4600694444444444 0.32421875 0.4635416666666667 0.3385416666666667 0.4565972222222222 0.375 0.4392361111111111 0.3971354166666667 0.4322916666666667 0.40234375 0.421875 0.4036458333333333 0.3767361111111111 0.4205729166666667 0.3680555555555556 0.42578125 0.3559027777777778 0.4283854166666667 0.3368055555555556 0.4283854166666667 0.3107638888888889 0.421875 0.2864583333333333 0.41015625 0.2743055555555556 0.4010416666666667 0.265625 0.3880208333333333 0.2621527777777778 0.3736979166666667 0.2552083333333333 0.359375 0.2534722222222222 0.3190104166666667 0.2586805555555556 0.2994791666666667 0.2673611111111111 0.28125 0.2934027777777778 0.2643229166666667 0.3350694444444444 0.2526041666666667 0.3524305555555556 0.25 0.3715277777777778 0.25
0 0.6736111111111112 0.5690104166666666 0.6909722222222222 0.5768229166666666 0.7118055555555556 0.58984375 0.7239583333333334 0.6002604166666666 0.7413194444444444 0.6302083333333334 0.7430555555555556 0.6393229166666666 0.7413194444444444 0.6692708333333334 0.7291666666666666 0.6979166666666666 0.7152777777777778 0.7161458333333334 0.6927083333333334 0.7330729166666666 0.6822916666666666 0.73828125 0.65625 0.7473958333333334 0.6371527777777778 0.75 0.6284722222222222 0.75390625 0.5850694444444444 0.7526041666666666 0.5711805555555556 0.75 0.5381944444444444 0.7369791666666666 0.5225694444444444 0.7252604166666666 0.5069444444444444 0.7057291666666666 0.5 0.6848958333333334 0.5 0.6666666666666666 0.5034722222222222 0.6484375 0.5052083333333334 0.6419270833333334 0.5208333333333334 0.62109375 0.5225694444444444 0.6106770833333334 0.5399305555555556 0.59375 0.5590277777777778 0.5872395833333334 0.5746527777777778 0.5768229166666666 0.5989583333333334 0.5703125 0.65625 0.5716145833333334 0.671875 0.5690104166666666
0 0.4496527777777778 0.4166666666666667 0.4722222222222222 0.4244791666666667 0.4826388888888889 0.44140625 0.5 0.4596354166666667 0.5034722222222222 0.48046875 0.4913194444444444 0.5078125 0.4739583333333333 0.51953125 0.4461805555555556 0.52734375 0.4131944444444444 0.52734375 0.390625 0.5221354166666666 0.3784722222222222 0.515625 0.3680555555555556 0.5078125 0.359375 0.49609375 0.3541666666666667 0.48046875 0.3541666666666667 0.4609375 0.3697916666666667 0.4309895833333333 0.3836805555555556 0.4231770833333333 0.4201388888888889 0.4127604166666667 0.4409722222222222 0.4140625 0.4479166666666667 0.4166666666666667
0 0.4149305555555556 0.63671875 0.4322916666666667 0.6393229166666666 0.453125 0.6458333333333334 0.4774305555555556 0.6614583333333334 0.4947916666666667 0.6822916666666666 0.5034722222222222 0.7109375 0.4982638888888889 0.734375 0.4861111111111111 0.75390625 0.4565972222222222 0.7760416666666666 0.4375 0.7825520833333334 0.421875 0.78515625 0.3940972222222222 0.7838541666666666 0.3663194444444444 0.7760416666666666 0.3611111111111111 0.77734375 0.3541666666666667 0.7760416666666666 0.3524305555555556 0.7708333333333334 0.3402777777777778 0.76171875 0.3350694444444444 0.7526041666666666 0.3159722222222222 0.734375 0.3125 0.7252604166666666 0.3125 0.6940104166666666 0.3177083333333333 0.6796875 0.3298611111111111 0.6640625 0.3454861111111111 0.65234375 0.3732638888888889 0.6393229166666666 0.3802083333333333 0.6393229166666666 0.3871527777777778 0.63671875 0.4131944444444444 0.63671875
0 0.5104166666666666 0.3359375 0.5190972222222222 0.33984375 0.5434027777777778 0.359375 0.5486111111111112 0.3671875 0.5486111111111112 0.3723958333333333 0.5381944444444444 0.39453125 0.5364583333333334 0.41015625 0.5329861111111112 0.4140625 0.5190972222222222 0.421875 0.5086805555555556 0.421875 0.5 0.4244791666666667 0.4878472222222222 0.4244791666666667 0.4756944444444444 0.421875 0.4479166666666667 0.4114583333333333 0.4375 0.4036458333333333 0.4583333333333333 0.3802083333333333 0.46875 0.34375 0.4930555555555556 0.3346354166666667 0.5017361111111112 0.3333333333333333 0.5086805555555556 0.3359375
0 0.6128472222222222 0.3229166666666667 0.6388888888888888 0.33984375 0.6805555555555556 0.3502604166666667 0.6944444444444444 0.3580729166666667 0.7013888888888888 0.3684895833333333 0.7048611111111112 0.3893229166666667 0.6996527777777778 0.4153645833333333 0.6857638888888888 0.4388020833333333 0.671875 0.4453125 0.6579861111111112 0.4557291666666667 0.6493055555555556 0.4557291666666667 0.6371527777777778 0.4505208333333333 0.609375 0.4440104166666667 0.578125 0.4466145833333333 0.5590277777777778 0.4348958333333333 0.5399305555555556 0.4114583333333333 0.5399305555555556 0.4010416666666667 0.5451388888888888 0.3854166666666667 0.5555555555555556 0.3697916666666667 0.5572916666666666 0.3619791666666667 0.5694444444444444 0.3502604166666667 0.5763888888888888 0.3359375 0.5885416666666666 0.32421875 0.6024305555555556 0.3203125 0.6111111111111112 0.3229166666666667