0 0.427734375 0.24479166666666666 0.46484375 0.25390625 0.4736328125 0.2591145833333333 0.48046875 0.2682291666666667 0.5048828125 0.328125 0.509765625 0.35546875 0.5087890625 0.3880208333333333 0.505859375 0.3997395833333333 0.5009765625 0.4088541666666667 0.4873046875 0.4283854166666667 0.4775390625 0.4375 0.453125 0.44921875 0.4208984375 0.4427083333333333 0.396484375 0.4296875 0.37890625 0.4127604166666667 0.369140625 0.3997395833333333 0.3583984375 0.3776041666666667 0.3505859375 0.3346354166666667 0.3505859375 0.3020833333333333 0.3544921875 0.2838541666666667 0.3701171875 0.2604166666666667 0.3818359375 0.2526041666666667 0.404296875 0.24609375 0.4267578125 0.24479166666666666
0 0.2060546875 0.56640625 0.2373046875 0.5716145833333334 0.2470703125 0.5755208333333334 0.2900390625 0.6158854166666666 0.3017578125 0.6536458333333334 0.3017578125 0.7005208333333334 0.2890625 0.73828125 0.275390625 0.7565104166666666 0.2626953125 0.7669270833333334 0.2353515625 0.77734375 0.21875 0.77734375 0.1982421875 0.7721354166666666 0.1826171875 0.7630208333333334 0.1708984375 0.76171875 0.16796875 0.7669270833333334 0.1669921875 0.7760416666666666 0.162109375 0.78515625 0.15625 0.7825520833333334 0.142578125 0.7565104166666666 0.1328125 0.7473958333333334 0.119140625 0.7265625 0.099609375 0.7239583333333334 0.09765625 0.71484375 0.08984375 0.7083333333333334 0.08984375 0.7018229166666666 0.091796875 0.6940104166666666 0.099609375 0.6861979166666666 0.1044921875 0.6744791666666666 0.10546875 0.6419270833333334 0.119140625 0.6432291666666666 0.1220703125 0.6536458333333334 0.1259765625 0.6575520833333334 0.1318359375 0.6328125 0.1396484375 0.6145833333333334 0.1650390625 0.5833333333333334 0.18359375 0.5703125 0.205078125 0.56640625
0 0.3828125 0.68359375 0.4013671875 0.6966145833333334 0.419921875 0.7135416666666666 0.4287109375 0.7317708333333334 0.4306640625 0.76953125 0.427734375 0.7864583333333334 0.4189453125 0.8059895833333334 0.4140625 0.82421875 0.4052734375 0.8359375 0.4013671875 0.84765625 0.384765625 0.87890625 0.3759765625 0.88671875 0.365234375 0.88671875 0.3349609375 0.85546875 0.31640625 0.8424479166666666 0.302734375 0.8255208333333334 0.294921875 0.8111979166666666 0.2900390625 0.796875 0.287109375 0.7630208333333334 0.2919921875 0.73828125 0.302734375 0.7122395833333334 0.310546875 0.69921875 0.3271484375 0.68359375 0.34765625 0.67578125 0.3681640625 0.67578125 0.3818359375 0.68359375
0 0.62109375 0.2955729166666667 0.634765625 0.3033854166666667 0.6455078125 0.31640625 0.6552734375 0.3450520833333333 0.66796875 0.3619791666666667 0.669921875 0.37890625 0.6796875 0.39453125 0.6845703125 0.4114583333333333 0.6845703125 0.4388020833333333 0.6826171875 0.4466145833333333 0.671875 0.4596354166666667 0.6494140625 0.46484375 0.6357421875 0.4752604166666667 0.619140625 0.4934895833333333 0.607421875 0.5013020833333334 0.59375 0.5065104166666666 0.5859375 0.5130208333333334 0.576171875 0.5130208333333334 0.5625 0.5026041666666666 0.541015625 0.4817708333333333 0.525390625 0.4596354166666667 0.5146484375 0.4296875 0.5107421875 0.4114583333333333 0.515625 0.3463541666666667 0.5185546875 0.3372395833333333 0.53515625 0.3190104166666667 0.5517578125 0.3098958333333333 0.56640625 0.296875 0.58203125 0.29296875 0.6103515625 0.29296875 0.6201171875 0.2955729166666667
0 0.328125 0.024739583333333332 0.333984375 0.029947916666666668 0.345703125 0.033854166666666664 0.3642578125 0.045572916666666664 0.3837890625 0.06640625 0.3974609375 0.09114583333333333 0.4091796875 0.13541666666666666 0.4072265625 0.18229166666666666 0.400390625 0.20833333333333334 0.3916015625 0.22786458333333334 0.3828125 0.24088541666666666 0.3623046875 0.2604166666666667 0.3486328125 0.2708333333333333 0.330078125 0.2760416666666667 0.2939453125 0.2734375 0.2734375 0.26171875 0.255859375 0.24088541666666666 0.2470703125 0.22526041666666666 0.2392578125 0.20442708333333334 0.234375 0.18098958333333334 0.228515625 0.16796875 0.2177734375 0.1640625 0.1943359375 0.16536458333333334 0.19140625 0.16276041666666666 0.1884765625 0.14973958333333334 0.1884765625 0.140625 0.2021484375 0.12630208333333334 0.2099609375 0.125 0.22265625 0.13411458333333334 0.2265625 0.13411458333333334 0.2294921875 0.13020833333333334 0.2333984375 0.12239583333333333 0.2255859375 0.11328125 0.224609375 0.10286458333333333 0.2333984375 0.09244791666666667 0.2353515625 0.08463541666666667 0.2451171875 0.07421875 0.2470703125 0.06510416666666667 0.25390625 0.0546875 0.2958984375 0.02734375 0.298828125 0.029947916666666668 0.3154296875 0.029947916666666668 0.322265625 0.024739583333333332 0.3271484375 0.024739583333333332
0 0.625 0.56640625 0.6318359375 0.5703125 0.658203125 0.5950520833333334 0.6689453125 0.6223958333333334 0.6767578125 0.66015625 0.67578125 0.68359375 0.6650390625 0.7161458333333334 0.638671875 0.7473958333333334 0.625 0.75390625 0.5888671875 0.7526041666666666 0.556640625 0.73828125 0.5390625 0.7213541666666666 0.5283203125 0.70703125 0.5205078125 0.6796875 0.5205078125 0.66015625 0.5224609375 0.65234375 0.5400390625 0.61328125 0.54296875 0.5846354166666666 0.5478515625 0.5768229166666666 0.560546875 0.5690104166666666 0.5849609375 0.5598958333333334 0.609375 0.5598958333333334 0.6240234375 0.56640625
0 0.4296875 0.4505208333333333 0.4443359375 0.453125 0.470703125 0.4518229166666667 0.4892578125 0.46484375 0.5205078125 0.50390625 0.53515625 0.53515625 0.5419921875 0.5572916666666666 0.5419921875 0.5729166666666666 0.5390625 0.5833333333333334 0.5361328125 0.61328125 0.513671875 0.6614583333333334 0.5048828125 0.6744791666666666 0.4931640625 0.6861979166666666 0.4716796875 0.7005208333333334 0.453125 0.7083333333333334 0.4365234375 0.7083333333333334 0.412109375 0.7005208333333334 0.376953125 0.671875 0.361328125 0.6510416666666666 0.3515625 0.6302083333333334 0.3466796875 0.6158854166666666 0.3408203125 0.5859375 0.3408203125 0.5481770833333334 0.34375 0.5390625 0.349609375 0.5338541666666666 0.3544921875 0.5234375 0.3564453125 0.50390625 0.36328125 0.4869791666666667 0.376953125 0.46875 0.384765625 0.4622395833333333 0.416015625 0.4505208333333333 0.4287109375 0.4505208333333333
0 0.501953125 0.7330729166666666 0.5458984375 0.73828125 0.5576171875 0.7473958333333334 0.572265625 0.7513020833333334 0.5810546875 0.7565104166666666 0.5888671875 0.7669270833333334 0.6044921875 0.8098958333333334 0.6083984375 0.8385416666666666 0.6005859375 0.8815104166666666 0.58203125 0.93359375 0.5634765625 0.9661458333333334 0.5458984375 0.98828125 0.53515625 0.99609375 0.5224609375 0.99609375 0.51953125 0.9986979166666666 0.4423828125 0.9986979166666666 0.4208984375 0.9661458333333334 0.41015625 0.9440104166666666 0.4072265625 0.9322916666666666 0.4052734375 0.9049479166666666 0.400390625 0.8880208333333334 0.400390625 0.8723958333333334 0.404296875 0.8528645833333334 0.4169921875 0.8333333333333334 0.4208984375 0.8111979166666666 0.4306640625 0.7942708333333334 0.431640625 0.7890625 0.4521484375 0.765625 0.4736328125 0.74609375 0.4873046875 0.7369791666666666 0.5009765625 0.734375
0 0.53125 0 0.52734375 0.014322916666666666 0.529296875 0.03515625 0.5283203125 0.059895833333333336 0.5263671875 0.08203125 0.5234375 0.08984375 0.5126953125 0.109375 0.4736328125 0.12890625 0.4609375 0.12890625 0.4541015625 0.12630208333333334 0.4306640625 0.10677083333333333 0.4150390625 0.09895833333333333 0.4072265625 0.08854166666666667 0.400390625 0.07421875 0.396484375 0.055989583333333336 0.396484375 0.04296875 0.4013671875 0.029947916666666668 0.4013671875 0.0013020833333333333 0.5302734375 0
0 0.546875 0.11848958333333333 0.5673828125 0.13151041666666666 0.5859375 0.15755208333333334 0.5947265625 0.1875 0.5947265625 0.22135416666666666 0.5810546875 0.2630208333333333 0.568359375 0.2864583333333333 0.55078125 0.30078125 0.52734375 0.3111979166666667 0.517578125 0.3111979166666667 0.501953125 0.3033854166666667 0.494140625 0.2916666666666667 0.486328125 0.2708333333333333 0.4775390625 0.2578125 0.4599609375 0.24739583333333334 0.4482421875 0.23307291666666666 0.443359375 0.22135416666666666 0.4423828125 0.20182291666666666 0.4501953125 0.16536458333333334 0.458984375 0.14973958333333334 0.46875 0.13932291666666666 0.4951171875 0.12239583333333333 0.5068359375 0.11979166666666667 0.5146484375 0.11458333333333333 0.53515625 0.11458333333333333 0.5458984375 0.11848958333333333
0 0.263671875 0.2903645833333333 0.287109375 0.2942708333333333 0.3037109375 0.30078125 0.3193359375 0.3125 0.3359375 0.3294270833333333 0.3486328125 0.3502604166666667 0.361328125 0.4075520833333333 0.3623046875 0.42578125 0.3564453125 0.4505208333333333 0.3505859375 0.4635416666666667 0.3310546875 0.48828125 0.3271484375 0.5013020833333334 0.3125 0.5208333333333334 0.306640625 0.5338541666666666 0.2939453125 0.5403645833333334 0.279296875 0.5533854166666666 0.2626953125 0.5611979166666666 0.25 0.5638020833333334 0.2177734375 0.5638020833333334 0.201171875 0.5598958333333334 0.1787109375 0.5494791666666666 0.16796875 0.5416666666666666 0.1513671875 0.5208333333333334 0.1435546875 0.5026041666666666 0.1376953125 0.4739583333333333 0.1328125 0.4609375 0.1318359375 0.4375 0.1357421875 0.4049479166666667 0.1455078125 0.3671875 0.1513671875 0.3619791666666667 0.1767578125 0.3268229166666667 0.1962890625 0.3072916666666667 0.212890625 0.2981770833333333 0.240234375 0.2903645833333333 0.2626953125 0.2903645833333333