0 0.20833333333333334 0.640625 0.2152777777777778 0.6432291666666666 0.2204861111111111 0.6549479166666666 0.22569444444444445 0.6588541666666666 0.2309027777777778 0.6588541666666666 0.2482638888888889 0.6510416666666666 0.265625 0.6471354166666666 0.2829861111111111 0.64453125 0.3038194444444444 0.6458333333333334 0.3263888888888889 0.6549479166666666 0.3350694444444444 0.6614583333333334 0.3541666666666667 0.68359375 0.359375 0.7057291666666666 0.3576388888888889 0.7135416666666666 0.3454861111111111 0.73046875 0.3055555555555556 0.76171875 0.2934027777777778 0.7630208333333334 0.2725694444444444 0.76953125 0.24131944444444445 0.76953125 0.2222222222222222 0.765625 0.19791666666666666 0.75 0.1909722222222222 0.7408854166666666 0.1875 0.73046875 0.1892361111111111 0.7018229166666666 0.19444444444444445 0.6901041666666666 0.2065972222222222 0.67578125 0.2065972222222222 0.6705729166666666 0.19618055555555555 0.6614583333333334 0.19444444444444445 0.6497395833333334 0.19791666666666666 0.6432291666666666 0.2065972222222222 0.640625
0 0.6979166666666666 0.3723958333333333 0.7204861111111112 0.38671875 0.7291666666666666 0.3971354166666667 0.7395833333333334 0.4231770833333333 0.7395833333333334 0.4453125 0.734375 0.4557291666666667 0.7204861111111112 0.47265625 0.6736111111111112 0.48046875 0.6510416666666666 0.4778645833333333 0.6354166666666666 0.47265625 0.6197916666666666 0.47265625 0.609375 0.4752604166666667 0.6059027777777778 0.46875 0.6041666666666666 0.4505208333333333 0.59375 0.4296875 0.59375 0.4140625 0.6006944444444444 0.40234375 0.6388888888888888 0.3723958333333333 0.6440972222222222 0.37109375 0.6961805555555556 0.3723958333333333
0 0.609375 0.5651041666666666 0.6336805555555556 0.5690104166666666 0.6475694444444444 0.57421875 0.6649305555555556 0.5846354166666666 0.6822916666666666 0.60546875 0.6857638888888888 0.61328125 0.6857638888888888 0.6315104166666666 0.6770833333333334 0.6419270833333334 0.6684027777777778 0.6588541666666666 0.6579861111111112 0.6692708333333334 0.640625 0.67578125 0.6076388888888888 0.6770833333333334 0.59375 0.68359375 0.5850694444444444 0.68359375 0.5555555555555556 0.67578125 0.5329861111111112 0.6653645833333334 0.5208333333333334 0.6627604166666666 0.5173611111111112 0.65625 0.5208333333333334 0.6510416666666666 0.5329861111111112 0.6432291666666666 0.5277777777777778 0.625 0.5277777777777778 0.609375 0.5381944444444444 0.58984375 0.5520833333333334 0.578125 0.5711805555555556 0.5690104166666666 0.5833333333333334 0.56640625 0.6076388888888888 0.5651041666666666
0 0.5121527777777778 0.2265625 0.5190972222222222 0.22916666666666666 0.5329861111111112 0.23958333333333334 0.5434027777777778 0.2604166666666667 0.5659722222222222 0.28125 0.5729166666666666 0.2864583333333333 0.5972222222222222 0.2955729166666667 0.6163194444444444 0.3059895833333333 0.6302083333333334 0.3177083333333333 0.640625 0.3333333333333333 0.6423611111111112 0.3502604166666667 0.6302083333333334 0.375 0.6128472222222222 0.3893229166666667 0.5798611111111112 0.4049479166666667 0.5694444444444444 0.4075520833333333 0.5503472222222222 0.40625 0.5017361111111112 0.39453125 0.4878472222222222 0.3854166666666667 0.4774305555555556 0.3645833333333333 0.4791666666666667 0.3346354166666667 0.4826388888888889 0.3268229166666667 0.4965277777777778 0.3111979166666667 0.515625 0.2981770833333333 0.5173611111111112 0.2825520833333333 0.5 0.2760416666666667 0.4826388888888889 0.2760416666666667 0.4739583333333333 0.2786458333333333 0.4670138888888889 0.2747395833333333 0.46875 0.2721354166666667 0.4861111111111111 0.265625 0.4930555555555556 0.2591145833333333 0.4930555555555556 0.2552083333333333 0.4861111111111111 0.2513020833333333 0.4861111111111111 0.24088541666666666 0.4895833333333333 0.23567708333333334 0.4982638888888889 0.22916666666666666 0.5104166666666666 0.2265625
0 0.5017361111111112 0.40234375 0.5347222222222222 0.40625 0.5434027777777778 0.4127604166666667 0.5607638888888888 0.4205729166666667 0.5746527777777778 0.4309895833333333 0.5885416666666666 0.4440104166666667 0.5954861111111112 0.4557291666666667 0.6024305555555556 0.4739583333333333 0.6041666666666666 0.4921875 0.5989583333333334 0.515625 0.5920138888888888 0.53125 0.5763888888888888 0.5494791666666666 0.5538194444444444 0.5638020833333334 0.5277777777777778 0.57421875 0.5173611111111112 0.5768229166666666 0.4965277777777778 0.578125 0.4583333333333333 0.57421875 0.4236111111111111 0.5638020833333334 0.4079861111111111 0.5546875 0.390625 0.5403645833333334 0.3784722222222222 0.5221354166666666 0.3715277777777778 0.50390625 0.3697916666666667 0.4830729166666667 0.3732638888888889 0.46484375 0.3784722222222222 0.453125 0.3888888888888889 0.4388020833333333 0.3993055555555556 0.4296875 0.4270833333333333 0.4153645833333333 0.4444444444444444 0.4088541666666667 0.4704861111111111 0.4036458333333333 0.5 0.40234375
0 0.421875 0.2760416666666667 0.4340277777777778 0.2786458333333333 0.4496527777777778 0.28515625 0.46875 0.3020833333333333 0.4739583333333333 0.31640625 0.4739583333333333 0.3385416666666667 0.46875 0.3528645833333333 0.4670138888888889 0.3684895833333333 0.4444444444444444 0.40234375 0.421875 0.4140625 0.3993055555555556 0.4205729166666667 0.3767361111111111 0.4192708333333333 0.3611111111111111 0.4153645833333333 0.34375 0.3958333333333333 0.3159722222222222 0.3763020833333333 0.2986111111111111 0.3489583333333333 0.2951388888888889 0.3372395833333333 0.2795138888888889 0.31640625 0.2795138888888889 0.3059895833333333 0.2881944444444444 0.2916666666666667 0.3038194444444444 0.28125 0.3107638888888889 0.28125 0.3177083333333333 0.28515625 0.3125 0.296875 0.3211805555555556 0.2981770833333333 0.3402777777777778 0.2890625 0.3767361111111111 0.27734375 0.4201388888888889 0.2760416666666667
0 0.7552083333333334 0.4817708333333333 0.7777777777777778 0.4908854166666667 0.7881944444444444 0.4986979166666667 0.8125 0.5260416666666666 0.8142361111111112 0.5286458333333334 0.8125 0.5572916666666666 0.7986111111111112 0.5794270833333334 0.7673611111111112 0.6028645833333334 0.7552083333333334 0.6080729166666666 0.7326388888888888 0.6106770833333334 0.7256944444444444 0.61328125 0.7065972222222222 0.61328125 0.6909722222222222 0.609375 0.6805555555555556 0.5989583333333334 0.6753472222222222 0.5885416666666666 0.6666666666666666 0.5807291666666666 0.6336805555555556 0.5638020833333334 0.6232638888888888 0.5364583333333334 0.6232638888888888 0.5208333333333334 0.625 0.5169270833333334 0.6354166666666666 0.51171875 0.6510416666666666 0.4973958333333333 0.6805555555555556 0.4830729166666667 0.7048611111111112 0.4778645833333333 0.7378472222222222 0.4778645833333333 0.7534722222222222 0.4817708333333333
0 0.2847222222222222 0.50390625 0.3125 0.5091145833333334 0.328125 0.5169270833333334 0.3420138888888889 0.52734375 0.3559027777777778 0.5455729166666666 0.359375 0.5533854166666666 0.359375 0.5638020833333334 0.3524305555555556 0.57421875 0.3524305555555556 0.5846354166666666 0.3489583333333333 0.5950520833333334 0.3315972222222222 0.6158854166666666 0.3125 0.6263020833333334 0.2934027777777778 0.6328125 0.2569444444444444 0.6328125 0.2534722222222222 0.64453125 0.2465277777777778 0.64453125 0.234375 0.640625 0.22569444444444445 0.6341145833333334 0.21875 0.6236979166666666 0.203125 0.6184895833333334 0.1875 0.6067708333333334 0.18055555555555555 0.59765625 0.1736111111111111 0.5807291666666666 0.1736111111111111 0.5598958333333334 0.1875 0.5338541666666666 0.21180555555555555 0.515625 0.22395833333333334 0.5104166666666666 0.2465277777777778 0.5052083333333334 0.2829861111111111 0.50390625
0 0.3854166666666667 0.5572916666666666 0.3940972222222222 0.5611979166666666 0.3993055555555556 0.5716145833333334 0.4340277777777778 0.5703125 0.4739583333333333 0.5833333333333334 0.4878472222222222 0.5950520833333334 0.4982638888888889 0.6119791666666666 0.5017361111111112 0.6236979166666666 0.5017361111111112 0.6484375 0.4930555555555556 0.6653645833333334 0.4427083333333333 0.6927083333333334 0.4149305555555556 0.7005208333333334 0.3854166666666667 0.6953125 0.3663194444444444 0.6875 0.3576388888888889 0.6822916666666666 0.3350694444444444 0.65625 0.3333333333333333 0.6380208333333334 0.3350694444444444 0.6223958333333334 0.3368055555555556 0.6158854166666666 0.3541666666666667 0.5924479166666666 0.3559027777777778 0.57421875 0.3680555555555556 0.5598958333333334 0.3767361111111111 0.5559895833333334 0.3836805555555556 0.5572916666666666
0 0.2725694444444444 0.3606770833333333 0.3038194444444444 0.3723958333333333 0.3194444444444444 0.3854166666666667 0.3298611111111111 0.3893229166666667 0.3454861111111111 0.40234375 0.3506944444444444 0.4140625 0.3524305555555556 0.4348958333333333 0.3454861111111111 0.453125 0.3246527777777778 0.4778645833333333 0.2881944444444444 0.4986979166666667 0.2690972222222222 0.5013020833333334 0.2326388888888889 0.5013020833333334 0.1875 0.4765625 0.1545138888888889 0.4674479166666667 0.13020833333333334 0.4713541666666667 0.1111111111111111 0.47265625 0.09722222222222222 0.4713541666666667 0.0798611111111111 0.4596354166666667 0.078125 0.44921875 0.08159722222222222 0.4466145833333333 0.11284722222222222 0.4479166666666667 0.11631944444444445 0.4453125 0.10590277777777778 0.4361979166666667 0.10069444444444445 0.4270833333333333 0.10069444444444445 0.421875 0.10590277777777778 0.4140625 0.109375 0.4140625 0.11631944444444445 0.4205729166666667 0.1267361111111111 0.42578125 0.13541666666666666 0.44140625 0.1440972222222222 0.44140625 0.15104166666666666 0.4388020833333333 0.15625 0.4348958333333333 0.16145833333333334 0.4127604166666667 0.171875 0.3932291666666667 0.1840277777777778 0.3802083333333333 0.21006944444444445 0.3645833333333333 0.2326388888888889 0.359375 0.2708333333333333 0.3606770833333333
0 0.5364583333333334 0.6731770833333334 0.5868055555555556 0.6875 0.5989583333333334 0.69921875 0.6076388888888888 0.7174479166666666 0.6076388888888888 0.7369791666666666 0.6006944444444444 0.7591145833333334 0.59375 0.76953125 0.5711805555555556 0.79296875 0.5572916666666666 0.8190104166666666 0.5486111111111112 0.82421875 0.5295138888888888 0.82421875 0.5069444444444444 0.8125 0.4652777777777778 0.8033854166666666 0.4409722222222222 0.7955729166666666 0.4149305555555556 0.7786458333333334 0.4045138888888889 0.76171875 0.4045138888888889 0.734375 0.4079861111111111 0.7200520833333334 0.4253472222222222 0.7018229166666666 0.4496527777777778 0.6927083333333334 0.4809027777777778 0.6770833333333334 0.4930555555555556 0.6744791666666666 0.5347222222222222 0.6731770833333334
0 0.7708333333333334 0.6223958333333334 0.7829861111111112 0.6263020833333334 0.7934027777777778 0.6328125 0.7951388888888888 0.64453125 0.8072916666666666 0.66015625 0.8107638888888888 0.6705729166666666 0.8125 0.703125 0.8055555555555556 0.7122395833333334 0.7881944444444444 0.7239583333333334 0.7673611111111112 0.73046875 0.7430555555555556 0.734375 0.7291666666666666 0.734375 0.7222222222222222 0.7369791666666666 0.7118055555555556 0.7473958333333334 0.7100694444444444 0.7526041666666666 0.703125 0.7578125 0.6927083333333334 0.7604166666666666 0.6788194444444444 0.7578125 0.6649305555555556 0.7473958333333334 0.6684027777777778 0.7330729166666666 0.6788194444444444 0.72265625 0.6805555555555556 0.7109375 0.6631944444444444 0.6848958333333334 0.6614583333333334 0.6705729166666666 0.6770833333333334 0.6549479166666666 0.6909722222222222 0.6328125 0.7152777777777778 0.6263020833333334 0.7447916666666666 0.6263020833333334 0.75 0.6223958333333334 0.7690972222222222 0.6223958333333334