0 0.5810546875 0.24869791666666666 0.6015625 0.2513020833333333 0.615234375 0.25 0.6259765625 0.25390625 0.642578125 0.2890625 0.650390625 0.3138020833333333 0.650390625 0.33984375 0.6484375 0.34765625 0.6298828125 0.3841145833333333 0.623046875 0.390625 0.6123046875 0.3958333333333333 0.5908203125 0.39453125 0.5810546875 0.3984375 0.5673828125 0.390625 0.5419921875 0.3671875 0.5322265625 0.3424479166666667 0.529296875 0.3216145833333333 0.529296875 0.2994791666666667 0.53125 0.2890625 0.54296875 0.2643229166666667 0.560546875 0.25 0.580078125 0.24869791666666666
0 0.78515625 0.4153645833333333 0.806640625 0.421875 0.82421875 0.4466145833333333 0.8388671875 0.4778645833333333 0.841796875 0.5091145833333334 0.83984375 0.5221354166666666 0.8310546875 0.5455729166666666 0.826171875 0.5572916666666666 0.818359375 0.5677083333333334 0.79296875 0.5859375 0.7763671875 0.5911458333333334 0.7587890625 0.58984375 0.748046875 0.5859375 0.736328125 0.578125 0.724609375 0.5651041666666666 0.7158203125 0.5455729166666666 0.712890625 0.51953125 0.70703125 0.5 0.70703125 0.4830729166666667 0.712890625 0.4609375 0.7275390625 0.4375 0.7392578125 0.4270833333333333 0.76171875 0.4166666666666667 0.7841796875 0.4153645833333333
0 0.51953125 0.5455729166666666 0.529296875 0.5494791666666666 0.54296875 0.5598958333333334 0.5546875 0.5729166666666666 0.5615234375 0.5872395833333334 0.5712890625 0.5989583333333334 0.576171875 0.6119791666666666 0.576171875 0.6184895833333334 0.5703125 0.6263020833333334 0.568359375 0.6666666666666666 0.5595703125 0.69140625 0.5498046875 0.7057291666666666 0.54296875 0.7109375 0.5390625 0.71875 0.529296875 0.7278645833333334 0.51171875 0.7330729166666666 0.50390625 0.7330729166666666 0.48046875 0.71875 0.455078125 0.68359375 0.447265625 0.66015625 0.447265625 0.6119791666666666 0.4482421875 0.6041666666666666 0.458984375 0.5768229166666666 0.4697265625 0.5611979166666666 0.4814453125 0.5520833333333334 0.4912109375 0.5481770833333334 0.5068359375 0.5442708333333334 0.5185546875 0.5455729166666666
0 0.2978515625 0.4283854166666667 0.3349609375 0.4440104166666667 0.35546875 0.4622395833333333 0.361328125 0.4700520833333333 0.3701171875 0.4908854166666667 0.373046875 0.50390625 0.373046875 0.515625 0.369140625 0.54296875 0.359375 0.56640625 0.3505859375 0.5794270833333334 0.3466796875 0.58203125 0.322265625 0.58203125 0.3076171875 0.5859375 0.29296875 0.5963541666666666 0.2822265625 0.6119791666666666 0.2529296875 0.60546875 0.224609375 0.5859375 0.2001953125 0.58984375 0.1923828125 0.5885416666666666 0.1884765625 0.5807291666666666 0.1923828125 0.5768229166666666 0.19140625 0.5703125 0.205078125 0.56640625 0.20703125 0.5638020833333334 0.205078125 0.5442708333333334 0.2109375 0.5442708333333334 0.21484375 0.5390625 0.212890625 0.5078125 0.21484375 0.48828125 0.2138671875 0.4791666666666667 0.2158203125 0.4739583333333333 0.2431640625 0.4466145833333333 0.2587890625 0.4375 0.271484375 0.4348958333333333 0.275390625 0.4309895833333333 0.2763671875 0.42578125 0.296875 0.4283854166666667
0 0.2998046875 0.2513020833333333 0.322265625 0.2643229166666667 0.3388671875 0.28515625 0.3466796875 0.3020833333333333 0.3505859375 0.3177083333333333 0.3515625 0.3489583333333333 0.34765625 0.37109375 0.3388671875 0.390625 0.330078125 0.40234375 0.31640625 0.4140625 0.296875 0.421875 0.265625 0.4153645833333333 0.244140625 0.4036458333333333 0.2373046875 0.3893229166666667 0.224609375 0.3736979166666667 0.21875 0.359375 0.2158203125 0.3463541666666667 0.2158203125 0.3255208333333333 0.2216796875 0.3046875 0.2314453125 0.28515625 0.2412109375 0.2721354166666667 0.25390625 0.26171875 0.27734375 0.2513020833333333 0.298828125 0.2513020833333333
0 0.67578125 0.13151041666666666 0.6953125 0.14713541666666666 0.7041015625 0.16015625 0.71484375 0.19270833333333334 0.71484375 0.22395833333333334 0.7236328125 0.22916666666666666 0.7255859375 0.23828125 0.7216796875 0.24869791666666666 0.71484375 0.2565104166666667 0.6962890625 0.2669270833333333 0.681640625 0.2825520833333333 0.673828125 0.2864583333333333 0.6474609375 0.28515625 0.638671875 0.2747395833333333 0.6328125 0.2591145833333333 0.626953125 0.2513020833333333 0.619140625 0.24739583333333334 0.6015625 0.24479166666666666 0.5966796875 0.22786458333333334 0.59375 0.19270833333333334 0.59765625 0.171875 0.6064453125 0.15755208333333334 0.6123046875 0.15364583333333334 0.6220703125 0.15364583333333334 0.642578125 0.13541666666666666 0.650390625 0.13151041666666666 0.6748046875 0.13151041666666666
0 0.6025390625 0.3997395833333333 0.60546875 0.4036458333333333 0.6337890625 0.4049479166666667 0.65234375 0.41796875 0.681640625 0.4557291666666667 0.7001953125 0.4973958333333333 0.7041015625 0.515625 0.7109375 0.5299479166666666 0.7119140625 0.5677083333333334 0.70703125 0.5924479166666666 0.69921875 0.6028645833333334 0.701171875 0.6263020833333334 0.6982421875 0.6315104166666666 0.6884765625 0.6354166666666666 0.6826171875 0.6315104166666666 0.6787109375 0.61328125 0.6689453125 0.6236979166666666 0.6513671875 0.6276041666666666 0.6328125 0.6276041666666666 0.615234375 0.6236979166666666 0.5810546875 0.609375 0.5771484375 0.60546875 0.5751953125 0.59765625 0.5625 0.58203125 0.548828125 0.5598958333333334 0.54296875 0.546875 0.5390625 0.54296875 0.533203125 0.54296875 0.53125 0.5390625 0.5283203125 0.51171875 0.5283203125 0.48828125 0.5390625 0.4544270833333333 0.55859375 0.4231770833333333 0.58984375 0.3984375 0.59765625 0.3971354166666667 0.6015625 0.3997395833333333
0 0.46875 0.29296875 0.5107421875 0.3125 0.513671875 0.3203125 0.521484375 0.3307291666666667 0.5263671875 0.3489583333333333 0.5390625 0.375 0.5458984375 0.4088541666666667 0.5458984375 0.421875 0.5400390625 0.4466145833333333 0.5263671875 0.46875 0.525390625 0.4739583333333333 0.513671875 0.4908854166666667 0.5009765625 0.50390625 0.482421875 0.51171875 0.4599609375 0.51171875 0.4404296875 0.5052083333333334 0.4150390625 0.48828125 0.400390625 0.4700520833333333 0.3974609375 0.47265625 0.3974609375 0.4791666666666667 0.3935546875 0.4830729166666667 0.390625 0.4765625 0.3955078125 0.4739583333333333 0.3955078125 0.46875 0.3896484375 0.4557291666666667 0.3896484375 0.4440104166666667 0.3818359375 0.4114583333333333 0.3818359375 0.3997395833333333 0.3759765625 0.3828125 0.3828125 0.359375 0.3837890625 0.3359375 0.404296875 0.3072916666666667 0.439453125 0.2916666666666667 0.4541015625 0.2903645833333333 0.4677734375 0.29296875
0 0.45703125 0.08463541666666667 0.51171875 0.09765625 0.51953125 0.10807291666666667 0.5234375 0.10807291666666667 0.5390625 0.0859375 0.5458984375 0.08984375 0.5537109375 0.07682291666666667 0.5634765625 0.09505208333333333 0.564453125 0.10807291666666667 0.5673828125 0.11588541666666667 0.56640625 0.140625 0.5615234375 0.15755208333333334 0.5439453125 0.17838541666666666 0.5322265625 0.18489583333333334 0.5205078125 0.20442708333333334 0.513671875 0.22135416666666666 0.51171875 0.234375 0.5048828125 0.25390625 0.4970703125 0.2669270833333333 0.4873046875 0.27734375 0.48046875 0.28125 0.462890625 0.28515625 0.4443359375 0.28515625 0.4296875 0.2903645833333333 0.4189453125 0.2903645833333333 0.408203125 0.2838541666666667 0.3876953125 0.2630208333333333 0.375 0.24348958333333334 0.3701171875 0.21614583333333334 0.375 0.20572916666666666 0.376953125 0.19010416666666666 0.380859375 0.17838541666666666 0.4013671875 0.140625 0.4345703125 0.1015625 0.4384765625 0.10026041666666667 0.4453125 0.08854166666666667 0.451171875 0.08463541666666667 0.4560546875 0.08463541666666667
0 0.3310546875 0.5859375 0.3583984375 0.5911458333333334 0.37890625 0.6041666666666666 0.3955078125 0.6328125 0.40234375 0.6497395833333334 0.40625 0.66796875 0.40625 0.6875 0.40234375 0.71484375 0.3876953125 0.7513020833333334 0.375 0.7682291666666666 0.359375 0.7825520833333334 0.349609375 0.7877604166666666 0.3330078125 0.7916666666666666 0.3125 0.7916666666666666 0.28125 0.7747395833333334 0.2685546875 0.7565104166666666 0.259765625 0.7265625 0.259765625 0.703125 0.265625 0.6731770833333334 0.265625 0.66015625 0.28125 0.62109375 0.2880859375 0.6080729166666666 0.2978515625 0.5963541666666666 0.314453125 0.5872395833333334 0.330078125 0.5859375
0 0.7607421875 0.2708333333333333 0.765625 0.2799479166666667 0.7802734375 0.2903645833333333 0.7900390625 0.3020833333333333 0.80078125 0.3268229166666667 0.8037109375 0.3450520833333333 0.8037109375 0.3606770833333333 0.7998046875 0.3776041666666667 0.8017578125 0.3893229166666667 0.7841796875 0.4114583333333333 0.771484375 0.4114583333333333 0.75 0.41796875 0.736328125 0.42578125 0.71875 0.4427083333333333 0.712890625 0.4453125 0.689453125 0.4388020833333333 0.6748046875 0.4270833333333333 0.66796875 0.4244791666666667 0.6591796875 0.39453125 0.6572265625 0.3645833333333333 0.6591796875 0.34765625 0.6640625 0.3385416666666667 0.6630859375 0.3333333333333333 0.666015625 0.3177083333333333 0.681640625 0.2942708333333333 0.7021484375 0.2799479166666667 0.7197265625 0.2799479166666667 0.7412109375 0.2708333333333333 0.759765625 0.2708333333333333