0 0.42578125 0.4427083333333333 0.44140625 0.4505208333333333 0.453125 0.4609375 0.466796875 0.4817708333333333 0.4775390625 0.5078125 0.4814453125 0.5299479166666666 0.4814453125 0.546875 0.4755859375 0.6002604166666666 0.4755859375 0.6171875 0.4775390625 0.62109375 0.4814453125 0.6197916666666666 0.484375 0.6223958333333334 0.486328125 0.6354166666666666 0.482421875 0.640625 0.482421875 0.64453125 0.484375 0.6471354166666666 0.4873046875 0.6419270833333334 0.4873046875 0.6471354166666666 0.4814453125 0.6536458333333334 0.4697265625 0.6536458333333334 0.46484375 0.6458333333333334 0.462890625 0.6458333333333334 0.4423828125 0.6653645833333334 0.4248046875 0.6888020833333334 0.4013671875 0.6966145833333334 0.3740234375 0.6966145833333334 0.357421875 0.6927083333333334 0.34375 0.6861979166666666 0.333984375 0.6770833333333334 0.3154296875 0.6497395833333334 0.30859375 0.6302083333333334 0.3046875 0.60546875 0.3056640625 0.5716145833333334 0.310546875 0.5442708333333334 0.3095703125 0.5260416666666666 0.31640625 0.5013020833333334 0.3251953125 0.4934895833333333 0.3349609375 0.4765625 0.341796875 0.4713541666666667 0.345703125 0.4713541666666667 0.3623046875 0.453125 0.3984375 0.4401041666666667 0.4248046875 0.4427083333333333
0 0.529296875 0.040364583333333336 0.5576171875 0.049479166666666664 0.5810546875 0.06380208333333333 0.591796875 0.08072916666666667 0.5986328125 0.1015625 0.5859375 0.1171875 0.58203125 0.13411458333333334 0.572265625 0.15755208333333334 0.568359375 0.17708333333333334 0.5673828125 0.19401041666666666 0.5615234375 0.21744791666666666 0.5498046875 0.23046875 0.5380859375 0.23697916666666666 0.5185546875 0.23697916666666666 0.494140625 0.23046875 0.484375 0.22526041666666666 0.4765625 0.21614583333333334 0.47265625 0.20572916666666666 0.4609375 0.19140625 0.451171875 0.1640625 0.451171875 0.14192708333333334 0.4541015625 0.11979166666666667 0.4599609375 0.1015625 0.4697265625 0.08072916666666667 0.482421875 0.06380208333333333 0.484375 0.057291666666666664 0.4921875 0.049479166666666664 0.5126953125 0.0390625 0.5283203125 0.040364583333333336
0 0.78125 0.2604166666666667 0.796875 0.265625 0.8056640625 0.2760416666666667 0.8203125 0.2864583333333333 0.8212890625 0.2916666666666667 0.8251953125 0.2955729166666667 0.8447265625 0.2994791666666667 0.865234375 0.3111979166666667 0.8837890625 0.3359375 0.890625 0.359375 0.8916015625 0.3971354166666667 0.8857421875 0.4309895833333333 0.8662109375 0.4778645833333333 0.8515625 0.4986979166666667 0.8486328125 0.5065104166666666 0.8466796875 0.515625 0.8466796875 0.5416666666666666 0.8330078125 0.5611979166666666 0.8291015625 0.5638020833333334 0.8232421875 0.5611979166666666 0.7783203125 0.5091145833333334 0.751953125 0.4908854166666667 0.73046875 0.4674479166666667 0.716796875 0.44140625 0.7119140625 0.4153645833333333 0.7109375 0.3880208333333333 0.7197265625 0.359375 0.7255859375 0.34765625 0.7353515625 0.3359375 0.748046875 0.3333333333333333 0.7578125 0.3268229166666667 0.7578125 0.2799479166666667 0.76171875 0.2721354166666667 0.7734375 0.2643229166666667 0.775390625 0.2604166666666667 0.7802734375 0.2604166666666667
0 0.318359375 0.12630208333333334 0.34765625 0.1328125 0.3603515625 0.140625 0.369140625 0.14973958333333334 0.373046875 0.15755208333333334 0.376953125 0.17447916666666666 0.3759765625 0.24088541666666666 0.35546875 0.2747395833333333 0.349609375 0.2981770833333333 0.3427734375 0.3020833333333333 0.3251953125 0.3020833333333333 0.310546875 0.296875 0.302734375 0.27734375 0.29296875 0.2604166666666667 0.2763671875 0.23697916666666666 0.2646484375 0.2265625 0.2607421875 0.22005208333333334 0.26171875 0.1953125 0.27734375 0.15755208333333334 0.2958984375 0.13020833333333334 0.302734375 0.12630208333333334 0.3173828125 0.12630208333333334
0 0.5107421875 0 0.619140625 0 0.6201171875 0.00390625 0.6181640625 0.024739583333333332 0.6083984375 0.05859375 0.59765625 0.07291666666666667 0.5927734375 0.07421875 0.58203125 0.061197916666666664 0.55859375 0.046875 0.5146484375 0.033854166666666664 0.509765625 0.018229166666666668 0.5107421875 0.0013020833333333333
0 0.201171875 0.19661458333333334 0.2294921875 0.20572916666666666 0.2568359375 0.22265625 0.2724609375 0.23697916666666666 0.287109375 0.2565104166666667 0.2998046875 0.27734375 0.310546875 0.3046875 0.3154296875 0.32421875 0.3193359375 0.35546875 0.3193359375 0.3763020833333333 0.314453125 0.4114583333333333 0.302734375 0.4401041666666667 0.2724609375 0.4778645833333333 0.244140625 0.4986979166666667 0.228515625 0.50390625 0.2177734375 0.515625 0.2099609375 0.5078125 0.1845703125 0.5078125 0.1552734375 0.4986979166666667 0.140625 0.4895833333333333 0.119140625 0.46875 0.1044921875 0.44921875 0.0908203125 0.4231770833333333 0.0869140625 0.4114583333333333 0.083984375 0.38671875 0.0791015625 0.375 0.078125 0.3619791666666667 0.0771484375 0.3138020833333333 0.0908203125 0.296875 0.0947265625 0.28515625 0.1064453125 0.265625 0.1181640625 0.2513020833333333 0.15625 0.22526041666666666 0.1787109375 0.1953125 0.1904296875 0.19401041666666666 0.2001953125 0.19661458333333334
0 0.65234375 0.078125 0.6875 0.08463541666666667 0.703125 0.09114583333333333 0.7158203125 0.1015625 0.7294921875 0.10546875 0.7373046875 0.11067708333333333 0.7548828125 0.1328125 0.7646484375 0.14973958333333334 0.7724609375 0.16796875 0.775390625 0.18359375 0.775390625 0.1953125 0.7783203125 0.20572916666666666 0.7783203125 0.22395833333333334 0.76953125 0.2578125 0.755859375 0.2721354166666667 0.751953125 0.2825520833333333 0.7490234375 0.3020833333333333 0.7421875 0.3098958333333333 0.7353515625 0.32421875 0.71875 0.33984375 0.7099609375 0.3580729166666667 0.6943359375 0.36328125 0.689453125 0.36328125 0.671875 0.3346354166666667 0.6640625 0.33203125 0.646484375 0.3151041666666667 0.6201171875 0.3020833333333333 0.6162109375 0.2955729166666667 0.6103515625 0.2955729166666667 0.587890625 0.3059895833333333 0.5771484375 0.3059895833333333 0.5703125 0.2955729166666667 0.5634765625 0.2734375 0.5673828125 0.20442708333333334 0.57421875 0.16276041666666666 0.5810546875 0.1484375 0.5849609375 0.13411458333333334 0.619140625 0.09114583333333333 0.642578125 0.078125 0.6513671875 0.078125
0 0.375 0 0.447265625 0 0.4658203125 0.026041666666666668 0.470703125 0.0390625 0.4736328125 0.0546875 0.4736328125 0.06380208333333333 0.4619140625 0.0859375 0.4599609375 0.09635416666666667 0.451171875 0.11848958333333333 0.44921875 0.13411458333333334 0.4423828125 0.14713541666666666 0.4228515625 0.16536458333333334 0.3994140625 0.171875 0.3818359375 0.17057291666666666 0.37890625 0.16796875 0.373046875 0.15104166666666666 0.35546875 0.1328125 0.333984375 0.125 0.3046875 0.12239583333333333 0.3046875 0.11588541666666667 0.310546875 0.10026041666666667 0.3095703125 0.08854166666666667 0.3056640625 0.07682291666666667 0.306640625 0.0703125 0.3203125 0.06380208333333333 0.3232421875 0.048177083333333336 0.333984375 0.024739583333333332 0.3369140625 0.024739583333333332 0.341796875 0.03125 0.3515625 0.01953125 0.375 0.0013020833333333333
0 0.8212890625 0.18880208333333334 0.8349609375 0.19401041666666666 0.8525390625 0.20572916666666666 0.857421875 0.21223958333333334 0.8544921875 0.22395833333333334 0.8544921875 0.23307291666666666 0.8564453125 0.24348958333333334 0.865234375 0.2643229166666667 0.8623046875 0.2838541666666667 0.8662109375 0.29296875 0.8662109375 0.2994791666666667 0.8623046875 0.3033854166666667 0.859375 0.3020833333333333 0.8583984375 0.2994791666666667 0.8603515625 0.296875 0.8583984375 0.2942708333333333 0.8310546875 0.2942708333333333 0.82421875 0.28515625 0.80859375 0.2734375 0.7998046875 0.2630208333333333 0.775390625 0.25390625 0.7822265625 0.22786458333333334 0.7841796875 0.21223958333333334 0.787109375 0.20572916666666666 0.802734375 0.19010416666666666 0.8203125 0.18880208333333334
0 0.6240234375 0.30859375 0.6484375 0.3203125 0.6796875 0.35546875 0.685546875 0.3671875 0.6904296875 0.3841145833333333 0.6953125 0.4192708333333333 0.6923828125 0.47265625 0.68359375 0.4895833333333333 0.6787109375 0.5065104166666666 0.671875 0.5143229166666666 0.662109375 0.51953125 0.64453125 0.53515625 0.619140625 0.546875 0.5810546875 0.5442708333333334 0.5419921875 0.5182291666666666 0.52734375 0.4973958333333333 0.5126953125 0.4479166666666667 0.51171875 0.4205729166666667 0.5146484375 0.40234375 0.517578125 0.390625 0.51953125 0.3893229166666667 0.51953125 0.3815104166666667 0.5166015625 0.3828125 0.515625 0.3893229166666667 0.5087890625 0.3893229166666667 0.505859375 0.3932291666666667 0.5 0.3932291666666667 0.490234375 0.3815104166666667 0.5009765625 0.3619791666666667 0.5048828125 0.3489583333333333 0.5048828125 0.3385416666666667 0.5078125 0.3346354166666667 0.51171875 0.3307291666666667 0.5224609375 0.33203125 0.525390625 0.3372395833333333 0.5302734375 0.3346354166666667 0.5419921875 0.3138020833333333 0.5546875 0.2994791666666667 0.5576171875 0.2994791666666667 0.560546875 0.3033854166666667 0.56640625 0.3216145833333333 0.5966796875 0.3072916666666667 0.615234375 0.3059895833333333 0.623046875 0.30859375
0 0.4501953125 0.21875 0.4599609375 0.22265625 0.4775390625 0.23697916666666666 0.4951171875 0.26171875 0.4990234375 0.2708333333333333 0.5048828125 0.296875 0.505859375 0.3203125 0.4990234375 0.3372395833333333 0.4970703125 0.3580729166666667 0.4814453125 0.38671875 0.4765625 0.40234375 0.44921875 0.42578125 0.4267578125 0.4309895833333333 0.412109375 0.4296875 0.400390625 0.4244791666666667 0.3828125 0.4114583333333333 0.3720703125 0.3984375 0.353515625 0.3658854166666667 0.3505859375 0.32421875 0.3583984375 0.2838541666666667 0.3642578125 0.2682291666666667 0.3798828125 0.24479166666666666 0.404296875 0.22265625 0.4130859375 0.21875 0.44921875 0.21875
0 0.6904296875 0.033854166666666664 0.7060546875 0.036458333333333336 0.712890625 0.040364583333333336 0.734375 0.06770833333333333 0.7421875 0.08854166666666667 0.7431640625 0.10286458333333333 0.7412109375 0.11067708333333333 0.7158203125 0.09765625 0.69921875 0.0859375 0.677734375 0.07942708333333333 0.642578125 0.07552083333333333 0.6279296875 0.08333333333333333 0.6220703125 0.08333333333333333 0.62890625 0.06770833333333333 0.642578125 0.052083333333333336 0.666015625 0.041666666666666664 0.6767578125 0.033854166666666664 0.689453125 0.033854166666666664