0 0.8246527777777778 0.4427083333333333 0.8263888888888888 0.4440104166666667 0.8402777777777778 0.4427083333333333 0.8680555555555556 0.44921875 0.8802083333333334 0.4557291666666667 0.890625 0.4713541666666667 0.890625 0.4921875 0.8854166666666666 0.5026041666666666 0.8715277777777778 0.51953125 0.8576388888888888 0.53125 0.8541666666666666 0.53125 0.8315972222222222 0.5143229166666666 0.8159722222222222 0.5091145833333334 0.78125 0.5091145833333334 0.7743055555555556 0.51171875 0.7621527777777778 0.51171875 0.7552083333333334 0.5052083333333334 0.7482638888888888 0.4934895833333333 0.7465277777777778 0.4739583333333333 0.7552083333333334 0.46484375 0.8020833333333334 0.4453125 0.8229166666666666 0.4427083333333333
0 0.6145833333333334 0.2526041666666667 0.6336805555555556 0.2604166666666667 0.6545138888888888 0.2838541666666667 0.6631944444444444 0.3138020833333333 0.6579861111111112 0.3229166666666667 0.6354166666666666 0.33984375 0.6267361111111112 0.3424479166666667 0.6145833333333334 0.3411458333333333 0.6111111111111112 0.3385416666666667 0.6111111111111112 0.3216145833333333 0.6041666666666666 0.3033854166666667 0.5885416666666666 0.2903645833333333 0.5711805555555556 0.2838541666666667 0.5677083333333334 0.2799479166666667 0.5746527777777778 0.265625 0.5868055555555556 0.2565104166666667 0.5972222222222222 0.2526041666666667 0.6128472222222222 0.2526041666666667
0 0.5538194444444444 0.2825520833333333 0.5659722222222222 0.2838541666666667 0.5833333333333334 0.2890625 0.6006944444444444 0.3020833333333333 0.6076388888888888 0.3151041666666667 0.609375 0.3385416666666667 0.6041666666666666 0.3515625 0.578125 0.3736979166666667 0.5711805555555556 0.3763020833333333 0.5486111111111112 0.37890625 0.53125 0.3776041666666667 0.5190972222222222 0.3736979166666667 0.4982638888888889 0.359375 0.4895833333333333 0.3463541666666667 0.4861111111111111 0.328125 0.4965277777777778 0.3072916666666667 0.5121527777777778 0.29296875 0.5260416666666666 0.2864583333333333 0.5520833333333334 0.2825520833333333
0 0.6076388888888888 0.3580729166666667 0.6128472222222222 0.36328125 0.6145833333333334 0.3763020833333333 0.6215277777777778 0.390625 0.6475694444444444 0.41015625 0.65625 0.4192708333333333 0.6597222222222222 0.4270833333333333 0.6597222222222222 0.4453125 0.6527777777777778 0.45703125 0.625 0.4752604166666667 0.6232638888888888 0.484375 0.6145833333333334 0.4908854166666667 0.6111111111111112 0.4908854166666667 0.6041666666666666 0.4856770833333333 0.5833333333333334 0.4817708333333333 0.5694444444444444 0.4713541666666667 0.5520833333333334 0.46484375 0.5416666666666666 0.4557291666666667 0.5329861111111112 0.4375 0.5347222222222222 0.4270833333333333 0.5451388888888888 0.4166666666666667 0.5520833333333334 0.4036458333333333 0.5677083333333334 0.3997395833333333 0.5798611111111112 0.3919270833333333 0.59375 0.3763020833333333 0.5972222222222222 0.36328125 0.6059027777777778 0.3580729166666667
0 0.3958333333333333 0.2890625 0.4166666666666667 0.2994791666666667 0.4375 0.3033854166666667 0.4496527777777778 0.30859375 0.4670138888888889 0.3229166666666667 0.4756944444444444 0.3385416666666667 0.4756944444444444 0.3541666666666667 0.4722222222222222 0.36328125 0.453125 0.38671875 0.4461805555555556 0.3919270833333333 0.4305555555555556 0.3984375 0.4131944444444444 0.3997395833333333 0.3871527777777778 0.3984375 0.3645833333333333 0.3919270833333333 0.34375 0.3776041666666667 0.3333333333333333 0.359375 0.3333333333333333 0.3463541666666667 0.3402777777777778 0.328125 0.3472222222222222 0.3190104166666667 0.3663194444444444 0.3072916666666667 0.3645833333333333 0.3046875 0.3541666666666667 0.30078125 0.3541666666666667 0.2942708333333333 0.375 0.2890625 0.3940972222222222 0.2890625
0 0.71875 0.3190104166666667 0.75 0.3268229166666667 0.7638888888888888 0.3333333333333333 0.7725694444444444 0.3450520833333333 0.7795138888888888 0.3489583333333333 0.7864583333333334 0.3658854166666667 0.7829861111111112 0.3815104166666667 0.7708333333333334 0.3971354166666667 0.7447916666666666 0.41015625 0.7361111111111112 0.4166666666666667 0.7204861111111112 0.4205729166666667 0.6909722222222222 0.4153645833333333 0.6701388888888888 0.4075520833333333 0.65625 0.3958333333333333 0.6493055555555556 0.3854166666666667 0.6475694444444444 0.3776041666666667 0.6493055555555556 0.359375 0.6684027777777778 0.3346354166666667 0.6788194444444444 0.328125 0.6996527777777778 0.3203125 0.7170138888888888 0.3190104166666667
0 0.2222222222222222 0.3815104166666667 0.2482638888888889 0.3893229166666667 0.2725694444444444 0.40625 0.2847222222222222 0.4244791666666667 0.2881944444444444 0.4453125 0.2777777777777778 0.4713541666666667 0.2690972222222222 0.4830729166666667 0.24479166666666666 0.4986979166666667 0.2152777777777778 0.5091145833333334 0.2048611111111111 0.5104166666666666 0.1701388888888889 0.5091145833333334 0.1545138888888889 0.5065104166666666 0.1267361111111111 0.4947916666666667 0.11458333333333333 0.4856770833333333 0.10590277777777778 0.4752604166666667 0.10243055555555555 0.4622395833333333 0.10243055555555555 0.4427083333333333 0.1111111111111111 0.41796875 0.1232638888888889 0.4049479166666667 0.14756944444444445 0.3893229166666667 0.16493055555555555 0.3828125 0.18229166666666666 0.3802083333333333 0.2204861111111111 0.3815104166666667
0 0.9461805555555556 0.6549479166666666 0.1076388888888889 0.14583333333333334
0 0.7569444444444444 0.2669270833333333 0.765625 0.26953125 0.7760416666666666 0.26953125 0.7951388888888888 0.2825520833333333 0.7951388888888888 0.29296875 0.8020833333333334 0.3177083333333333 0.796875 0.3346354166666667 0.7829861111111112 0.34765625 0.7760416666666666 0.3450520833333333 0.7673611111111112 0.3333333333333333 0.7569444444444444 0.3268229166666667 0.7256944444444444 0.3177083333333333 0.6961805555555556 0.3177083333333333 0.6927083333333334 0.3125 0.6909722222222222 0.3059895833333333 0.6927083333333334 0.2981770833333333 0.6979166666666666 0.2890625 0.7100694444444444 0.2786458333333333 0.7309027777777778 0.2721354166666667 0.7465277777777778 0.2721354166666667 0.7552083333333334 0.2669270833333333
0 0.6840277777777778 0.51171875 0.6875 0.5104166666666666 0.7065972222222222 0.5130208333333334 0.7204861111111112 0.51171875 0.7256944444444444 0.5169270833333334 0.7395833333333334 0.5182291666666666 0.7447916666666666 0.5208333333333334 0.7517361111111112 0.5208333333333334 0.7673611111111112 0.5143229166666666 0.7881944444444444 0.5104166666666666 0.8177083333333334 0.51171875 0.8263888888888888 0.5143229166666666 0.8420138888888888 0.5234375 0.8506944444444444 0.53125 0.859375 0.5481770833333334 0.859375 0.5651041666666666 0.8541666666666666 0.578125 0.8472222222222222 0.5872395833333334 0.8333333333333334 0.5989583333333334 0.8211805555555556 0.60546875 0.7986111111111112 0.6119791666666666 0.7864583333333334 0.6145833333333334 0.7690972222222222 0.6145833333333334 0.7447916666666666 0.6041666666666666 0.734375 0.5950520833333334 0.7256944444444444 0.5833333333333334 0.7222222222222222 0.5716145833333334 0.7239583333333334 0.5442708333333334 0.7204861111111112 0.5416666666666666 0.7152777777777778 0.5416666666666666 0.7118055555555556 0.546875 0.6979166666666666 0.5481770833333334 0.6892361111111112 0.5520833333333334 0.6927083333333334 0.546875 0.703125 0.5416666666666666 0.7065972222222222 0.54296875 0.7152777777777778 0.5364583333333334 0.7048611111111112 0.53125 0.6996527777777778 0.5260416666666666 0.6875 0.5247395833333334 0.6822916666666666 0.5208333333333334 0.6840277777777778 0.5130208333333334
0 0.8715277777777778 0.375 0.9027777777777778 0.3932291666666667 0.9079861111111112 0.4075520833333333 0.90625 0.421875 0.8975694444444444 0.4348958333333333 0.8819444444444444 0.44921875 0.8732638888888888 0.44921875 0.8472222222222222 0.4401041666666667 0.8038194444444444 0.4375 0.7916666666666666 0.44140625 0.7847222222222222 0.4401041666666667 0.78125 0.4361979166666667 0.78125 0.4296875 0.7916666666666666 0.421875 0.7986111111111112 0.4114583333333333 0.8038194444444444 0.3971354166666667 0.8194444444444444 0.3815104166666667 0.8402777777777778 0.3723958333333333 0.8628472222222222 0.3723958333333333 0.8697916666666666 0.375