0 0.6962890625 0.7005208333333334 0.720703125 0.7044270833333334 0.73046875 0.7096354166666666 0.7490234375 0.7252604166666666 0.76171875 0.7447916666666666 0.7705078125 0.7682291666666666 0.7744140625 0.7890625 0.775390625 0.83203125 0.7705078125 0.8515625 0.765625 0.8619791666666666 0.75390625 0.8802083333333334 0.7431640625 0.890625 0.7294921875 0.9010416666666666 0.7119140625 0.9049479166666666 0.6904296875 0.8997395833333334 0.6611328125 0.8828125 0.634765625 0.84765625 0.6279296875 0.8294270833333334 0.62890625 0.8151041666666666 0.65625 0.7747395833333334 0.6591796875 0.7513020833333334 0.666015625 0.734375 0.66796875 0.7057291666666666 0.6708984375 0.7018229166666666 0.6953125 0.7005208333333334
0 0.365234375 0.41015625 0.376953125 0.4192708333333333 0.3857421875 0.4375 0.39453125 0.4479166666666667 0.4404296875 0.46875 0.466796875 0.48828125 0.474609375 0.4973958333333333 0.4853515625 0.5182291666666666 0.494140625 0.5559895833333334 0.4951171875 0.5924479166666666 0.48828125 0.6106770833333334 0.4716796875 0.63671875 0.447265625 0.6614583333333334 0.443359375 0.6731770833333334 0.4423828125 0.69140625 0.4287109375 0.7018229166666666 0.41796875 0.7057291666666666 0.396484375 0.703125 0.373046875 0.6940104166666666 0.3447265625 0.6953125 0.3310546875 0.69140625 0.3193359375 0.6861979166666666 0.2939453125 0.6666666666666666 0.2802734375 0.64453125 0.27734375 0.6354166666666666 0.27734375 0.5846354166666666 0.2822265625 0.5598958333333334 0.2900390625 0.5377604166666666 0.30078125 0.5182291666666666 0.3359375 0.4713541666666667 0.3486328125 0.4322916666666667 0.357421875 0.4166666666666667 0.3642578125 0.4114583333333333
0 0.58984375 0.41796875 0.6201171875 0.4466145833333333 0.64453125 0.48828125 0.65234375 0.51953125 0.6513671875 0.5598958333333334 0.6435546875 0.5859375 0.630859375 0.60546875 0.6201171875 0.6158854166666666 0.5947265625 0.6276041666666666 0.5615234375 0.6276041666666666 0.54296875 0.6171875 0.5244140625 0.6015625 0.5107421875 0.5846354166666666 0.5 0.5611979166666666 0.4921875 0.5143229166666666 0.494140625 0.4622395833333333 0.5029296875 0.4388020833333333 0.513671875 0.42578125 0.5283203125 0.4153645833333333 0.5478515625 0.4088541666666667 0.568359375 0.4088541666666667 0.5888671875 0.41796875
0 0.29296875 0.67578125 0.2998046875 0.6744791666666666 0.3115234375 0.6861979166666666 0.3388671875 0.6979166666666666 0.376953125 0.69921875 0.3896484375 0.7057291666666666 0.4150390625 0.7135416666666666 0.421875 0.72265625 0.42578125 0.7473958333333334 0.423828125 0.7786458333333334 0.419921875 0.796875 0.4111328125 0.8138020833333334 0.400390625 0.82421875 0.37890625 0.8359375 0.357421875 0.8359375 0.3447265625 0.83203125 0.31640625 0.83203125 0.3076171875 0.8346354166666666 0.30078125 0.83203125 0.2685546875 0.7903645833333334 0.2626953125 0.7786458333333334 0.248046875 0.7825520833333334 0.2431640625 0.7708333333333334 0.2373046875 0.765625 0.2392578125 0.75 0.2470703125 0.7395833333333334 0.25 0.7317708333333334 0.25 0.7083333333333334 0.251953125 0.7057291666666666 0.26171875 0.7083333333333334 0.265625 0.7200520833333334 0.2685546875 0.72265625 0.2724609375 0.7161458333333334 0.2724609375 0.7096354166666666 0.2763671875 0.7057291666666666 0.2822265625 0.69140625 0.29296875 0.6770833333333334
0 0.744140625 0.4830729166666667 0.7841796875 0.4947916666666667 0.8056640625 0.515625 0.8115234375 0.52734375 0.8203125 0.5651041666666666 0.8203125 0.5768229166666666 0.826171875 0.5924479166666666 0.826171875 0.62109375 0.833984375 0.6380208333333334 0.833984375 0.6627604166666666 0.8291015625 0.6705729166666666 0.826171875 0.6822916666666666 0.814453125 0.6861979166666666 0.775390625 0.68359375 0.7578125 0.6940104166666666 0.74609375 0.6979166666666666 0.70703125 0.6953125 0.6962890625 0.6888020833333334 0.6904296875 0.6783854166666666 0.6884765625 0.66796875 0.6845703125 0.6653645833333334 0.6806640625 0.6575520833333334 0.681640625 0.6536458333333334 0.6787109375 0.6497395833333334 0.6826171875 0.6471354166666666 0.6796875 0.640625 0.6748046875 0.6341145833333334 0.671875 0.6393229166666666 0.6748046875 0.64453125 0.6640625 0.6354166666666666 0.658203125 0.62109375 0.65234375 0.5924479166666666 0.65234375 0.5729166666666666 0.65625 0.5546875 0.65625 0.5143229166666666 0.658203125 0.50390625 0.66796875 0.4973958333333333 0.677734375 0.4947916666666667 0.703125 0.4921875 0.7265625 0.484375 0.7431640625 0.4830729166666667
0 0.318359375 0.041666666666666664 0.341796875 0.048177083333333336 0.3720703125 0.06770833333333333 0.39453125 0.09895833333333333 0.404296875 0.11979166666666667 0.408203125 0.12239583333333333 0.41015625 0.11458333333333333 0.4140625 0.11458333333333333 0.4169921875 0.11848958333333333 0.421875 0.13932291666666666 0.4208984375 0.18229166666666666 0.4169921875 0.20052083333333334 0.41796875 0.23567708333333334 0.41015625 0.25 0.4033203125 0.2747395833333333 0.390625 0.2955729166666667 0.369140625 0.3151041666666667 0.357421875 0.3216145833333333 0.34765625 0.3307291666666667 0.337890625 0.3346354166666667 0.3115234375 0.3333333333333333 0.2900390625 0.32421875 0.2685546875 0.30859375 0.2470703125 0.3072916666666667 0.232421875 0.2747395833333333 0.232421875 0.2565104166666667 0.2236328125 0.23958333333333334 0.212890625 0.23958333333333334 0.181640625 0.2578125 0.1748046875 0.24869791666666666 0.1728515625 0.23307291666666666 0.1689453125 0.22135416666666666 0.1708984375 0.2109375 0.1845703125 0.19140625 0.193359375 0.19010416666666666 0.2060546875 0.20182291666666666 0.212890625 0.20182291666666666 0.212890625 0.18619791666666666 0.205078125 0.17447916666666666 0.2041015625 0.16145833333333334 0.212890625 0.15364583333333334 0.2119140625 0.140625 0.2158203125 0.12890625 0.216796875 0.11588541666666667 0.2314453125 0.0859375 0.2548828125 0.06640625 0.26953125 0.045572916666666664 0.2744140625 0.045572916666666664 0.2822265625 0.05078125 0.3017578125 0.04296875 0.3173828125 0.041666666666666664
0 0.1728515625 0.3411458333333333 0.19921875 0.33984375 0.2392578125 0.3580729166666667 0.25 0.37109375 0.2529296875 0.37890625 0.25390625 0.39453125 0.2607421875 0.4153645833333333 0.2626953125 0.43359375 0.2626953125 0.4544270833333333 0.259765625 0.48046875 0.2490234375 0.5065104166666666 0.2421875 0.515625 0.2041015625 0.5325520833333334 0.1845703125 0.5338541666666666 0.1357421875 0.5325520833333334 0.130859375 0.5260416666666666 0.125 0.5091145833333334 0.1240234375 0.5 0.1142578125 0.4791666666666667 0.10546875 0.4361979166666667 0.1064453125 0.3997395833333333 0.1181640625 0.3671875 0.1259765625 0.3580729166666667 0.13671875 0.3515625 0.1591796875 0.3424479166666667 0.171875 0.3411458333333333
0 0.76953125 0.022135416666666668 0.7841796875 0.0390625 0.794921875 0.06640625 0.80078125 0.09895833333333333 0.798828125 0.12369791666666667 0.80078125 0.140625 0.796875 0.14973958333333334 0.7861328125 0.1640625 0.7861328125 0.17578125 0.7841796875 0.18098958333333334 0.77734375 0.19791666666666666 0.7685546875 0.20963541666666666 0.763671875 0.21223958333333334 0.7578125 0.2109375 0.7509765625 0.20052083333333334 0.740234375 0.20833333333333334 0.7138671875 0.21484375 0.6796875 0.20963541666666666 0.6572265625 0.19921875 0.6513671875 0.19270833333333334 0.6484375 0.18098958333333334 0.640625 0.17578125 0.630859375 0.1640625 0.6279296875 0.140625 0.6279296875 0.06901041666666667 0.6337890625 0.049479166666666664 0.6416015625 0.032552083333333336 0.6552734375 0.014322916666666666 0.671875 0 0.7607421875 0 0.763671875 0.015625 0.7685546875 0.022135416666666668
0 0.5224609375 0.60546875 0.5556640625 0.62890625 0.560546875 0.6302083333333334 0.5869140625 0.6315104166666666 0.6201171875 0.62109375 0.6376953125 0.6458333333333334 0.642578125 0.6627604166666666 0.6533203125 0.6783854166666666 0.6552734375 0.6927083333333334 0.662109375 0.69921875 0.662109375 0.7317708333333334 0.65625 0.74609375 0.654296875 0.7643229166666666 0.6513671875 0.7734375 0.6435546875 0.7825520833333334 0.6357421875 0.7981770833333334 0.623046875 0.8138020833333334 0.6064453125 0.8255208333333334 0.5810546875 0.8372395833333334 0.564453125 0.8359375 0.5419921875 0.828125 0.51953125 0.80859375 0.4931640625 0.7786458333333334 0.482421875 0.7604166666666666 0.47265625 0.734375 0.46875 0.7135416666666666 0.4677734375 0.6875 0.4697265625 0.6705729166666666 0.4736328125 0.6575520833333334 0.4833984375 0.65625 0.4853515625 0.6536458333333334 0.4853515625 0.6432291666666666 0.5048828125 0.6263020833333334 0.513671875 0.6106770833333334 0.521484375 0.60546875
0 0.466796875 0.73828125 0.470703125 0.7421875 0.478515625 0.7604166666666666 0.48828125 0.7760416666666666 0.5390625 0.8359375 0.5380859375 0.84375 0.529296875 0.8645833333333334 0.529296875 0.8697916666666666 0.51953125 0.890625 0.4921875 0.9270833333333334 0.48046875 0.94921875 0.4716796875 0.953125 0.466796875 0.953125 0.458984375 0.9453125 0.4462890625 0.9192708333333334 0.41796875 0.8828125 0.41015625 0.8658854166666666 0.40625 0.8463541666666666 0.4072265625 0.8229166666666666 0.419921875 0.8059895833333334 0.427734375 0.7760416666666666 0.435546875 0.7643229166666666 0.451171875 0.7486979166666666 0.462890625 0.73828125 0.4658203125 0.73828125
0 0.6220703125 0.8346354166666666 0.6298828125 0.84765625 0.662109375 0.8880208333333334 0.671875 0.8919270833333334 0.6796875 0.8984375 0.68359375 0.9049479166666666 0.6845703125 0.9244791666666666 0.6728515625 0.9518229166666666 0.6513671875 0.9830729166666666 0.634765625 0.9986979166666666 0.5029296875 0.9986979166666666 0.5029296875 0.984375 0.4951171875 0.9544270833333334 0.4951171875 0.9348958333333334 0.498046875 0.92578125 0.5146484375 0.9049479166666666 0.53125 0.8776041666666666 0.5361328125 0.8658854166666666 0.548828125 0.8502604166666666 0.556640625 0.8450520833333334 0.57421875 0.8450520833333334 0.5908203125 0.8411458333333334 0.6123046875 0.8307291666666666 0.619140625 0.8307291666666666 0.62109375 0.8346354166666666