0 0.76171875 0.4036458333333333 0.78515625 0.4205729166666667 0.798828125 0.4244791666666667 0.822265625 0.4388020833333333 0.8544921875 0.4869791666666667 0.8603515625 0.5 0.87109375 0.5442708333333334 0.8759765625 0.5846354166666666 0.873046875 0.6197916666666666 0.8662109375 0.64453125 0.85546875 0.6692708333333334 0.8115234375 0.7239583333333334 0.78125 0.73828125 0.7626953125 0.7434895833333334 0.7177734375 0.7421875 0.6904296875 0.734375 0.6708984375 0.7239583333333334 0.666015625 0.71484375 0.6630859375 0.7005208333333334 0.638671875 0.6627604166666666 0.6181640625 0.6184895833333334 0.611328125 0.5885416666666666 0.6103515625 0.53125 0.615234375 0.49609375 0.6279296875 0.4622395833333333 0.6357421875 0.4479166666666667 0.650390625 0.4309895833333333 0.677734375 0.4140625 0.6982421875 0.4140625 0.7431640625 0.4075520833333333 0.751953125 0.4075520833333333 0.7548828125 0.4114583333333333 0.7607421875 0.4049479166666667
0 0.6826171875 0.7356770833333334 0.7138671875 0.7473958333333334 0.7255859375 0.7486979166666666 0.76171875 0.7486979166666666 0.7998046875 0.73828125 0.814453125 0.7513020833333334 0.8310546875 0.7721354166666666 0.8486328125 0.8229166666666666 0.8564453125 0.8372395833333334 0.8583984375 0.8450520833333334 0.859375 0.8763020833333334 0.8564453125 0.90625 0.8447265625 0.95703125 0.828125 0.9947916666666666 0.82421875 0.9986979166666666 0.7265625 0.9986979166666666 0.724609375 0.99609375 0.71875 0.9986979166666666 0.6533203125 0.99609375 0.650390625 0.9986979166666666 0.6484375 0.99609375 0.6298828125 0.99609375 0.626953125 0.9934895833333334 0.6298828125 0.9908854166666666 0.6171875 0.9791666666666666 0.6083984375 0.9661458333333334 0.5947265625 0.9348958333333334 0.59375 0.9166666666666666 0.595703125 0.8919270833333334 0.6025390625 0.8697916666666666 0.6044921875 0.8671875 0.615234375 0.8671875 0.6240234375 0.8528645833333334 0.626953125 0.8385416666666666 0.626953125 0.8255208333333334 0.625 0.8190104166666666 0.6259765625 0.79296875 0.630859375 0.7799479166666666 0.6337890625 0.7604166666666666 0.6376953125 0.75390625 0.6640625 0.7291666666666666 0.681640625 0.7356770833333334
0 0.951171875 0.5924479166666666 0.96875 0.6041666666666666 0.98828125 0.6106770833333334 0.9990234375 0.6171875 0.9990234375 0.8697916666666666 0.98046875 0.8841145833333334 0.9423828125 0.9036458333333334 0.935546875 0.9036458333333334 0.9326171875 0.9010416666666666 0.9287109375 0.890625 0.9208984375 0.8815104166666666 0.8935546875 0.8671875 0.8837890625 0.85546875 0.87109375 0.8450520833333334 0.85546875 0.82421875 0.8466796875 0.8020833333333334 0.837890625 0.7682291666666666 0.837890625 0.7591145833333334 0.82421875 0.7252604166666666 0.82421875 0.7200520833333334 0.8662109375 0.6627604166666666 0.876953125 0.63671875 0.8798828125 0.6223958333333334 0.8955078125 0.6041666666666666 0.9033203125 0.59765625 0.9140625 0.59375 0.9501953125 0.5924479166666666
0 0.56640625 0.8463541666666666 0.576171875 0.8515625 0.5908203125 0.8645833333333334 0.5947265625 0.87109375 0.5908203125 0.8932291666666666 0.58984375 0.9322916666666666 0.603515625 0.9674479166666666 0.609375 0.9778645833333334 0.619140625 0.98828125 0.62109375 0.9934895833333334 0.619140625 0.9986979166666666 0.5458984375 0.9986979166666666 0.5439453125 0.99609375 0.5400390625 0.9986979166666666 0.3857421875 0.9986979166666666 0.3994140625 0.9453125 0.4072265625 0.9283854166666666 0.4306640625 0.8958333333333334 0.46484375 0.8606770833333334 0.4814453125 0.8502604166666666 0.5126953125 0.83984375 0.5439453125 0.8411458333333334 0.5654296875 0.8463541666666666
0 0.3466796875 0.8138020833333334 0.3828125 0.8098958333333334 0.3974609375 0.7903645833333334 0.4013671875 0.7916666666666666 0.4052734375 0.8033854166666666 0.40625 0.8216145833333334 0.40234375 0.8463541666666666 0.4013671875 0.875 0.4052734375 0.8997395833333334 0.4052734375 0.9192708333333334 0.39453125 0.9466145833333334 0.3876953125 0.9778645833333334 0.3837890625 0.9869791666666666 0.3837890625 0.9934895833333334 0.380859375 0.9986979166666666 0.232421875 0.9986979166666666 0.23046875 0.9947916666666666 0.2314453125 0.9908854166666666 0.224609375 0.97265625 0.220703125 0.9348958333333334 0.2216796875 0.8919270833333334 0.2265625 0.875 0.2412109375 0.8502604166666666 0.2587890625 0.8359375 0.271484375 0.8307291666666666 0.306640625 0.828125 0.345703125 0.8138020833333334
0 0.2578125 0.59765625 0.27734375 0.6015625 0.2919921875 0.6015625 0.3173828125 0.6119791666666666 0.3203125 0.62109375 0.326171875 0.6640625 0.330078125 0.6692708333333334 0.341796875 0.6666666666666666 0.3447265625 0.6705729166666666 0.3466796875 0.6809895833333334 0.349609375 0.6848958333333334 0.3623046875 0.69140625 0.3720703125 0.703125 0.3740234375 0.7096354166666666 0.3740234375 0.7239583333333334 0.3701171875 0.75 0.3564453125 0.78515625 0.3447265625 0.80078125 0.33203125 0.8111979166666666 0.2978515625 0.8229166666666666 0.263671875 0.8190104166666666 0.2275390625 0.796875 0.2060546875 0.77734375 0.201171875 0.7669270833333334 0.1943359375 0.7421875 0.19140625 0.71484375 0.19140625 0.67578125 0.2001953125 0.63671875 0.2080078125 0.6223958333333334 0.2265625 0.6002604166666666 0.2333984375 0.5963541666666666 0.2568359375 0.59765625
0 0.7392578125 0.057291666666666664 0.755859375 0.0625 0.7822265625 0.07942708333333333 0.798828125 0.09635416666666667 0.8271484375 0.13802083333333334 0.8349609375 0.16276041666666666 0.83984375 0.19921875 0.83984375 0.2513020833333333 0.837890625 0.2643229166666667 0.8251953125 0.3059895833333333 0.8056640625 0.33984375 0.7841796875 0.3645833333333333 0.7646484375 0.3815104166666667 0.744140625 0.39453125 0.7216796875 0.40234375 0.6884765625 0.4075520833333333 0.6640625 0.4036458333333333 0.638671875 0.3893229166666667 0.6123046875 0.3671875 0.5966796875 0.3450520833333333 0.5888671875 0.3255208333333333 0.5810546875 0.29296875 0.578125 0.2643229166666667 0.578125 0.21484375 0.5830078125 0.19140625 0.599609375 0.15104166666666666 0.6240234375 0.11328125 0.6396484375 0.09375 0.65625 0.078125 0.6865234375 0.061197916666666664 0.7119140625 0.0546875 0.73046875 0.0546875 0.73828125 0.057291666666666664
0 0.2646484375 0 0.54296875 0 0.552734375 0.032552083333333336 0.544921875 0.08723958333333333 0.5341796875 0.11979166666666667 0.525390625 0.13541666666666666 0.525390625 0.1484375 0.5205078125 0.171875 0.49609375 0.22395833333333334 0.486328125 0.23697916666666666 0.4404296875 0.28125 0.41015625 0.30078125 0.3955078125 0.3033854166666667 0.3779296875 0.2903645833333333 0.369140625 0.2903645833333333 0.349609375 0.2838541666666667 0.3056640625 0.2513020833333333 0.28515625 0.22786458333333334 0.2685546875 0.19921875 0.251953125 0.14973958333333334 0.25390625 0.12239583333333333 0.251953125 0.07421875 0.259765625 0.03515625 0.2626953125 0.00390625 0.2646484375 0.0013020833333333333
0 0.9990234375 0.21875 0.9990234375 0.3346354166666667 0.99609375 0.3372395833333333 0.99609375 0.34375 0.9990234375 0.34765625 0.9990234375 0.609375 0.994140625 0.609375 0.962890625 0.59375 0.9375 0.5716145833333334 0.9228515625 0.55078125 0.896484375 0.5 0.88671875 0.4635416666666667 0.8837890625 0.4322916666666667 0.88671875 0.3932291666666667 0.890625 0.3828125 0.8720703125 0.3684895833333333 0.8525390625 0.3697916666666667 0.8486328125 0.3658854166666667 0.8583984375 0.3385416666666667 0.8623046875 0.3203125 0.8671875 0.3151041666666667 0.8876953125 0.3059895833333333 0.8955078125 0.2981770833333333 0.9033203125 0.2942708333333333 0.90234375 0.2786458333333333 0.91015625 0.2630208333333333 0.916015625 0.26171875 0.923828125 0.2682291666666667 0.939453125 0.2682291666666667 0.9482421875 0.2552083333333333 0.95703125 0.24869791666666666 0.9658203125 0.24739583333333334 0.9716796875 0.23828125 0.998046875 0.21875
0 0.50390625 0.4244791666666667 0.5146484375 0.4270833333333333 0.541015625 0.4427083333333333 0.552734375 0.4557291666666667 0.5634765625 0.4609375 0.5849609375 0.4856770833333333 0.5888671875 0.4869791666666667 0.591796875 0.4830729166666667 0.595703125 0.4856770833333333 0.5986328125 0.4973958333333333 0.599609375 0.51953125 0.60546875 0.5442708333333334 0.6064453125 0.58203125 0.609375 0.59765625 0.609375 0.6119791666666666 0.6005859375 0.6354166666666666 0.6005859375 0.66796875 0.58984375 0.6744791666666666 0.591796875 0.6848958333333334 0.599609375 0.69921875 0.5927734375 0.7200520833333334 0.58203125 0.7278645833333334 0.5751953125 0.7369791666666666 0.5751953125 0.7421875 0.580078125 0.7526041666666666 0.580078125 0.7643229166666666 0.5771484375 0.7682291666666666 0.556640625 0.76953125 0.5380859375 0.7825520833333334 0.533203125 0.7890625 0.5341796875 0.80078125 0.53125 0.8046875 0.5068359375 0.80859375 0.494140625 0.8072916666666666 0.4814453125 0.79296875 0.4716796875 0.7864583333333334 0.4638671875 0.78515625 0.4580078125 0.7786458333333334 0.455078125 0.7669270833333334 0.451171875 0.7630208333333334 0.439453125 0.76171875 0.412109375 0.74609375 0.392578125 0.7252604166666666 0.3701171875 0.6901041666666666 0.3623046875 0.6809895833333334 0.3544921875 0.6783854166666666 0.35546875 0.6627604166666666 0.345703125 0.6536458333333334 0.33984375 0.66015625 0.3310546875 0.66015625 0.326171875 0.6302083333333334 0.32421875 0.6276041666666666 0.326171875 0.5911458333333334 0.3349609375 0.5494791666666666 0.3447265625 0.51953125 0.3623046875 0.4869791666666667 0.408203125 0.4440104166666667 0.423828125 0.4322916666666667 0.453125 0.4244791666666667 0.5029296875 0.4244791666666667
0 0.29296875 0.3268229166666667 0.30078125 0.3346354166666667 0.3037109375 0.34375 0.30859375 0.3502604166666667 0.3193359375 0.359375 0.3525390625 0.3984375 0.369140625 0.43359375 0.3720703125 0.4674479166666667 0.3701171875 0.47265625 0.35546875 0.4895833333333333 0.3447265625 0.5091145833333334 0.33203125 0.5455729166666666 0.3291015625 0.5625 0.3203125 0.5794270833333334 0.3046875 0.5872395833333334 0.2744140625 0.5950520833333334 0.2333984375 0.5885416666666666 0.2119140625 0.5677083333333334 0.1982421875 0.5481770833333334 0.1826171875 0.5091145833333334 0.1767578125 0.4622395833333333 0.1767578125 0.4466145833333333 0.1796875 0.4205729166666667 0.1865234375 0.4036458333333333 0.1884765625 0.390625 0.1962890625 0.375 0.205078125 0.3645833333333333 0.212890625 0.3580729166666667 0.232421875 0.3502604166666667 0.2451171875 0.3411458333333333 0.265625 0.33984375 0.2802734375 0.3359375 0.28515625 0.3294270833333333 0.2919921875 0.3268229166666667