0 0.8350694444444444 0.6236979166666666 0.8611111111111112 0.62890625 0.8871527777777778 0.6419270833333334 0.9045138888888888 0.6536458333333334 0.9288194444444444 0.6796875 0.9305555555555556 0.6848958333333334 0.9288194444444444 0.7122395833333334 0.9340277777777778 0.7135416666666666 0.9375 0.7096354166666666 0.9409722222222222 0.7096354166666666 0.9496527777777778 0.7135416666666666 0.9461805555555556 0.7447916666666666 0.9444444444444444 0.74609375 0.9427083333333334 0.7395833333333334 0.9427083333333334 0.7265625 0.9357638888888888 0.7239583333333334 0.9305555555555556 0.73046875 0.9392361111111112 0.7330729166666666 0.9357638888888888 0.7473958333333334 0.9375 0.7513020833333334 0.9427083333333334 0.7526041666666666 0.9479166666666666 0.75 0.9513888888888888 0.7526041666666666 0.9375 0.7604166666666666 0.9375 0.7630208333333334 0.9288194444444444 0.7721354166666666 0.9184027777777778 0.7708333333333334 0.9114583333333334 0.7786458333333334 0.9131944444444444 0.78125 0.9114583333333334 0.7825520833333334 0.9079861111111112 0.78125 0.9097222222222222 0.7786458333333334 0.9010416666666666 0.7708333333333334 0.8940972222222222 0.7734375 0.890625 0.7799479166666666 0.9045138888888888 0.78125 0.9045138888888888 0.7825520833333334 0.890625 0.7825520833333334 0.8819444444444444 0.7890625 0.8802083333333334 0.78515625 0.875 0.7825520833333334 0.8732638888888888 0.7760416666666666 0.8680555555555556 0.77734375 0.8628472222222222 0.7747395833333334 0.8072916666666666 0.7760416666666666 0.7777777777777778 0.76953125 0.7586805555555556 0.76171875 0.7361111111111112 0.7486979166666666 0.7204861111111112 0.7291666666666666 0.7204861111111112 0.7122395833333334 0.7291666666666666 0.69921875 0.7291666666666666 0.66796875 0.7239583333333334 0.6588541666666666 0.7256944444444444 0.6484375 0.7482638888888888 0.6328125 0.7847222222222222 0.6223958333333334 0.8333333333333334 0.6236979166666666
0 0.9861111111111112 0.5520833333333334 0.9982638888888888 0.5546875 0.9982638888888888 0.68359375 0.9635416666666666 0.6927083333333334 0.9444444444444444 0.6927083333333334 0.9357638888888888 0.6888020833333334 0.9340277777777778 0.6822916666666666 0.9236111111111112 0.66796875 0.9114583333333334 0.65625 0.8819444444444444 0.6354166666666666 0.8784722222222222 0.6276041666666666 0.8836805555555556 0.6015625 0.8940972222222222 0.5911458333333334 0.9270833333333334 0.5755208333333334 0.9444444444444444 0.5625 0.9496527777777778 0.5559895833333334 0.984375 0.5520833333333334
0 0.6753472222222222 0.7825520833333334 0.6736111111111112 0.79296875 0.6579861111111112 0.8098958333333334 0.6302083333333334 0.8268229166666666 0.6145833333333334 0.8307291666666666 0.5989583333333334 0.8307291666666666 0.5902777777777778 0.8268229166666666 0.5729166666666666 0.8255208333333334 0.5607638888888888 0.8216145833333334 0.5434027777777778 0.8138020833333334 0.53125 0.8033854166666666 0.5260416666666666 0.7955729166666666 0.5416666666666666 0.7994791666666666 0.6111111111111112 0.80078125 0.6510416666666666 0.7916666666666666 0.6736111111111112 0.7825520833333334
0 0.3263888888888889 0.4700520833333333 0.3454861111111111 0.4713541666666667 0.3628472222222222 0.4752604166666667 0.4010416666666667 0.4895833333333333 0.4097222222222222 0.4908854166666667 0.4236111111111111 0.4973958333333333 0.4444444444444444 0.5026041666666666 0.453125 0.5078125 0.4583333333333333 0.515625 0.4583333333333333 0.5221354166666666 0.4548611111111111 0.5234375 0.4461805555555556 0.5221354166666666 0.4427083333333333 0.5247395833333334 0.4496527777777778 0.5559895833333334 0.4496527777777778 0.5768229166666666 0.4375 0.60546875 0.4253472222222222 0.6197916666666666 0.3958333333333333 0.6341145833333334 0.3680555555555556 0.64453125 0.34375 0.6484375 0.3315972222222222 0.6549479166666666 0.3211805555555556 0.6575520833333334 0.3003472222222222 0.6575520833333334 0.28125 0.6484375 0.2604166666666667 0.6315104166666666 0.2569444444444444 0.6263020833333334 0.23958333333333334 0.6145833333333334 0.22743055555555555 0.6015625 0.2222222222222222 0.5846354166666666 0.21006944444444445 0.5651041666666666 0.21006944444444445 0.5546875 0.22569444444444445 0.5104166666666666 0.2361111111111111 0.4973958333333333 0.2534722222222222 0.484375 0.2899305555555556 0.47265625 0.3055555555555556 0.4700520833333333 0.3246527777777778 0.4700520833333333
0 0.4756944444444444 0.3658854166666667 0.5086805555555556 0.375 0.5381944444444444 0.3932291666666667 0.5503472222222222 0.4088541666666667 0.5538194444444444 0.4296875 0.546875 0.4544270833333333 0.5329861111111112 0.4778645833333333 0.5173611111111112 0.4908854166666667 0.5034722222222222 0.4973958333333333 0.4809027777777778 0.5052083333333334 0.4670138888888889 0.5078125 0.4565972222222222 0.5052083333333334 0.4444444444444444 0.4986979166666667 0.4270833333333333 0.4947916666666667 0.4131944444444444 0.48828125 0.3940972222222222 0.4830729166666667 0.3802083333333333 0.4739583333333333 0.3715277777777778 0.45703125 0.3697916666666667 0.4309895833333333 0.3767361111111111 0.4114583333333333 0.3854166666666667 0.3984375 0.40625 0.3776041666666667 0.4253472222222222 0.3697916666666667 0.4375 0.3671875 0.4739583333333333 0.3658854166666667
0 0.8350694444444444 0.4440104166666667 0.8402777777777778 0.4479166666666667 0.8541666666666666 0.4518229166666667 0.8663194444444444 0.4583333333333333 0.8802083333333334 0.4596354166666667 0.8888888888888888 0.4661458333333333 0.9131944444444444 0.4700520833333333 0.9322916666666666 0.4791666666666667 0.953125 0.4973958333333333 0.9618055555555556 0.5169270833333334 0.9618055555555556 0.52734375 0.9583333333333334 0.5377604166666666 0.9409722222222222 0.5625 0.9253472222222222 0.5729166666666666 0.90625 0.5807291666666666 0.875 0.58984375 0.8628472222222222 0.5911458333333334 0.8541666666666666 0.5911458333333334 0.8489583333333334 0.5885416666666666 0.8315972222222222 0.5859375 0.7864583333333334 0.5690104166666666 0.7743055555555556 0.5572916666666666 0.7708333333333334 0.5494791666666666 0.7708333333333334 0.5416666666666666 0.7673611111111112 0.5377604166666666 0.7708333333333334 0.5234375 0.7777777777777778 0.5104166666666666 0.78125 0.48046875 0.8072916666666666 0.4622395833333333 0.8072916666666666 0.4544270833333333 0.8125 0.44921875 0.8194444444444444 0.4453125 0.8333333333333334 0.4440104166666667
0 0.71875 0.3997395833333333 0.7361111111111112 0.41015625 0.7430555555555556 0.4270833333333333 0.7430555555555556 0.43359375 0.765625 0.453125 0.7725694444444444 0.4635416666666667 0.7777777777777778 0.4765625 0.7777777777777778 0.484375 0.7760416666666666 0.5026041666666666 0.7621527777777778 0.5338541666666666 0.7638888888888888 0.5442708333333334 0.7361111111111112 0.5690104166666666 0.7083333333333334 0.578125 0.6510416666666666 0.5768229166666666 0.5798611111111112 0.5572916666666666 0.5659722222222222 0.546875 0.5486111111111112 0.5286458333333334 0.5381944444444444 0.51171875 0.5364583333333334 0.4934895833333333 0.5381944444444444 0.4791666666666667 0.5486111111111112 0.4609375 0.5572916666666666 0.4309895833333333 0.5729166666666666 0.4192708333333333 0.5989583333333334 0.41015625 0.6215277777777778 0.4088541666666667 0.6475694444444444 0.4114583333333333 0.6614583333333334 0.40234375 0.6822916666666666 0.40234375 0.7013888888888888 0.3971354166666667 0.7135416666666666 0.3971354166666667 0.7170138888888888 0.3997395833333333
0 0.3767361111111111 0.18098958333333334 0.3923611111111111 0.18359375 0.4131944444444444 0.19140625 0.4392361111111111 0.20963541666666666 0.4565972222222222 0.22916666666666666 0.4704861111111111 0.2643229166666667 0.4670138888888889 0.30078125 0.4409722222222222 0.3307291666666667 0.4322916666666667 0.3372395833333333 0.4201388888888889 0.3424479166666667 0.3802083333333333 0.3489583333333333 0.3541666666666667 0.34765625 0.3350694444444444 0.33984375 0.3020833333333333 0.3346354166666667 0.2934027777777778 0.3307291666666667 0.2829861111111111 0.3125 0.2743055555555556 0.3059895833333333 0.2638888888888889 0.2916666666666667 0.2552083333333333 0.26953125 0.2552083333333333 0.25390625 0.2621527777777778 0.234375 0.2777777777777778 0.20963541666666666 0.2916666666666667 0.19791666666666666 0.3072916666666667 0.19010416666666666 0.328125 0.18359375 0.3489583333333333 0.18098958333333334 0.375 0.18098958333333334
0 0.5694444444444444 0.5598958333333334 0.6059027777777778 0.5703125 0.6493055555555556 0.5885416666666666 0.6684027777777778 0.5989583333333334 0.6857638888888888 0.6119791666666666 0.6961805555555556 0.625 0.7065972222222222 0.6458333333333334 0.7152777777777778 0.6549479166666666 0.7135416666666666 0.6731770833333334 0.7170138888888888 0.6822916666666666 0.7135416666666666 0.7317708333333334 0.7048611111111112 0.7513020833333334 0.6927083333333334 0.765625 0.6597222222222222 0.7877604166666666 0.6545138888888888 0.7877604166666666 0.6510416666666666 0.7903645833333334 0.6197916666666666 0.7981770833333334 0.5989583333333334 0.80078125 0.5815972222222222 0.7994791666666666 0.578125 0.8020833333333334 0.5659722222222222 0.7981770833333334 0.5399305555555556 0.7981770833333334 0.5277777777777778 0.7942708333333334 0.5017361111111112 0.7799479166666666 0.4826388888888889 0.7643229166666666 0.453125 0.7291666666666666 0.4409722222222222 0.6940104166666666 0.4357638888888889 0.6627604166666666 0.4357638888888889 0.6380208333333334 0.4409722222222222 0.6276041666666666 0.4409722222222222 0.6223958333333334 0.4496527777777778 0.6041666666666666 0.4565972222222222 0.59765625 0.4635416666666667 0.5859375 0.4739583333333333 0.5807291666666666 0.4930555555555556 0.56640625 0.5260416666666666 0.55859375 0.5677083333333334 0.5598958333333334
0 0.6493055555555556 0.22395833333333334 0.6666666666666666 0.22526041666666666 0.6753472222222222 0.22916666666666666 0.6788194444444444 0.234375 0.6822916666666666 0.25390625 0.6892361111111112 0.2604166666666667 0.6996527777777778 0.26171875 0.7048611111111112 0.2721354166666667 0.7222222222222222 0.2890625 0.7326388888888888 0.3033854166666667 0.7378472222222222 0.3177083333333333 0.7378472222222222 0.3268229166666667 0.7274305555555556 0.3541666666666667 0.7083333333333334 0.375 0.6822916666666666 0.3880208333333333 0.6649305555555556 0.390625 0.6440972222222222 0.3984375 0.6111111111111112 0.40234375 0.5850694444444444 0.40234375 0.5625 0.3997395833333333 0.5503472222222222 0.3958333333333333 0.4913194444444444 0.3528645833333333 0.4791666666666667 0.3372395833333333 0.4722222222222222 0.3190104166666667 0.4704861111111111 0.3033854166666667 0.4739583333333333 0.2877604166666667 0.4739583333333333 0.2721354166666667 0.4791666666666667 0.2630208333333333 0.4930555555555556 0.25 0.5086805555555556 0.24088541666666666 0.5329861111111112 0.23177083333333334 0.5659722222222222 0.2265625 0.5815972222222222 0.2265625 0.6006944444444444 0.23046875 0.6111111111111112 0.23046875 0.625 0.2265625 0.6475694444444444 0.22395833333333334
0 0.7916666666666666 0.3177083333333333 0.8020833333333334 0.3190104166666667 0.8211805555555556 0.3255208333333333 0.84375 0.3346354166666667 0.8541666666666666 0.3411458333333333 0.8645833333333334 0.35546875 0.8663194444444444 0.37890625 0.8559027777777778 0.3971354166666667 0.8420138888888888 0.41015625 0.8420138888888888 0.4140625 0.8472222222222222 0.4166666666666667 0.8454861111111112 0.4244791666666667 0.8350694444444444 0.4309895833333333 0.8298611111111112 0.4283854166666667 0.8229166666666666 0.4283854166666667 0.8107638888888888 0.43359375 0.7881944444444444 0.4375 0.7725694444444444 0.4375 0.7517361111111112 0.43359375 0.7482638888888888 0.4309895833333333 0.7395833333333334 0.4075520833333333 0.7100694444444444 0.3893229166666667 0.7100694444444444 0.3828125 0.7152777777777778 0.37890625 0.71875 0.3697916666666667 0.7326388888888888 0.3528645833333333 0.7413194444444444 0.3229166666666667 0.7569444444444444 0.3190104166666667 0.7899305555555556 0.3177083333333333
0 0.3958333333333333 0.6549479166666666 0.4131944444444444 0.66015625 0.4184027777777778 0.6640625 0.4253472222222222 0.6705729166666666 0.4340277777777778 0.6848958333333334 0.4392361111111111 0.7044270833333334 0.4392361111111111 0.7174479166666666 0.4427083333333333 0.7252604166666666 0.4375 0.7552083333333334 0.4253472222222222 0.7721354166666666 0.4045138888888889 0.7890625 0.3663194444444444 0.8033854166666666 0.3385416666666667 0.8072916666666666 0.2986111111111111 0.8046875 0.2829861111111111 0.80078125 0.2743055555555556 0.796875 0.2534722222222222 0.7799479166666666 0.23958333333333334 0.7578125 0.2378472222222222 0.7369791666666666 0.24131944444444445 0.7200520833333334 0.24479166666666666 0.7135416666666666 0.2621527777777778 0.69921875 0.2743055555555556 0.6822916666666666 0.3003472222222222 0.6627604166666666 0.3645833333333333 0.6575520833333334 0.3767361111111111 0.6536458333333334 0.3940972222222222 0.6549479166666666