0 0.7587890625 0.23177083333333334 0.7724609375 0.234375 0.796875 0.24609375 0.82421875 0.2708333333333333 0.83984375 0.2942708333333333 0.8515625 0.3372395833333333 0.849609375 0.375 0.8427734375 0.3958333333333333 0.83203125 0.4153645833333333 0.8154296875 0.4361979166666667 0.8017578125 0.4440104166666667 0.779296875 0.4518229166666667 0.763671875 0.4505208333333333 0.7529296875 0.4453125 0.7451171875 0.4375 0.732421875 0.4361979166666667 0.7080078125 0.4153645833333333 0.69921875 0.4036458333333333 0.6875 0.3815104166666667 0.6787109375 0.3567708333333333 0.66796875 0.3450520833333333 0.677734375 0.2994791666666667 0.6787109375 0.27734375 0.6875 0.26171875 0.697265625 0.2552083333333333 0.7109375 0.23958333333333334 0.7265625 0.23046875 0.7421875 0.22916666666666666 0.7578125 0.23177083333333334
0 0.7138671875 0.4713541666666667 0.728515625 0.4830729166666667 0.7529296875 0.5130208333333334 0.7568359375 0.5221354166666666 0.7626953125 0.5494791666666666 0.7626953125 0.5677083333333334 0.76171875 0.578125 0.755859375 0.5950520833333334 0.7412109375 0.6223958333333334 0.7314453125 0.6315104166666666 0.703125 0.6393229166666666 0.69140625 0.6380208333333334 0.6748046875 0.6315104166666666 0.6630859375 0.6184895833333334 0.6513671875 0.5989583333333334 0.6474609375 0.58984375 0.6455078125 0.5533854166666666 0.6416015625 0.5299479166666666 0.650390625 0.5013020833333334 0.6650390625 0.48046875 0.689453125 0.4713541666666667 0.712890625 0.4713541666666667
0 0.5693359375 0.2838541666666667 0.595703125 0.2994791666666667 0.607421875 0.3138020833333333 0.6201171875 0.3346354166666667 0.6298828125 0.3658854166666667 0.6328125 0.390625 0.6318359375 0.4244791666666667 0.6298828125 0.43359375 0.6181640625 0.4596354166666667 0.6044921875 0.4817708333333333 0.59765625 0.48828125 0.5751953125 0.4973958333333333 0.5595703125 0.4947916666666667 0.5478515625 0.49609375 0.5341796875 0.5065104166666666 0.5263671875 0.5065104166666666 0.50390625 0.4986979166666667 0.49609375 0.4817708333333333 0.4921875 0.4778645833333333 0.4736328125 0.48046875 0.470703125 0.4752604166666667 0.4697265625 0.4544270833333333 0.474609375 0.4440104166666667 0.47265625 0.4231770833333333 0.4765625 0.3619791666666667 0.4833984375 0.3424479166666667 0.4921875 0.328125 0.521484375 0.3020833333333333 0.5234375 0.2981770833333333 0.5244140625 0.2825520833333333 0.5302734375 0.2747395833333333 0.5400390625 0.2721354166666667 0.568359375 0.2838541666666667
0 0.505859375 0.1484375 0.5224609375 0.15494791666666666 0.5341796875 0.16927083333333334 0.5458984375 0.19661458333333334 0.546875 0.21484375 0.5439453125 0.24088541666666666 0.537109375 0.2630208333333333 0.5244140625 0.2760416666666667 0.5068359375 0.30078125 0.498046875 0.3072916666666667 0.4912109375 0.30859375 0.4736328125 0.3059895833333333 0.4609375 0.30078125 0.4443359375 0.2825520833333333 0.439453125 0.2669270833333333 0.4384765625 0.23046875 0.4345703125 0.21223958333333334 0.4365234375 0.20182291666666666 0.4501953125 0.16666666666666666 0.4599609375 0.16015625 0.48046875 0.15234375 0.494140625 0.1484375 0.5048828125 0.1484375
0 0.6640625 0.6536458333333334 0.671875 0.65625 0.6787109375 0.671875 0.701171875 0.6979166666666666 0.7080078125 0.7161458333333334 0.71875 0.7278645833333334 0.724609375 0.7421875 0.724609375 0.7825520833333334 0.716796875 0.8138020833333334 0.7080078125 0.8346354166666666 0.69921875 0.8450520833333334 0.6787109375 0.8606770833333334 0.623046875 0.859375 0.619140625 0.8567708333333334 0.6171875 0.8502604166666666 0.611328125 0.8424479166666666 0.5986328125 0.8294270833333334 0.5849609375 0.8046875 0.580078125 0.7838541666666666 0.580078125 0.7513020833333334 0.5869140625 0.7174479166666666 0.5986328125 0.7018229166666666 0.6162109375 0.6848958333333334 0.6298828125 0.6809895833333334 0.6591796875 0.6783854166666666 0.662109375 0.6744791666666666 0.6611328125 0.66796875 0.6640625 0.6549479166666666
0 0.5283203125 0.6497395833333334 0.546875 0.6692708333333334 0.5673828125 0.68359375 0.5751953125 0.7018229166666666 0.5810546875 0.7265625 0.578125 0.7513020833333334 0.5712890625 0.7708333333333334 0.5498046875 0.7903645833333334 0.5361328125 0.80859375 0.5283203125 0.8072916666666666 0.4873046875 0.7825520833333334 0.48046875 0.7734375 0.474609375 0.7604166666666666 0.4560546875 0.734375 0.4560546875 0.7252604166666666 0.462890625 0.7161458333333334 0.4765625 0.6888020833333334 0.5087890625 0.6627604166666666 0.517578125 0.6510416666666666 0.521484375 0.6484375 0.52734375 0.6497395833333334
0 0.4501953125 0.49609375 0.4638671875 0.5013020833333334 0.4716796875 0.5169270833333334 0.4853515625 0.51953125 0.5009765625 0.5325520833333334 0.517578125 0.55859375 0.521484375 0.57421875 0.5205078125 0.6145833333333334 0.5126953125 0.6419270833333334 0.4912109375 0.671875 0.478515625 0.6822916666666666 0.4599609375 0.6888020833333334 0.4453125 0.6875 0.431640625 0.6822916666666666 0.41015625 0.6627604166666666 0.3916015625 0.6341145833333334 0.384765625 0.5963541666666666 0.3857421875 0.5833333333333334 0.390625 0.5690104166666666 0.4130859375 0.5338541666666666 0.4169921875 0.5234375 0.4296875 0.5026041666666666 0.435546875 0.4973958333333333 0.44921875 0.49609375
0 0.3271484375 0.3229166666666667 0.345703125 0.3307291666666667 0.353515625 0.3294270833333333 0.36328125 0.3229166666666667 0.38671875 0.3268229166666667 0.412109375 0.3411458333333333 0.4287109375 0.3619791666666667 0.4423828125 0.3893229166666667 0.44921875 0.4231770833333333 0.4482421875 0.4557291666666667 0.4453125 0.4674479166666667 0.4365234375 0.4869791666666667 0.412109375 0.5182291666666666 0.376953125 0.5390625 0.3720703125 0.5455729166666666 0.361328125 0.5416666666666666 0.3330078125 0.5416666666666666 0.30859375 0.5325520833333334 0.294921875 0.5221354166666666 0.26953125 0.4895833333333333 0.2666015625 0.4817708333333333 0.26171875 0.4375 0.26171875 0.4153645833333333 0.27734375 0.38671875 0.2822265625 0.3645833333333333 0.298828125 0.3541666666666667 0.3017578125 0.3502604166666667 0.302734375 0.33984375 0.306640625 0.3333333333333333 0.3203125 0.32421875 0.326171875 0.32421875
0 0.3447265625 0.14192708333333334 0.3466796875 0.15364583333333334 0.3505859375 0.15885416666666666 0.3603515625 0.16276041666666666 0.375 0.16015625 0.3935546875 0.16145833333333334 0.416015625 0.17708333333333334 0.423828125 0.18880208333333334 0.43359375 0.23307291666666666 0.43359375 0.2682291666666667 0.4287109375 0.2994791666666667 0.4296875 0.30859375 0.4365234375 0.3229166666666667 0.435546875 0.3268229166666667 0.427734375 0.3307291666666667 0.419921875 0.3307291666666667 0.4140625 0.328125 0.40234375 0.328125 0.388671875 0.3216145833333333 0.3701171875 0.3190104166666667 0.36328125 0.3190104166666667 0.3505859375 0.3255208333333333 0.3427734375 0.3255208333333333 0.328125 0.3177083333333333 0.318359375 0.3046875 0.30859375 0.2682291666666667 0.3095703125 0.2421875 0.3291015625 0.18229166666666666 0.3330078125 0.16015625 0.34375 0.14322916666666666
0 0.556640625 0.5 0.5712890625 0.5026041666666666 0.59375 0.4986979166666667 0.609375 0.5026041666666666 0.623046875 0.5130208333333334 0.6337890625 0.52734375 0.638671875 0.5377604166666666 0.6435546875 0.5598958333333334 0.6435546875 0.5859375 0.640625 0.6158854166666666 0.634765625 0.6341145833333334 0.6142578125 0.6614583333333334 0.5927734375 0.6744791666666666 0.5830078125 0.6770833333333334 0.5751953125 0.6770833333333334 0.560546875 0.671875 0.546875 0.6614583333333334 0.5322265625 0.6432291666666666 0.525390625 0.62109375 0.525390625 0.5677083333333334 0.5234375 0.55078125 0.52734375 0.5403645833333334 0.52734375 0.5286458333333334 0.53125 0.5182291666666666 0.54296875 0.50390625 0.5556640625 0.5013020833333334
0 0.8876953125 0.359375 0.9091796875 0.3841145833333333 0.91015625 0.390625 0.9052734375 0.40625 0.9033203125 0.4348958333333333 0.9013671875 0.4401041666666667 0.90234375 0.45703125 0.88671875 0.4661458333333333 0.873046875 0.4635416666666667 0.857421875 0.4661458333333333 0.849609375 0.4635416666666667 0.8251953125 0.4440104166666667 0.8203125 0.4361979166666667 0.822265625 0.4296875 0.833984375 0.4153645833333333 0.84765625 0.390625 0.8525390625 0.3736979166666667 0.857421875 0.3658854166666667 0.8662109375 0.3606770833333333 0.88671875 0.359375
0 0.60546875 0.15364583333333334 0.6171875 0.15494791666666666 0.630859375 0.16015625 0.63671875 0.1640625 0.6455078125 0.17578125 0.6484375 0.19140625 0.65625 0.20833333333333334 0.6591796875 0.23177083333333334 0.666015625 0.24739583333333334 0.66796875 0.2643229166666667 0.658203125 0.2760416666666667 0.6435546875 0.28125 0.6357421875 0.2916666666666667 0.61328125 0.3059895833333333 0.6083984375 0.3059895833333333 0.595703125 0.2942708333333333 0.552734375 0.2682291666666667 0.5478515625 0.25390625 0.548828125 0.20572916666666666 0.5517578125 0.19010416666666666 0.56640625 0.17057291666666666 0.5771484375 0.16015625 0.6044921875 0.15494791666666666