0 0.3046875 0.2565104166666667 0.32421875 0.2682291666666667 0.34375 0.2682291666666667 0.3486328125 0.2708333333333333 0.3515625 0.2747395833333333 0.3720703125 0.2864583333333333 0.376953125 0.29296875 0.3798828125 0.3020833333333333 0.3828125 0.3190104166666667 0.3818359375 0.33984375 0.3837890625 0.3502604166666667 0.376953125 0.3580729166666667 0.373046875 0.3541666666666667 0.3681640625 0.3619791666666667 0.3681640625 0.4192708333333333 0.3671875 0.43359375 0.3623046875 0.44921875 0.359375 0.4557291666666667 0.3515625 0.4635416666666667 0.3408203125 0.4635416666666667 0.31640625 0.4700520833333333 0.2880859375 0.484375 0.26953125 0.4986979166666667 0.2578125 0.4986979166666667 0.2451171875 0.4934895833333333 0.212890625 0.4947916666666667 0.2109375 0.4986979166666667 0.2158203125 0.5065104166666666 0.212890625 0.51171875 0.2021484375 0.51171875 0.1884765625 0.50390625 0.181640625 0.4895833333333333 0.1826171875 0.46875 0.189453125 0.4270833333333333 0.1875 0.4114583333333333 0.1884765625 0.3658854166666667 0.1953125 0.3255208333333333 0.2119140625 0.2916666666666667 0.23046875 0.2708333333333333 0.240234375 0.2643229166666667 0.2646484375 0.2565104166666667 0.3037109375 0.2565104166666667
0 0.7021484375 0.6536458333333334 0.7275390625 0.6627604166666666 0.748046875 0.68359375 0.7607421875 0.7018229166666666 0.7646484375 0.7109375 0.7744140625 0.74609375 0.775390625 0.7630208333333334 0.783203125 0.7877604166666666 0.7841796875 0.81640625 0.7880859375 0.8294270833333334 0.791015625 0.8541666666666666 0.7890625 0.89453125 0.783203125 0.9205729166666666 0.7724609375 0.94140625 0.76953125 0.953125 0.7392578125 0.98046875 0.71484375 0.9921875 0.701171875 0.9947916666666666 0.6728515625 0.9934895833333334 0.654296875 0.99609375 0.65234375 0.9986979166666666 0.6435546875 0.9986979166666666 0.6416015625 0.99609375 0.634765625 0.9986979166666666 0.630859375 0.9934895833333334 0.6328125 0.9765625 0.6396484375 0.9674479166666666 0.6142578125 0.9322916666666666 0.603515625 0.9049479166666666 0.5947265625 0.890625 0.591796875 0.8645833333333334 0.591796875 0.8450520833333334 0.5947265625 0.83203125 0.6181640625 0.8020833333333334 0.6435546875 0.7877604166666666 0.671875 0.7526041666666666 0.6806640625 0.7291666666666666 0.689453125 0.7135416666666666 0.6923828125 0.7005208333333334 0.6923828125 0.69140625 0.6845703125 0.67578125 0.67578125 0.66796875 0.677734375 0.6575520833333334 0.685546875 0.6497395833333334 0.701171875 0.6536458333333334
0 0.3564453125 0.4700520833333333 0.376953125 0.4765625 0.41796875 0.53125 0.431640625 0.5625 0.435546875 0.6119791666666666 0.4248046875 0.66015625 0.4150390625 0.6783854166666666 0.376953125 0.7200520833333334 0.35546875 0.73046875 0.3359375 0.7330729166666666 0.3037109375 0.7330729166666666 0.2802734375 0.72265625 0.259765625 0.6940104166666666 0.2470703125 0.6809895833333334 0.2353515625 0.6354166666666666 0.2333984375 0.62109375 0.2333984375 0.59375 0.2451171875 0.5455729166666666 0.2548828125 0.5260416666666666 0.2724609375 0.50390625 0.2890625 0.4895833333333333 0.314453125 0.4752604166666667 0.3330078125 0.4700520833333333 0.35546875 0.4700520833333333
0 0.6748046875 0.4049479166666667 0.6923828125 0.41015625 0.71484375 0.42578125 0.724609375 0.4375 0.736328125 0.4609375 0.7431640625 0.484375 0.7451171875 0.5052083333333334 0.7431640625 0.53515625 0.7275390625 0.5625 0.7099609375 0.5846354166666666 0.6923828125 0.5950520833333334 0.6826171875 0.5963541666666666 0.6748046875 0.5950520833333334 0.64453125 0.5455729166666666 0.62109375 0.5286458333333334 0.6171875 0.5208333333333334 0.6201171875 0.4973958333333333 0.619140625 0.4479166666666667 0.62109375 0.4361979166666667 0.64453125 0.4127604166666667 0.6611328125 0.40625 0.673828125 0.4049479166666667
0 0.3837890625 0.040364583333333336 0.419921875 0.044270833333333336 0.4296875 0.048177083333333336 0.4365234375 0.053385416666666664 0.451171875 0.07291666666666667 0.4580078125 0.07682291666666667 0.4697265625 0.09895833333333333 0.48828125 0.109375 0.4951171875 0.12760416666666666 0.5009765625 0.17317708333333334 0.5009765625 0.18229166666666666 0.4931640625 0.20052083333333334 0.4912109375 0.21484375 0.4755859375 0.25390625 0.466796875 0.29296875 0.443359375 0.3216145833333333 0.421875 0.3333333333333333 0.3984375 0.33984375 0.3916015625 0.33984375 0.3876953125 0.3359375 0.384765625 0.3033854166666667 0.3818359375 0.2942708333333333 0.3740234375 0.2825520833333333 0.35546875 0.26953125 0.345703125 0.2565104166666667 0.3369140625 0.2604166666666667 0.3203125 0.2591145833333333 0.310546875 0.2526041666666667 0.3046875 0.24479166666666666 0.298828125 0.23046875 0.2958984375 0.21614583333333334 0.2958984375 0.20052083333333334 0.29296875 0.18489583333333334 0.2939453125 0.15755208333333334 0.2998046875 0.12630208333333334 0.3095703125 0.09635416666666667 0.3154296875 0.0859375 0.3388671875 0.055989583333333336 0.3505859375 0.045572916666666664 0.359375 0.040364583333333336 0.3720703125 0.037760416666666664 0.3828125 0.040364583333333336
0 0.5654296875 0.5104166666666666 0.5908203125 0.5182291666666666 0.615234375 0.5364583333333334 0.62890625 0.5390625 0.63671875 0.5455729166666666 0.654296875 0.5690104166666666 0.6650390625 0.58984375 0.669921875 0.6080729166666666 0.6689453125 0.62890625 0.6669921875 0.6328125 0.6708984375 0.6614583333333334 0.6669921875 0.6901041666666666 0.6708984375 0.71484375 0.6669921875 0.7291666666666666 0.662109375 0.7369791666666666 0.66015625 0.75 0.65625 0.7552083333333334 0.654296875 0.7630208333333334 0.6259765625 0.78515625 0.611328125 0.8033854166666666 0.5986328125 0.8098958333333334 0.5859375 0.8125 0.5634765625 0.8125 0.552734375 0.8098958333333334 0.541015625 0.8020833333333334 0.5361328125 0.79296875 0.53125 0.7877604166666666 0.5263671875 0.7864583333333334 0.51953125 0.7747395833333334 0.509765625 0.7721354166666666 0.505859375 0.7682291666666666 0.4931640625 0.7682291666666666 0.486328125 0.7604166666666666 0.474609375 0.7578125 0.4638671875 0.73046875 0.4658203125 0.69140625 0.462890625 0.6783854166666666 0.4580078125 0.671875 0.4560546875 0.6588541666666666 0.4580078125 0.61328125 0.484375 0.5442708333333334 0.4951171875 0.53125 0.5126953125 0.5182291666666666 0.5478515625 0.5078125 0.564453125 0.5104166666666666
0 0.453125 0.67578125 0.4599609375 0.6861979166666666 0.4609375 0.7005208333333334 0.45703125 0.7200520833333334 0.4677734375 0.7734375 0.4697265625 0.7760416666666666 0.5009765625 0.7747395833333334 0.5048828125 0.7799479166666666 0.513671875 0.7825520833333334 0.5302734375 0.80078125 0.5341796875 0.8111979166666666 0.5341796875 0.828125 0.525390625 0.8763020833333334 0.51953125 0.8932291666666666 0.51171875 0.9075520833333334 0.4833984375 0.9427083333333334 0.4697265625 0.9505208333333334 0.4453125 0.95703125 0.412109375 0.9466145833333334 0.3916015625 0.9322916666666666 0.3779296875 0.9192708333333334 0.35546875 0.8697916666666666 0.3515625 0.84765625 0.3505859375 0.8177083333333334 0.3544921875 0.7877604166666666 0.36328125 0.765625 0.3662109375 0.7526041666666666 0.3798828125 0.7239583333333334 0.3955078125 0.7057291666666666 0.41796875 0.6861979166666666 0.435546875 0.6770833333333334 0.4521484375 0.67578125
0 0.4658203125 0.3606770833333333 0.4921875 0.3606770833333333 0.521484375 0.3828125 0.546875 0.3919270833333333 0.578125 0.3932291666666667 0.587890625 0.38671875 0.5947265625 0.3893229166666667 0.5986328125 0.3932291666666667 0.6005859375 0.40234375 0.6123046875 0.42578125 0.6162109375 0.4427083333333333 0.6162109375 0.48828125 0.61328125 0.5143229166666666 0.609375 0.5234375 0.6025390625 0.5221354166666666 0.5888671875 0.5130208333333334 0.5673828125 0.5078125 0.55859375 0.5026041666666666 0.5458984375 0.5026041666666666 0.5361328125 0.5078125 0.515625 0.5130208333333334 0.50390625 0.51953125 0.4814453125 0.5403645833333334 0.46875 0.5755208333333334 0.4638671875 0.5846354166666666 0.4560546875 0.5924479166666666 0.4453125 0.5924479166666666 0.44140625 0.58984375 0.4375 0.5677083333333334 0.427734375 0.5403645833333334 0.4267578125 0.5286458333333334 0.408203125 0.5078125 0.3896484375 0.4817708333333333 0.38671875 0.4700520833333333 0.4091796875 0.4401041666666667 0.4150390625 0.4270833333333333 0.4140625 0.421875 0.404296875 0.421875 0.4091796875 0.4049479166666667 0.41796875 0.4010416666666667 0.4296875 0.3763020833333333 0.4453125 0.3580729166666667 0.4560546875 0.3567708333333333 0.46484375 0.3606770833333333
0 0.54296875 0.17578125 0.57421875 0.18489583333333334 0.587890625 0.19401041666666666 0.599609375 0.19791666666666666 0.60546875 0.20442708333333334 0.6083984375 0.21354166666666666 0.6171875 0.22395833333333334 0.623046875 0.23697916666666666 0.625 0.2682291666666667 0.6171875 0.31640625 0.595703125 0.3697916666666667 0.5869140625 0.37890625 0.5732421875 0.3841145833333333 0.548828125 0.3841145833333333 0.5205078125 0.3763020833333333 0.505859375 0.3658854166666667 0.49609375 0.3541666666666667 0.4873046875 0.3372395833333333 0.4765625 0.3059895833333333 0.474609375 0.2916666666666667 0.4755859375 0.2708333333333333 0.486328125 0.23307291666666666 0.4970703125 0.21614583333333334 0.5029296875 0.20052083333333334 0.5126953125 0.18619791666666666 0.5419921875 0.17708333333333334
0 0.5908203125 0.08854166666666667 0.599609375 0.09895833333333333 0.6005859375 0.12109375 0.6123046875 0.14192708333333334 0.6181640625 0.16666666666666666 0.6201171875 0.20703125 0.6162109375 0.21614583333333334 0.6142578125 0.21614583333333334 0.6025390625 0.19791666666666666 0.5751953125 0.18229166666666666 0.5458984375 0.17317708333333334 0.537109375 0.17447916666666666 0.52734375 0.1796875 0.5078125 0.1796875 0.5029296875 0.17057291666666666 0.49609375 0.1171875 0.49609375 0.11067708333333333 0.4990234375 0.10546875 0.51953125 0.09375 0.58984375 0.08854166666666667
0 0.6357421875 0.2630208333333333 0.6484375 0.2643229166666667 0.65625 0.2682291666666667 0.6708984375 0.2903645833333333 0.6826171875 0.32421875 0.68359375 0.359375 0.6796875 0.3815104166666667 0.67578125 0.390625 0.6689453125 0.3984375 0.62109375 0.41796875 0.61328125 0.4166666666666667 0.609375 0.4114583333333333 0.6005859375 0.38671875 0.5947265625 0.3763020833333333 0.6103515625 0.3424479166666667 0.6171875 0.3216145833333333 0.6259765625 0.26953125 0.6298828125 0.2630208333333333 0.634765625 0.2630208333333333