0 0.7451171875 0.08723958333333333 0.7724609375 0.09114583333333333 0.7939453125 0.10416666666666667 0.80078125 0.11197916666666667 0.8125 0.13541666666666666 0.818359375 0.15364583333333334 0.8212890625 0.19921875 0.8154296875 0.2421875 0.8095703125 0.2578125 0.796875 0.2799479166666667 0.7802734375 0.296875 0.7685546875 0.3046875 0.7373046875 0.3111979166666667 0.712890625 0.30859375 0.701171875 0.3033854166666667 0.6845703125 0.2903645833333333 0.6787109375 0.2760416666666667 0.6650390625 0.2591145833333333 0.662109375 0.24609375 0.6572265625 0.23567708333333334 0.654296875 0.21744791666666666 0.654296875 0.18098958333333334 0.6591796875 0.14583333333333334 0.6826171875 0.10416666666666667 0.701171875 0.09375 0.7294921875 0.08723958333333333 0.744140625 0.08723958333333333
0 0.7529296875 0.45703125 0.7734375 0.46484375 0.7861328125 0.47265625 0.806640625 0.4934895833333333 0.81640625 0.5104166666666666 0.82421875 0.5338541666666666 0.828125 0.5611979166666666 0.828125 0.578125 0.82421875 0.6080729166666666 0.81640625 0.63671875 0.7998046875 0.671875 0.794921875 0.7018229166666666 0.7900390625 0.71484375 0.7783203125 0.73046875 0.7626953125 0.7434895833333334 0.7548828125 0.7408854166666666 0.7470703125 0.7330729166666666 0.73828125 0.7408854166666666 0.7197265625 0.75 0.6982421875 0.7526041666666666 0.685546875 0.7578125 0.666015625 0.7578125 0.6474609375 0.75 0.640625 0.7434895833333334 0.634765625 0.7174479166666666 0.6240234375 0.6888020833333334 0.6103515625 0.6627604166666666 0.59375 0.640625 0.5927734375 0.6276041666666666 0.59765625 0.60546875 0.59765625 0.5872395833333334 0.60546875 0.5677083333333334 0.609375 0.55078125 0.62109375 0.5221354166666666 0.630859375 0.5078125 0.64453125 0.4947916666666667 0.6708984375 0.4739583333333333 0.6923828125 0.4622395833333333 0.720703125 0.4557291666666667 0.751953125 0.45703125
0 0.8076171875 0.6731770833333334 0.828125 0.6770833333333334 0.8349609375 0.68359375 0.837890625 0.6888020833333334 0.837890625 0.69921875 0.8291015625 0.6979166666666666 0.826171875 0.7018229166666666 0.837890625 0.71875 0.8408203125 0.7278645833333334 0.8564453125 0.7486979166666666 0.8642578125 0.7643229166666666 0.8818359375 0.7903645833333334 0.8916015625 0.8138020833333334 0.8984375 0.8385416666666666 0.8994140625 0.890625 0.8974609375 0.9010416666666666 0.890625 0.9153645833333334 0.8720703125 0.9348958333333334 0.8525390625 0.9466145833333334 0.8369140625 0.9609375 0.8310546875 0.96875 0.8310546875 0.9869791666666666 0.8251953125 0.9986979166666666 0.7939453125 0.9986979166666666 0.79296875 0.99609375 0.775390625 0.98828125 0.765625 0.9791666666666666 0.7666015625 0.96875 0.7578125 0.9466145833333334 0.748046875 0.9388020833333334 0.7412109375 0.9296875 0.7373046875 0.91796875 0.7216796875 0.8984375 0.712890625 0.8776041666666666 0.708984375 0.8424479166666666 0.7099609375 0.8255208333333334 0.712890625 0.80859375 0.7275390625 0.7721354166666666 0.7353515625 0.7578125 0.7470703125 0.7434895833333334 0.751953125 0.7434895833333334 0.7626953125 0.75 0.7890625 0.7265625 0.7919921875 0.72265625 0.794921875 0.7096354166666666 0.8037109375 0.6966145833333334 0.802734375 0.6848958333333334 0.8037109375 0.6783854166666666 0.806640625 0.6744791666666666
0 0.216796875 0.4830729166666667 0.2314453125 0.5052083333333334 0.2353515625 0.5208333333333334 0.2490234375 0.5416666666666666 0.2734375 0.5559895833333334 0.2880859375 0.5598958333333334 0.2919921875 0.5638020833333334 0.287109375 0.5703125 0.2646484375 0.578125 0.2548828125 0.5859375 0.2451171875 0.5950520833333334 0.2314453125 0.61328125 0.2275390625 0.61328125 0.21484375 0.60546875 0.189453125 0.5846354166666666 0.1884765625 0.5807291666666666 0.1953125 0.5690104166666666 0.1943359375 0.55078125 0.177734375 0.5338541666666666 0.1787109375 0.5221354166666666 0.1689453125 0.5143229166666666 0.1708984375 0.5052083333333334 0.185546875 0.4908854166666667 0.193359375 0.4869791666666667 0.2158203125 0.4830729166666667
0 0.4736328125 0.4921875 0.48828125 0.5 0.501953125 0.5130208333333334 0.515625 0.53125 0.5283203125 0.5651041666666666 0.5302734375 0.58203125 0.529296875 0.6119791666666666 0.5234375 0.6171875 0.5078125 0.6184895833333334 0.498046875 0.6223958333333334 0.4873046875 0.62890625 0.4755859375 0.640625 0.4677734375 0.6510416666666666 0.4580078125 0.6705729166666666 0.453125 0.6888020833333334 0.44921875 0.6927083333333334 0.4375 0.69140625 0.4248046875 0.6822916666666666 0.3896484375 0.6223958333333334 0.3818359375 0.5950520833333334 0.3828125 0.5598958333333334 0.3876953125 0.5390625 0.3916015625 0.53125 0.408203125 0.5091145833333334 0.41796875 0.5 0.443359375 0.48828125 0.4560546875 0.48828125 0.47265625 0.4921875
0 0.544921875 0.6197916666666666 0.5556640625 0.62109375 0.5634765625 0.625 0.5908203125 0.6471354166666666 0.6064453125 0.6653645833333334 0.626953125 0.70703125 0.634765625 0.7447916666666666 0.6328125 0.78515625 0.6162109375 0.8372395833333334 0.6171875 0.8723958333333334 0.609375 0.90625 0.595703125 0.9322916666666666 0.5810546875 0.953125 0.5615234375 0.9674479166666666 0.5498046875 0.9713541666666666 0.5048828125 0.9674479166666666 0.4892578125 0.953125 0.4697265625 0.92578125 0.455078125 0.8684895833333334 0.4560546875 0.84765625 0.4609375 0.8294270833333334 0.4619140625 0.8138020833333334 0.4521484375 0.78515625 0.44921875 0.7473958333333334 0.44921875 0.7200520833333334 0.4541015625 0.6927083333333334 0.458984375 0.6744791666666666 0.4697265625 0.6536458333333334 0.484375 0.63671875 0.5 0.625 0.52734375 0.6197916666666666 0.5439453125 0.6197916666666666
0 0.310546875 0.3359375 0.3173828125 0.34375 0.328125 0.3684895833333333 0.3486328125 0.3958333333333333 0.3623046875 0.41015625 0.3720703125 0.4166666666666667 0.380859375 0.4322916666666667 0.3798828125 0.4518229166666667 0.373046875 0.4674479166666667 0.3662109375 0.49609375 0.3583984375 0.515625 0.3349609375 0.5572916666666666 0.3173828125 0.5611979166666666 0.3017578125 0.5611979166666666 0.2880859375 0.5572916666666666 0.26171875 0.546875 0.2470703125 0.5377604166666666 0.236328125 0.51953125 0.2294921875 0.4947916666666667 0.2216796875 0.4830729166666667 0.216796875 0.44140625 0.216796875 0.4296875 0.2216796875 0.4192708333333333 0.228515625 0.37890625 0.2470703125 0.3450520833333333 0.2548828125 0.3372395833333333 0.2685546875 0.3294270833333333 0.2890625 0.3229166666666667 0.3046875 0.32421875 0.3095703125 0.3359375
0 0.2998046875 0.5716145833333334 0.30859375 0.5755208333333334 0.3203125 0.57421875 0.3271484375 0.5768229166666666 0.361328125 0.6015625 0.3720703125 0.60546875 0.4013671875 0.6484375 0.4169921875 0.6783854166666666 0.4287109375 0.7317708333333334 0.4326171875 0.7369791666666666 0.431640625 0.7447916666666666 0.43359375 0.7486979166666666 0.4287109375 0.7552083333333334 0.4267578125 0.7734375 0.4169921875 0.79296875 0.3955078125 0.8229166666666666 0.36328125 0.8411458333333334 0.333984375 0.8411458333333334 0.32421875 0.8372395833333334 0.3076171875 0.81640625 0.30078125 0.8125 0.2939453125 0.8125 0.28125 0.80078125 0.26953125 0.80078125 0.26171875 0.7942708333333334 0.25 0.7760416666666666 0.2412109375 0.7721354166666666 0.234375 0.7630208333333334 0.234375 0.734375 0.2216796875 0.7161458333333334 0.21875 0.7083333333333334 0.2158203125 0.66796875 0.2216796875 0.6419270833333334 0.23046875 0.6184895833333334 0.240234375 0.6041666666666666 0.2568359375 0.5872395833333334 0.298828125 0.5716145833333334
0 0.513671875 0 0.6494140625 0 0.658203125 0.0234375 0.662109375 0.045572916666666664 0.6591796875 0.078125 0.6533203125 0.1015625 0.650390625 0.11067708333333333 0.6357421875 0.13411458333333334 0.619140625 0.14583333333333334 0.6025390625 0.15104166666666666 0.5595703125 0.1484375 0.5390625 0.140625 0.5185546875 0.11328125 0.517578125 0.0859375 0.5087890625 0.057291666666666664 0.5087890625 0.022135416666666668 0.513671875 0.0013020833333333333
0 0.6083984375 0.24348958333333334 0.6240234375 0.24869791666666666 0.6435546875 0.24609375 0.6513671875 0.2526041666666667 0.6767578125 0.2890625 0.6904296875 0.3190104166666667 0.69921875 0.3307291666666667 0.69921875 0.35546875 0.701171875 0.3645833333333333 0.701171875 0.3932291666666667 0.69921875 0.4075520833333333 0.6923828125 0.43359375 0.6865234375 0.4466145833333333 0.673828125 0.46484375 0.6513671875 0.484375 0.630859375 0.4973958333333333 0.6220703125 0.51171875 0.615234375 0.5182291666666666 0.6015625 0.5182291666666666 0.595703125 0.5143229166666666 0.5810546875 0.4934895833333333 0.568359375 0.4895833333333333 0.556640625 0.4817708333333333 0.5361328125 0.4622395833333333 0.517578125 0.4361979166666667 0.5029296875 0.390625 0.5029296875 0.3736979166666667 0.513671875 0.3333333333333333 0.515625 0.3177083333333333 0.5302734375 0.2825520833333333 0.546875 0.26171875 0.5625 0.2513020833333333 0.587890625 0.2421875 0.607421875 0.24348958333333334
0 0.4296875 0.12630208333333334 0.44921875 0.13020833333333334 0.4609375 0.13541666666666666 0.4873046875 0.15104166666666666 0.5009765625 0.16796875 0.5126953125 0.16796875 0.515625 0.17317708333333334 0.513671875 0.18880208333333334 0.515625 0.19791666666666666 0.54296875 0.20572916666666666 0.544921875 0.2109375 0.5458984375 0.23697916666666666 0.541015625 0.24609375 0.529296875 0.24348958333333334 0.5263671875 0.24869791666666666 0.529296875 0.2708333333333333 0.5087890625 0.32421875 0.5048828125 0.3502604166666667 0.5009765625 0.3645833333333333 0.494140625 0.37890625 0.48046875 0.3919270833333333 0.45703125 0.4049479166666667 0.4111328125 0.4166666666666667 0.384765625 0.4140625 0.365234375 0.4049479166666667 0.3515625 0.3932291666666667 0.3271484375 0.35546875 0.3173828125 0.3268229166666667 0.310546875 0.2955729166666667 0.30859375 0.2604166666666667 0.3095703125 0.23567708333333334 0.3115234375 0.22135416666666666 0.3193359375 0.19661458333333334 0.326171875 0.18359375 0.3447265625 0.16015625 0.3623046875 0.14713541666666666 0.392578125 0.13151041666666666 0.412109375 0.12630208333333334 0.4287109375 0.12630208333333334
0 0.5498046875 0.6197916666666666 0.5712890625 0.6302083333333334 0.5966796875 0.65234375 0.607421875 0.6666666666666666 0.626953125 0.7057291666666666 0.634765625 0.7421875 0.6328125 0.78515625 0.6171875 0.8359375 0.59375 0.86328125 0.5869140625 0.875 0.57421875 0.8815104166666666 0.5625 0.8776041666666666 0.55078125 0.8815104166666666 0.5380859375 0.8815104166666666 0.51953125 0.8763020833333334 0.50390625 0.8619791666666666 0.5009765625 0.85546875 0.490234375 0.8541666666666666 0.486328125 0.8489583333333334 0.4814453125 0.84765625 0.4736328125 0.8346354166666666 0.4697265625 0.8333333333333334 0.46875 0.828125 0.462890625 0.8203125 0.4619140625 0.8125 0.455078125 0.796875 0.4501953125 0.7734375 0.4482421875 0.7369791666666666 0.4501953125 0.7122395833333334 0.458984375 0.6744791666666666 0.4697265625 0.6536458333333334 0.484375 0.63671875 0.5009765625 0.625 0.5283203125 0.6197916666666666 0.548828125 0.6197916666666666
0 0.462890625 0.8229166666666666 0.46875 0.8346354166666666 0.4755859375 0.8385416666666666 0.4775390625 0.8489583333333334 0.49609375 0.8580729166666666 0.5185546875 0.8776041666666666 0.5380859375 0.8841145833333334 0.5634765625 0.8854166666666666 0.576171875 0.8828125 0.587890625 0.8763020833333334 0.5947265625 0.8645833333333334 0.6162109375 0.8411458333333334 0.6181640625 0.85546875 0.6162109375 0.8841145833333334 0.60546875 0.9166666666666666 0.591796875 0.9401041666666666 0.5791015625 0.9557291666666666 0.5556640625 0.9713541666666666 0.5146484375 0.9713541666666666 0.4970703125 0.9635416666666666 0.4755859375 0.9361979166666666 0.466796875 0.9205729166666666 0.4609375 0.8893229166666666 0.455078125 0.8697916666666666 0.455078125 0.8541666666666666 0.4619140625 0.82421875