0 0.4208984375 0.4739583333333333 0.4287109375 0.4765625 0.4423828125 0.4869791666666667 0.4384765625 0.5013020833333334 0.4375 0.515625 0.44921875 0.5299479166666666 0.4638671875 0.5377604166666666 0.4736328125 0.5377604166666666 0.484375 0.5325520833333334 0.5068359375 0.5338541666666666 0.521484375 0.5390625 0.5244140625 0.5481770833333334 0.5185546875 0.59765625 0.501953125 0.6393229166666666 0.482421875 0.66015625 0.4658203125 0.6653645833333334 0.4404296875 0.6640625 0.4140625 0.65625 0.400390625 0.6575520833333334 0.392578125 0.6549479166666666 0.373046875 0.6393229166666666 0.369140625 0.6341145833333334 0.3671875 0.6263020833333334 0.3662109375 0.6145833333333334 0.3681640625 0.6015625 0.3740234375 0.5885416666666666 0.373046875 0.54296875 0.375 0.515625 0.3818359375 0.5 0.39453125 0.4830729166666667 0.41015625 0.4713541666666667 0.4150390625 0.4700520833333333 0.419921875 0.4739583333333333
0 0.82421875 0.4674479166666667 0.85546875 0.48046875 0.88671875 0.50390625 0.892578125 0.5169270833333334 0.9052734375 0.53515625 0.912109375 0.5520833333333334 0.9189453125 0.5872395833333334 0.921875 0.6276041666666666 0.9189453125 0.6640625 0.916015625 0.6770833333333334 0.908203125 0.6979166666666666 0.8994140625 0.7096354166666666 0.89453125 0.7278645833333334 0.8828125 0.7447916666666666 0.865234375 0.7643229166666666 0.8369140625 0.7825520833333334 0.8203125 0.7864583333333334 0.7890625 0.7864583333333334 0.775390625 0.7838541666666666 0.763671875 0.76953125 0.7353515625 0.7486979166666666 0.7197265625 0.7291666666666666 0.7158203125 0.7213541666666666 0.712890625 0.7044270833333334 0.6923828125 0.66796875 0.6923828125 0.6588541666666666 0.6982421875 0.6497395833333334 0.6875 0.6341145833333334 0.6875 0.60546875 0.6884765625 0.59765625 0.6982421875 0.5755208333333334 0.7099609375 0.5364583333333334 0.7197265625 0.5208333333333334 0.7294921875 0.5143229166666666 0.7451171875 0.5104166666666666 0.7509765625 0.5065104166666666 0.76171875 0.4973958333333333 0.783203125 0.47265625 0.7998046875 0.46875 0.8232421875 0.4674479166666667
0 0.912109375 0.7005208333333334 0.923828125 0.73046875 0.923828125 0.75 0.912109375 0.78515625 0.908203125 0.79296875 0.888671875 0.8138020833333334 0.8857421875 0.8294270833333334 0.87890625 0.8424479166666666 0.865234375 0.8424479166666666 0.79296875 0.8111979166666666 0.783203125 0.8046875 0.779296875 0.7994791666666666 0.77734375 0.7903645833333334 0.810546875 0.7903645833333334 0.8291015625 0.7877604166666666 0.8623046875 0.76953125 0.8798828125 0.7513020833333334 0.896484375 0.7291666666666666 0.904296875 0.70703125 0.9111328125 0.7005208333333334
0 0.537109375 0.6471354166666666 0.560546875 0.6783854166666666 0.5810546875 0.6940104166666666 0.59765625 0.69921875 0.62890625 0.7005208333333334 0.6376953125 0.6979166666666666 0.6396484375 0.7005208333333334 0.6416015625 0.7096354166666666 0.640625 0.7369791666666666 0.6337890625 0.7565104166666666 0.625 0.765625 0.5966796875 0.78125 0.5859375 0.78125 0.541015625 0.76953125 0.5380859375 0.7643229166666666 0.537109375 0.7565104166666666 0.525390625 0.7408854166666666 0.5205078125 0.6783854166666666 0.5244140625 0.6640625 0.5322265625 0.6497395833333334 0.5361328125 0.6471354166666666
0 0.48828125 0.66796875 0.501953125 0.6744791666666666 0.515625 0.6848958333333334 0.5185546875 0.6927083333333334 0.521484375 0.7174479166666666 0.521484375 0.74609375 0.5283203125 0.7513020833333334 0.5341796875 0.76171875 0.53515625 0.7799479166666666 0.5283203125 0.79296875 0.5185546875 0.80078125 0.50390625 0.8046875 0.47265625 0.8072916666666666 0.4599609375 0.8190104166666666 0.4482421875 0.8190104166666666 0.4375 0.8255208333333334 0.4267578125 0.8229166666666666 0.412109375 0.8255208333333334 0.3974609375 0.82421875 0.38671875 0.8203125 0.3759765625 0.8111979166666666 0.3642578125 0.7903645833333334 0.3583984375 0.76171875 0.3583984375 0.7408854166666666 0.365234375 0.7252604166666666 0.3759765625 0.7096354166666666 0.3955078125 0.6848958333333334 0.404296875 0.6770833333333334 0.412109375 0.6770833333333334 0.416015625 0.68359375 0.421875 0.6848958333333334 0.4462890625 0.6692708333333334 0.46484375 0.6692708333333334 0.4716796875 0.6666666666666666 0.4873046875 0.66796875
0 0.6171875 0.4700520833333333 0.6259765625 0.47265625 0.6513671875 0.5026041666666666 0.6669921875 0.52734375 0.6748046875 0.5338541666666666 0.6884765625 0.53125 0.6953125 0.5520833333333334 0.6953125 0.5690104166666666 0.6865234375 0.5924479166666666 0.6845703125 0.6041666666666666 0.6826171875 0.62109375 0.6845703125 0.64453125 0.6806640625 0.6575520833333334 0.66015625 0.6822916666666666 0.634765625 0.6966145833333334 0.5888671875 0.6940104166666666 0.5791015625 0.6901041666666666 0.5634765625 0.6783854166666666 0.537109375 0.6419270833333334 0.525390625 0.5963541666666666 0.529296875 0.5559895833333334 0.5361328125 0.5286458333333334 0.541015625 0.5182291666666666 0.546875 0.51171875 0.5693359375 0.50390625 0.5830078125 0.49609375 0.6044921875 0.4713541666666667 0.6162109375 0.4700520833333333
0 0.7060546875 0.28125 0.73046875 0.2890625 0.74609375 0.3020833333333333 0.75390625 0.3125 0.7587890625 0.3346354166666667 0.77734375 0.3671875 0.783203125 0.3815104166666667 0.787109375 0.3997395833333333 0.787109375 0.44140625 0.7724609375 0.4778645833333333 0.7626953125 0.4908854166666667 0.7509765625 0.5013020833333334 0.73046875 0.5104166666666666 0.7021484375 0.51171875 0.677734375 0.5169270833333334 0.671875 0.5208333333333334 0.6640625 0.515625 0.6572265625 0.4986979166666667 0.63671875 0.48046875 0.62890625 0.4674479166666667 0.6171875 0.4296875 0.6142578125 0.40234375 0.623046875 0.359375 0.646484375 0.3229166666666667 0.6533203125 0.3151041666666667 0.6796875 0.30078125 0.6845703125 0.29296875 0.6953125 0.2838541666666667 0.705078125 0.28125
0 0.6884765625 0.6783854166666666 0.6953125 0.6888020833333334 0.6962890625 0.6940104166666666 0.7060546875 0.7005208333333334 0.7099609375 0.70703125 0.71484375 0.7265625 0.732421875 0.75 0.76171875 0.7747395833333334 0.7666015625 0.7838541666666666 0.7626953125 0.8111979166666666 0.755859375 0.8294270833333334 0.7412109375 0.84375 0.7275390625 0.84765625 0.708984375 0.84765625 0.7001953125 0.8450520833333334 0.677734375 0.8307291666666666 0.669921875 0.8216145833333334 0.6640625 0.8098958333333334 0.6533203125 0.7981770833333334 0.646484375 0.7747395833333334 0.646484375 0.75390625 0.6533203125 0.7252604166666666 0.6728515625 0.6861979166666666 0.6875 0.6783854166666666
0 0.6396484375 0.75390625 0.6494140625 0.7955729166666666 0.6650390625 0.81640625 0.669921875 0.828125 0.66796875 0.8424479166666666 0.6611328125 0.8580729166666666 0.6474609375 0.8723958333333334 0.626953125 0.8815104166666666 0.60546875 0.8841145833333334 0.578125 0.87890625 0.57421875 0.875 0.5693359375 0.86328125 0.5595703125 0.8515625 0.548828125 0.8255208333333334 0.5458984375 0.8111979166666666 0.544921875 0.7890625 0.5458984375 0.7825520833333334 0.5498046875 0.7760416666666666 0.5712890625 0.7786458333333334 0.5927734375 0.78515625 0.6259765625 0.7682291666666666 0.638671875 0.7552083333333334
0 0.5400390625 0.7903645833333334 0.54296875 0.796875 0.544921875 0.8177083333333334 0.5498046875 0.8346354166666666 0.5576171875 0.8515625 0.56640625 0.8619791666666666 0.5712890625 0.875 0.580078125 0.88671875 0.5771484375 0.8971354166666666 0.5693359375 0.9075520833333334 0.5595703125 0.9153645833333334 0.5478515625 0.9192708333333334 0.53125 0.91796875 0.5224609375 0.9114583333333334 0.5087890625 0.90625 0.4853515625 0.8828125 0.4736328125 0.8671875 0.4736328125 0.8515625 0.4755859375 0.8450520833333334 0.486328125 0.8372395833333334 0.49609375 0.82421875 0.5009765625 0.8111979166666666 0.5166015625 0.8059895833333334 0.5361328125 0.7903645833333334 0.5390625 0.7903645833333334
0 0.4755859375 0.2682291666666667 0.509765625 0.2734375 0.5537109375 0.2916666666666667 0.5625 0.2994791666666667 0.587890625 0.3307291666666667 0.60546875 0.3684895833333333 0.609375 0.3815104166666667 0.611328125 0.3984375 0.6103515625 0.4127604166666667 0.6123046875 0.4205729166666667 0.611328125 0.4348958333333333 0.6083984375 0.4505208333333333 0.5986328125 0.47265625 0.578125 0.4947916666666667 0.548828125 0.5065104166666666 0.533203125 0.515625 0.515625 0.5182291666666666 0.5126953125 0.5221354166666666 0.5166015625 0.5286458333333334 0.515625 0.53125 0.5 0.52734375 0.462890625 0.5299479166666666 0.451171875 0.5221354166666666 0.4443359375 0.5143229166666666 0.4423828125 0.51171875 0.4423828125 0.5052083333333334 0.447265625 0.5013020833333334 0.4482421875 0.4908854166666667 0.4423828125 0.4817708333333333 0.43359375 0.4765625 0.421875 0.46484375 0.4072265625 0.4427083333333333 0.3984375 0.4348958333333333 0.3935546875 0.40625 0.388671875 0.39453125 0.38671875 0.375 0.3798828125 0.359375 0.380859375 0.3450520833333333 0.3779296875 0.3411458333333333 0.3681640625 0.33984375 0.3623046875 0.328125 0.3623046875 0.3190104166666667 0.3720703125 0.3020833333333333 0.380859375 0.2942708333333333 0.4130859375 0.2747395833333333 0.45703125 0.2669270833333333 0.474609375 0.2682291666666667