0 0.703125 0.34765625 0.6982421875 0.3229166666666667 0.6826171875 0.2877604166666667 0.677734375 0.265625 0.6875 0.25 0.6962890625 0.24348958333333334 0.7109375 0.23828125 0.7392578125 0.23828125 0.744140625 0.23567708333333334 0.7509765625 0.23567708333333334 0.7568359375 0.24088541666666666 0.7685546875 0.2760416666666667 0.7734375 0.296875 0.775390625 0.3177083333333333 0.7734375 0.3450520833333333 0.7685546875 0.3567708333333333 0.763671875 0.3619791666666667 0.7578125 0.3619791666666667 0.7412109375 0.3541666666666667 0.708984375 0.3502604166666667 0.7041015625 0.34765625
0 0.724609375 0.3541666666666667 0.74609375 0.359375 0.76171875 0.3684895833333333 0.791015625 0.4088541666666667 0.8056640625 0.4466145833333333 0.810546875 0.4700520833333333 0.810546875 0.5247395833333334 0.8046875 0.5494791666666666 0.7900390625 0.5911458333333334 0.771484375 0.6184895833333334 0.744140625 0.6432291666666666 0.7265625 0.65234375 0.70703125 0.6549479166666666 0.6865234375 0.6510416666666666 0.6748046875 0.6458333333333334 0.6630859375 0.63671875 0.6435546875 0.6145833333333334 0.630859375 0.5963541666666666 0.630859375 0.5924479166666666 0.65234375 0.5559895833333334 0.6611328125 0.5286458333333334 0.662109375 0.4856770833333333 0.6591796875 0.4635416666666667 0.65625 0.44921875 0.6435546875 0.4231770833333333 0.6435546875 0.4127604166666667 0.662109375 0.3919270833333333 0.6640625 0.3880208333333333 0.6630859375 0.3736979166666667 0.66796875 0.3671875 0.6962890625 0.3541666666666667 0.7236328125 0.3541666666666667
0 0.833984375 0.6171875 0.86328125 0.62890625 0.875 0.63671875 0.8935546875 0.6549479166666666 0.91796875 0.6979166666666666 0.92578125 0.7200520833333334 0.9296875 0.7395833333333334 0.9287109375 0.7669270833333334 0.9248046875 0.7838541666666666 0.91796875 0.80078125 0.916015625 0.8138020833333334 0.8974609375 0.8372395833333334 0.87890625 0.85546875 0.8427734375 0.8697916666666666 0.8134765625 0.8697916666666666 0.7998046875 0.8645833333333334 0.783203125 0.8489583333333334 0.76171875 0.83984375 0.7412109375 0.8229166666666666 0.7333984375 0.8111979166666666 0.724609375 0.7916666666666666 0.716796875 0.7434895833333334 0.716796875 0.7161458333333334 0.72265625 0.6888020833333334 0.7373046875 0.66015625 0.7509765625 0.6419270833333334 0.7685546875 0.6276041666666666 0.7890625 0.6184895833333334 0.8017578125 0.6158854166666666 0.8330078125 0.6171875
0 0.5107421875 0.375 0.515625 0.3815104166666667 0.517578125 0.3971354166666667 0.4921875 0.4283854166666667 0.4736328125 0.4791666666666667 0.470703125 0.5143229166666666 0.474609375 0.5416666666666666 0.482421875 0.5677083333333334 0.48046875 0.5729166666666666 0.4765625 0.57421875 0.455078125 0.57421875 0.439453125 0.5690104166666666 0.435546875 0.5651041666666666 0.4345703125 0.5546875 0.4384765625 0.53125 0.4375 0.4635416666666667 0.42578125 0.4231770833333333 0.4326171875 0.4140625 0.4560546875 0.3971354166666667 0.478515625 0.3893229166666667 0.5029296875 0.3723958333333333 0.5078125 0.3723958333333333 0.509765625 0.375
0 0.5166015625 0.609375 0.5400390625 0.6223958333333334 0.5634765625 0.6263020833333334 0.580078125 0.6393229166666666 0.6005859375 0.6744791666666666 0.6083984375 0.6966145833333334 0.61328125 0.71875 0.61328125 0.765625 0.609375 0.78515625 0.599609375 0.8111979166666666 0.5869140625 0.8307291666666666 0.5703125 0.84765625 0.55859375 0.8528645833333334 0.546875 0.8619791666666666 0.52734375 0.8684895833333334 0.513671875 0.8684895833333334 0.494140625 0.86328125 0.4736328125 0.8502604166666666 0.4638671875 0.8411458333333334 0.4423828125 0.8138020833333334 0.4345703125 0.796875 0.4267578125 0.7643229166666666 0.42578125 0.7291666666666666 0.4287109375 0.6966145833333334 0.431640625 0.6861979166666666 0.451171875 0.6432291666666666 0.4619140625 0.6276041666666666 0.4765625 0.6145833333333334 0.5009765625 0.6067708333333334 0.51171875 0.6067708333333334 0.515625 0.609375
0 0.3857421875 0.26953125 0.408203125 0.29296875 0.41796875 0.3125 0.4228515625 0.3294270833333333 0.42578125 0.3658854166666667 0.4208984375 0.3919270833333333 0.4208984375 0.4114583333333333 0.4189453125 0.4127604166666667 0.416015625 0.4114583333333333 0.41015625 0.4036458333333333 0.4091796875 0.3984375 0.3984375 0.38671875 0.3466796875 0.3606770833333333 0.330078125 0.3580729166666667 0.306640625 0.3619791666666667 0.296875 0.3671875 0.2919921875 0.3658854166666667 0.294921875 0.328125 0.3212890625 0.2903645833333333 0.34375 0.2747395833333333 0.357421875 0.26953125 0.384765625 0.26953125
0 0.3447265625 0.36328125 0.3740234375 0.3763020833333333 0.3935546875 0.3893229166666667 0.41796875 0.41796875 0.4248046875 0.4296875 0.431640625 0.44921875 0.4365234375 0.484375 0.435546875 0.53515625 0.4306640625 0.5651041666666666 0.416015625 0.6002604166666666 0.4052734375 0.63671875 0.400390625 0.6419270833333334 0.3935546875 0.6614583333333334 0.3896484375 0.6653645833333334 0.3857421875 0.6640625 0.380859375 0.6666666666666666 0.3564453125 0.69921875 0.353515625 0.7122395833333334 0.3447265625 0.7174479166666666 0.337890625 0.7174479166666666 0.333984375 0.7096354166666666 0.3330078125 0.7018229166666666 0.3251953125 0.6966145833333334 0.31640625 0.6953125 0.302734375 0.6979166666666666 0.2685546875 0.6809895833333334 0.244140625 0.6458333333333334 0.228515625 0.6106770833333334 0.2177734375 0.5755208333333334 0.2138671875 0.5377604166666666 0.2138671875 0.5182291666666666 0.216796875 0.4934895833333333 0.212890625 0.4895833333333333 0.212890625 0.4856770833333333 0.2099609375 0.484375 0.20703125 0.4713541666666667 0.2158203125 0.4622395833333333 0.216796875 0.4518229166666667 0.2197265625 0.4479166666666667 0.21875 0.4127604166666667 0.2197265625 0.4075520833333333 0.224609375 0.4036458333333333 0.2275390625 0.3971354166666667 0.22265625 0.38671875 0.2236328125 0.3802083333333333 0.2333984375 0.3815104166666667 0.244140625 0.37890625 0.251953125 0.3828125 0.25390625 0.3893229166666667 0.2568359375 0.38671875 0.2685546875 0.3880208333333333 0.298828125 0.3684895833333333 0.31640625 0.3619791666666667 0.34375 0.36328125
0 0.498046875 0.21744791666666666 0.5205078125 0.22526041666666666 0.53125 0.23958333333333334 0.54296875 0.23828125 0.5537109375 0.24869791666666666 0.56640625 0.25 0.5703125 0.2604166666666667 0.5703125 0.2760416666666667 0.560546875 0.296875 0.556640625 0.3151041666666667 0.544921875 0.3359375 0.54296875 0.3528645833333333 0.5390625 0.3619791666666667 0.515625 0.375 0.5048828125 0.3671875 0.4814453125 0.3828125 0.4697265625 0.3841145833333333 0.4609375 0.3893229166666667 0.4560546875 0.3893229166666667 0.44921875 0.3841145833333333 0.431640625 0.3606770833333333 0.4228515625 0.3203125 0.41015625 0.2890625 0.4111328125 0.2604166666666667 0.419921875 0.234375 0.435546875 0.21484375 0.4423828125 0.21223958333333334 0.46484375 0.21223958333333334 0.4853515625 0.21875 0.4970703125 0.21744791666666666
0 0.5732421875 0.3841145833333333 0.5947265625 0.3880208333333333 0.615234375 0.3971354166666667 0.634765625 0.4140625 0.6552734375 0.4557291666666667 0.6591796875 0.48046875 0.658203125 0.5234375 0.65625 0.53515625 0.6513671875 0.5494791666666666 0.634765625 0.5794270833333334 0.626953125 0.58984375 0.6123046875 0.6015625 0.5791015625 0.6171875 0.5400390625 0.6158854166666666 0.5205078125 0.6067708333333334 0.5078125 0.59765625 0.4873046875 0.5729166666666666 0.4765625 0.5416666666666666 0.47265625 0.515625 0.4765625 0.4752604166666667 0.490234375 0.4361979166666667 0.5009765625 0.4192708333333333 0.5283203125 0.3932291666666667 0.5517578125 0.3841145833333333 0.572265625 0.3841145833333333
0 0.6357421875 0.2578125 0.6455078125 0.2604166666666667 0.67578125 0.2799479166666667 0.6923828125 0.3151041666666667 0.69921875 0.3411458333333333 0.697265625 0.3502604166666667 0.673828125 0.359375 0.6640625 0.3658854166666667 0.658203125 0.3736979166666667 0.658203125 0.3893229166666667 0.6474609375 0.4036458333333333 0.6396484375 0.41015625 0.6328125 0.4075520833333333 0.6171875 0.39453125 0.595703125 0.3841145833333333 0.5537109375 0.3776041666666667 0.5478515625 0.36328125 0.5458984375 0.3489583333333333 0.5498046875 0.3333333333333333 0.560546875 0.3203125 0.5673828125 0.2955729166666667 0.5810546875 0.2760416666666667 0.5908203125 0.2669270833333333 0.6044921875 0.2604166666666667 0.634765625 0.2578125
0 0.626953125 0.17578125 0.6416015625 0.18359375 0.65625 0.18489583333333334 0.6591796875 0.18880208333333334 0.66015625 0.21614583333333334 0.666015625 0.2421875 0.6640625 0.2578125 0.65625 0.2643229166666667 0.6416015625 0.2565104166666667 0.6171875 0.2552083333333333 0.6005859375 0.2591145833333333 0.578125 0.2747395833333333 0.57421875 0.26953125 0.572265625 0.2526041666666667 0.56640625 0.24348958333333334 0.5673828125 0.22916666666666666 0.5732421875 0.20442708333333334 0.587890625 0.18619791666666666 0.60546875 0.17838541666666666 0.6259765625 0.17578125