0 0.8056640625 0.07682291666666667 0.8330078125 0.08333333333333333 0.8486328125 0.09375 0.8603515625 0.09765625 0.8759765625 0.11197916666666667 0.8837890625 0.12239583333333333 0.8974609375 0.14713541666666666 0.904296875 0.16666666666666666 0.9091796875 0.19791666666666666 0.9091796875 0.23697916666666666 0.900390625 0.2721354166666667 0.8916015625 0.2942708333333333 0.884765625 0.30859375 0.8681640625 0.3333333333333333 0.84765625 0.3567708333333333 0.828125 0.3697916666666667 0.8134765625 0.3763020833333333 0.7880859375 0.3828125 0.7578125 0.3828125 0.7275390625 0.3763020833333333 0.7099609375 0.3658854166666667 0.689453125 0.3411458333333333 0.6845703125 0.33984375 0.6767578125 0.3450520833333333 0.6708984375 0.3450520833333333 0.6640625 0.33984375 0.6591796875 0.3268229166666667 0.6591796875 0.2981770833333333 0.6640625 0.28125 0.6611328125 0.2265625 0.6669921875 0.17708333333333334 0.68359375 0.14453125 0.7001953125 0.12239583333333333 0.7197265625 0.10416666666666667 0.7548828125 0.0859375 0.7822265625 0.07682291666666667 0.8046875 0.07682291666666667
0 0.01171875 0.12760416666666666 0.025390625 0.13020833333333334 0.052734375 0.140625 0.076171875 0.15755208333333334 0.087890625 0.16796875 0.1005859375 0.18489583333333334 0.11328125 0.21614583333333334 0.11328125 0.22786458333333334 0.1083984375 0.24609375 0.1044921875 0.2747395833333333 0.1044921875 0.3216145833333333 0.099609375 0.33203125 0.099609375 0.3515625 0.095703125 0.36328125 0.08203125 0.3802083333333333 0.076171875 0.3815104166666667 0.0546875 0.3697916666666667 0.0361328125 0.3841145833333333 0.0146484375 0.3841145833333333 0 0.37890625 0 0.12890625 0.0107421875 0.12760416666666666
0 0.2685546875 0.4140625 0.271484375 0.4166666666666667 0.275390625 0.4140625 0.2861328125 0.4140625 0.3193359375 0.46484375 0.333984375 0.4765625 0.337890625 0.4856770833333333 0.365234375 0.5130208333333334 0.4033203125 0.53125 0.4248046875 0.5325520833333334 0.431640625 0.5364583333333334 0.4326171875 0.5403645833333334 0.431640625 0.5520833333333334 0.4228515625 0.5768229166666666 0.4072265625 0.6002604166666666 0.37890625 0.6328125 0.369140625 0.63671875 0.349609375 0.6536458333333334 0.3349609375 0.6614583333333334 0.3271484375 0.6627604166666666 0.32421875 0.66796875 0.3251953125 0.6705729166666666 0.322265625 0.6731770833333334 0.310546875 0.671875 0.2978515625 0.6653645833333334 0.29296875 0.6393229166666666 0.2900390625 0.6354166666666666 0.271484375 0.6302083333333334 0.251953125 0.6184895833333334 0.2353515625 0.5950520833333334 0.2255859375 0.5690104166666666 0.2255859375 0.54296875 0.2197265625 0.53125 0.2216796875 0.4947916666666667 0.2275390625 0.4752604166666667 0.2470703125 0.4479166666666667 0.25 0.4375 0.2548828125 0.4388020833333333 0.2587890625 0.4296875 0.263671875 0.42578125 0.2646484375 0.41796875 0.2685546875 0.4153645833333333
0 0.7041015625 0.3723958333333333 0.7138671875 0.3723958333333333 0.73046875 0.3815104166666667 0.75390625 0.38671875 0.787109375 0.38671875 0.8125 0.3802083333333333 0.84375 0.36328125 0.8486328125 0.36328125 0.8603515625 0.38671875 0.8681640625 0.4088541666666667 0.875 0.4583333333333333 0.873046875 0.484375 0.8662109375 0.51171875 0.85546875 0.53515625 0.84375 0.546875 0.7978515625 0.5807291666666666 0.78125 0.5846354166666666 0.7529296875 0.6028645833333334 0.7392578125 0.6041666666666666 0.73046875 0.5989583333333334 0.716796875 0.5963541666666666 0.7119140625 0.5911458333333334 0.703125 0.5729166666666666 0.701171875 0.5638020833333334 0.703125 0.54296875 0.701171875 0.53515625 0.677734375 0.48046875 0.6728515625 0.4583333333333333 0.673828125 0.4388020833333333 0.6796875 0.4166666666666667 0.697265625 0.3828125 0.7041015625 0.3736979166666667
0 0.4609375 0.140625 0.4892578125 0.15234375 0.49609375 0.15755208333333334 0.513671875 0.20052083333333334 0.5283203125 0.22135416666666666 0.541015625 0.23307291666666666 0.5556640625 0.23958333333333334 0.56640625 0.25 0.56640625 0.2591145833333333 0.5693359375 0.26171875 0.5703125 0.2669270833333333 0.572265625 0.30859375 0.5703125 0.3307291666666667 0.564453125 0.35546875 0.5478515625 0.3880208333333333 0.5419921875 0.4075520833333333 0.5224609375 0.4479166666666667 0.515625 0.4557291666666667 0.5068359375 0.4739583333333333 0.4970703125 0.48828125 0.4716796875 0.5130208333333334 0.44140625 0.5299479166666666 0.4052734375 0.52734375 0.3740234375 0.5143229166666666 0.34765625 0.4921875 0.341796875 0.4830729166666667 0.3408203125 0.4765625 0.333984375 0.4674479166666667 0.3203125 0.4596354166666667 0.3056640625 0.4388020833333333 0.291015625 0.4075520833333333 0.287109375 0.3815104166666667 0.2861328125 0.3450520833333333 0.2880859375 0.3177083333333333 0.29296875 0.2942708333333333 0.298828125 0.27734375 0.3134765625 0.21744791666666666 0.3173828125 0.21223958333333334 0.35546875 0.18619791666666666 0.36328125 0.17447916666666666 0.375 0.16276041666666666 0.3896484375 0.15494791666666666 0.396484375 0.1484375 0.4169921875 0.13932291666666666 0.4306640625 0.13671875 0.443359375 0.13671875 0.4599609375 0.140625
0 0.1708984375 0.109375 0.201171875 0.10546875 0.208984375 0.1015625 0.212890625 0.11067708333333333 0.2109375 0.1171875 0.2119140625 0.12369791666666667 0.216796875 0.125 0.2333984375 0.16536458333333334 0.2548828125 0.1953125 0.2705078125 0.20703125 0.296875 0.21614583333333334 0.30078125 0.21875 0.3037109375 0.22526041666666666 0.296875 0.2669270833333333 0.2841796875 0.3177083333333333 0.283203125 0.3958333333333333 0.28125 0.3984375 0.24609375 0.41796875 0.228515625 0.421875 0.2099609375 0.421875 0.1767578125 0.41015625 0.15234375 0.3958333333333333 0.1220703125 0.359375 0.1123046875 0.3307291666666667 0.107421875 0.3046875 0.107421875 0.2760416666666667 0.1142578125 0.23697916666666666 0.1259765625 0.2109375 0.1396484375 0.18880208333333334 0.1611328125 0.16276041666666666 0.1669921875 0.13671875 0.16796875 0.11848958333333333 0.1708984375 0.11067708333333333
0 0.1123046875 0.3515625 0.1220703125 0.3671875 0.1474609375 0.3971354166666667 0.166015625 0.4088541666666667 0.203125 0.42578125 0.216796875 0.4283854166666667 0.2197265625 0.4322916666666667 0.2216796875 0.4479166666666667 0.2197265625 0.4791666666666667 0.21484375 0.4947916666666667 0.197265625 0.5221354166666666 0.197265625 0.5338541666666666 0.1748046875 0.5572916666666666 0.17578125 0.5611979166666666 0.173828125 0.56640625 0.1552734375 0.5807291666666666 0.14453125 0.5807291666666666 0.1376953125 0.5729166666666666 0.1259765625 0.5677083333333334 0.1123046875 0.5494791666666666 0.0810546875 0.546875 0.0615234375 0.5364583333333334 0.041015625 0.5143229166666666 0.0283203125 0.4869791666666667 0.025390625 0.4622395833333333 0.0263671875 0.4427083333333333 0.029296875 0.4283854166666667 0.041015625 0.40234375 0.0498046875 0.3893229166666667 0.060546875 0.37890625 0.0673828125 0.37890625 0.0751953125 0.3854166666666667 0.083984375 0.3828125 0.103515625 0.3580729166666667 0.111328125 0.3515625
0 0.208984375 0 0.26171875 0 0.2685546875 0.01171875 0.26953125 0.01953125 0.2724609375 0.022135416666666668 0.2744140625 0.044270833333333336 0.279296875 0.052083333333333336 0.2861328125 0.052083333333333336 0.3017578125 0.044270833333333336 0.3076171875 0.044270833333333336 0.310546875 0.046875 0.3134765625 0.057291666666666664 0.3134765625 0.09244791666666667 0.3271484375 0.13671875 0.3310546875 0.16145833333333334 0.3369140625 0.17708333333333334 0.341796875 0.18359375 0.3466796875 0.18489583333333334 0.3369140625 0.1953125 0.310546875 0.2109375 0.296875 0.2109375 0.26953125 0.203125 0.2607421875 0.19791666666666666 0.25390625 0.19010416666666666 0.2333984375 0.15234375 0.220703125 0.11848958333333333 0.2177734375 0.10286458333333333 0.2119140625 0.09244791666666667 0.2060546875 0.07291666666666667 0.2060546875 0.033854166666666664 0.2041015625 0.018229166666666668 0.2080078125 0.013020833333333334 0.208984375 0.0013020833333333333
0 0.4794921875 0.5208333333333334 0.490234375 0.5325520833333334 0.5048828125 0.54296875 0.51953125 0.5598958333333334 0.5283203125 0.5846354166666666 0.5263671875 0.5924479166666666 0.521484375 0.6002604166666666 0.521484375 0.609375 0.5234375 0.6158854166666666 0.5322265625 0.62890625 0.5458984375 0.6354166666666666 0.556640625 0.6341145833333334 0.5693359375 0.63671875 0.572265625 0.6302083333333334 0.580078125 0.6223958333333334 0.5859375 0.6223958333333334 0.5927734375 0.6328125 0.595703125 0.6497395833333334 0.595703125 0.6666666666666666 0.591796875 0.6940104166666666 0.587890625 0.7057291666666666 0.580078125 0.71875 0.5625 0.7408854166666666 0.5400390625 0.7578125 0.5322265625 0.7682291666666666 0.529296875 0.78125 0.517578125 0.7864583333333334 0.5029296875 0.80078125 0.49609375 0.80078125 0.4912109375 0.7942708333333334 0.4814453125 0.7877604166666666 0.46484375 0.78515625 0.451171875 0.7760416666666666 0.4375 0.7760416666666666 0.416015625 0.76171875 0.4052734375 0.7513020833333334 0.3876953125 0.7252604166666666 0.3837890625 0.7135416666666666 0.380859375 0.6927083333333334 0.3837890625 0.66015625 0.3984375 0.6223958333333334 0.44140625 0.5638020833333334 0.44921875 0.53515625 0.462890625 0.5234375 0.47265625 0.51953125 0.478515625 0.5208333333333334
0 0.5986328125 0.4192708333333333 0.6259765625 0.4270833333333333 0.642578125 0.4348958333333333 0.654296875 0.4440104166666667 0.6650390625 0.45703125 0.6787109375 0.4973958333333333 0.6806640625 0.51171875 0.6806640625 0.54296875 0.6748046875 0.5677083333333334 0.6689453125 0.5807291666666666 0.66015625 0.5924479166666666 0.63671875 0.609375 0.625 0.6119791666666666 0.6162109375 0.6171875 0.6083984375 0.6171875 0.6064453125 0.6197916666666666 0.615234375 0.62890625 0.5947265625 0.6236979166666666 0.5888671875 0.6184895833333334 0.5810546875 0.6158854166666666 0.5673828125 0.6328125 0.5595703125 0.6328125 0.5517578125 0.6276041666666666 0.544921875 0.62890625 0.53515625 0.6263020833333334 0.525390625 0.61328125 0.525390625 0.6015625 0.5322265625 0.5911458333333334 0.5322265625 0.58203125 0.529296875 0.5729166666666666 0.5283203125 0.5442708333333334 0.5234375 0.5299479166666666 0.521484375 0.5143229166666666 0.5244140625 0.48046875 0.53125 0.453125 0.546875 0.4361979166666667 0.572265625 0.4205729166666667 0.59765625 0.4192708333333333
0 0.2158203125 0.5338541666666666 0.220703125 0.54296875 0.220703125 0.55859375 0.224609375 0.578125 0.2412109375 0.6106770833333334 0.2509765625 0.6223958333333334 0.2587890625 0.6263020833333334 0.2587890625 0.6302083333333334 0.2470703125 0.6536458333333334 0.240234375 0.6627604166666666 0.2236328125 0.6783854166666666 0.20703125 0.6848958333333334 0.19140625 0.6848958333333334 0.18359375 0.6822916666666666 0.1669921875 0.6731770833333334 0.150390625 0.6588541666666666 0.1328125 0.6315104166666666 0.1220703125 0.6080729166666666 0.12109375 0.5768229166666666 0.123046875 0.5716145833333334 0.1318359375 0.57421875 0.1435546875 0.5885416666666666 0.1611328125 0.5833333333333334 0.181640625 0.5638020833333334 0.1845703125 0.5533854166666666 0.203125 0.5325520833333334 0.2138671875 0.53125 0.21484375 0.5338541666666666
0 0.5791015625 0 0.580078125 0.0026041666666666665 0.5859375 0 0.62109375 0 0.623046875 0.0026041666666666665 0.6298828125 0 0.6337890625 0.0026041666666666665 0.6416015625 0.0026041666666666665 0.6435546875 0 0.6923828125 0 0.697265625 0.018229166666666668 0.7099609375 0.02734375 0.7177734375 0.05859375 0.7177734375 0.0703125 0.712890625 0.07942708333333333 0.70703125 0.10807291666666667 0.69921875 0.1171875 0.69140625 0.11979166666666667 0.6884765625 0.12369791666666667 0.6787109375 0.14713541666666666 0.6630859375 0.171875 0.6513671875 0.1953125 0.6396484375 0.20963541666666666 0.6220703125 0.22395833333333334 0.58203125 0.24348958333333334 0.5654296875 0.24088541666666666 0.54296875 0.22786458333333334 0.5283203125 0.21484375 0.5107421875 0.18489583333333334 0.50390625 0.16276041666666666 0.498046875 0.15104166666666666 0.494140625 0.12760416666666666 0.4951171875 0.08072916666666667 0.501953125 0.053385416666666664 0.50390625 0.03125 0.51171875 0.005208333333333333 0.5205078125 0 0.578125 0