0 0.3923611111111111 0.7942708333333334 0.3975694444444444 0.7955729166666666 0.4131944444444444 0.8072916666666666 0.4288194444444444 0.8072916666666666 0.4409722222222222 0.8111979166666666 0.4791666666666667 0.8333333333333334 0.484375 0.8385416666666666 0.4809027777777778 0.8463541666666666 0.4809027777777778 0.8541666666666666 0.5052083333333334 0.8893229166666666 0.5121527777777778 0.90625 0.5173611111111112 0.9309895833333334 0.5104166666666666 0.96484375 0.5017361111111112 0.9830729166666666 0.4947916666666667 0.9934895833333334 0.4878472222222222 0.9986979166666666 0.2864583333333333 0.9986979166666666 0.2847222222222222 0.9973958333333334 0.21875 0.9986979166666666 0.21354166666666666 0.9947916666666666 0.203125 0.9778645833333334 0.18229166666666666 0.9596354166666666 0.17881944444444445 0.94140625 0.18055555555555555 0.9049479166666666 0.1875 0.88671875 0.21180555555555555 0.85546875 0.24131944444444445 0.8372395833333334 0.28125 0.8190104166666666 0.296875 0.8059895833333334 0.3159722222222222 0.8046875 0.328125 0.80078125 0.3385416666666667 0.80078125 0.3611111111111111 0.7942708333333334 0.390625 0.7942708333333334
0 0.4079861111111111 0.06510416666666667 0.4201388888888889 0.06640625 0.4409722222222222 0.07552083333333333 0.453125 0.08333333333333333 0.4635416666666667 0.09505208333333333 0.4809027777777778 0.125 0.4826388888888889 0.15104166666666666 0.4722222222222222 0.17317708333333334 0.4322916666666667 0.17578125 0.421875 0.1796875 0.3940972222222222 0.19270833333333334 0.3767361111111111 0.20833333333333334 0.3611111111111111 0.21875 0.3541666666666667 0.21744791666666666 0.3506944444444444 0.21354166666666666 0.3368055555555556 0.18098958333333334 0.3159722222222222 0.15364583333333334 0.2760416666666667 0.12369791666666667 0.2743055555555556 0.1171875 0.2916666666666667 0.0859375 0.3003472222222222 0.078125 0.3142361111111111 0.07421875 0.3350694444444444 0.07291666666666667 0.3576388888888889 0.06640625 0.40625 0.06510416666666667
0 0.7430555555555556 0.07291666666666667 0.7534722222222222 0.07682291666666667 0.7621527777777778 0.0859375 0.7725694444444444 0.08463541666666667 0.7760416666666666 0.08723958333333333 0.78125 0.08723958333333333 0.7899305555555556 0.09505208333333333 0.7934027777777778 0.11328125 0.8038194444444444 0.11588541666666667 0.8385416666666666 0.13671875 0.8524305555555556 0.14713541666666666 0.8541666666666666 0.15104166666666666 0.8576388888888888 0.16666666666666666 0.8559027777777778 0.19921875 0.8402777777777778 0.22916666666666666 0.8194444444444444 0.24739583333333334 0.7881944444444444 0.26171875 0.7586805555555556 0.2669270833333333 0.7447916666666666 0.265625 0.7309027777777778 0.2578125 0.7065972222222222 0.2513020833333333 0.6875 0.25 0.6475694444444444 0.2513020833333333 0.6354166666666666 0.2421875 0.6302083333333334 0.2421875 0.6163194444444444 0.23697916666666666 0.59375 0.22265625 0.5677083333333334 0.20963541666666666 0.5555555555555556 0.19791666666666666 0.5451388888888888 0.1796875 0.5416666666666666 0.16015625 0.5347222222222222 0.140625 0.5347222222222222 0.12760416666666666 0.5416666666666666 0.11067708333333333 0.5486111111111112 0.10026041666666667 0.5590277777777778 0.09114583333333333 0.5885416666666666 0.08203125 0.6006944444444444 0.08072916666666667 0.6128472222222222 0.07552083333333333 0.6649305555555556 0.07421875 0.6736111111111112 0.07161458333333333 0.6822916666666666 0.07161458333333333 0.6979166666666666 0.07942708333333333 0.703125 0.07942708333333333 0.7100694444444444 0.07682291666666667 0.7413194444444444 0.07421875
0 0.7048611111111112 0.5794270833333334 0.7118055555555556 0.5807291666666666 0.7135416666666666 0.5872395833333334 0.71875 0.58984375 0.7291666666666666 0.5846354166666666 0.734375 0.5885416666666666 0.7326388888888888 0.5911458333333334 0.734375 0.59375 0.7395833333333334 0.5950520833333334 0.7482638888888888 0.59375 0.7569444444444444 0.6028645833333334 0.765625 0.6080729166666666 0.7743055555555556 0.609375 0.8020833333333334 0.6197916666666666 0.8541666666666666 0.66015625 0.8715277777777778 0.6809895833333334 0.8923611111111112 0.7122395833333334 0.9027777777777778 0.7395833333333334 0.90625 0.7578125 0.9027777777777778 0.7890625 0.8923611111111112 0.8138020833333334 0.8819444444444444 0.828125 0.8611111111111112 0.8489583333333334 0.8211805555555556 0.8776041666666666 0.7934027777777778 0.8919270833333334 0.7604166666666666 0.9049479166666666 0.7118055555555556 0.9140625 0.6458333333333334 0.9114583333333334 0.5920138888888888 0.9010416666666666 0.5746527777777778 0.890625 0.5607638888888888 0.87109375 0.5538194444444444 0.87109375 0.5416666666666666 0.875 0.5190972222222222 0.8763020833333334 0.5208333333333334 0.8658854166666666 0.5190972222222222 0.85546875 0.5104166666666666 0.84765625 0.5 0.8307291666666666 0.5 0.8203125 0.5052083333333334 0.81640625 0.5052083333333334 0.8138020833333334 0.4982638888888889 0.80859375 0.4982638888888889 0.7994791666666666 0.4930555555555556 0.79296875 0.4895833333333333 0.7760416666666666 0.4947916666666667 0.75 0.4982638888888889 0.7473958333333334 0.4947916666666667 0.7408854166666666 0.4965277777777778 0.6979166666666666 0.5017361111111112 0.6875 0.5173611111111112 0.6705729166666666 0.5347222222222222 0.6549479166666666 0.5590277777777778 0.6380208333333334 0.5920138888888888 0.6236979166666666 0.6076388888888888 0.6223958333333334 0.6232638888888888 0.6171875 0.6319444444444444 0.6119791666666666 0.6319444444444444 0.60546875 0.6423611111111112 0.6028645833333334 0.6458333333333334 0.5989583333333334 0.6579861111111112 0.59765625 0.6649305555555556 0.5924479166666666 0.6684027777777778 0.5924479166666666 0.6736111111111112 0.5963541666666666 0.6805555555555556 0.5963541666666666 0.6875 0.5911458333333334 0.6875 0.5885416666666666 0.6892361111111112 0.5924479166666666 0.6979166666666666 0.59765625 0.703125 0.5924479166666666 0.6996527777777778 0.5846354166666666 0.6996527777777778 0.5807291666666666 0.703125 0.5794270833333334
0 0.8125 0.4622395833333333 0.8177083333333334 0.46875 0.8350694444444444 0.46875 0.8784722222222222 0.4635416666666667 0.8940972222222222 0.4713541666666667 0.9149305555555556 0.4765625 0.9340277777777778 0.4869791666666667 0.953125 0.5026041666666666 0.9704861111111112 0.52734375 0.9739583333333334 0.5442708333333334 0.9809027777777778 0.5611979166666666 0.9809027777777778 0.5716145833333334 0.9722222222222222 0.5885416666666666 0.9548611111111112 0.60546875 0.9253472222222222 0.6276041666666666 0.9045138888888888 0.63671875 0.8819444444444444 0.6432291666666666 0.8402777777777778 0.640625 0.8263888888888888 0.6341145833333334 0.8055555555555556 0.6158854166666666 0.7690972222222222 0.6041666666666666 0.7430555555555556 0.5846354166666666 0.7361111111111112 0.5651041666666666 0.7239583333333334 0.55078125 0.7239583333333334 0.5338541666666666 0.7361111111111112 0.51171875 0.7534722222222222 0.4986979166666667 0.7743055555555556 0.4895833333333333 0.7986111111111112 0.4661458333333333 0.8055555555555556 0.4622395833333333 0.8107638888888888 0.4622395833333333
0 0.2048611111111111 0.5234375 0.24305555555555555 0.53515625 0.2604166666666667 0.5377604166666666 0.2795138888888889 0.5377604166666666 0.2881944444444444 0.5390625 0.2951388888888889 0.54296875 0.3194444444444444 0.54296875 0.3559027777777778 0.5533854166666666 0.3958333333333333 0.5768229166666666 0.4079861111111111 0.5885416666666666 0.4184027777777778 0.6041666666666666 0.4270833333333333 0.6276041666666666 0.4305555555555556 0.6471354166666666 0.4305555555555556 0.6692708333333334 0.4270833333333333 0.6861979166666666 0.4184027777777778 0.7096354166666666 0.4149305555555556 0.7122395833333334 0.3993055555555556 0.7434895833333334 0.3993055555555556 0.765625 0.3958333333333333 0.7760416666666666 0.390625 0.78125 0.3697916666666667 0.7877604166666666 0.3559027777777778 0.7877604166666666 0.3229166666666667 0.7760416666666666 0.2899305555555556 0.7760416666666666 0.2795138888888889 0.7786458333333334 0.2482638888888889 0.7799479166666666 0.1840277777777778 0.76953125 0.16145833333333334 0.7630208333333334 0.13020833333333334 0.7486979166666666 0.11458333333333333 0.7369791666666666 0.09722222222222222 0.7174479166666666 0.09027777777777778 0.6953125 0.09375 0.66015625 0.10243055555555555 0.63671875 0.11631944444444445 0.6197916666666666 0.1284722222222222 0.5950520833333334 0.1284722222222222 0.5859375 0.12152777777777778 0.578125 0.11979166666666667 0.5520833333333334 0.13020833333333334 0.5364583333333334 0.1371527777777778 0.53125 0.1579861111111111 0.5221354166666666 0.2013888888888889 0.5221354166666666 0.203125 0.5234375
0 0.19444444444444445 0.09114583333333333 0.2552083333333333 0.11197916666666667 0.3125 0.15494791666666666 0.3350694444444444 0.18489583333333334 0.3489583333333333 0.21744791666666666 0.3506944444444444 0.22395833333333334 0.3489583333333333 0.2682291666666667 0.3350694444444444 0.3020833333333333 0.3298611111111111 0.3111979166666667 0.3211805555555556 0.3190104166666667 0.3090277777777778 0.3177083333333333 0.2899305555555556 0.3098958333333333 0.2864583333333333 0.2994791666666667 0.2795138888888889 0.29296875 0.2482638888888889 0.2903645833333333 0.234375 0.2942708333333333 0.22916666666666666 0.2981770833333333 0.22395833333333334 0.30859375 0.2170138888888889 0.3138020833333333 0.1909722222222222 0.3203125 0.17881944444444445 0.33203125 0.15625 0.3424479166666667 0.125 0.3645833333333333 0.10243055555555555 0.3606770833333333 0.0625 0.3450520833333333 0.03125 0.32421875 0.012152777777777778 0.3059895833333333 0 0.2903645833333333 0 0.16796875 0.03298611111111111 0.13932291666666666 0.06076388888888889 0.12369791666666667 0.06770833333333333 0.12109375 0.08333333333333333 0.12109375 0.0920138888888889 0.11848958333333333 0.11284722222222222 0.1171875 0.1267361111111111 0.11328125 0.15104166666666666 0.10416666666666667 0.171875 0.08984375 0.19270833333333334 0.09114583333333333
0 0.7152777777777778 0.2565104166666667 0.7465277777777778 0.2708333333333333 0.7621527777777778 0.2825520833333333 0.78125 0.3059895833333333 0.7881944444444444 0.3229166666666667 0.796875 0.3359375 0.8055555555555556 0.359375 0.8055555555555556 0.37109375 0.8003472222222222 0.3802083333333333 0.8003472222222222 0.3854166666666667 0.8072916666666666 0.3919270833333333 0.8072916666666666 0.41015625 0.796875 0.4244791666666667 0.7829861111111112 0.4283854166666667 0.7795138888888888 0.4283854166666667 0.7725694444444444 0.4192708333333333 0.765625 0.4153645833333333 0.7361111111111112 0.4375 0.7013888888888888 0.453125 0.6927083333333334 0.453125 0.6631944444444444 0.4283854166666667 0.6527777777777778 0.42578125 0.6215277777777778 0.4114583333333333 0.6041666666666666 0.4088541666666667 0.5972222222222222 0.4049479166666667 0.5902777777777778 0.4049479166666667 0.5868055555555556 0.39453125 0.5538194444444444 0.3919270833333333 0.5451388888888888 0.37109375 0.5434027777777778 0.3580729166666667 0.5520833333333334 0.3307291666666667 0.5711805555555556 0.3020833333333333 0.5850694444444444 0.2890625 0.6111111111111112 0.2721354166666667 0.6284722222222222 0.2643229166666667 0.6597222222222222 0.2552083333333333 0.703125 0.25390625 0.7135416666666666 0.2565104166666667
0 0.5972222222222222 0.41015625 0.6024305555555556 0.4127604166666667 0.6163194444444444 0.4140625 0.6649305555555556 0.43359375 0.6875 0.453125 0.703125 0.4739583333333333 0.7118055555555556 0.4934895833333333 0.7135416666666666 0.5299479166666666 0.7048611111111112 0.5572916666666666 0.6927083333333334 0.5703125 0.6840277777777778 0.5716145833333334 0.6631944444444444 0.5677083333333334 0.6354166666666666 0.56640625 0.6267361111111112 0.5729166666666666 0.6180555555555556 0.5755208333333334 0.6024305555555556 0.5911458333333334 0.6006944444444444 0.5950520833333334 0.6041666666666666 0.6002604166666666 0.6041666666666666 0.60546875 0.6111111111111112 0.6119791666666666 0.5694444444444444 0.6276041666666666 0.5295138888888888 0.6276041666666666 0.5138888888888888 0.625 0.484375 0.6158854166666666 0.4739583333333333 0.609375 0.4600694444444444 0.6041666666666666 0.4201388888888889 0.5729166666666666 0.4097222222222222 0.5572916666666666 0.4027777777777778 0.5403645833333334 0.4010416666666667 0.5143229166666666 0.4097222222222222 0.4973958333333333 0.4114583333333333 0.4752604166666667 0.4184027777777778 0.4609375 0.4670138888888889 0.4283854166666667 0.4895833333333333 0.4192708333333333 0.5260416666666666 0.4088541666666667 0.5954861111111112 0.41015625
0 0.4600694444444444 0.17708333333333334 0.4947916666666667 0.1796875 0.5138888888888888 0.18489583333333334 0.5347222222222222 0.19401041666666666 0.5555555555555556 0.20963541666666666 0.5607638888888888 0.21744791666666666 0.5746527777777778 0.22916666666666666 0.5815972222222222 0.23958333333333334 0.5868055555555556 0.2565104166666667 0.5868055555555556 0.27734375 0.5815972222222222 0.2877604166666667 0.5642361111111112 0.3046875 0.5503472222222222 0.3255208333333333 0.5329861111111112 0.3424479166666667 0.5295138888888888 0.3502604166666667 0.515625 0.3606770833333333 0.5069444444444444 0.36328125 0.5 0.36328125 0.4583333333333333 0.3515625 0.4166666666666667 0.3450520833333333 0.3975694444444444 0.3385416666666667 0.3784722222222222 0.32421875 0.3697916666666667 0.3138020833333333 0.3576388888888889 0.2877604166666667 0.3559027777777778 0.2799479166666667 0.3576388888888889 0.23958333333333334 0.375 0.21354166666666666 0.3854166666666667 0.203125 0.4027777777777778 0.19140625 0.40625 0.19140625 0.4305555555555556 0.1796875 0.4583333333333333 0.17708333333333334
0 0.2569444444444444 0.2955729166666667 0.2725694444444444 0.2981770833333333 0.2777777777777778 0.3020833333333333 0.2760416666666667 0.3098958333333333 0.2777777777777778 0.3111979166666667 0.2986111111111111 0.3177083333333333 0.3211805555555556 0.3294270833333333 0.3350694444444444 0.3333333333333333 0.359375 0.3450520833333333 0.3871527777777778 0.3684895833333333 0.3940972222222222 0.37890625 0.4045138888888889 0.4036458333333333 0.40625 0.44140625 0.3975694444444444 0.46875 0.3975694444444444 0.4778645833333333 0.4010416666666667 0.48046875 0.4027777777777778 0.4869791666666667 0.4010416666666667 0.4973958333333333 0.3888888888888889 0.5065104166666666 0.3159722222222222 0.5364583333333334 0.3020833333333333 0.5364583333333334 0.2899305555555556 0.5325520833333334 0.265625 0.5325520833333334 0.2482638888888889 0.5299479166666666 0.24305555555555555 0.52734375 0.2204861111111111 0.5247395833333334 0.20833333333333334 0.5182291666666666 0.19791666666666666 0.5182291666666666 0.1892361111111111 0.515625 0.1857638888888889 0.5169270833333334 0.16145833333333334 0.515625 0.14583333333333334 0.5221354166666666 0.13541666666666666 0.5221354166666666 0.125 0.5143229166666666 0.1076388888888889 0.4921875 0.09722222222222222 0.4674479166666667 0.0954861111111111 0.4596354166666667 0.09722222222222222 0.4140625 0.1232638888888889 0.3763020833333333 0.140625 0.36328125 0.14930555555555555 0.3528645833333333 0.18055555555555555 0.3359375 0.19444444444444445 0.32421875 0.2152777777777778 0.3203125 0.22916666666666666 0.3111979166666667 0.234375 0.3033854166666667 0.24305555555555555 0.296875 0.2552083333333333 0.2955729166666667