0 0.42578125 0.7578125 0.439453125 0.7669270833333334 0.4609375 0.7890625 0.4677734375 0.8046875 0.4716796875 0.8294270833333334 0.4755859375 0.83984375 0.482421875 0.8489583333333334 0.482421875 0.8619791666666666 0.48046875 0.8684895833333334 0.4736328125 0.8776041666666666 0.46875 0.9114583333333334 0.4580078125 0.9388020833333334 0.4453125 0.9557291666666666 0.427734375 0.97265625 0.419921875 0.9778645833333334 0.400390625 0.9830729166666666 0.3857421875 0.9778645833333334 0.3681640625 0.9622395833333334 0.3544921875 0.9596354166666666 0.3447265625 0.9505208333333334 0.3447265625 0.93359375 0.3359375 0.91015625 0.3291015625 0.87109375 0.33203125 0.8359375 0.3486328125 0.7903645833333334 0.3623046875 0.7721354166666666 0.3759765625 0.7630208333333334 0.3955078125 0.7552083333333334 0.41796875 0.75390625 0.4248046875 0.7578125
0 0.5703125 0.23697916666666666 0.580078125 0.23958333333333334 0.58984375 0.24609375 0.5986328125 0.2565104166666667 0.60546875 0.26953125 0.6142578125 0.296875 0.615234375 0.3098958333333333 0.61328125 0.33203125 0.609375 0.3424479166666667 0.58984375 0.3528645833333333 0.5751953125 0.3697916666666667 0.5537109375 0.40234375 0.54296875 0.4244791666666667 0.5390625 0.4270833333333333 0.5166015625 0.4270833333333333 0.5087890625 0.4244791666666667 0.4951171875 0.4127604166666667 0.482421875 0.3932291666666667 0.4775390625 0.3645833333333333 0.4775390625 0.33984375 0.4794921875 0.3177083333333333 0.4833984375 0.3020833333333333 0.484375 0.2825520833333333 0.490234375 0.26171875 0.4970703125 0.25390625 0.50390625 0.2513020833333333 0.5224609375 0.2526041666666667 0.552734375 0.23697916666666666 0.5693359375 0.23697916666666666
0 0.6611328125 0.3411458333333333 0.6748046875 0.34375 0.69921875 0.3541666666666667 0.70703125 0.36328125 0.7177734375 0.3841145833333333 0.732421875 0.40234375 0.744140625 0.4049479166666667 0.751953125 0.4283854166666667 0.7568359375 0.4596354166666667 0.7568359375 0.4817708333333333 0.75390625 0.5091145833333334 0.748046875 0.5325520833333334 0.740234375 0.5494791666666666 0.716796875 0.5833333333333334 0.693359375 0.6041666666666666 0.6806640625 0.6106770833333334 0.6708984375 0.6106770833333334 0.65234375 0.59765625 0.611328125 0.5911458333333334 0.580078125 0.578125 0.57421875 0.56640625 0.5673828125 0.56640625 0.560546875 0.5559895833333334 0.5576171875 0.5416666666666666 0.5458984375 0.5169270833333334 0.54296875 0.5013020833333334 0.54296875 0.4583333333333333 0.546875 0.4309895833333333 0.552734375 0.4127604166666667 0.5693359375 0.3841145833333333 0.5849609375 0.3658854166666667 0.59375 0.359375 0.6064453125 0.3567708333333333 0.6171875 0.34375 0.6396484375 0.3385416666666667 0.654296875 0.3385416666666667 0.66015625 0.3411458333333333
0 0.4296875 0.125 0.4501953125 0.13802083333333334 0.4677734375 0.1640625 0.47265625 0.18229166666666666 0.4755859375 0.22265625 0.4736328125 0.24479166666666666 0.458984375 0.2708333333333333 0.447265625 0.27734375 0.43359375 0.26953125 0.408203125 0.2604166666666667 0.3935546875 0.2591145833333333 0.3759765625 0.2630208333333333 0.3603515625 0.26171875 0.3505859375 0.25 0.3447265625 0.23177083333333334 0.341796875 0.21354166666666666 0.34375 0.19270833333333334 0.349609375 0.17578125 0.37890625 0.13541666666666666 0.392578125 0.125 0.40234375 0.12239583333333333 0.4208984375 0.12239583333333333 0.4287109375 0.125
0 0.2587890625 0.609375 0.2822265625 0.6171875 0.306640625 0.640625 0.3125 0.6497395833333334 0.3203125 0.67578125 0.3232421875 0.703125 0.3203125 0.7252604166666666 0.3134765625 0.7395833333333334 0.30078125 0.7838541666666666 0.28125 0.8072916666666666 0.2568359375 0.8216145833333334 0.2392578125 0.8255208333333334 0.2255859375 0.8255208333333334 0.2099609375 0.8216145833333334 0.189453125 0.8098958333333334 0.177734375 0.7981770833333334 0.169921875 0.7864583333333334 0.162109375 0.7669270833333334 0.15625 0.7421875 0.1552734375 0.7239583333333334 0.1591796875 0.7044270833333334 0.1689453125 0.6744791666666666 0.19921875 0.6302083333333334 0.2080078125 0.62109375 0.2275390625 0.6106770833333334 0.23828125 0.6080729166666666 0.2578125 0.609375
0 0.2177734375 0.3893229166666667 0.23046875 0.3997395833333333 0.2451171875 0.3997395833333333 0.2705078125 0.39453125 0.287109375 0.39453125 0.2998046875 0.3997395833333333 0.3125 0.4114583333333333 0.3212890625 0.4231770833333333 0.32421875 0.4322916666666667 0.3359375 0.4479166666666667 0.3408203125 0.4661458333333333 0.34375 0.4934895833333333 0.3447265625 0.5143229166666666 0.341796875 0.55078125 0.3447265625 0.56640625 0.349609375 0.57421875 0.3466796875 0.578125 0.34765625 0.58203125 0.3388671875 0.5989583333333334 0.3310546875 0.6028645833333334 0.302734375 0.6015625 0.2900390625 0.60546875 0.2685546875 0.60546875 0.2236328125 0.59765625 0.201171875 0.58203125 0.1943359375 0.57421875 0.1865234375 0.55859375 0.181640625 0.5377604166666666 0.1787109375 0.4752604166666667 0.1708984375 0.4388020833333333 0.1728515625 0.4166666666666667 0.177734375 0.40625 0.1884765625 0.3932291666666667 0.216796875 0.3893229166666667
0 0.7734375 0.125 0.787109375 0.13541666666666666 0.7890625 0.140625 0.7880859375 0.15104166666666666 0.806640625 0.171875 0.8115234375 0.17447916666666666 0.81640625 0.17447916666666666 0.83203125 0.1640625 0.8564453125 0.14322916666666666 0.859375 0.14322916666666666 0.8642578125 0.15885416666666666 0.875 0.1640625 0.8984375 0.15625 0.90234375 0.1640625 0.9072265625 0.16796875 0.91796875 0.15494791666666666 0.9208984375 0.16015625 0.9208984375 0.1875 0.916015625 0.20182291666666666 0.9150390625 0.21875 0.904296875 0.24088541666666666 0.900390625 0.24348958333333334 0.8896484375 0.26171875 0.884765625 0.265625 0.8642578125 0.2721354166666667 0.859375 0.2760416666666667 0.841796875 0.2799479166666667 0.8232421875 0.2799479166666667 0.8134765625 0.2682291666666667 0.7880859375 0.3072916666666667 0.75390625 0.3268229166666667 0.744140625 0.3385416666666667 0.72265625 0.3359375 0.7060546875 0.33984375 0.6953125 0.33984375 0.6826171875 0.3346354166666667 0.671875 0.3203125 0.625 0.2994791666666667 0.619140625 0.2916666666666667 0.6083984375 0.2643229166666667 0.60546875 0.24609375 0.60546875 0.21875 0.6083984375 0.20442708333333334 0.615234375 0.18619791666666666 0.6396484375 0.15885416666666666 0.68359375 0.1328125 0.720703125 0.12369791666666667 0.7412109375 0.12369791666666667 0.763671875 0.13020833333333334 0.7685546875 0.13020833333333334 0.7724609375 0.125
0 0.451171875 0.4661458333333333 0.462890625 0.4674479166666667 0.478515625 0.4739583333333333 0.494140625 0.4869791666666667 0.521484375 0.5286458333333334 0.52734375 0.5572916666666666 0.5244140625 0.5911458333333334 0.525390625 0.609375 0.5224609375 0.62109375 0.5009765625 0.6497395833333334 0.494140625 0.6653645833333334 0.486328125 0.67578125 0.4765625 0.7096354166666666 0.4736328125 0.7096354166666666 0.4638671875 0.69921875 0.4599609375 0.6979166666666666 0.4248046875 0.69921875 0.4013671875 0.6861979166666666 0.38671875 0.6705729166666666 0.37109375 0.64453125 0.3662109375 0.6328125 0.3603515625 0.6080729166666666 0.361328125 0.5559895833333334 0.365234375 0.53515625 0.3759765625 0.5130208333333334 0.396484375 0.4869791666666667 0.40625 0.4791666666666667 0.427734375 0.46875 0.4501953125 0.4661458333333333
0 0.6064453125 0.6002604166666666 0.6318359375 0.6171875 0.6396484375 0.6171875 0.646484375 0.6106770833333334 0.650390625 0.61328125 0.6611328125 0.61328125 0.671875 0.62890625 0.6865234375 0.6393229166666666 0.6943359375 0.6536458333333334 0.69921875 0.67578125 0.70703125 0.6966145833333334 0.712890625 0.7408854166666666 0.712890625 0.7734375 0.7099609375 0.7916666666666666 0.693359375 0.8294270833333334 0.6796875 0.84765625 0.654296875 0.8684895833333334 0.6337890625 0.8802083333333334 0.6083984375 0.8893229166666666 0.568359375 0.88671875 0.5361328125 0.8697916666666666 0.5224609375 0.85546875 0.51171875 0.83984375 0.5048828125 0.8385416666666666 0.5 0.8411458333333334 0.4951171875 0.83203125 0.5009765625 0.8203125 0.501953125 0.80859375 0.494140625 0.7591145833333334 0.490234375 0.7473958333333334 0.4892578125 0.7330729166666666 0.490234375 0.7122395833333334 0.5 0.6875 0.5009765625 0.6770833333333334 0.5048828125 0.6692708333333334 0.5087890625 0.6484375 0.5185546875 0.6341145833333334 0.5322265625 0.62109375 0.5625 0.6041666666666666 0.580078125 0.5989583333333334 0.60546875 0.6002604166666666
0 0.5400390625 0.06901041666666667 0.54296875 0.0703125 0.5458984375 0.07942708333333333 0.55078125 0.0859375 0.5634765625 0.09375 0.583984375 0.09765625 0.5986328125 0.109375 0.6064453125 0.125 0.6123046875 0.14583333333333334 0.6142578125 0.16145833333333334 0.603515625 0.2109375 0.5986328125 0.22135416666666666 0.5888671875 0.234375 0.5537109375 0.23307291666666666 0.5244140625 0.24348958333333334 0.51171875 0.24088541666666666 0.4970703125 0.2421875 0.4921875 0.23958333333333334 0.4853515625 0.23046875 0.4765625 0.19921875 0.4755859375 0.17578125 0.4853515625 0.14322916666666666 0.501953125 0.12239583333333333 0.501953125 0.10807291666666667 0.5146484375 0.09635416666666667 0.521484375 0.07421875 0.529296875 0.06770833333333333 0.5390625 0.06901041666666667
0 0.408203125 0.2643229166666667 0.4326171875 0.2747395833333333 0.4609375 0.30859375 0.4736328125 0.34765625 0.474609375 0.3880208333333333 0.4638671875 0.4309895833333333 0.4599609375 0.44140625 0.4521484375 0.453125 0.4453125 0.4596354166666667 0.41796875 0.4674479166666667 0.4033203125 0.4765625 0.390625 0.48046875 0.3740234375 0.4791666666666667 0.3486328125 0.47265625 0.337890625 0.4427083333333333 0.3076171875 0.39453125 0.3076171875 0.3841145833333333 0.314453125 0.3307291666666667 0.3173828125 0.3229166666666667 0.337890625 0.3033854166666667 0.3427734375 0.2864583333333333 0.3525390625 0.28125 0.359375 0.2721354166666667 0.365234375 0.2682291666666667 0.38671875 0.2643229166666667 0.4072265625 0.2643229166666667