0 0.654296875 0.5768229166666666 0.6875 0.5924479166666666 0.736328125 0.5963541666666666 0.7421875 0.5989583333333334 0.74609375 0.609375 0.7607421875 0.6341145833333334 0.7744140625 0.6796875 0.775390625 0.70703125 0.7724609375 0.7395833333333334 0.765625 0.7526041666666666 0.7626953125 0.765625 0.7548828125 0.7838541666666666 0.734375 0.8072916666666666 0.7021484375 0.8151041666666666 0.681640625 0.828125 0.654296875 0.828125 0.6298828125 0.8138020833333334 0.6083984375 0.7877604166666666 0.59375 0.7591145833333334 0.587890625 0.7408854166666666 0.5849609375 0.7044270833333334 0.58203125 0.7005208333333334 0.576171875 0.703125 0.5771484375 0.6979166666666666 0.583984375 0.69921875 0.5859375 0.6966145833333334 0.587890625 0.6848958333333334 0.5830078125 0.6822916666666666 0.5771484375 0.6901041666666666 0.5673828125 0.6940104166666666 0.5654296875 0.69921875 0.560546875 0.69921875 0.5615234375 0.6953125 0.556640625 0.69140625 0.5556640625 0.6875 0.5576171875 0.6848958333333334 0.560546875 0.6901041666666666 0.564453125 0.6822916666666666 0.5634765625 0.6770833333333334 0.57421875 0.6783854166666666 0.576171875 0.67578125 0.57421875 0.6692708333333334 0.5654296875 0.6692708333333334 0.564453125 0.6614583333333334 0.5703125 0.6497395833333334 0.5751953125 0.6484375 0.58203125 0.640625 0.583984375 0.6341145833333334 0.5869140625 0.6354166666666666 0.587890625 0.6432291666666666 0.583984375 0.6471354166666666 0.587890625 0.65625 0.5927734375 0.64453125 0.5888671875 0.63671875 0.5908203125 0.6328125 0.5947265625 0.6393229166666666 0.6123046875 0.60546875 0.619140625 0.6028645833333334 0.630859375 0.5911458333333334 0.650390625 0.5768229166666666 0.6533203125 0.5768229166666666
0 0.7373046875 0.81640625 0.748046875 0.83203125 0.75390625 0.8463541666666666 0.767578125 0.8997395833333334 0.7783203125 0.9075520833333334 0.787109375 0.9270833333333334 0.7890625 0.9401041666666666 0.7841796875 0.94921875 0.755859375 0.9713541666666666 0.7490234375 0.984375 0.736328125 0.9986979166666666 0.6298828125 0.9986979166666666 0.6259765625 0.9934895833333334 0.615234375 0.9609375 0.609375 0.9283854166666666 0.6083984375 0.8919270833333334 0.60546875 0.8763020833333334 0.6025390625 0.8723958333333334 0.60546875 0.87109375 0.6083984375 0.8645833333333334 0.619140625 0.8567708333333334 0.640625 0.828125 0.65625 0.8333333333333334 0.681640625 0.83203125 0.69921875 0.8229166666666666 0.7060546875 0.8229166666666666 0.7275390625 0.8138020833333334 0.734375 0.8138020833333334 0.736328125 0.81640625
0 0.5205078125 0.4283854166666667 0.533203125 0.4309895833333333 0.546875 0.4388020833333333 0.5625 0.453125 0.57421875 0.4700520833333333 0.58984375 0.5091145833333334 0.58984375 0.55078125 0.5771484375 0.5911458333333334 0.5556640625 0.6171875 0.55078125 0.6302083333333334 0.5341796875 0.6536458333333334 0.5302734375 0.65625 0.5107421875 0.6549479166666666 0.50390625 0.6575520833333334 0.4599609375 0.6575520833333334 0.44921875 0.6536458333333334 0.4365234375 0.6432291666666666 0.423828125 0.6236979166666666 0.41015625 0.5911458333333334 0.40625 0.57421875 0.40625 0.5390625 0.41015625 0.5208333333333334 0.41796875 0.4986979166666667 0.431640625 0.46875 0.4404296875 0.4544270833333333 0.4775390625 0.43359375 0.5048828125 0.4283854166666667 0.51953125 0.4283854166666667
0 0.4462890625 0.65625 0.4658203125 0.6627604166666666 0.4765625 0.66015625 0.49609375 0.6640625 0.509765625 0.66015625 0.521484375 0.66015625 0.525390625 0.6627604166666666 0.5400390625 0.6848958333333334 0.54296875 0.72265625 0.5517578125 0.7330729166666666 0.5517578125 0.74609375 0.546875 0.7734375 0.533203125 0.8059895833333334 0.5341796875 0.8229166666666666 0.529296875 0.83203125 0.5224609375 0.8372395833333334 0.5 0.83203125 0.4892578125 0.8372395833333334 0.466796875 0.8411458333333334 0.4521484375 0.83984375 0.4443359375 0.8359375 0.4169921875 0.8072916666666666 0.4072265625 0.7903645833333334 0.40234375 0.76953125 0.4033203125 0.73828125 0.4140625 0.7057291666666666 0.421875 0.6940104166666666 0.42578125 0.6783854166666666 0.4345703125 0.6627604166666666 0.4404296875 0.65625 0.4453125 0.65625
0 0.5390625 0.8294270833333334 0.5546875 0.85546875 0.5634765625 0.8815104166666666 0.56640625 0.90234375 0.56640625 0.9348958333333334 0.5615234375 0.9505208333333334 0.5498046875 0.9674479166666666 0.52734375 0.9895833333333334 0.5146484375 0.9986979166666666 0.443359375 0.9986979166666666 0.4404296875 0.99609375 0.427734375 0.9765625 0.4208984375 0.9583333333333334 0.41796875 0.9427083333333334 0.41796875 0.9049479166666666 0.4248046875 0.8763020833333334 0.4326171875 0.8567708333333334 0.44140625 0.8424479166666666 0.4697265625 0.8450520833333334 0.484375 0.84375 0.5048828125 0.8372395833333334 0.51171875 0.84375 0.51953125 0.84375 0.5380859375 0.8294270833333334
0 0.1240234375 0.6106770833333334 0.13671875 0.6223958333333334 0.1640625 0.6184895833333334 0.1669921875 0.6223958333333334 0.1669921875 0.6419270833333334 0.169921875 0.6614583333333334 0.17578125 0.6744791666666666 0.20703125 0.7161458333333334 0.208984375 0.72265625 0.212890625 0.7265625 0.244140625 0.73828125 0.2548828125 0.7473958333333334 0.2548828125 0.7552083333333334 0.23828125 0.7747395833333334 0.2333984375 0.7890625 0.224609375 0.8020833333333334 0.2021484375 0.8255208333333334 0.1845703125 0.8489583333333334 0.171875 0.859375 0.1513671875 0.8645833333333334 0.1259765625 0.86328125 0.0986328125 0.8450520833333334 0.0810546875 0.82421875 0.06640625 0.7825520833333334 0.072265625 0.7604166666666666 0.068359375 0.7421875 0.0693359375 0.72265625 0.0810546875 0.6875 0.0830078125 0.6783854166666666 0.08203125 0.6666666666666666 0.087890625 0.6549479166666666 0.0986328125 0.65234375 0.1044921875 0.6471354166666666 0.1064453125 0.640625 0.103515625 0.6302083333333334 0.1044921875 0.6236979166666666 0.123046875 0.6106770833333334
0 0.3095703125 0.4440104166666667 0.328125 0.4479166666666667 0.357421875 0.4609375 0.3740234375 0.4739583333333333 0.3955078125 0.5013020833333334 0.400390625 0.515625 0.404296875 0.59375 0.3955078125 0.6328125 0.369140625 0.6783854166666666 0.357421875 0.6927083333333334 0.3388671875 0.7083333333333334 0.326171875 0.72265625 0.3076171875 0.7317708333333334 0.296875 0.7317708333333334 0.2919921875 0.7265625 0.248046875 0.7317708333333334 0.2314453125 0.7278645833333334 0.212890625 0.7161458333333334 0.19140625 0.6848958333333334 0.181640625 0.67578125 0.1748046875 0.66015625 0.1708984375 0.6393229166666666 0.169921875 0.6158854166666666 0.171875 0.6067708333333334 0.1689453125 0.5950520833333334 0.1640625 0.5872395833333334 0.1630859375 0.5598958333333334 0.1748046875 0.5299479166666666 0.1884765625 0.5078125 0.19921875 0.4973958333333333 0.2119140625 0.4778645833333333 0.2294921875 0.4596354166666667 0.2646484375 0.4479166666666667 0.30859375 0.4440104166666667
0 0.287109375 0.21354166666666666 0.2958984375 0.21614583333333334 0.31640625 0.23307291666666666 0.3525390625 0.2760416666666667 0.359375 0.2877604166666667 0.3681640625 0.3138020833333333 0.3701171875 0.3255208333333333 0.3701171875 0.3502604166666667 0.3681640625 0.35546875 0.3681640625 0.3658854166666667 0.3603515625 0.3932291666666667 0.3525390625 0.4075520833333333 0.33984375 0.421875 0.3271484375 0.4322916666666667 0.3115234375 0.4388020833333333 0.2783203125 0.44140625 0.2607421875 0.4401041666666667 0.244140625 0.4283854166666667 0.2275390625 0.4114583333333333 0.2041015625 0.3802083333333333 0.197265625 0.3645833333333333 0.1923828125 0.34375 0.1904296875 0.3072916666666667 0.2001953125 0.2747395833333333 0.2080078125 0.2604166666666667 0.2197265625 0.24609375 0.23046875 0.23697916666666666 0.2451171875 0.23046875 0.2568359375 0.22135416666666666 0.2861328125 0.21354166666666666
0 0.66796875 0.203125 0.669921875 0.20572916666666666 0.66796875 0.20963541666666666 0.6708984375 0.21354166666666666 0.6982421875 0.20833333333333334 0.7353515625 0.20833333333333334 0.765625 0.21223958333333334 0.80078125 0.22916666666666666 0.8173828125 0.2421875 0.828125 0.2552083333333333 0.8369140625 0.2734375 0.849609375 0.2916666666666667 0.8642578125 0.33203125 0.8701171875 0.390625 0.87109375 0.4205729166666667 0.87109375 0.4348958333333333 0.8681640625 0.453125 0.8642578125 0.4622395833333333 0.861328125 0.4778645833333333 0.8544921875 0.4921875 0.8515625 0.5078125 0.84375 0.5234375 0.818359375 0.5520833333333334 0.765625 0.5859375 0.75 0.5911458333333334 0.7080078125 0.5911458333333334 0.6875 0.5872395833333334 0.65625 0.57421875 0.6337890625 0.5546875 0.6103515625 0.5260416666666666 0.59765625 0.5052083333333334 0.58984375 0.48046875 0.5869140625 0.4479166666666667 0.5810546875 0.4244791666666667 0.5810546875 0.36328125 0.5849609375 0.3450520833333333 0.583984375 0.3307291666666667 0.58984375 0.3046875 0.599609375 0.29296875 0.603515625 0.28125 0.6240234375 0.24088541666666666 0.6328125 0.23046875 0.6474609375 0.22005208333333334 0.6650390625 0.21354166666666666 0.66796875 0.20963541666666666 0.66796875 0.20442708333333334
0 0.9736328125 0.36328125 0.9990234375 0.3776041666666667 0.9990234375 0.515625 0.990234375 0.5091145833333334 0.9697265625 0.5104166666666666 0.9453125 0.5026041666666666 0.9130859375 0.5013020833333334 0.88671875 0.484375 0.875 0.48046875 0.869140625 0.4700520833333333 0.8759765625 0.4296875 0.875 0.4036458333333333 0.876953125 0.3932291666666667 0.8798828125 0.3893229166666667 0.9091796875 0.3723958333333333 0.9521484375 0.3580729166666667 0.958984375 0.3580729166666667 0.97265625 0.36328125
0 0.4970703125 0.15104166666666666 0.5087890625 0.15364583333333334 0.529296875 0.16536458333333334 0.5380859375 0.17317708333333334 0.5615234375 0.20572916666666666 0.5703125 0.2265625 0.580078125 0.265625 0.5791015625 0.3072916666666667 0.5751953125 0.328125 0.57421875 0.3541666666666667 0.5615234375 0.3763020833333333 0.546875 0.3932291666666667 0.5234375 0.4127604166666667 0.498046875 0.42578125 0.4833984375 0.4283854166666667 0.46484375 0.4283854166666667 0.4375 0.41796875 0.419921875 0.4036458333333333 0.408203125 0.38671875 0.3955078125 0.34765625 0.3896484375 0.3203125 0.3896484375 0.3046875 0.369140625 0.2669270833333333 0.369140625 0.2591145833333333 0.3642578125 0.23958333333333334 0.3642578125 0.2265625 0.3740234375 0.21484375 0.3779296875 0.20052083333333334 0.3896484375 0.18880208333333334 0.408203125 0.18489583333333334 0.4248046875 0.18619791666666666 0.439453125 0.16666666666666666 0.4482421875 0.16666666666666666 0.4599609375 0.15755208333333334 0.4755859375 0.15234375 0.49609375 0.15104166666666666
0 0.330078125 0.7643229166666666 0.34375 0.7643229166666666 0.3505859375 0.7669270833333334 0.37890625 0.7877604166666666 0.3876953125 0.7994791666666666 0.39453125 0.81640625 0.4013671875 0.83984375 0.4033203125 0.8619791666666666 0.4013671875 0.8971354166666666 0.3876953125 0.9296875 0.3603515625 0.9635416666666666 0.3505859375 0.98046875 0.3388671875 0.9856770833333334 0.3349609375 0.9934895833333334 0.3291015625 0.9986979166666666 0.2724609375 0.9986979166666666 0.2685546875 0.9947916666666666 0.26953125 0.98828125 0.267578125 0.9856770833333334 0.2392578125 0.9765625 0.224609375 0.9661458333333334 0.21484375 0.953125 0.2021484375 0.9270833333333334 0.19921875 0.9140625 0.201171875 0.8828125 0.1982421875 0.8723958333333334 0.1982421875 0.8580729166666666 0.1953125 0.8528645833333334 0.19140625 0.8515625 0.2060546875 0.8294270833333334 0.220703125 0.8138020833333334 0.232421875 0.8098958333333334 0.2568359375 0.7799479166666666 0.263671875 0.7747395833333334 0.302734375 0.765625 0.3291015625 0.7643229166666666