0 0.6865234375 0.5065104166666666 0.712890625 0.51171875 0.734375 0.52734375 0.7431640625 0.5286458333333334 0.75390625 0.53515625 0.7646484375 0.5481770833333334 0.767578125 0.5572916666666666 0.77734375 0.5716145833333334 0.7919921875 0.6119791666666666 0.7939453125 0.6236979166666666 0.7939453125 0.6354166666666666 0.7900390625 0.6497395833333334 0.7900390625 0.6705729166666666 0.7822265625 0.7057291666666666 0.755859375 0.7447916666666666 0.734375 0.7591145833333334 0.720703125 0.7643229166666666 0.712890625 0.7643229166666666 0.7060546875 0.75 0.6953125 0.7395833333333334 0.68359375 0.7395833333333334 0.677734375 0.7369791666666666 0.6611328125 0.7239583333333334 0.6494140625 0.7174479166666666 0.634765625 0.7135416666666666 0.6220703125 0.7044270833333334 0.5966796875 0.66796875 0.5966796875 0.6653645833333334 0.6044921875 0.6614583333333334 0.6044921875 0.6184895833333334 0.607421875 0.6119791666666666 0.6025390625 0.6080729166666666 0.6005859375 0.6002604166666666 0.609375 0.5950520833333334 0.6123046875 0.5768229166666666 0.619140625 0.5598958333333334 0.6298828125 0.54296875 0.6474609375 0.5221354166666666 0.6689453125 0.5091145833333334 0.685546875 0.5065104166666666
0 0.8583984375 0.5885416666666666 0.876953125 0.5924479166666666 0.8896484375 0.6002604166666666 0.9150390625 0.640625 0.9267578125 0.6705729166666666 0.947265625 0.69921875 0.9501953125 0.7083333333333334 0.94921875 0.7200520833333334 0.9443359375 0.72265625 0.9375 0.7330729166666666 0.921875 0.7356770833333334 0.9150390625 0.7513020833333334 0.9072265625 0.7486979166666666 0.8798828125 0.7708333333333334 0.86328125 0.7760416666666666 0.8369140625 0.7721354166666666 0.80859375 0.7552083333333334 0.794921875 0.7395833333333334 0.7900390625 0.7200520833333334 0.79296875 0.6888020833333334 0.80078125 0.6796875 0.802734375 0.6731770833333334 0.8037109375 0.65234375 0.7998046875 0.6393229166666666 0.80078125 0.62109375 0.8125 0.6067708333333334 0.8251953125 0.59765625 0.841796875 0.58984375 0.857421875 0.5885416666666666
0 0.44140625 0.9622395833333334 0.453125 0.9713541666666666 0.46484375 0.9856770833333334 0.46875 0.9947916666666666 0.4677734375 0.9986979166666666 0.3466796875 0.9986979166666666 0.3515625 0.9908854166666666 0.3671875 0.9752604166666666 0.3828125 0.96484375 0.4091796875 0.9557291666666666 0.427734375 0.9557291666666666 0.4404296875 0.9622395833333334
0 0.4072265625 0.6015625 0.4306640625 0.6184895833333334 0.453125 0.6184895833333334 0.4599609375 0.6158854166666666 0.462890625 0.625 0.46484375 0.6575520833333334 0.4619140625 0.66796875 0.46484375 0.6783854166666666 0.4609375 0.6809895833333334 0.4599609375 0.6901041666666666 0.4560546875 0.69140625 0.44921875 0.6888020833333334 0.4482421875 0.6927083333333334 0.455078125 0.7005208333333334 0.458984375 0.7135416666666666 0.4619140625 0.7161458333333334 0.46484375 0.734375 0.47265625 0.7578125 0.4765625 0.7864583333333334 0.4755859375 0.8359375 0.46875 0.8671875 0.4619140625 0.8763020833333334 0.451171875 0.8997395833333334 0.42578125 0.9309895833333334 0.4150390625 0.93359375 0.4033203125 0.94140625 0.369140625 0.94921875 0.32421875 0.93359375 0.306640625 0.9192708333333334 0.2841796875 0.8932291666666666 0.2685546875 0.8580729166666666 0.259765625 0.8268229166666666 0.255859375 0.8046875 0.2568359375 0.7669270833333334 0.2607421875 0.73828125 0.2685546875 0.7096354166666666 0.279296875 0.6888020833333334 0.2998046875 0.6640625 0.3154296875 0.65234375 0.3447265625 0.6393229166666666 0.3837890625 0.6354166666666666 0.3984375 0.64453125 0.4013671875 0.6393229166666666 0.41015625 0.63671875 0.4013671875 0.6328125 0.39453125 0.6158854166666666 0.39453125 0.6119791666666666 0.4013671875 0.5989583333333334 0.40625 0.6015625
0 0.177734375 0.30859375 0.2109375 0.3098958333333333 0.234375 0.31640625 0.2724609375 0.3424479166666667 0.2861328125 0.3580729166666667 0.302734375 0.38671875 0.3154296875 0.41796875 0.322265625 0.4505208333333333 0.32421875 0.4661458333333333 0.322265625 0.4947916666666667 0.314453125 0.5247395833333334 0.3017578125 0.5481770833333334 0.2890625 0.5651041666666666 0.26953125 0.58203125 0.251953125 0.5924479166666666 0.2275390625 0.6002604166666666 0.1962890625 0.5963541666666666 0.18359375 0.5963541666666666 0.1689453125 0.6002604166666666 0.1611328125 0.5989583333333334 0.15625 0.5859375 0.125 0.56640625 0.1044921875 0.546875 0.087890625 0.5260416666666666 0.0732421875 0.4986979166666667 0.0634765625 0.4635416666666667 0.0625 0.4453125 0.0693359375 0.4036458333333333 0.080078125 0.3763020833333333 0.08984375 0.359375 0.1025390625 0.34375 0.1328125 0.3190104166666667 0.1611328125 0.3098958333333333 0.1767578125 0.30859375
0 0.7197265625 0.25390625 0.7314453125 0.2643229166666667 0.740234375 0.2643229166666667 0.7451171875 0.2578125 0.7578125 0.25390625 0.7666015625 0.2552083333333333 0.76953125 0.2721354166666667 0.7724609375 0.27734375 0.7861328125 0.2877604166666667 0.7939453125 0.2890625 0.8046875 0.2981770833333333 0.8056640625 0.3033854166666667 0.80078125 0.3111979166666667 0.8017578125 0.3177083333333333 0.8134765625 0.33203125 0.822265625 0.3515625 0.8330078125 0.3619791666666667 0.84375 0.3854166666666667 0.853515625 0.3971354166666667 0.8505859375 0.40234375 0.8544921875 0.41796875 0.8525390625 0.44140625 0.8603515625 0.4583333333333333 0.8603515625 0.46875 0.857421875 0.4765625 0.8427734375 0.4856770833333333 0.8330078125 0.50390625 0.8193359375 0.5208333333333334 0.7978515625 0.5338541666666666 0.7724609375 0.5416666666666666 0.763671875 0.5377604166666666 0.751953125 0.5247395833333334 0.73046875 0.5182291666666666 0.720703125 0.5091145833333334 0.7080078125 0.50390625 0.6953125 0.4908854166666667 0.6826171875 0.4713541666666667 0.673828125 0.4518229166666667 0.6640625 0.4127604166666667 0.6650390625 0.3815104166666667 0.6904296875 0.328125 0.689453125 0.3020833333333333 0.69140625 0.28515625 0.6923828125 0.2825520833333333 0.70703125 0.27734375 0.7119140625 0.2721354166666667 0.7060546875 0.2630208333333333 0.7060546875 0.25390625 0.71875 0.25390625
0 0.482421875 0 0.484375 0.0026041666666666665 0.48828125 0 0.5322265625 0 0.5341796875 0.013020833333333334 0.5400390625 0.018229166666666668 0.5400390625 0.028645833333333332 0.54296875 0.036458333333333336 0.5478515625 0.04296875 0.560546875 0.052083333333333336 0.564453125 0.061197916666666664 0.5654296875 0.07682291666666667 0.560546875 0.11848958333333333 0.546875 0.18098958333333334 0.533203125 0.21744791666666666 0.51953125 0.24088541666666666 0.49609375 0.2721354166666667 0.474609375 0.2903645833333333 0.4619140625 0.2981770833333333 0.4287109375 0.3098958333333333 0.396484375 0.30859375 0.37109375 0.30078125 0.333984375 0.26953125 0.314453125 0.24088541666666666 0.298828125 0.20182291666666666 0.287109375 0.16015625 0.2841796875 0.14192708333333334 0.283203125 0.078125 0.28515625 0.057291666666666664 0.2919921875 0.0234375 0.302734375 0 0.4814453125 0
0 0.7392578125 0.77734375 0.7607421875 0.7825520833333334 0.76953125 0.7890625 0.78125 0.8046875 0.7890625 0.8190104166666666 0.80078125 0.8567708333333334 0.8115234375 0.87109375 0.8154296875 0.8802083333333334 0.8134765625 0.9036458333333334 0.8037109375 0.94140625 0.7978515625 0.9544270833333334 0.7802734375 0.9778645833333334 0.7705078125 0.9869791666666666 0.7548828125 0.9947916666666666 0.7412109375 0.99609375 0.7255859375 0.9934895833333334 0.71875 0.98828125 0.71875 0.9791666666666666 0.7353515625 0.91015625 0.736328125 0.88671875 0.7412109375 0.8828125 0.7431640625 0.8736979166666666 0.73828125 0.86328125 0.7333984375 0.8255208333333334 0.7255859375 0.8020833333333334 0.716796875 0.78515625 0.720703125 0.7786458333333334 0.73828125 0.77734375
0 0.5498046875 0.70703125 0.5537109375 0.7096354166666666 0.57421875 0.7096354166666666 0.5830078125 0.7135416666666666 0.611328125 0.7135416666666666 0.640625 0.7200520833333334 0.6611328125 0.73046875 0.6982421875 0.7578125 0.7041015625 0.7734375 0.720703125 0.80078125 0.7294921875 0.82421875 0.7353515625 0.875 0.732421875 0.9075520833333334 0.7275390625 0.9348958333333334 0.7138671875 0.9856770833333334 0.705078125 0.9986979166666666 0.6708984375 0.9986979166666666 0.6689453125 0.99609375 0.666015625 0.9986979166666666 0.6474609375 0.9986979166666666 0.64453125 0.99609375 0.63671875 0.99609375 0.6337890625 0.9986979166666666 0.5185546875 0.9986979166666666 0.517578125 0.99609375 0.5107421875 0.99609375 0.5087890625 0.9986979166666666 0.48046875 0.9986979166666666 0.4765625 0.9934895833333334 0.4716796875 0.9739583333333334 0.4580078125 0.9388020833333334 0.455078125 0.9231770833333334 0.455078125 0.9049479166666666 0.462890625 0.8841145833333334 0.47265625 0.8671875 0.4794921875 0.8385416666666666 0.48046875 0.7942708333333334 0.484375 0.7864583333333334 0.4873046875 0.7890625 0.4892578125 0.7864583333333334 0.490234375 0.7760416666666666 0.49609375 0.7682291666666666 0.494140625 0.7473958333333334 0.5009765625 0.7369791666666666 0.5283203125 0.7161458333333334 0.548828125 0.70703125
0 0.5029296875 0.359375 0.53515625 0.375 0.548828125 0.3893229166666667 0.5615234375 0.4075520833333333 0.57421875 0.43359375 0.5791015625 0.4505208333333333 0.5830078125 0.4934895833333333 0.5810546875 0.5169270833333334 0.576171875 0.5364583333333334 0.5703125 0.5520833333333334 0.560546875 0.5690104166666666 0.5361328125 0.5989583333333334 0.51171875 0.61328125 0.4912109375 0.6184895833333334 0.4697265625 0.6171875 0.4609375 0.6067708333333334 0.4501953125 0.6067708333333334 0.44140625 0.6028645833333334 0.4267578125 0.5924479166666666 0.408203125 0.5716145833333334 0.3994140625 0.55859375 0.3896484375 0.53515625 0.3828125 0.5013020833333334 0.3828125 0.4765625 0.384765625 0.4583333333333333 0.390625 0.4348958333333333 0.3974609375 0.41796875 0.412109375 0.3932291666666667 0.439453125 0.3684895833333333 0.4619140625 0.3567708333333333 0.4853515625 0.35546875 0.501953125 0.359375
0 0.6220703125 0.19401041666666666 0.654296875 0.21484375 0.681640625 0.2421875 0.6875 0.26953125 0.685546875 0.32421875 0.673828125 0.3580729166666667 0.658203125 0.3802083333333333 0.646484375 0.3854166666666667 0.6171875 0.3841145833333333 0.6005859375 0.3893229166666667 0.578125 0.3880208333333333 0.560546875 0.3776041666666667 0.548828125 0.3671875 0.52734375 0.3411458333333333 0.5234375 0.3268229166666667 0.5234375 0.3059895833333333 0.53515625 0.2643229166666667 0.541015625 0.25 0.5634765625 0.21744791666666666 0.5888671875 0.19401041666666666 0.62109375 0.19401041666666666