0 0.3628472222222222 0.33203125 0.3888888888888889 0.3502604166666667 0.4079861111111111 0.3697916666666667 0.4149305555555556 0.38671875 0.4149305555555556 0.4114583333333333 0.4114583333333333 0.421875 0.4045138888888889 0.4296875 0.3680555555555556 0.4401041666666667 0.3333333333333333 0.4609375 0.3159722222222222 0.4609375 0.2951388888888889 0.45703125 0.2760416666666667 0.44921875 0.2569444444444444 0.4348958333333333 0.24479166666666666 0.4140625 0.2465277777777778 0.3919270833333333 0.2569444444444444 0.3619791666666667 0.2621527777777778 0.35546875 0.2777777777777778 0.34375 0.3020833333333333 0.3333333333333333 0.3159722222222222 0.3307291666666667 0.3506944444444444 0.3294270833333333 0.3611111111111111 0.33203125
0 0.5607638888888888 0.3307291666666667 0.5729166666666666 0.33203125 0.5885416666666666 0.3372395833333333 0.6041666666666666 0.3450520833333333 0.6163194444444444 0.3541666666666667 0.6267361111111112 0.3763020833333333 0.6284722222222222 0.3971354166666667 0.6267361111111112 0.41015625 0.6197916666666666 0.421875 0.6197916666666666 0.4270833333333333 0.6111111111111112 0.4479166666666667 0.5833333333333334 0.46875 0.5711805555555556 0.4739583333333333 0.5572916666666666 0.4765625 0.5329861111111112 0.4765625 0.5225694444444444 0.4739583333333333 0.5086805555555556 0.4609375 0.4809027777777778 0.44140625 0.4704861111111111 0.4270833333333333 0.46875 0.4127604166666667 0.4618055555555556 0.39453125 0.4618055555555556 0.3854166666666667 0.4670138888888889 0.3776041666666667 0.4791666666666667 0.3723958333333333 0.4895833333333333 0.3645833333333333 0.5052083333333334 0.34765625 0.515625 0.3411458333333333 0.5399305555555556 0.3307291666666667 0.5590277777777778 0.3307291666666667
0 0.4461805555555556 0.4361979166666667 0.4756944444444444 0.4427083333333333 0.5052083333333334 0.4622395833333333 0.5173611111111112 0.4765625 0.5260416666666666 0.4934895833333333 0.5277777777777778 0.5221354166666666 0.5173611111111112 0.5455729166666666 0.4982638888888889 0.5651041666666666 0.4774305555555556 0.578125 0.46875 0.58203125 0.453125 0.5846354166666666 0.4427083333333333 0.5911458333333334 0.4340277777777778 0.5911458333333334 0.4114583333333333 0.5833333333333334 0.3836805555555556 0.5807291666666666 0.3663194444444444 0.57421875 0.359375 0.57421875 0.3454861111111111 0.5703125 0.3385416666666667 0.5651041666666666 0.3177083333333333 0.5325520833333334 0.3159722222222222 0.51953125 0.3194444444444444 0.49609375 0.3246527777777778 0.4830729166666667 0.3385416666666667 0.46484375 0.3541666666666667 0.4518229166666667 0.375 0.44140625 0.4027777777777778 0.4348958333333333 0.4236111111111111 0.43359375 0.4444444444444444 0.4361979166666667
0 0.8472222222222222 0.5169270833333334 0.8576388888888888 0.5208333333333334 0.8802083333333334 0.5208333333333334 0.8871527777777778 0.5234375 0.9184027777777778 0.5403645833333334 0.9392361111111112 0.5559895833333334 0.9600694444444444 0.578125 0.9652777777777778 0.5872395833333334 0.9670138888888888 0.5924479166666666 0.9652777777777778 0.625 0.9479166666666666 0.6575520833333334 0.9253472222222222 0.6809895833333334 0.8993055555555556 0.7005208333333334 0.875 0.7109375 0.8628472222222222 0.7122395833333334 0.8454861111111112 0.7174479166666666 0.8159722222222222 0.71875 0.8038194444444444 0.73046875 0.7899305555555556 0.73046875 0.7760416666666666 0.7200520833333334 0.7743055555555556 0.7057291666666666 0.7239583333333334 0.66796875 0.7239583333333334 0.6640625 0.7326388888888888 0.6536458333333334 0.7326388888888888 0.6471354166666666 0.7256944444444444 0.6380208333333334 0.7204861111111112 0.6236979166666666 0.7222222222222222 0.60546875 0.7204861111111112 0.5833333333333334 0.7291666666666666 0.5677083333333334 0.7395833333333334 0.5559895833333334 0.7604166666666666 0.5390625 0.7638888888888888 0.5390625 0.7743055555555556 0.5325520833333334 0.8142361111111112 0.5169270833333334 0.8211805555555556 0.515625 0.8454861111111112 0.5169270833333334
0 0.3611111111111111 0.5794270833333334 0.4045138888888889 0.58984375 0.4114583333333333 0.58984375 0.4288194444444444 0.5963541666666666 0.4670138888888889 0.6302083333333334 0.4756944444444444 0.6458333333333334 0.484375 0.6510416666666666 0.4947916666666667 0.6640625 0.4895833333333333 0.671875 0.4704861111111111 0.6848958333333334 0.4635416666666667 0.6953125 0.4427083333333333 0.7122395833333334 0.4184027777777778 0.7239583333333334 0.4114583333333333 0.73046875 0.4010416666666667 0.734375 0.3819444444444444 0.7395833333333334 0.3611111111111111 0.7421875 0.3368055555555556 0.7408854166666666 0.3107638888888889 0.73046875 0.2760416666666667 0.69921875 0.24305555555555555 0.67578125 0.23958333333333334 0.6705729166666666 0.24131944444444445 0.6458333333333334 0.2517361111111111 0.6315104166666666 0.2604166666666667 0.625 0.28125 0.6236979166666666 0.3003472222222222 0.60546875 0.3263888888888889 0.5872395833333334 0.34375 0.5807291666666666 0.359375 0.5794270833333334
0 0.7100694444444444 0.7122395833333334 0.7291666666666666 0.71484375 0.7430555555555556 0.7200520833333334 0.7673611111111112 0.7356770833333334 0.78125 0.7395833333333334 0.7881944444444444 0.7395833333333334 0.7986111111111112 0.74609375 0.7986111111111112 0.7552083333333334 0.7934027777777778 0.7643229166666666 0.7934027777777778 0.76953125 0.8020833333333334 0.7825520833333334 0.8038194444444444 0.8020833333333334 0.796875 0.828125 0.7899305555555556 0.8372395833333334 0.7743055555555556 0.8502604166666666 0.7534722222222222 0.85546875 0.7291666666666666 0.8658854166666666 0.7152777777777778 0.8645833333333334 0.7118055555555556 0.85546875 0.7083333333333334 0.8528645833333334 0.6822916666666666 0.8489583333333334 0.6684027777777778 0.8424479166666666 0.6545138888888888 0.83203125 0.6423611111111112 0.828125 0.6319444444444444 0.8190104166666666 0.6215277777777778 0.8033854166666666 0.625 0.7877604166666666 0.6197916666666666 0.7669270833333334 0.6319444444444444 0.7486979166666666 0.6527777777777778 0.7252604166666666 0.6597222222222222 0.7200520833333334 0.6788194444444444 0.7135416666666666 0.7083333333333334 0.7122395833333334
0 0.7552083333333334 0.34765625 0.7743055555555556 0.3541666666666667 0.7934027777777778 0.3567708333333333 0.8072916666666666 0.3515625 0.8420138888888888 0.375 0.8541666666666666 0.3880208333333333 0.8645833333333334 0.40625 0.8680555555555556 0.41796875 0.8680555555555556 0.4427083333333333 0.8663194444444444 0.453125 0.8559027777777778 0.4765625 0.8472222222222222 0.4908854166666667 0.8298611111111112 0.5078125 0.7743055555555556 0.5286458333333334 0.7326388888888888 0.5390625 0.7291666666666666 0.5390625 0.7222222222222222 0.5338541666666666 0.6961805555555556 0.5325520833333334 0.6701388888888888 0.5221354166666666 0.6423611111111112 0.5013020833333334 0.6319444444444444 0.4908854166666667 0.6232638888888888 0.4765625 0.6197916666666666 0.45703125 0.6197916666666666 0.4388020833333333 0.6336805555555556 0.4036458333333333 0.6371527777777778 0.3984375 0.65625 0.3828125 0.6666666666666666 0.3671875 0.6857638888888888 0.3658854166666667 0.7222222222222222 0.3463541666666667 0.7534722222222222 0.34765625
0 0.828125 0.09375 0.8368055555555556 0.09895833333333333 0.8454861111111112 0.109375 0.8489583333333334 0.11848958333333333 0.8489583333333334 0.12760416666666666 0.8541666666666666 0.13411458333333334 0.8559027777777778 0.14973958333333334 0.8489583333333334 0.16536458333333334 0.8489583333333334 0.17578125 0.8177083333333334 0.20572916666666666 0.8020833333333334 0.21614583333333334 0.7916666666666666 0.21744791666666666 0.7899305555555556 0.26171875 0.7743055555555556 0.2864583333333333 0.7604166666666666 0.2994791666666667 0.7395833333333334 0.3138020833333333 0.703125 0.3294270833333333 0.6614583333333334 0.3359375 0.640625 0.34375 0.6388888888888888 0.3450520833333333 0.6423611111111112 0.3515625 0.640625 0.3541666666666667 0.6302083333333334 0.35546875 0.6284722222222222 0.3541666666666667 0.6302083333333334 0.3515625 0.6163194444444444 0.34375 0.5694444444444444 0.3268229166666667 0.5434027777777778 0.3059895833333333 0.5381944444444444 0.296875 0.53125 0.2630208333333333 0.5416666666666666 0.23958333333333334 0.5625 0.20833333333333334 0.5694444444444444 0.20052083333333334 0.6006944444444444 0.17838541666666666 0.6302083333333334 0.16666666666666666 0.6458333333333334 0.16276041666666666 0.671875 0.16015625 0.6770833333333334 0.15755208333333334 0.6753472222222222 0.15364583333333334 0.6979166666666666 0.15364583333333334 0.7100694444444444 0.15755208333333334 0.7170138888888888 0.15234375 0.7447916666666666 0.11588541666666667 0.7534722222222222 0.109375 0.7604166666666666 0.11588541666666667 0.7708333333333334 0.11848958333333333 0.7899305555555556 0.11197916666666667 0.8038194444444444 0.1015625 0.8194444444444444 0.10546875 0.8263888888888888 0.09505208333333333
0 0.4739583333333333 0.23177083333333334 0.4947916666666667 0.23697916666666666 0.5086805555555556 0.24739583333333334 0.5243055555555556 0.2643229166666667 0.5277777777777778 0.26953125 0.5329861111111112 0.2916666666666667 0.5347222222222222 0.3125 0.53125 0.3255208333333333 0.5208333333333334 0.3346354166666667 0.5121527777777778 0.3385416666666667 0.4913194444444444 0.35546875 0.4583333333333333 0.3671875 0.4131944444444444 0.3658854166666667 0.3923611111111111 0.34765625 0.3732638888888889 0.3346354166666667 0.3697916666666667 0.3255208333333333 0.3697916666666667 0.3098958333333333 0.3767361111111111 0.2981770833333333 0.3784722222222222 0.28515625 0.3715277777777778 0.2825520833333333 0.3715277777777778 0.2786458333333333 0.3802083333333333 0.26953125 0.3802083333333333 0.2565104166666667 0.3767361111111111 0.24739583333333334 0.3784722222222222 0.24348958333333334 0.3923611111111111 0.23177083333333334 0.4045138888888889 0.23828125 0.4201388888888889 0.23958333333333334 0.4322916666666667 0.23958333333333334 0.4565972222222222 0.23177083333333334 0.4722222222222222 0.23177083333333334
0 0.6458333333333334 0.53515625 0.6545138888888888 0.5377604166666666 0.6736111111111112 0.5520833333333334 0.6822916666666666 0.5546875 0.6961805555555556 0.5859375 0.7013888888888888 0.58984375 0.7170138888888888 0.5911458333333334 0.7170138888888888 0.6041666666666666 0.7083333333333334 0.6236979166666666 0.71875 0.6432291666666666 0.71875 0.6484375 0.7152777777777778 0.65234375 0.7135416666666666 0.6627604166666666 0.6979166666666666 0.6653645833333334 0.6788194444444444 0.6653645833333334 0.6631944444444444 0.671875 0.6527777777777778 0.6796875 0.6371527777777778 0.6861979166666666 0.6232638888888888 0.6888020833333334 0.5972222222222222 0.6888020833333334 0.5885416666666666 0.6861979166666666 0.5798611111111112 0.6861979166666666 0.5659722222222222 0.6796875 0.5434027777777778 0.6744791666666666 0.5347222222222222 0.6705729166666666 0.5104166666666666 0.6497395833333334 0.5017361111111112 0.6393229166666666 0.4930555555555556 0.61328125 0.4930555555555556 0.5950520833333334 0.4965277777777778 0.5807291666666666 0.5034722222222222 0.56640625 0.5190972222222222 0.5494791666666666 0.5451388888888888 0.53515625 0.578125 0.5286458333333334 0.6145833333333334 0.5286458333333334 0.6267361111111112 0.5299479166666666 0.6440972222222222 0.53515625
0 0.4878472222222222 0.71484375 0.5086805555555556 0.7174479166666666 0.5260416666666666 0.7252604166666666 0.5434027777777778 0.73828125 0.5538194444444444 0.75390625 0.5590277777777778 0.7578125 0.5625 0.7630208333333334 0.5642361111111112 0.7864583333333334 0.5677083333333334 0.7955729166666666 0.5677083333333334 0.8151041666666666 0.5607638888888888 0.8346354166666666 0.5451388888888888 0.8515625 0.5190972222222222 0.8684895833333334 0.484375 0.8763020833333334 0.4618055555555556 0.8763020833333334 0.4496527777777778 0.8736979166666666 0.4305555555555556 0.8671875 0.4079861111111111 0.85546875 0.3975694444444444 0.8450520833333334 0.3888888888888889 0.8307291666666666 0.3819444444444444 0.8151041666666666 0.3802083333333333 0.7955729166666666 0.3888888888888889 0.76171875 0.4097222222222222 0.7369791666666666 0.4340277777777778 0.72265625 0.4444444444444444 0.71875 0.4861111111111111 0.71484375