0 0.6572265625 0.21875 0.6923828125 0.23307291666666666 0.7236328125 0.2708333333333333 0.7255859375 0.2903645833333333 0.73046875 0.3059895833333333 0.7333984375 0.328125 0.7744140625 0.28125 0.794921875 0.2799479166666667 0.8203125 0.2890625 0.826171875 0.2955729166666667 0.82421875 0.3059895833333333 0.826171875 0.3138020833333333 0.8427734375 0.3450520833333333 0.8427734375 0.3619791666666667 0.8515625 0.3671875 0.8525390625 0.3723958333333333 0.8447265625 0.38671875 0.837890625 0.3932291666666667 0.828125 0.3971354166666667 0.8173828125 0.4075520833333333 0.787109375 0.4192708333333333 0.7705078125 0.4205729166666667 0.744140625 0.4127604166666667 0.7265625 0.4010416666666667 0.7197265625 0.3828125 0.7060546875 0.3932291666666667 0.6953125 0.4088541666666667 0.6787109375 0.4205729166666667 0.671875 0.4231770833333333 0.65234375 0.4231770833333333 0.64453125 0.4270833333333333 0.61328125 0.4244791666666667 0.6025390625 0.4205729166666667 0.5947265625 0.4166666666666667 0.576171875 0.3984375 0.5693359375 0.39453125 0.5400390625 0.359375 0.5361328125 0.34765625 0.5361328125 0.30859375 0.5390625 0.2890625 0.552734375 0.2552083333333333 0.556640625 0.24739583333333334 0.5712890625 0.23046875 0.6025390625 0.21875 0.65625 0.21875
0 0.33203125 0.23307291666666666 0.349609375 0.24609375 0.357421875 0.2565104166666667 0.37109375 0.2682291666666667 0.380859375 0.28515625 0.38671875 0.30859375 0.38671875 0.3359375 0.3837890625 0.3502604166666667 0.3759765625 0.359375 0.359375 0.3489583333333333 0.345703125 0.3463541666666667 0.3349609375 0.3411458333333333 0.298828125 0.3424479166666667 0.28125 0.3489583333333333 0.2724609375 0.35546875 0.2646484375 0.3424479166666667 0.2607421875 0.3268229166666667 0.2607421875 0.2955729166666667 0.263671875 0.28125 0.275390625 0.2565104166666667 0.2841796875 0.24479166666666666 0.2998046875 0.23567708333333334 0.3154296875 0.23177083333333334 0.3310546875 0.23307291666666666
0 0.6728515625 0.6419270833333334 0.6923828125 0.6497395833333334 0.71484375 0.6666666666666666 0.7255859375 0.6705729166666666 0.7373046875 0.6927083333333334 0.7509765625 0.69921875 0.7626953125 0.72265625 0.76171875 0.7291666666666666 0.7529296875 0.7486979166666666 0.7509765625 0.7708333333333334 0.74609375 0.7682291666666666 0.7431640625 0.7721354166666666 0.7421875 0.7955729166666666 0.7392578125 0.8098958333333334 0.7255859375 0.8372395833333334 0.7158203125 0.8502604166666666 0.7001953125 0.8619791666666666 0.6787109375 0.8619791666666666 0.6669921875 0.859375 0.6494140625 0.8502604166666666 0.6328125 0.8294270833333334 0.625 0.8229166666666666 0.609375 0.796875 0.595703125 0.7942708333333334 0.587890625 0.7799479166666666 0.587890625 0.7669270833333334 0.58984375 0.76171875 0.6025390625 0.7604166666666666 0.6064453125 0.7083333333333334 0.6162109375 0.6783854166666666 0.626953125 0.6614583333333334 0.6435546875 0.6471354166666666 0.6572265625 0.6419270833333334 0.671875 0.6419270833333334
0 0.4921875 0.3502604166666667 0.5146484375 0.3580729166666667 0.5322265625 0.3736979166666667 0.54296875 0.3893229166666667 0.5498046875 0.4049479166666667 0.5537109375 0.4205729166666667 0.5537109375 0.453125 0.5498046875 0.4739583333333333 0.54296875 0.4947916666666667 0.5341796875 0.5078125 0.5205078125 0.5221354166666666 0.5029296875 0.53125 0.462890625 0.5260416666666666 0.4365234375 0.51171875 0.4306640625 0.5052083333333334 0.4208984375 0.484375 0.416015625 0.4401041666666667 0.4189453125 0.41796875 0.4306640625 0.3880208333333333 0.4375 0.3776041666666667 0.44921875 0.3645833333333333 0.4619140625 0.35546875 0.4765625 0.3502604166666667 0.4912109375 0.3502604166666667
0 0.4814453125 0.5325520833333334 0.494140625 0.5364583333333334 0.5087890625 0.5455729166666666 0.525390625 0.56640625 0.5361328125 0.6002604166666666 0.537109375 0.6302083333333334 0.53515625 0.6419270833333334 0.52734375 0.6640625 0.513671875 0.6861979166666666 0.498046875 0.6953125 0.478515625 0.69921875 0.46875 0.69921875 0.455078125 0.6940104166666666 0.4384765625 0.68359375 0.427734375 0.671875 0.4208984375 0.6614583333333334 0.4140625 0.6432291666666666 0.412109375 0.6341145833333334 0.412109375 0.6119791666666666 0.41796875 0.58984375 0.4306640625 0.5729166666666666 0.4404296875 0.5403645833333334 0.4453125 0.5455729166666666 0.4501953125 0.5455729166666666 0.458984375 0.5390625 0.48046875 0.5325520833333334
0 0.515625 0.69921875 0.53125 0.7083333333333334 0.5439453125 0.7213541666666666 0.5576171875 0.7447916666666666 0.5654296875 0.7708333333333334 0.568359375 0.8059895833333334 0.5673828125 0.8125 0.5556640625 0.8346354166666666 0.5361328125 0.8528645833333334 0.51171875 0.8893229166666666 0.5068359375 0.8932291666666666 0.4951171875 0.89453125 0.48046875 0.8932291666666666 0.46484375 0.8802083333333334 0.451171875 0.8723958333333334 0.4326171875 0.84765625 0.423828125 0.8138020833333334 0.4248046875 0.77734375 0.435546875 0.7434895833333334 0.4521484375 0.7161458333333334 0.4775390625 0.7018229166666666 0.5029296875 0.6979166666666666 0.5146484375 0.69921875
0 0.330078125 0.65234375 0.359375 0.6640625 0.3837890625 0.6861979166666666 0.39453125 0.7005208333333334 0.400390625 0.71484375 0.4052734375 0.73828125 0.4072265625 0.79296875 0.400390625 0.8294270833333334 0.3828125 0.8723958333333334 0.3662109375 0.89453125 0.3544921875 0.9049479166666666 0.3447265625 0.91796875 0.3310546875 0.9192708333333334 0.3203125 0.9166666666666666 0.3173828125 0.9192708333333334 0.310546875 0.9361979166666666 0.2998046875 0.9440104166666666 0.2890625 0.9427083333333334 0.28125 0.9388020833333334 0.279296875 0.9283854166666666 0.271484375 0.921875 0.2607421875 0.90625 0.248046875 0.8971354166666666 0.216796875 0.8528645833333334 0.2109375 0.83984375 0.2080078125 0.8268229166666666 0.20703125 0.7799479166666666 0.212890625 0.7513020833333334 0.220703125 0.734375 0.21875 0.7239583333333334 0.2197265625 0.7161458333333334 0.2294921875 0.70703125 0.255859375 0.6705729166666666 0.255859375 0.6666666666666666 0.2529296875 0.6640625 0.2548828125 0.6614583333333334 0.29296875 0.6497395833333334 0.3291015625 0.65234375
0 0.650390625 0.45703125 0.681640625 0.48046875 0.693359375 0.4947916666666667 0.70703125 0.5208333333333334 0.7138671875 0.5651041666666666 0.7041015625 0.5963541666666666 0.6904296875 0.6184895833333334 0.66796875 0.63671875 0.6416015625 0.6432291666666666 0.62109375 0.6432291666666666 0.609375 0.63671875 0.5888671875 0.6171875 0.5732421875 0.6067708333333334 0.5673828125 0.5989583333333334 0.5546875 0.5924479166666666 0.5390625 0.5755208333333334 0.537109375 0.5703125 0.544921875 0.5455729166666666 0.5615234375 0.5260416666666666 0.5673828125 0.4973958333333333 0.5791015625 0.4817708333333333 0.595703125 0.4661458333333333 0.6064453125 0.4596354166666667 0.6279296875 0.4557291666666667 0.6494140625 0.45703125
0 0.1552734375 0.5247395833333334 0.158203125 0.5221354166666666 0.16796875 0.5234375 0.173828125 0.53515625 0.193359375 0.5325520833333334 0.2060546875 0.5364583333333334 0.2353515625 0.5533854166666666 0.248046875 0.5716145833333334 0.251953125 0.58203125 0.2529296875 0.6002604166666666 0.2626953125 0.6171875 0.2666015625 0.62890625 0.2802734375 0.6354166666666666 0.279296875 0.6471354166666666 0.2734375 0.6510416666666666 0.2626953125 0.65234375 0.2470703125 0.6588541666666666 0.2255859375 0.6796875 0.21875 0.68359375 0.2080078125 0.6979166666666666 0.205078125 0.6979166666666666 0.1982421875 0.7057291666666666 0.1982421875 0.7109375 0.20703125 0.7109375 0.2080078125 0.7083333333333334 0.205078125 0.7057291666666666 0.20703125 0.7057291666666666 0.212890625 0.7122395833333334 0.2138671875 0.7330729166666666 0.2109375 0.7447916666666666 0.20703125 0.7513020833333334 0.1904296875 0.7473958333333334 0.1826171875 0.7513020833333334 0.1640625 0.7526041666666666 0.1474609375 0.7486979166666666 0.1357421875 0.7408854166666666 0.126953125 0.7317708333333334 0.111328125 0.7083333333333334 0.1044921875 0.6875 0.103515625 0.6731770833333334 0.09765625 0.6588541666666666 0.09765625 0.65234375 0.1044921875 0.6145833333333334 0.1181640625 0.5911458333333334 0.1259765625 0.5638020833333334 0.1318359375 0.5572916666666666 0.140625 0.5546875 0.1474609375 0.5494791666666666 0.1552734375 0.5364583333333334 0.1552734375 0.5260416666666666
0 0.7978515625 0.2799479166666667 0.818359375 0.2877604166666667 0.8271484375 0.2942708333333333 0.8251953125 0.3072916666666667 0.8310546875 0.32421875 0.8427734375 0.3450520833333333 0.841796875 0.3580729166666667 0.8447265625 0.36328125 0.853515625 0.3697916666666667 0.8515625 0.3763020833333333 0.841796875 0.390625 0.8271484375 0.3984375 0.818359375 0.4075520833333333 0.78515625 0.4205729166666667 0.7685546875 0.4205729166666667 0.74609375 0.4140625 0.7255859375 0.4010416666666667 0.72265625 0.3971354166666667 0.7197265625 0.3854166666666667 0.7265625 0.36328125 0.7333984375 0.3489583333333333 0.736328125 0.3255208333333333 0.771484375 0.2825520833333333 0.78125 0.2786458333333333 0.796875 0.2799479166666667
0 0.4951171875 0.18619791666666666 0.5126953125 0.20182291666666666 0.51953125 0.21354166666666666 0.52734375 0.234375 0.533203125 0.2890625 0.5244140625 0.3359375 0.5146484375 0.3502604166666667 0.4736328125 0.34765625 0.458984375 0.3528645833333333 0.44921875 0.359375 0.4423828125 0.359375 0.4189453125 0.3411458333333333 0.4111328125 0.32421875 0.4072265625 0.3098958333333333 0.4052734375 0.2864583333333333 0.4072265625 0.265625 0.400390625 0.24869791666666666 0.39453125 0.21744791666666666 0.3955078125 0.2109375 0.408203125 0.1953125 0.4296875 0.1953125 0.44140625 0.18619791666666666 0.453125 0.1875 0.470703125 0.18229166666666666 0.4853515625 0.18229166666666666 0.494140625 0.18619791666666666
0 0.6396484375 0.21744791666666666 0.6611328125 0.22005208333333334 0.6923828125 0.23307291666666666 0.7236328125 0.2721354166666667 0.7255859375 0.2903645833333333 0.7314453125 0.3151041666666667 0.7314453125 0.3411458333333333 0.7177734375 0.3828125 0.7109375 0.390625 0.70703125 0.3919270833333333 0.697265625 0.40625 0.67578125 0.421875 0.650390625 0.4231770833333333 0.646484375 0.42578125 0.615234375 0.4244791666666667 0.5947265625 0.4166666666666667 0.576171875 0.3984375 0.5693359375 0.39453125 0.5419921875 0.3606770833333333 0.5380859375 0.3489583333333333 0.537109375 0.3372395833333333 0.5380859375 0.2955729166666667 0.5439453125 0.2760416666666667 0.556640625 0.24739583333333334 0.5712890625 0.23046875 0.58984375 0.22265625 0.6044921875 0.21875 0.638671875 0.21875
0 0.326171875 0.34375 0.345703125 0.34765625 0.3623046875 0.3541666666666667 0.3759765625 0.3645833333333333 0.39453125 0.3893229166666667 0.4052734375 0.4114583333333333 0.4111328125 0.4296875 0.4140625 0.4713541666666667 0.4130859375 0.49609375 0.41015625 0.5091145833333334 0.3935546875 0.55078125 0.3701171875 0.5807291666666666 0.3408203125 0.6041666666666666 0.3203125 0.6119791666666666 0.302734375 0.6145833333333334 0.2783203125 0.61328125 0.2685546875 0.60546875 0.2685546875 0.5950520833333334 0.25390625 0.5768229166666666 0.2490234375 0.5598958333333334 0.2392578125 0.5481770833333334 0.228515625 0.5078125 0.2255859375 0.48046875 0.2236328125 0.4739583333333333 0.2177734375 0.4661458333333333 0.2177734375 0.4622395833333333 0.2216796875 0.45703125 0.2265625 0.4388020833333333 0.2314453125 0.4375 0.2353515625 0.4322916666666667 0.2451171875 0.4127604166666667 0.2451171875 0.4049479166666667 0.240234375 0.3932291666666667 0.24609375 0.3841145833333333 0.2666015625 0.3645833333333333 0.2841796875 0.3515625 0.302734375 0.3450520833333333 0.3251953125 0.34375