0 0.0763888888888889 0.2552083333333333 0.09895833333333333 0.2604166666666667 0.1111111111111111 0.2669270833333333 0.125 0.2708333333333333 0.13020833333333334 0.2747395833333333 0.13020833333333334 0.2786458333333333 0.1232638888888889 0.2838541666666667 0.1232638888888889 0.2864583333333333 0.09722222222222222 0.3177083333333333 0.08333333333333333 0.3411458333333333 0.0763888888888889 0.3658854166666667 0.078125 0.3841145833333333 0.08333333333333333 0.390625 0.08333333333333333 0.3971354166666667 0.0798611111111111 0.3997395833333333 0.059027777777777776 0.3997395833333333 0.03125 0.390625 0 0.3854166666666667 0 0.2630208333333333 0.036458333333333336 0.2565104166666667 0.07465277777777778 0.2552083333333333
0 0.25 0.059895833333333336 0.2638888888888889 0.06770833333333333 0.28125 0.06640625 0.3350694444444444 0.06901041666666667 0.3697916666666667 0.07682291666666667 0.3923611111111111 0.08984375 0.4166666666666667 0.11197916666666667 0.421875 0.11979166666666667 0.4236111111111111 0.125 0.421875 0.13151041666666666 0.3940972222222222 0.14973958333333334 0.3715277777777778 0.171875 0.3611111111111111 0.19140625 0.3472222222222222 0.20442708333333334 0.3472222222222222 0.21614583333333334 0.3559027777777778 0.25 0.3541666666666667 0.26171875 0.3402777777777778 0.2669270833333333 0.3090277777777778 0.26953125 0.2899305555555556 0.2682291666666667 0.2725694444444444 0.2643229166666667 0.2465277777777778 0.2552083333333333 0.2326388888888889 0.24479166666666666 0.22569444444444445 0.2421875 0.2013888888888889 0.22265625 0.1909722222222222 0.20833333333333334 0.1875 0.19791666666666666 0.1857638888888889 0.171875 0.1857638888888889 0.10286458333333333 0.1892361111111111 0.08723958333333333 0.19791666666666666 0.07552083333333333 0.21006944444444445 0.06770833333333333 0.2326388888888889 0.06640625 0.2482638888888889 0.061197916666666664
0 0.3836805555555556 0.6653645833333334 0.3975694444444444 0.6705729166666666 0.4322916666666667 0.6744791666666666 0.4739583333333333 0.6744791666666666 0.5069444444444444 0.66796875 0.5225694444444444 0.6692708333333334 0.546875 0.68359375 0.5746527777777778 0.7122395833333334 0.5868055555555556 0.734375 0.5902777777777778 0.7486979166666666 0.5902777777777778 0.7630208333333334 0.5815972222222222 0.7916666666666666 0.5729166666666666 0.8046875 0.5711805555555556 0.8138020833333334 0.5520833333333334 0.8385416666666666 0.5208333333333334 0.8528645833333334 0.5086805555555556 0.8541666666666666 0.4861111111111111 0.8619791666666666 0.4722222222222222 0.86328125 0.4635416666666667 0.8606770833333334 0.4270833333333333 0.859375 0.4131944444444444 0.8645833333333334 0.3819444444444444 0.8645833333333334 0.3715277777777778 0.8619791666666666 0.359375 0.85546875 0.3159722222222222 0.8138020833333334 0.3159722222222222 0.80859375 0.3020833333333333 0.7903645833333334 0.2986111111111111 0.7799479166666666 0.2986111111111111 0.7408854166666666 0.3020833333333333 0.7278645833333334 0.3142361111111111 0.703125 0.3229166666666667 0.6927083333333334 0.3489583333333333 0.6744791666666666 0.3697916666666667 0.6653645833333334 0.3819444444444444 0.6653645833333334
0 0.1753472222222222 0.6263020833333334 0.20833333333333334 0.65234375 0.2204861111111111 0.65234375 0.22916666666666666 0.65625 0.234375 0.65625 0.2465277777777778 0.6692708333333334 0.2517361111111111 0.6705729166666666 0.2534722222222222 0.6692708333333334 0.2621527777777778 0.6731770833333334 0.2881944444444444 0.6770833333333334 0.3125 0.6783854166666666 0.3194444444444444 0.6848958333333334 0.3194444444444444 0.6901041666666666 0.3020833333333333 0.71484375 0.2916666666666667 0.7434895833333334 0.2777777777777778 0.75 0.2586805555555556 0.7513020833333334 0.2517361111111111 0.75390625 0.22395833333333334 0.7578125 0.19618055555555555 0.7552083333333334 0.1701388888888889 0.7486979166666666 0.14583333333333334 0.7252604166666666 0.13194444444444445 0.7018229166666666 0.13020833333333334 0.6783854166666666 0.1388888888888889 0.6575520833333334 0.1423611111111111 0.6549479166666666 0.14930555555555555 0.6393229166666666 0.16493055555555555 0.6276041666666666 0.1736111111111111 0.6263020833333334
0 0.017361111111111112 0 0.19270833333333334 0 0.19444444444444445 0.0013020833333333333 0.19618055555555555 0 0.25 0 0.2534722222222222 0.0026041666666666665 0.2465277777777778 0.018229166666666668 0.2465277777777778 0.03125 0.24305555555555555 0.03515625 0.24479166666666666 0.045572916666666664 0.24131944444444445 0.053385416666666664 0.2309027777777778 0.059895833333333336 0.22395833333333334 0.061197916666666664 0.20833333333333334 0.059895833333333336 0.2013888888888889 0.0625 0.1909722222222222 0.07161458333333333 0.1840277777777778 0.0859375 0.18055555555555555 0.1015625 0.18055555555555555 0.17708333333333334 0.18229166666666666 0.20182291666666666 0.1909722222222222 0.22395833333333334 0.1857638888888889 0.23046875 0.15625 0.2513020833333333 0.1388888888888889 0.2565104166666667 0.1232638888888889 0.2578125 0.11284722222222222 0.2565104166666667 0.0954861111111111 0.25 0.07291666666666667 0.24609375 0.041666666666666664 0.22005208333333334 0.006944444444444444 0.18098958333333334 0.005208333333333333 0.17578125 0.008680555555555556 0.15755208333333334 0.005208333333333333 0.13151041666666666 0.006944444444444444 0.08984375 0.005208333333333333 0.08333333333333333 0.003472222222222222 0.08203125 0 0.08463541666666667 0 0.08072916666666667 0.005208333333333333 0.07942708333333333 0.008680555555555556 0.06510416666666667 0.005208333333333333 0.05859375 0.006944444444444444 0.026041666666666668 0.010416666666666666 0.01953125 0.010416666666666666 0.013020833333333334 0.017361111111111112 0.0013020833333333333
0 0.2881944444444444 0.5065104166666666 0.296875 0.5104166666666666 0.3020833333333333 0.51953125 0.3003472222222222 0.5911458333333334 0.3055555555555556 0.609375 0.3246527777777778 0.6354166666666666 0.3576388888888889 0.66015625 0.3559027777777778 0.6640625 0.3368055555555556 0.6731770833333334 0.2934027777777778 0.6731770833333334 0.2743055555555556 0.6705729166666666 0.265625 0.66796875 0.2586805555555556 0.6614583333333334 0.2465277777777778 0.6640625 0.234375 0.6536458333333334 0.2222222222222222 0.6484375 0.2065972222222222 0.6471354166666666 0.1892361111111111 0.6328125 0.16493055555555555 0.5885416666666666 0.16319444444444445 0.5625 0.1684027777777778 0.5494791666666666 0.17708333333333334 0.5364583333333334 0.203125 0.5143229166666666 0.21875 0.5065104166666666 0.22916666666666666 0.50390625 0.2361111111111111 0.5052083333333334 0.2760416666666667 0.50390625 0.2864583333333333 0.5065104166666666
0 0.10590277777777778 0.4557291666666667 0.1284722222222222 0.4583333333333333 0.1597222222222222 0.4700520833333333 0.1736111111111111 0.4791666666666667 0.19791666666666666 0.4895833333333333 0.2065972222222222 0.4947916666666667 0.21180555555555555 0.5013020833333334 0.1753472222222222 0.5338541666666666 0.16493055555555555 0.5481770833333334 0.1597222222222222 0.5598958333333334 0.1579861111111111 0.5729166666666666 0.1597222222222222 0.5846354166666666 0.1701388888888889 0.60546875 0.1701388888888889 0.6119791666666666 0.14583333333333334 0.62109375 0.10416666666666667 0.6197916666666666 0.07118055555555555 0.609375 0.04861111111111111 0.58984375 0.03125 0.5690104166666666 0.013888888888888888 0.5559895833333334 0.008680555555555556 0.5494791666666666 0.005208333333333333 0.5390625 0.005208333333333333 0.5208333333333334 0.008680555555555556 0.515625 0.027777777777777776 0.50390625 0.03993055555555555 0.5 0.0625 0.4791666666666667 0.08333333333333333 0.46875 0.09895833333333333 0.45703125 0.10416666666666667 0.4557291666666667
0 0.6076388888888888 0.06510416666666667 0.6215277777777778 0.07421875 0.6388888888888888 0.09505208333333333 0.6510416666666666 0.09635416666666667 0.6597222222222222 0.10286458333333333 0.6961805555555556 0.1015625 0.7083333333333334 0.12239583333333333 0.7274305555555556 0.13802083333333334 0.7361111111111112 0.14322916666666666 0.75 0.14453125 0.7534722222222222 0.14713541666666666 0.7586805555555556 0.15885416666666666 0.7586805555555556 0.16666666666666666 0.7534722222222222 0.171875 0.75 0.19270833333333334 0.7569444444444444 0.203125 0.7552083333333334 0.21614583333333334 0.7569444444444444 0.22786458333333334 0.7517361111111112 0.23697916666666666 0.7430555555555556 0.24088541666666666 0.7118055555555556 0.2421875 0.7065972222222222 0.24479166666666666 0.7013888888888888 0.2578125 0.7013888888888888 0.2734375 0.6944444444444444 0.2864583333333333 0.6736111111111112 0.30859375 0.6458333333333334 0.33203125 0.609375 0.34765625 0.5885416666666666 0.3502604166666667 0.5677083333333334 0.3580729166666667 0.5277777777777778 0.3619791666666667 0.5034722222222222 0.3619791666666667 0.4670138888888889 0.35546875 0.4270833333333333 0.3385416666666667 0.40625 0.32421875 0.3819444444444444 0.2994791666666667 0.3663194444444444 0.26953125 0.3576388888888889 0.24088541666666666 0.359375 0.2109375 0.3663194444444444 0.19140625 0.3784722222222222 0.17317708333333334 0.3993055555555556 0.15104166666666666 0.4114583333333333 0.14192708333333334 0.4236111111111111 0.13802083333333334 0.4340277777777778 0.13020833333333334 0.4774305555555556 0.11197916666666667 0.5138888888888888 0.10416666666666667 0.5520833333333334 0.10286458333333333 0.5590277777777778 0.09765625 0.5694444444444444 0.078125 0.5798611111111112 0.0703125 0.5902777777777778 0.06640625 0.6059027777777778 0.06510416666666667
0 0.5017361111111112 0.3697916666666667 0.5034722222222222 0.37109375 0.546875 0.3697916666666667 0.5659722222222222 0.3723958333333333 0.5954861111111112 0.3828125 0.6197916666666666 0.3971354166666667 0.6423611111111112 0.4192708333333333 0.6614583333333334 0.44921875 0.6649305555555556 0.4778645833333333 0.6649305555555556 0.5052083333333334 0.6597222222222222 0.52734375 0.6493055555555556 0.5494791666666666 0.6493055555555556 0.57421875 0.6458333333333334 0.59375 0.6319444444444444 0.6158854166666666 0.6267361111111112 0.6197916666666666 0.6041666666666666 0.6223958333333334 0.578125 0.6302083333333334 0.5208333333333334 0.6536458333333334 0.515625 0.6575520833333334 0.4947916666666667 0.6627604166666666 0.4600694444444444 0.66796875 0.4253472222222222 0.66796875 0.4010416666666667 0.6653645833333334 0.3767361111111111 0.66015625 0.34375 0.6432291666666666 0.3229166666666667 0.6263020833333334 0.3125 0.6106770833333334 0.3055555555555556 0.5885416666666666 0.3072916666666667 0.5846354166666666 0.3055555555555556 0.55859375 0.3107638888888889 0.5442708333333334 0.3072916666666667 0.4973958333333333 0.3177083333333333 0.4778645833333333 0.3211805555555556 0.4752604166666667 0.3298611111111111 0.4765625 0.3333333333333333 0.4739583333333333 0.3402777777777778 0.4609375 0.3454861111111111 0.4596354166666667 0.3767361111111111 0.4348958333333333 0.3923611111111111 0.4140625 0.4166666666666667 0.3958333333333333 0.4496527777777778 0.3815104166666667 0.4809027777777778 0.3723958333333333 0.4913194444444444 0.3723958333333333 0.5 0.3697916666666667
0 0.2829861111111111 0.75390625 0.2916666666666667 0.7591145833333334 0.2916666666666667 0.7721354166666666 0.2951388888888889 0.78515625 0.3142361111111111 0.81640625 0.3420138888888889 0.8411458333333334 0.3506944444444444 0.8528645833333334 0.3628472222222222 0.8619791666666666 0.3802083333333333 0.8697916666666666 0.3784722222222222 0.8736979166666666 0.3611111111111111 0.8841145833333334 0.3315972222222222 0.8919270833333334 0.3159722222222222 0.890625 0.2690972222222222 0.8736979166666666 0.24305555555555555 0.8528645833333334 0.2326388888888889 0.8502604166666666 0.22743055555555555 0.8450520833333334 0.22743055555555555 0.83984375 0.234375 0.8268229166666666 0.2361111111111111 0.8072916666666666 0.2465277777777778 0.78125 0.2621527777777778 0.7578125 0.265625 0.7552083333333334 0.28125 0.75390625
0 0.24131944444444445 0.2604166666666667 0.2604166666666667 0.2643229166666667 0.2708333333333333 0.26953125 0.3055555555555556 0.27734375 0.3246527777777778 0.2864583333333333 0.3454861111111111 0.29296875 0.3628472222222222 0.3020833333333333 0.3888888888888889 0.3177083333333333 0.3975694444444444 0.3294270833333333 0.4131944444444444 0.3424479166666667 0.4201388888888889 0.35546875 0.4149305555555556 0.37890625 0.3993055555555556 0.38671875 0.3940972222222222 0.3932291666666667 0.3923611111111111 0.4010416666666667 0.3854166666666667 0.40625 0.375 0.41015625 0.3628472222222222 0.4114583333333333 0.359375 0.41015625 0.3524305555555556 0.4140625 0.3420138888888889 0.4153645833333333 0.3246527777777778 0.4322916666666667 0.3194444444444444 0.4270833333333333 0.3038194444444444 0.4388020833333333 0.3003472222222222 0.4453125 0.3003472222222222 0.4518229166666667 0.3055555555555556 0.4609375 0.3020833333333333 0.4791666666666667 0.2934027777777778 0.4895833333333333 0.2673611111111111 0.49609375 0.2378472222222222 0.49609375 0.2170138888888889 0.4908854166666667 0.18229166666666666 0.4765625 0.16319444444444445 0.4635416666666667 0.15104166666666666 0.4596354166666667 0.1440972222222222 0.4544270833333333 0.13194444444444445 0.4388020833333333 0.10416666666666667 0.4231770833333333 0.0920138888888889 0.3997395833333333 0.08854166666666667 0.3880208333333333 0.09027777777777778 0.3828125 0.08333333333333333 0.3723958333333333 0.08854166666666667 0.3424479166666667 0.09722222222222222 0.32421875 0.11979166666666667 0.2955729166666667 0.140625 0.27734375 0.16319444444444445 0.2669270833333333 0.1875 0.2604166666666667 0.20833333333333334 0.2591145833333333 0.23958333333333334 0.2604166666666667