0 0.701171875 0.7083333333333334 0.71875 0.7122395833333334 0.73046875 0.7213541666666666 0.73828125 0.7317708333333334 0.751953125 0.7630208333333334 0.7578125 0.7942708333333334 0.7685546875 0.8190104166666666 0.7685546875 0.828125 0.7587890625 0.8385416666666666 0.740234375 0.8424479166666666 0.7294921875 0.8541666666666666 0.7041015625 0.8658854166666666 0.6884765625 0.8658854166666666 0.6806640625 0.86328125 0.6650390625 0.8515625 0.654296875 0.8385416666666666 0.6455078125 0.8229166666666666 0.638671875 0.7981770833333334 0.6396484375 0.7591145833333334 0.6474609375 0.734375 0.6689453125 0.71484375 0.6875 0.7083333333333334 0.7001953125 0.7083333333333334
0 0.216796875 0.3229166666666667 0.25390625 0.34375 0.271484375 0.3619791666666667 0.2802734375 0.3763020833333333 0.2900390625 0.3997395833333333 0.2939453125 0.4205729166666667 0.2919921875 0.45703125 0.283203125 0.4817708333333333 0.2568359375 0.51171875 0.2265625 0.5234375 0.203125 0.5221354166666666 0.1923828125 0.5182291666666666 0.185546875 0.5260416666666666 0.181640625 0.52734375 0.1689453125 0.5260416666666666 0.1669921875 0.5234375 0.166015625 0.5 0.12890625 0.4479166666666667 0.1220703125 0.4231770833333333 0.1220703125 0.3919270833333333 0.126953125 0.3736979166666667 0.134765625 0.3580729166666667 0.1552734375 0.3359375 0.1884765625 0.3229166666666667 0.2158203125 0.3229166666666667
0 0.330078125 0.5651041666666666 0.34375 0.5833333333333334 0.361328125 0.5911458333333334 0.369140625 0.6002604166666666 0.369140625 0.6145833333333334 0.36328125 0.6380208333333334 0.3701171875 0.66015625 0.3701171875 0.66796875 0.369140625 0.671875 0.36328125 0.6770833333333334 0.36328125 0.6809895833333334 0.3720703125 0.703125 0.3720703125 0.7122395833333334 0.365234375 0.71484375 0.3623046875 0.72265625 0.359375 0.7213541666666666 0.357421875 0.7239583333333334 0.3447265625 0.7630208333333334 0.3291015625 0.7903645833333334 0.3076171875 0.8059895833333334 0.2880859375 0.8151041666666666 0.2646484375 0.8151041666666666 0.2548828125 0.8125 0.244140625 0.8020833333333334 0.2236328125 0.7916666666666666 0.2119140625 0.7734375 0.201171875 0.75390625 0.1962890625 0.7265625 0.1953125 0.6953125 0.2001953125 0.66015625 0.2060546875 0.640625 0.2216796875 0.6119791666666666 0.244140625 0.5911458333333334 0.26171875 0.5846354166666666 0.2919921875 0.5833333333333334 0.3037109375 0.5859375 0.3173828125 0.59375 0.322265625 0.5846354166666666 0.322265625 0.5729166666666666 0.32421875 0.5677083333333334 0.3271484375 0.5638020833333334 0.3291015625 0.5651041666666666
0 0.6259765625 0.4192708333333333 0.6318359375 0.4244791666666667 0.6513671875 0.4231770833333333 0.6650390625 0.4283854166666667 0.6708984375 0.4453125 0.6796875 0.4557291666666667 0.6767578125 0.4765625 0.6875 0.50390625 0.69921875 0.5182291666666666 0.7080078125 0.5377604166666666 0.7138671875 0.5455729166666666 0.7138671875 0.5494791666666666 0.7109375 0.5533854166666666 0.712890625 0.5638020833333334 0.7119140625 0.5703125 0.70703125 0.5794270833333334 0.70703125 0.5950520833333334 0.703125 0.6080729166666666 0.6953125 0.6119791666666666 0.6767578125 0.62890625 0.6435546875 0.6393229166666666 0.6240234375 0.63671875 0.6103515625 0.6119791666666666 0.59375 0.6028645833333334 0.583984375 0.5924479166666666 0.5732421875 0.57421875 0.5634765625 0.5390625 0.5634765625 0.5026041666666666 0.5654296875 0.4856770833333333 0.578125 0.4596354166666667 0.587890625 0.4296875 0.591796875 0.4283854166666667 0.595703125 0.4309895833333333 0.6103515625 0.4283854166666667 0.6142578125 0.4166666666666667 0.625 0.4192708333333333
0 0.5732421875 0.58984375 0.5830078125 0.5950520833333334 0.59375 0.6080729166666666 0.609375 0.6158854166666666 0.6279296875 0.6627604166666666 0.6318359375 0.7109375 0.6201171875 0.7578125 0.6103515625 0.7708333333333334 0.60546875 0.7825520833333334 0.6005859375 0.78515625 0.5869140625 0.7825520833333334 0.5673828125 0.7916666666666666 0.5458984375 0.7903645833333334 0.5419921875 0.78515625 0.537109375 0.7578125 0.53125 0.7513020833333334 0.5185546875 0.7447916666666666 0.5 0.7213541666666666 0.4853515625 0.7135416666666666 0.4794921875 0.6979166666666666 0.4794921875 0.6888020833333334 0.48828125 0.6640625 0.4921875 0.6380208333333334 0.5029296875 0.6236979166666666 0.513671875 0.6041666666666666 0.521484375 0.5963541666666666 0.5419921875 0.5846354166666666 0.556640625 0.5846354166666666 0.572265625 0.58984375
0 0.4306640625 0.12239583333333333 0.4521484375 0.14322916666666666 0.4677734375 0.16276041666666666 0.4814453125 0.1953125 0.490234375 0.203125 0.494140625 0.23567708333333334 0.4970703125 0.24479166666666666 0.4970703125 0.26171875 0.494140625 0.2786458333333333 0.4736328125 0.3307291666666667 0.45703125 0.3541666666666667 0.4326171875 0.3736979166666667 0.4013671875 0.3828125 0.3818359375 0.3815104166666667 0.369140625 0.3776041666666667 0.349609375 0.3645833333333333 0.330078125 0.3372395833333333 0.3232421875 0.32421875 0.3154296875 0.2955729166666667 0.3134765625 0.2734375 0.3037109375 0.2643229166666667 0.30078125 0.2552083333333333 0.3037109375 0.2513020833333333 0.3125 0.25 0.318359375 0.2109375 0.3271484375 0.18619791666666666 0.3544921875 0.14713541666666666 0.365234375 0.13802083333333334 0.396484375 0.12109375 0.419921875 0.11979166666666667 0.4296875 0.12239583333333333
0 0.58203125 0.8229166666666666 0.595703125 0.8294270833333334 0.609375 0.8463541666666666 0.6201171875 0.88671875 0.6201171875 0.9049479166666666 0.630859375 0.92578125 0.6298828125 0.9375 0.626953125 0.9440104166666666 0.6015625 0.9817708333333334 0.583984375 0.9986979166666666 0.537109375 0.9986979166666666 0.521484375 0.9765625 0.5166015625 0.9661458333333334 0.5185546875 0.9518229166666666 0.5283203125 0.9361979166666666 0.5419921875 0.9010416666666666 0.5458984375 0.87890625 0.5458984375 0.8541666666666666 0.5517578125 0.8255208333333334 0.5576171875 0.8216145833333334 0.5810546875 0.8229166666666666
0 0.41796875 0.42578125 0.43359375 0.4309895833333333 0.4599609375 0.4518229166666667 0.466796875 0.4609375 0.474609375 0.48046875 0.48046875 0.5091145833333334 0.48046875 0.52734375 0.4765625 0.546875 0.4638671875 0.57421875 0.443359375 0.59765625 0.41796875 0.609375 0.3974609375 0.609375 0.3828125 0.60546875 0.375 0.6002604166666666 0.3662109375 0.5859375 0.353515625 0.5794270833333334 0.349609375 0.57421875 0.3349609375 0.5390625 0.3349609375 0.5013020833333334 0.3369140625 0.48828125 0.3505859375 0.45703125 0.3603515625 0.4440104166666667 0.3662109375 0.4401041666666667 0.400390625 0.42578125 0.4169921875 0.42578125
0 0.4267578125 0.6953125 0.4375 0.7044270833333334 0.4560546875 0.70703125 0.490234375 0.7200520833333334 0.4990234375 0.7265625 0.521484375 0.7513020833333334 0.5302734375 0.7552083333333334 0.53515625 0.7630208333333334 0.5361328125 0.7799479166666666 0.5419921875 0.79296875 0.5458984375 0.8125 0.546875 0.82421875 0.54296875 0.8502604166666666 0.5419921875 0.8893229166666666 0.52734375 0.9309895833333334 0.513671875 0.9505208333333334 0.5009765625 0.9739583333333334 0.4736328125 0.9921875 0.4580078125 0.99609375 0.4560546875 0.9986979166666666 0.4072265625 0.9986979166666666 0.4052734375 0.99609375 0.400390625 0.9986979166666666 0.3857421875 0.9986979166666666 0.3828125 0.9934895833333334 0.3818359375 0.9817708333333334 0.3642578125 0.9622395833333334 0.3583984375 0.9348958333333334 0.34765625 0.9244791666666666 0.3330078125 0.8971354166666666 0.328125 0.8841145833333334 0.32421875 0.85546875 0.32421875 0.8333333333333334 0.330078125 0.8020833333333334 0.337890625 0.7838541666666666 0.3515625 0.76171875 0.3583984375 0.7408854166666666 0.3671875 0.7278645833333334 0.3740234375 0.7239583333333334 0.37890625 0.7161458333333334 0.392578125 0.703125 0.4091796875 0.6953125 0.42578125 0.6953125
0 0.5478515625 0.3528645833333333 0.5654296875 0.3684895833333333 0.5810546875 0.390625 0.583984375 0.3971354166666667 0.5849609375 0.4244791666666667 0.5791015625 0.44921875 0.5693359375 0.4700520833333333 0.5615234375 0.48046875 0.546875 0.48828125 0.5361328125 0.48828125 0.521484375 0.4817708333333333 0.5029296875 0.4817708333333333 0.48828125 0.4700520833333333 0.466796875 0.4348958333333333 0.466796875 0.4205729166666667 0.474609375 0.3919270833333333 0.4912109375 0.3697916666666667 0.5224609375 0.34765625 0.537109375 0.34765625 0.546875 0.3528645833333333
0 0.275390625 0.84375 0.29296875 0.8489583333333334 0.3095703125 0.8645833333333334 0.3173828125 0.875 0.32421875 0.8958333333333334 0.3310546875 0.90234375 0.3427734375 0.9244791666666666 0.35546875 0.94140625 0.359375 0.9583333333333334 0.359375 0.97265625 0.353515625 0.9947916666666666 0.34765625 0.9986979166666666 0.2529296875 0.9986979166666666 0.2509765625 0.99609375 0.2490234375 0.9986979166666666 0.1669921875 0.9986979166666666 0.1630859375 0.9921875 0.1572265625 0.9752604166666666 0.15625 0.95703125 0.1962890625 0.890625 0.212890625 0.87109375 0.234375 0.8541666666666666 0.2578125 0.8450520833333334 0.2744140625 0.84375