0 0.7802734375 0.4153645833333333 0.796875 0.4283854166666667 0.8251953125 0.4752604166666667 0.8271484375 0.4817708333333333 0.8291015625 0.5143229166666666 0.826171875 0.5260416666666666 0.822265625 0.5651041666666666 0.8193359375 0.5729166666666666 0.810546875 0.5846354166666666 0.806640625 0.5950520833333334 0.7978515625 0.6080729166666666 0.787109375 0.6171875 0.7763671875 0.6236979166666666 0.76171875 0.6276041666666666 0.728515625 0.6236979166666666 0.7138671875 0.6119791666666666 0.7041015625 0.5989583333333334 0.6953125 0.578125 0.689453125 0.546875 0.6748046875 0.51171875 0.673828125 0.4921875 0.6767578125 0.46875 0.6826171875 0.4544270833333333 0.6953125 0.4361979166666667 0.7109375 0.421875 0.7333984375 0.41015625 0.7490234375 0.4075520833333333 0.76171875 0.4075520833333333 0.779296875 0.4153645833333333
0 0.470703125 0.4479166666666667 0.4833984375 0.4583333333333333 0.4921875 0.4700520833333333 0.501953125 0.5234375 0.5009765625 0.55078125 0.4951171875 0.5755208333333334 0.4814453125 0.6028645833333334 0.455078125 0.6236979166666666 0.4375 0.6302083333333334 0.40625 0.6236979166666666 0.3896484375 0.6158854166666666 0.373046875 0.6015625 0.365234375 0.5885416666666666 0.3583984375 0.5651041666666666 0.3564453125 0.5455729166666666 0.357421875 0.5247395833333334 0.365234375 0.4986979166666667 0.3837890625 0.4817708333333333 0.4111328125 0.4440104166666667 0.421875 0.4440104166666667 0.4306640625 0.4479166666666667 0.4697265625 0.4479166666666667
0 0.82421875 0.625 0.8388671875 0.6458333333333334 0.849609375 0.65625 0.8544921875 0.6588541666666666 0.861328125 0.6575520833333334 0.86328125 0.671875 0.873046875 0.6888020833333334 0.873046875 0.6953125 0.8642578125 0.70703125 0.8642578125 0.7135416666666666 0.8720703125 0.7252604166666666 0.873046875 0.734375 0.869140625 0.7447916666666666 0.859375 0.7565104166666666 0.8583984375 0.7604166666666666 0.8603515625 0.7734375 0.873046875 0.79296875 0.873046875 0.8046875 0.869140625 0.80859375 0.8662109375 0.8072916666666666 0.853515625 0.7942708333333334 0.837890625 0.7877604166666666 0.830078125 0.82421875 0.8193359375 0.84765625 0.8125 0.8567708333333334 0.794921875 0.8697916666666666 0.76953125 0.875 0.7451171875 0.875 0.7236328125 0.8684895833333334 0.6875 0.8463541666666666 0.68359375 0.8411458333333334 0.681640625 0.8307291666666666 0.673828125 0.8190104166666666 0.6669921875 0.7942708333333334 0.6650390625 0.7317708333333334 0.66796875 0.7083333333333334 0.6708984375 0.703125 0.671875 0.6953125 0.6826171875 0.67578125 0.69140625 0.66796875 0.7060546875 0.6458333333333334 0.7275390625 0.6315104166666666 0.744140625 0.6302083333333334 0.7529296875 0.6328125 0.771484375 0.6328125 0.7861328125 0.6393229166666666 0.7998046875 0.6536458333333334 0.814453125 0.6236979166666666 0.8212890625 0.6223958333333334 0.8232421875 0.625
0 0.447265625 0.08984375 0.4560546875 0.09375 0.466796875 0.10286458333333333 0.5029296875 0.15104166666666666 0.5029296875 0.16015625 0.4970703125 0.17317708333333334 0.4970703125 0.18489583333333334 0.482421875 0.20182291666666666 0.4755859375 0.21484375 0.4677734375 0.24088541666666666 0.46484375 0.2591145833333333 0.462890625 0.2643229166666667 0.455078125 0.26953125 0.447265625 0.26953125 0.4267578125 0.2630208333333333 0.4208984375 0.2591145833333333 0.4111328125 0.24609375 0.3984375 0.23697916666666666 0.373046875 0.20963541666666666 0.365234375 0.17838541666666666 0.3701171875 0.14322916666666666 0.375 0.12630208333333334 0.380859375 0.11848958333333333 0.3935546875 0.11458333333333333 0.421875 0.08984375 0.4462890625 0.08984375
0 0.4140625 0.8346354166666666 0.4248046875 0.8684895833333334 0.435546875 0.8893229166666666 0.4443359375 0.9049479166666666 0.458984375 0.9205729166666666 0.46875 0.9348958333333334 0.4697265625 0.95703125 0.4677734375 0.9765625 0.4638671875 0.9947916666666666 0.4599609375 0.9986979166666666 0.3583984375 0.9986979166666666 0.3525390625 0.9908854166666666 0.3447265625 0.96875 0.337890625 0.9348958333333334 0.3330078125 0.92578125 0.33203125 0.9049479166666666 0.3388671875 0.875 0.349609375 0.8515625 0.3544921875 0.8463541666666666 0.373046875 0.84375 0.3994140625 0.8333333333333334 0.4111328125 0.83203125 0.4130859375 0.8346354166666666
0 0.3662109375 0.6028645833333334 0.3857421875 0.6184895833333334 0.40625 0.6510416666666666 0.41796875 0.6783854166666666 0.4228515625 0.6979166666666666 0.4228515625 0.7057291666666666 0.41796875 0.75390625 0.412109375 0.76953125 0.408203125 0.79296875 0.4033203125 0.8059895833333334 0.3955078125 0.8177083333333334 0.3828125 0.8294270833333334 0.3505859375 0.84375 0.32421875 0.8424479166666666 0.3037109375 0.8346354166666666 0.2685546875 0.8046875 0.2587890625 0.7630208333333334 0.2578125 0.7122395833333334 0.25390625 0.69921875 0.25390625 0.69140625 0.2587890625 0.6809895833333334 0.2607421875 0.66796875 0.2744140625 0.65234375 0.275390625 0.63671875 0.283203125 0.6328125 0.2890625 0.6263020833333334 0.29296875 0.6263020833333334 0.3037109375 0.6158854166666666 0.32421875 0.6041666666666666 0.3369140625 0.6002604166666666 0.357421875 0.6002604166666666 0.365234375 0.6028645833333334
0 0.591796875 0.38671875 0.609375 0.3919270833333333 0.6123046875 0.3958333333333333 0.6123046875 0.4036458333333333 0.6171875 0.41015625 0.623046875 0.4127604166666667 0.6328125 0.4309895833333333 0.6484375 0.44921875 0.6513671875 0.45703125 0.65234375 0.4752604166666667 0.6669921875 0.4986979166666667 0.6796875 0.5416666666666666 0.6806640625 0.5690104166666666 0.6748046875 0.59375 0.65625 0.6197916666666666 0.640625 0.6341145833333334 0.6279296875 0.6393229166666666 0.60546875 0.6393229166666666 0.5986328125 0.63671875 0.57421875 0.6236979166666666 0.5498046875 0.6015625 0.5283203125 0.5924479166666666 0.51953125 0.57421875 0.5146484375 0.54296875 0.50390625 0.5169270833333334 0.5 0.4986979166666667 0.5 0.48828125 0.49609375 0.4700520833333333 0.5 0.4322916666666667 0.5029296875 0.4192708333333333 0.513671875 0.40234375 0.5263671875 0.38671875 0.5322265625 0.3841145833333333 0.55859375 0.3828125 0.5908203125 0.38671875
0 0.34765625 0.22526041666666666 0.3642578125 0.2265625 0.369140625 0.22395833333333334 0.3798828125 0.22395833333333334 0.4169921875 0.2708333333333333 0.42578125 0.2955729166666667 0.4365234375 0.31640625 0.439453125 0.3255208333333333 0.439453125 0.3333333333333333 0.435546875 0.34765625 0.4345703125 0.3671875 0.4208984375 0.41796875 0.40625 0.4348958333333333 0.3935546875 0.4440104166666667 0.3701171875 0.4765625 0.3544921875 0.484375 0.330078125 0.4895833333333333 0.310546875 0.4895833333333333 0.2919921875 0.4856770833333333 0.2734375 0.4765625 0.2548828125 0.4596354166666667 0.2470703125 0.4466145833333333 0.240234375 0.4192708333333333 0.2373046875 0.3958333333333333 0.2373046875 0.3776041666666667 0.2451171875 0.3463541666666667 0.255859375 0.3151041666666667 0.255859375 0.296875 0.2578125 0.2877604166666667 0.263671875 0.2760416666666667 0.2646484375 0.2643229166666667 0.2822265625 0.24739583333333334 0.302734375 0.24609375 0.322265625 0.23046875 0.3466796875 0.22526041666666666
0 0.2373046875 0.4427083333333333 0.240234375 0.4440104166666667 0.24609375 0.4557291666666667 0.255859375 0.4674479166666667 0.2724609375 0.4817708333333333 0.2890625 0.4895833333333333 0.3017578125 0.5026041666666666 0.3046875 0.51171875 0.3076171875 0.5390625 0.302734375 0.5533854166666666 0.3017578125 0.59375 0.296875 0.6106770833333334 0.2802734375 0.6263020833333334 0.2724609375 0.6302083333333334 0.263671875 0.6458333333333334 0.232421875 0.6575520833333334 0.21484375 0.65625 0.19921875 0.6497395833333334 0.1845703125 0.640625 0.166015625 0.6236979166666666 0.1552734375 0.609375 0.150390625 0.5989583333333334 0.142578125 0.5729166666666666 0.140625 0.5546875 0.1484375 0.5052083333333334 0.154296875 0.48828125 0.1640625 0.4739583333333333 0.1875 0.4518229166666667 0.19921875 0.4440104166666667 0.208984375 0.44140625 0.236328125 0.4427083333333333
0 0.537109375 0.60546875 0.5537109375 0.6119791666666666 0.5595703125 0.6263020833333334 0.5673828125 0.6263020833333334 0.5830078125 0.6328125 0.615234375 0.6588541666666666 0.640625 0.69921875 0.6533203125 0.7369791666666666 0.6552734375 0.7526041666666666 0.6552734375 0.7916666666666666 0.646484375 0.8229166666666666 0.6435546875 0.8567708333333334 0.6396484375 0.875 0.6357421875 0.8828125 0.61328125 0.9166666666666666 0.599609375 0.9309895833333334 0.576171875 0.9466145833333334 0.552734375 0.9505208333333334 0.525390625 0.9505208333333334 0.5205078125 0.9479166666666666 0.5009765625 0.9466145833333334 0.482421875 0.9361979166666666 0.453125 0.9088541666666666 0.4453125 0.8997395833333334 0.4248046875 0.8580729166666666 0.4140625 0.8125 0.4140625 0.7877604166666666 0.4169921875 0.7682291666666666 0.4228515625 0.75 0.4248046875 0.7291666666666666 0.4365234375 0.6966145833333334 0.439453125 0.6822916666666666 0.4560546875 0.64453125 0.47265625 0.625 0.4912109375 0.6184895833333334 0.5146484375 0.60546875 0.5361328125 0.60546875
0 0.6435546875 0.8802083333333334 0.6474609375 0.89453125 0.6474609375 0.9127604166666666 0.650390625 0.9283854166666666 0.650390625 0.9596354166666666 0.6474609375 0.96875 0.6337890625 0.9934895833333334 0.6298828125 0.9986979166666666 0.541015625 0.9986979166666666 0.533203125 0.9921875 0.525390625 0.9947916666666666 0.521484375 0.98828125 0.51953125 0.97265625 0.5205078125 0.96875 0.5322265625 0.9544270833333334 0.568359375 0.9518229166666666 0.58984375 0.94140625 0.611328125 0.9231770833333334 0.6298828125 0.8958333333333334 0.642578125 0.8815104166666666
0 0.55078125 0.17708333333333334 0.568359375 0.18359375 0.5859375 0.1953125 0.6064453125 0.21614583333333334 0.6181640625 0.23958333333333334 0.623046875 0.2552083333333333 0.6259765625 0.2747395833333333 0.625 0.3111979166666667 0.6171875 0.3489583333333333 0.6025390625 0.375 0.5927734375 0.3802083333333333 0.541015625 0.37890625 0.5234375 0.3815104166666667 0.5146484375 0.3802083333333333 0.50390625 0.3723958333333333 0.49609375 0.3736979166666667 0.4873046875 0.37890625 0.4775390625 0.37890625 0.4736328125 0.3763020833333333 0.4716796875 0.3697916666666667 0.4716796875 0.3515625 0.4736328125 0.34375 0.4775390625 0.3411458333333333 0.4775390625 0.328125 0.4677734375 0.2825520833333333 0.466796875 0.2682291666666667 0.46875 0.24869791666666666 0.4775390625 0.21744791666666666 0.486328125 0.20182291666666666 0.498046875 0.18880208333333334 0.5224609375 0.17578125 0.5322265625 0.17447916666666666 0.5498046875 0.17708333333333334