0 0.3888888888888889 0.53515625 0.40625 0.5403645833333334 0.4305555555555556 0.5416666666666666 0.4357638888888889 0.5455729166666666 0.4305555555555556 0.5690104166666666 0.4305555555555556 0.5989583333333334 0.4340277777777778 0.625 0.4513888888888889 0.6536458333333334 0.4652777777777778 0.66796875 0.4739583333333333 0.671875 0.4809027777777778 0.6783854166666666 0.4809027777777778 0.68359375 0.4756944444444444 0.6888020833333334 0.4583333333333333 0.69921875 0.4444444444444444 0.7018229166666666 0.4201388888888889 0.7005208333333334 0.4166666666666667 0.7018229166666666 0.3940972222222222 0.7005208333333334 0.375 0.6966145833333334 0.3524305555555556 0.6966145833333334 0.328125 0.6901041666666666 0.3211805555555556 0.6861979166666666 0.3159722222222222 0.6731770833333334 0.3003472222222222 0.65234375 0.2881944444444444 0.640625 0.2795138888888889 0.6236979166666666 0.2760416666666667 0.6080729166666666 0.2760416666666667 0.58984375 0.2829861111111111 0.5729166666666666 0.3020833333333333 0.5520833333333334 0.3263888888888889 0.5390625 0.3350694444444444 0.5364583333333334 0.3871527777777778 0.53515625
0 0.6597222222222222 0.40234375 0.6944444444444444 0.4049479166666667 0.7239583333333334 0.4140625 0.734375 0.4192708333333333 0.7673611111111112 0.4453125 0.7829861111111112 0.4661458333333333 0.7934027777777778 0.4934895833333333 0.7951388888888888 0.52734375 0.7916666666666666 0.5442708333333334 0.78125 0.58203125 0.7690972222222222 0.6080729166666666 0.7638888888888888 0.6341145833333334 0.7482638888888888 0.6497395833333334 0.7309027777777778 0.6497395833333334 0.7204861111111112 0.65234375 0.7048611111111112 0.6588541666666666 0.6892361111111112 0.6692708333333334 0.6545138888888888 0.68359375 0.625 0.69140625 0.5868055555555556 0.6953125 0.5607638888888888 0.6953125 0.53125 0.69140625 0.5017361111111112 0.6822916666666666 0.4652777777777778 0.6614583333333334 0.4513888888888889 0.6458333333333334 0.4375 0.6197916666666666 0.4357638888888889 0.56640625 0.4409722222222222 0.5455729166666666 0.4461805555555556 0.53515625 0.4479166666666667 0.5221354166666666 0.453125 0.51171875 0.453125 0.5013020833333334 0.4583333333333333 0.4908854166666667 0.4739583333333333 0.4791666666666667 0.484375 0.4661458333333333 0.484375 0.4622395833333333 0.4965277777777778 0.453125 0.5190972222222222 0.4479166666666667 0.5277777777777778 0.4388020833333333 0.5434027777777778 0.4296875 0.5885416666666666 0.41015625 0.6076388888888888 0.40625 0.6579861111111112 0.40234375
0 0.3229166666666667 0.69140625 0.3385416666666667 0.6979166666666666 0.3836805555555556 0.7018229166666666 0.3958333333333333 0.7057291666666666 0.4236111111111111 0.70703125 0.4357638888888889 0.7122395833333334 0.4201388888888889 0.7447916666666666 0.4045138888888889 0.7643229166666666 0.3975694444444444 0.76953125 0.3802083333333333 0.7760416666666666 0.3263888888888889 0.7864583333333334 0.3107638888888889 0.7864583333333334 0.2795138888888889 0.7799479166666666 0.2534722222222222 0.765625 0.23958333333333334 0.7526041666666666 0.22916666666666666 0.7200520833333334 0.22916666666666666 0.7005208333333334 0.23958333333333334 0.6796875 0.2604166666666667 0.6575520833333334 0.2690972222222222 0.6510416666666666 0.2795138888888889 0.6471354166666666 0.2881944444444444 0.6471354166666666 0.296875 0.6536458333333334 0.3003472222222222 0.6614583333333334 0.3107638888888889 0.671875 0.3159722222222222 0.6861979166666666 0.3211805555555556 0.69140625
0 0.22743055555555555 0.48828125 0.2621527777777778 0.4986979166666667 0.3038194444444444 0.5208333333333334 0.3159722222222222 0.5247395833333334 0.3211805555555556 0.5286458333333334 0.3211805555555556 0.53515625 0.2951388888888889 0.5546875 0.2760416666666667 0.578125 0.2725694444444444 0.5872395833333334 0.2708333333333333 0.60546875 0.2795138888888889 0.6315104166666666 0.2777777777777778 0.6393229166666666 0.2725694444444444 0.6432291666666666 0.2552083333333333 0.6484375 0.2222222222222222 0.6536458333333334 0.1840277777777778 0.6471354166666666 0.1684027777777778 0.640625 0.15625 0.6315104166666666 0.13541666666666666 0.6119791666666666 0.1284722222222222 0.6002604166666666 0.10416666666666667 0.5859375 0.09895833333333333 0.578125 0.09722222222222222 0.5559895833333334 0.10069444444444445 0.5494791666666666 0.1111111111111111 0.5416666666666666 0.1232638888888889 0.53515625 0.13541666666666666 0.5325520833333334 0.14930555555555555 0.51953125 0.18055555555555555 0.4986979166666667 0.21006944444444445 0.48828125 0.22569444444444445 0.48828125
0 0.2604166666666667 0 0.2638888888888889 0.0026041666666666665 0.2690972222222222 0.0026041666666666665 0.2725694444444444 0 0.2795138888888889 0.0013020833333333333 0.2934027777777778 0 0.2951388888888889 0.0026041666666666665 0.3072916666666667 0.0026041666666666665 0.3090277777777778 0 0.3177083333333333 0.006510416666666667 0.3211805555555556 0.013020833333333334 0.3298611111111111 0.010416666666666666 0.34375 0.028645833333333332 0.3524305555555556 0.046875 0.3506944444444444 0.057291666666666664 0.3454861111111111 0.06380208333333333 0.3472222222222222 0.07421875 0.3385416666666667 0.08072916666666667 0.3350694444444444 0.08723958333333333 0.3368055555555556 0.09765625 0.3090277777777778 0.1171875 0.3003472222222222 0.12890625 0.296875 0.17447916666666666 0.2934027777777778 0.18229166666666666 0.2951388888888889 0.18359375 0.2934027777777778 0.22395833333333334 0.2951388888888889 0.23958333333333334 0.2986111111111111 0.24609375 0.2986111111111111 0.2591145833333333 0.2916666666666667 0.265625 0.2725694444444444 0.2708333333333333 0.2690972222222222 0.2747395833333333 0.2604166666666667 0.2747395833333333 0.2517361111111111 0.2838541666666667 0.22916666666666666 0.29296875 0.2152777777777778 0.29296875 0.19791666666666666 0.2890625 0.171875 0.2799479166666667 0.1440972222222222 0.265625 0.125 0.24739583333333334 0.10590277777777778 0.22395833333333334 0.10416666666666667 0.20963541666666666 0.1076388888888889 0.20182291666666666 0.1076388888888889 0.1875 0.0954861111111111 0.17447916666666666 0.09027777777777778 0.15364583333333334 0.08159722222222222 0.14583333333333334 0.0763888888888889 0.13411458333333334 0.08506944444444445 0.10026041666666667 0.09375 0.10026041666666667 0.09722222222222222 0.10416666666666667 0.10416666666666667 0.10416666666666667 0.11631944444444445 0.09244791666666667 0.11631944444444445 0.061197916666666664 0.12152777777777778 0.049479166666666664 0.1423611111111111 0.03125 0.1440972222222222 0.022135416666666668 0.16493055555555555 0.01953125 0.1892361111111111 0.01171875 0.21180555555555555 0.009114583333333334 0.21354166666666666 0.00390625 0.2170138888888889 0.0026041666666666665 0.2309027777777778 0.00390625 0.2604166666666667 0.0013020833333333333
0 0.1684027777777778 0.2903645833333333 0.19270833333333334 0.2942708333333333 0.21006944444444445 0.3020833333333333 0.21875 0.3033854166666667 0.2326388888888889 0.3138020833333333 0.2309027777777778 0.3229166666666667 0.2048611111111111 0.3528645833333333 0.19270833333333334 0.37890625 0.1909722222222222 0.3880208333333333 0.1857638888888889 0.3932291666666667 0.1840277777777778 0.3997395833333333 0.1857638888888889 0.4088541666666667 0.18229166666666666 0.4127604166666667 0.18229166666666666 0.4192708333333333 0.1909722222222222 0.4348958333333333 0.1909722222222222 0.4388020833333333 0.1857638888888889 0.44140625 0.17708333333333334 0.44140625 0.14583333333333334 0.4348958333333333 0.13020833333333334 0.4283854166666667 0.1076388888888889 0.4231770833333333 0.0954861111111111 0.4153645833333333 0.07291666666666667 0.4075520833333333 0.06597222222222222 0.4010416666666667 0.06597222222222222 0.390625 0.05381944444444445 0.3658854166666667 0.052083333333333336 0.3567708333333333 0.05381944444444445 0.3411458333333333 0.059027777777777776 0.328125 0.06597222222222222 0.31640625 0.078125 0.3059895833333333 0.09375 0.2994791666666667 0.11805555555555555 0.2942708333333333 0.16666666666666666 0.2903645833333333
0 0.7482638888888888 0.11197916666666667 0.7777777777777778 0.13932291666666666 0.7864583333333334 0.140625 0.8003472222222222 0.14713541666666666 0.8298611111111112 0.1484375 0.8350694444444444 0.15755208333333334 0.8350694444444444 0.16276041666666666 0.8402777777777778 0.16927083333333334 0.8628472222222222 0.17447916666666666 0.8784722222222222 0.1875 0.8923611111111112 0.18880208333333334 0.8958333333333334 0.19140625 0.9010416666666666 0.20833333333333334 0.8923611111111112 0.21354166666666666 0.8871527777777778 0.22916666666666666 0.8871527777777778 0.23697916666666666 0.8940972222222222 0.24479166666666666 0.890625 0.2552083333333333 0.890625 0.2734375 0.8802083333333334 0.27734375 0.8541666666666666 0.27734375 0.8350694444444444 0.2721354166666667 0.8298611111111112 0.2734375 0.8263888888888888 0.2760416666666667 0.8263888888888888 0.3033854166666667 0.8211805555555556 0.3190104166666667 0.8020833333333334 0.3424479166666667 0.7743055555555556 0.3658854166666667 0.7517361111111112 0.3776041666666667 0.7291666666666666 0.3854166666666667 0.7048611111111112 0.3880208333333333 0.6892361111111112 0.3932291666666667 0.6614583333333334 0.3958333333333333 0.6302083333333334 0.39453125 0.5868055555555556 0.3880208333333333 0.5538194444444444 0.3723958333333333 0.5381944444444444 0.3619791666666667 0.5138888888888888 0.3372395833333333 0.4913194444444444 0.2981770833333333 0.484375 0.2799479166666667 0.4826388888888889 0.24609375 0.4947916666666667 0.23828125 0.5104166666666666 0.21223958333333334 0.5295138888888888 0.19140625 0.5590277777777778 0.17317708333333334 0.6041666666666666 0.15364583333333334 0.6180555555555556 0.14973958333333334 0.6510416666666666 0.14583333333333334 0.6944444444444444 0.14713541666666666 0.7013888888888888 0.140625 0.7100694444444444 0.12239583333333333 0.7170138888888888 0.1171875 0.7274305555555556 0.11197916666666667 0.7361111111111112 0.11067708333333333 0.7465277777777778 0.11197916666666667
0 0.3524305555555556 0.296875 0.4131944444444444 0.3138020833333333 0.4479166666666667 0.3268229166666667 0.4809027777777778 0.3463541666666667 0.5208333333333334 0.3919270833333333 0.5243055555555556 0.4010416666666667 0.5225694444444444 0.4192708333333333 0.5260416666666666 0.421875 0.5277777777777778 0.4205729166666667 0.5243055555555556 0.4283854166666667 0.5104166666666666 0.4388020833333333 0.4930555555555556 0.4440104166666667 0.4809027777777778 0.4440104166666667 0.4722222222222222 0.4505208333333333 0.4704861111111111 0.44921875 0.4600694444444444 0.4557291666666667 0.4479166666666667 0.4700520833333333 0.4375 0.4765625 0.4375 0.4830729166666667 0.4427083333333333 0.4921875 0.4427083333333333 0.5052083333333334 0.4357638888888889 0.51171875 0.421875 0.5130208333333334 0.4097222222222222 0.51953125 0.4027777777777778 0.51953125 0.3819444444444444 0.5143229166666666 0.3784722222222222 0.5169270833333334 0.3784722222222222 0.5221354166666666 0.3645833333333333 0.52734375 0.3402777777777778 0.5260416666666666 0.328125 0.5208333333333334 0.3055555555555556 0.515625 0.2534722222222222 0.484375 0.25 0.484375 0.2361111111111111 0.47265625 0.2204861111111111 0.4674479166666667 0.21354166666666666 0.4622395833333333 0.20833333333333334 0.453125 0.203125 0.4348958333333333 0.2048611111111111 0.41796875 0.19444444444444445 0.40625 0.19618055555555555 0.3880208333333333 0.203125 0.3645833333333333 0.2309027777777778 0.3294270833333333 0.23958333333333334 0.3229166666666667 0.2621527777777778 0.3098958333333333 0.2916666666666667 0.30078125 0.3350694444444444 0.2942708333333333 0.34375 0.2942708333333333 0.3506944444444444 0.296875
0 0.19791666666666666 0 0.3315972222222222 0 0.3333333333333333 0.009114583333333334 0.3541666666666667 0.040364583333333336 0.3645833333333333 0.0703125 0.3645833333333333 0.07682291666666667 0.3697916666666667 0.0859375 0.3697916666666667 0.09765625 0.3611111111111111 0.10416666666666667 0.3402777777777778 0.10286458333333333 0.3368055555555556 0.10026041666666667 0.3333333333333333 0.08723958333333333 0.3211805555555556 0.06510416666666667 0.3090277777777778 0.05078125 0.2934027777777778 0.040364583333333336 0.2777777777777778 0.026041666666666668 0.2690972222222222 0.024739583333333332 0.2361111111111111 0.01171875 0.1996527777777778 0.009114583333333334 0.19618055555555555 0.005208333333333333 0.19791666666666666 0.0013020833333333333
0 0.359375 0.78515625 0.3697916666666667 0.78125 0.3784722222222222 0.78125 0.3993055555555556 0.7760416666666666 0.4097222222222222 0.77734375 0.4149305555555556 0.8072916666666666 0.4288194444444444 0.8359375 0.4392361111111111 0.84765625 0.46875 0.8684895833333334 0.4895833333333333 0.8880208333333334 0.4878472222222222 0.8958333333333334 0.4791666666666667 0.90234375 0.4548611111111111 0.9140625 0.4288194444444444 0.9205729166666666 0.3888888888888889 0.9088541666666666 0.3836805555555556 0.9049479166666666 0.3680555555555556 0.8997395833333334 0.3506944444444444 0.8841145833333334 0.3263888888888889 0.8763020833333334 0.3246527777777778 0.8697916666666666 0.3333333333333333 0.8528645833333334 0.3350694444444444 0.83203125 0.3402777777777778 0.8151041666666666 0.359375 0.7864583333333334
0 0.4982638888888889 0.6875 0.5208333333333334 0.6927083333333334 0.5329861111111112 0.6979166666666666 0.5503472222222222 0.69921875 0.5590277777777778 0.7018229166666666 0.5850694444444444 0.7018229166666666 0.6319444444444444 0.6953125 0.6493055555555556 0.7005208333333334 0.6614583333333334 0.7083333333333334 0.6892361111111112 0.73828125 0.703125 0.7669270833333334 0.6996527777777778 0.8020833333333334 0.6944444444444444 0.81640625 0.6944444444444444 0.8216145833333334 0.7013888888888888 0.8333333333333334 0.6857638888888888 0.83984375 0.6753472222222222 0.859375 0.6579861111111112 0.8671875 0.6458333333333334 0.8763020833333334 0.6232638888888888 0.87890625 0.6024305555555556 0.8880208333333334 0.5868055555555556 0.8880208333333334 0.5815972222222222 0.8854166666666666 0.5711805555555556 0.88671875 0.546875 0.8854166666666666 0.53125 0.890625 0.5208333333333334 0.890625 0.5104166666666666 0.88671875 0.4982638888888889 0.88671875 0.4895833333333333 0.8828125 0.4375 0.8411458333333334 0.4253472222222222 0.8216145833333334 0.4166666666666667 0.7942708333333334 0.4166666666666667 0.7578125 0.4270833333333333 0.7447916666666666 0.4305555555555556 0.7330729166666666 0.4375 0.72265625 0.4479166666666667 0.7122395833333334 0.4704861111111111 0.6979166666666666 0.4965277777777778 0.6875
0 0.3802083333333333 0.1015625 0.3836805555555556 0.10807291666666667 0.390625 0.11328125 0.4131944444444444 0.109375 0.4392361111111111 0.109375 0.4618055555555556 0.11197916666666667 0.4895833333333333 0.12109375 0.5086805555555556 0.1328125 0.5208333333333334 0.14322916666666666 0.5364583333333334 0.1640625 0.5399305555555556 0.17447916666666666 0.5364583333333334 0.18229166666666666 0.5260416666666666 0.18880208333333334 0.5069444444444444 0.20963541666666666 0.4947916666666667 0.23046875 0.4756944444444444 0.24088541666666666 0.4739583333333333 0.2526041666666667 0.4809027777777778 0.29296875 0.4670138888888889 0.2994791666666667 0.4305555555555556 0.3059895833333333 0.4045138888888889 0.3046875 0.3854166666666667 0.30078125 0.3420138888888889 0.2864583333333333 0.3246527777777778 0.2669270833333333 0.3125 0.2578125 0.3020833333333333 0.23697916666666666 0.3003472222222222 0.1796875 0.3055555555555556 0.13541666666666666 0.3125 0.12369791666666667 0.3333333333333333 0.10807291666666667 0.3489583333333333 0.10807291666666667 0.3559027777777778 0.11067708333333333 0.3784722222222222 0.1015625