0 0.7621527777777778 0.4752604166666667 0.7951388888888888 0.4817708333333333 0.8090277777777778 0.4869791666666667 0.8194444444444444 0.49609375 0.8350694444444444 0.5286458333333334 0.8350694444444444 0.5338541666666666 0.84375 0.5455729166666666 0.8454861111111112 0.5533854166666666 0.8420138888888888 0.55859375 0.8333333333333334 0.5638020833333334 0.8125 0.5690104166666666 0.7829861111111112 0.5690104166666666 0.7690972222222222 0.5651041666666666 0.7430555555555556 0.5677083333333334 0.7118055555555556 0.5559895833333334 0.6979166666666666 0.5559895833333334 0.6892361111111112 0.5533854166666666 0.6822916666666666 0.546875 0.6822916666666666 0.5078125 0.6875 0.4895833333333333 0.6927083333333334 0.48046875 0.6996527777777778 0.4752604166666667 0.7152777777777778 0.4713541666666667 0.7447916666666666 0.4713541666666667 0.7604166666666666 0.4752604166666667
0 0.53125 0.3463541666666667 0.5434027777777778 0.3502604166666667 0.5833333333333334 0.3541666666666667 0.6041666666666666 0.3606770833333333 0.6163194444444444 0.3658854166666667 0.6354166666666666 0.3802083333333333 0.6423611111111112 0.3880208333333333 0.6475694444444444 0.4036458333333333 0.6475694444444444 0.4166666666666667 0.6388888888888888 0.4388020833333333 0.6197916666666666 0.4557291666666667 0.6041666666666666 0.4609375 0.5798611111111112 0.4544270833333333 0.5347222222222222 0.4505208333333333 0.4739583333333333 0.4544270833333333 0.4652777777777778 0.4453125 0.4618055555555556 0.4375 0.4618055555555556 0.4127604166666667 0.4652777777777778 0.40234375 0.4756944444444444 0.38671875 0.5034722222222222 0.3658854166666667 0.5121527777777778 0.3541666666666667 0.5190972222222222 0.3489583333333333 0.5295138888888888 0.3463541666666667
0 0.2864583333333333 0.6341145833333334 0.3020833333333333 0.6354166666666666 0.34375 0.6471354166666666 0.3524305555555556 0.6536458333333334 0.3541666666666667 0.6627604166666666 0.3680555555555556 0.6848958333333334 0.3680555555555556 0.6953125 0.3576388888888889 0.69921875 0.3350694444444444 0.71875 0.3333333333333333 0.7317708333333334 0.328125 0.7408854166666666 0.3263888888888889 0.75 0.3142361111111111 0.7682291666666666 0.3125 0.7747395833333334 0.3020833333333333 0.7799479166666666 0.2899305555555556 0.7825520833333334 0.2725694444444444 0.7825520833333334 0.2517361111111111 0.7760416666666666 0.2326388888888889 0.7747395833333334 0.2222222222222222 0.7565104166666666 0.1892361111111111 0.7356770833333334 0.1909722222222222 0.7174479166666666 0.19618055555555555 0.7109375 0.21180555555555555 0.67578125 0.22743055555555555 0.65234375 0.2326388888888889 0.6471354166666666 0.2638888888888889 0.6354166666666666 0.2847222222222222 0.6341145833333334
0 0.6614583333333334 0.6145833333333334 0.6753472222222222 0.62109375 0.7378472222222222 0.62109375 0.7760416666666666 0.6276041666666666 0.7864583333333334 0.6341145833333334 0.7951388888888888 0.63671875 0.8194444444444444 0.6575520833333334 0.8350694444444444 0.6861979166666666 0.8402777777777778 0.7083333333333334 0.8402777777777778 0.734375 0.8333333333333334 0.7643229166666666 0.8298611111111112 0.76953125 0.828125 0.7864583333333334 0.8298611111111112 0.7903645833333334 0.8385416666666666 0.79296875 0.8489583333333334 0.8033854166666666 0.8489583333333334 0.8125 0.8454861111111112 0.8203125 0.8333333333333334 0.8307291666666666 0.8246527777777778 0.8346354166666666 0.8038194444444444 0.8346354166666666 0.7552083333333334 0.8216145833333334 0.7083333333333334 0.8216145833333334 0.6684027777777778 0.8151041666666666 0.6232638888888888 0.7942708333333334 0.5850694444444444 0.765625 0.5711805555555556 0.7395833333333334 0.5694444444444444 0.7122395833333334 0.5746527777777778 0.7018229166666666 0.5815972222222222 0.6953125 0.5833333333333334 0.6888020833333334 0.5902777777777778 0.6822916666666666 0.5902777777777778 0.6770833333333334 0.6006944444444444 0.6588541666666666 0.6006944444444444 0.6497395833333334 0.5954861111111112 0.6419270833333334 0.59375 0.6302083333333334 0.6111111111111112 0.6158854166666666 0.625 0.6080729166666666 0.6440972222222222 0.6067708333333334 0.6545138888888888 0.609375 0.6597222222222222 0.6145833333333334
0 0.4791666666666667 0.6953125 0.5121527777777778 0.7044270833333334 0.5295138888888888 0.71484375 0.5434027777777778 0.7252604166666666 0.5694444444444444 0.7526041666666666 0.578125 0.76953125 0.578125 0.796875 0.5729166666666666 0.8138020833333334 0.5729166666666666 0.8203125 0.5763888888888888 0.8216145833333334 0.5763888888888888 0.82421875 0.5625 0.8385416666666666 0.5277777777777778 0.8606770833333334 0.4895833333333333 0.8736979166666666 0.4600694444444444 0.8763020833333334 0.4253472222222222 0.875 0.3958333333333333 0.8697916666666666 0.3611111111111111 0.8489583333333334 0.34375 0.83203125 0.328125 0.80859375 0.3263888888888889 0.7903645833333334 0.3298611111111111 0.78515625 0.3298611111111111 0.7786458333333334 0.3246527777777778 0.7747395833333334 0.3211805555555556 0.7747395833333334 0.3211805555555556 0.7708333333333334 0.3298611111111111 0.7604166666666666 0.3333333333333333 0.75 0.3368055555555556 0.75 0.3454861111111111 0.7434895833333334 0.34375 0.7408854166666666 0.3472222222222222 0.7356770833333334 0.3732638888888889 0.7200520833333334 0.375 0.7161458333333334 0.3715277777777778 0.7135416666666666 0.3732638888888889 0.7057291666666666 0.3767361111111111 0.7057291666666666 0.3784722222222222 0.7174479166666666 0.3923611111111111 0.7083333333333334 0.4201388888888889 0.6979166666666666 0.4565972222222222 0.6940104166666666 0.4774305555555556 0.6953125
0 0.07291666666666667 0.7018229166666666 0.1267361111111111 0.7044270833333334 0.14583333333333334 0.7096354166666666 0.1701388888888889 0.7096354166666666 0.17881944444444445 0.71875 0.18229166666666666 0.734375 0.1857638888888889 0.7395833333333334 0.2013888888888889 0.7526041666666666 0.2013888888888889 0.7578125 0.2048611111111111 0.7604166666666666 0.2048611111111111 0.7669270833333334 0.21354166666666666 0.7864583333333334 0.21180555555555555 0.8072916666666666 0.2065972222222222 0.8203125 0.1857638888888889 0.8450520833333334 0.1736111111111111 0.8528645833333334 0.1371527777777778 0.8671875 0.11458333333333333 0.87109375 0.09722222222222222 0.87109375 0.05555555555555555 0.8658854166666666 0.034722222222222224 0.85546875 0.012152777777777778 0.8541666666666666 0.005208333333333333 0.8489583333333334 0 0.83984375 0 0.7395833333333334 0.003472222222222222 0.7317708333333334 0.013888888888888888 0.71484375 0.026041666666666668 0.70703125 0.04861111111111111 0.703125 0.07118055555555555 0.7018229166666666
0 0.3836805555555556 0.4322916666666667 0.4184027777777778 0.4440104166666667 0.4322916666666667 0.4518229166666667 0.4427083333333333 0.4596354166666667 0.4427083333333333 0.4622395833333333 0.4166666666666667 0.4765625 0.4045138888888889 0.48046875 0.390625 0.4895833333333333 0.3888888888888889 0.4986979166666667 0.3767361111111111 0.5130208333333334 0.3715277777777778 0.5247395833333334 0.3732638888888889 0.5286458333333334 0.3697916666666667 0.5520833333333334 0.3715277777777778 0.5807291666666666 0.3628472222222222 0.5833333333333334 0.3576388888888889 0.5885416666666666 0.3524305555555556 0.5885416666666666 0.34375 0.58203125 0.3315972222222222 0.5807291666666666 0.3107638888888889 0.57421875 0.2881944444444444 0.55859375 0.28125 0.55078125 0.2725694444444444 0.5325520833333334 0.2725694444444444 0.5091145833333334 0.2881944444444444 0.4700520833333333 0.3211805555555556 0.4440104166666667 0.3506944444444444 0.4361979166666667 0.3819444444444444 0.4322916666666667
0 0.5694444444444444 0.4557291666666667 0.5850694444444444 0.4583333333333333 0.5989583333333334 0.4635416666666667 0.6232638888888888 0.4765625 0.6458333333333334 0.4947916666666667 0.6545138888888888 0.5078125 0.6666666666666666 0.5182291666666666 0.671875 0.5299479166666666 0.6736111111111112 0.5416666666666666 0.6788194444444444 0.55078125 0.6753472222222222 0.6080729166666666 0.671875 0.609375 0.6614583333333334 0.6041666666666666 0.6475694444444444 0.6015625 0.6267361111111112 0.6015625 0.6180555555555556 0.60546875 0.6006944444444444 0.6184895833333334 0.5954861111111112 0.62109375 0.5885416666666666 0.62109375 0.5798611111111112 0.6302083333333334 0.5902777777777778 0.64453125 0.5902777777777778 0.6549479166666666 0.5833333333333334 0.6692708333333334 0.5694444444444444 0.6861979166666666 0.5607638888888888 0.6861979166666666 0.5399305555555556 0.69140625 0.4913194444444444 0.6901041666666666 0.4496527777777778 0.6809895833333334 0.4305555555555556 0.671875 0.4045138888888889 0.65234375 0.3993055555555556 0.6458333333333334 0.3975694444444444 0.6315104166666666 0.3819444444444444 0.60546875 0.3802083333333333 0.58984375 0.3767361111111111 0.5833333333333334 0.375 0.5755208333333334 0.3767361111111111 0.5286458333333334 0.3819444444444444 0.5130208333333334 0.3993055555555556 0.4947916666666667 0.4027777777777778 0.48828125 0.4427083333333333 0.4661458333333333 0.4652777777777778 0.4596354166666667 0.4965277777777778 0.4557291666666667 0.5677083333333334 0.4557291666666667
0 0.2482638888888889 0.4166666666666667 0.2829861111111111 0.4192708333333333 0.3003472222222222 0.4244791666666667 0.3125 0.43359375 0.3159722222222222 0.4427083333333333 0.3107638888888889 0.44921875 0.2881944444444444 0.4661458333333333 0.2725694444444444 0.4947916666666667 0.2690972222222222 0.5065104166666666 0.2690972222222222 0.53125 0.2777777777777778 0.5494791666666666 0.2760416666666667 0.5533854166666666 0.2621527777777778 0.5611979166666666 0.2378472222222222 0.5703125 0.2048611111111111 0.5690104166666666 0.1892361111111111 0.5638020833333334 0.17881944444444445 0.5572916666666666 0.1579861111111111 0.5208333333333334 0.1545138888888889 0.50390625 0.15625 0.4869791666666667 0.1597222222222222 0.4817708333333333 0.16666666666666666 0.48046875 0.1736111111111111 0.4752604166666667 0.1840277777777778 0.4596354166666667 0.1892361111111111 0.45703125 0.19618055555555555 0.45703125 0.2013888888888889 0.453125 0.21354166666666666 0.4244791666666667 0.22743055555555555 0.41796875 0.2465277777777778 0.4166666666666667
0 0.21180555555555555 0.5716145833333334 0.22916666666666666 0.57421875 0.2586805555555556 0.5833333333333334 0.2743055555555556 0.6028645833333334 0.2777777777777778 0.62109375 0.2760416666666667 0.62890625 0.2725694444444444 0.6315104166666666 0.2586805555555556 0.6341145833333334 0.2378472222222222 0.6419270833333334 0.22395833333333334 0.65234375 0.2170138888888889 0.6640625 0.2048611111111111 0.6770833333333334 0.1892361111111111 0.6770833333333334 0.1684027777777778 0.671875 0.140625 0.6588541666666666 0.13020833333333334 0.6588541666666666 0.12152777777777778 0.65625 0.11805555555555555 0.6536458333333334 0.11805555555555555 0.6484375 0.125 0.640625 0.1284722222222222 0.62890625 0.13020833333333334 0.60546875 0.140625 0.5872395833333334 0.15104166666666666 0.5807291666666666 0.1701388888888889 0.57421875 0.21006944444444445 0.5716145833333334
0 0.3871527777777778 0.2786458333333333 0.4079861111111111 0.2890625 0.4496527777777778 0.2981770833333333 0.4618055555555556 0.3033854166666667 0.4774305555555556 0.3138020833333333 0.4913194444444444 0.3333333333333333 0.4913194444444444 0.3528645833333333 0.4809027777777778 0.3763020833333333 0.4618055555555556 0.3958333333333333 0.4392361111111111 0.40625 0.3958333333333333 0.4049479166666667 0.3732638888888889 0.3971354166666667 0.359375 0.3841145833333333 0.3472222222222222 0.3619791666666667 0.34375 0.3463541666666667 0.3454861111111111 0.3333333333333333 0.3524305555555556 0.3177083333333333 0.3628472222222222 0.3033854166666667 0.3680555555555556 0.2799479166666667 0.3715277777777778 0.27734375 0.3854166666666667 0.2786458333333333
0 0.28125 0.8385416666666666 0.3020833333333333 0.8424479166666666 0.3177083333333333 0.8515625 0.3246527777777778 0.8580729166666666 0.3298611111111111 0.8684895833333334 0.3541666666666667 0.890625 0.3697916666666667 0.91015625 0.3871527777777778 0.9244791666666666 0.3923611111111111 0.9244791666666666 0.3923611111111111 0.9296875 0.3993055555555556 0.9375 0.3975694444444444 0.9453125 0.390625 0.9479166666666666 0.3767361111111111 0.9466145833333334 0.359375 0.9583333333333334 0.3333333333333333 0.9791666666666666 0.3263888888888889 0.9934895833333334 0.3194444444444444 0.9986979166666666 0.2725694444444444 0.9986979166666666 0.2708333333333333 0.9973958333333334 0.2673611111111111 0.9986979166666666 0.18055555555555555 0.9986979166666666 0.1753472222222222 0.9895833333333334 0.1701388888888889 0.9856770833333334 0.16145833333333334 0.9869791666666666 0.1545138888888889 0.9752604166666666 0.1545138888888889 0.9661458333333334 0.1597222222222222 0.9518229166666666 0.1545138888888889 0.9479166666666666 0.1388888888888889 0.9453125 0.13194444444444445 0.9388020833333334 0.13194444444444445 0.93359375 0.1371527777777778 0.92578125 0.16145833333333334 0.9075520833333334 0.1736111111111111 0.88671875 0.21875 0.8515625 0.2465277777777778 0.83984375 0.2795138888888889 0.8385416666666666