0 0.4052734375 0.58203125 0.4130859375 0.5846354166666666 0.4345703125 0.5846354166666666 0.43359375 0.5872395833333334 0.435546875 0.58984375 0.4423828125 0.58984375 0.443359375 0.5950520833333334 0.4501953125 0.6041666666666666 0.4736328125 0.609375 0.4912109375 0.6197916666666666 0.5029296875 0.6302083333333334 0.515625 0.65625 0.5234375 0.6953125 0.5244140625 0.7252604166666666 0.5224609375 0.7578125 0.5146484375 0.7916666666666666 0.513671875 0.8111979166666666 0.5234375 0.8268229166666666 0.5244140625 0.8450520833333334 0.521484375 0.85546875 0.5166015625 0.8619791666666666 0.51171875 0.875 0.5078125 0.87890625 0.47265625 0.86328125 0.4296875 0.8515625 0.3857421875 0.828125 0.3759765625 0.8203125 0.35546875 0.7916666666666666 0.3447265625 0.7669270833333334 0.33984375 0.74609375 0.33984375 0.7278645833333334 0.3447265625 0.7018229166666666 0.3515625 0.6861979166666666 0.3515625 0.6640625 0.3603515625 0.6510416666666666 0.361328125 0.6354166666666666 0.3583984375 0.6158854166666666 0.3720703125 0.5950520833333334 0.3837890625 0.5833333333333334 0.3994140625 0.5794270833333334 0.404296875 0.58203125
0 0.2099609375 0.34375 0.212890625 0.3450520833333333 0.2138671875 0.3541666666666667 0.21875 0.3619791666666667 0.244140625 0.3580729166666667 0.2578125 0.3528645833333333 0.2744140625 0.3528645833333333 0.2802734375 0.3541666666666667 0.298828125 0.3671875 0.3046875 0.3763020833333333 0.3046875 0.3880208333333333 0.302734375 0.3932291666666667 0.3046875 0.41015625 0.3037109375 0.41796875 0.294921875 0.4283854166666667 0.2939453125 0.4388020833333333 0.24609375 0.4401041666666667 0.2421875 0.4440104166666667 0.2373046875 0.46484375 0.23046875 0.4661458333333333 0.2021484375 0.4908854166666667 0.1923828125 0.4908854166666667 0.189453125 0.45703125 0.1943359375 0.43359375 0.193359375 0.4192708333333333 0.1982421875 0.40234375 0.19921875 0.3658854166666667 0.203125 0.3515625 0.208984375 0.3450520833333333
0 0.7421875 0.4479166666666667 0.751953125 0.4557291666666667 0.7587890625 0.4739583333333333 0.7734375 0.4921875 0.7822265625 0.5091145833333334 0.7890625 0.5286458333333334 0.7900390625 0.5559895833333334 0.7861328125 0.5833333333333334 0.783203125 0.5911458333333334 0.7724609375 0.6067708333333334 0.755859375 0.62109375 0.7333984375 0.6302083333333334 0.6962890625 0.6302083333333334 0.6806640625 0.6197916666666666 0.6748046875 0.609375 0.671875 0.5950520833333334 0.6669921875 0.58984375 0.6572265625 0.5677083333333334 0.6435546875 0.5481770833333334 0.6298828125 0.53515625 0.62890625 0.5143229166666666 0.6337890625 0.49609375 0.6708984375 0.4869791666666667 0.7158203125 0.46875 0.7236328125 0.4622395833333333 0.732421875 0.44921875 0.7412109375 0.4479166666666667
0 0.2939453125 0.4440104166666667 0.3359375 0.46875 0.3564453125 0.4908854166666667 0.37109375 0.515625 0.375 0.5260416666666666 0.3837890625 0.55859375 0.384765625 0.5755208333333334 0.35546875 0.61328125 0.3564453125 0.6484375 0.3466796875 0.6666666666666666 0.3466796875 0.6861979166666666 0.3369140625 0.7057291666666666 0.32421875 0.7174479166666666 0.32421875 0.7252604166666666 0.3173828125 0.7395833333333334 0.314453125 0.7395833333333334 0.306640625 0.7317708333333334 0.302734375 0.7356770833333334 0.28515625 0.7421875 0.2548828125 0.7473958333333334 0.244140625 0.7473958333333334 0.2109375 0.7356770833333334 0.19140625 0.7200520833333334 0.16796875 0.6901041666666666 0.162109375 0.6744791666666666 0.162109375 0.6614583333333334 0.1572265625 0.6484375 0.150390625 0.6184895833333334 0.1494140625 0.6041666666666666 0.15625 0.5794270833333334 0.1572265625 0.5677083333333334 0.1650390625 0.55078125 0.1669921875 0.5390625 0.1767578125 0.515625 0.1875 0.5 0.20703125 0.4908854166666667 0.2255859375 0.4739583333333333 0.234375 0.47265625 0.2421875 0.4596354166666667 0.2431640625 0.4479166666666667 0.24609375 0.4440104166666667 0.29296875 0.4440104166666667
0 0.392578125 0.3125 0.40625 0.3203125 0.4306640625 0.3450520833333333 0.4423828125 0.3763020833333333 0.4443359375 0.3932291666666667 0.443359375 0.4075520833333333 0.4365234375 0.4348958333333333 0.4169921875 0.4700520833333333 0.40234375 0.4830729166666667 0.369140625 0.4921875 0.359375 0.48828125 0.3388671875 0.4661458333333333 0.32421875 0.4557291666666667 0.314453125 0.44140625 0.314453125 0.4348958333333333 0.3056640625 0.4309895833333333 0.3076171875 0.4036458333333333 0.3046875 0.3984375 0.3046875 0.3919270833333333 0.3076171875 0.3815104166666667 0.3076171875 0.3723958333333333 0.3154296875 0.3528645833333333 0.328125 0.3359375 0.33203125 0.3268229166666667 0.353515625 0.3125 0.3916015625 0.3125
0 0.6171875 0.26171875 0.625 0.2578125 0.6435546875 0.2591145833333333 0.654296875 0.25390625 0.6640625 0.2643229166666667 0.6748046875 0.265625 0.6962890625 0.2799479166666667 0.7109375 0.2994791666666667 0.720703125 0.3190104166666667 0.728515625 0.359375 0.7275390625 0.3828125 0.7197265625 0.41796875 0.7119140625 0.4388020833333333 0.7080078125 0.4583333333333333 0.703125 0.46484375 0.6796875 0.4778645833333333 0.6357421875 0.4908854166666667 0.607421875 0.4869791666666667 0.5771484375 0.4674479166666667 0.5625 0.44921875 0.55859375 0.4401041666666667 0.552734375 0.4140625 0.5498046875 0.3684895833333333 0.55859375 0.3463541666666667 0.560546875 0.3346354166666667 0.5751953125 0.3098958333333333 0.583984375 0.2981770833333333 0.59375 0.2916666666666667 0.61328125 0.2721354166666667 0.6171875 0.2630208333333333
0 0.8125 0.30078125 0.8388671875 0.3059895833333333 0.8408203125 0.30859375 0.8369140625 0.3190104166666667 0.8388671875 0.328125 0.8564453125 0.34765625 0.86328125 0.3619791666666667 0.869140625 0.3658854166666667 0.869140625 0.3776041666666667 0.8623046875 0.3932291666666667 0.8388671875 0.41796875 0.8271484375 0.421875 0.8037109375 0.4166666666666667 0.7568359375 0.41796875 0.748046875 0.4140625 0.74609375 0.41015625 0.7470703125 0.4010416666666667 0.7587890625 0.39453125 0.7646484375 0.3841145833333333 0.7666015625 0.3723958333333333 0.771484375 0.3658854166666667 0.7744140625 0.3567708333333333 0.779296875 0.3268229166666667 0.7861328125 0.30859375 0.7900390625 0.3033854166666667 0.796875 0.30078125 0.8115234375 0.30078125
0 0.5947265625 0.5247395833333334 0.6220703125 0.53515625 0.634765625 0.5442708333333334 0.6484375 0.5598958333333334 0.669921875 0.6041666666666666 0.673828125 0.6302083333333334 0.6787109375 0.6458333333333334 0.6796875 0.6796875 0.6767578125 0.7083333333333334 0.6640625 0.7252604166666666 0.65625 0.7421875 0.6474609375 0.75390625 0.6142578125 0.7643229166666666 0.59765625 0.7643229166666666 0.572265625 0.7552083333333334 0.5556640625 0.7421875 0.5380859375 0.7200520833333334 0.5283203125 0.7005208333333334 0.5205078125 0.6588541666666666 0.51171875 0.6263020833333334 0.51171875 0.6028645833333334 0.513671875 0.5950520833333334 0.51953125 0.58203125 0.5283203125 0.5703125 0.5576171875 0.5390625 0.580078125 0.52734375 0.59375 0.5247395833333334
0 0.509765625 0.3671875 0.5361328125 0.37890625 0.5478515625 0.390625 0.55078125 0.4205729166666667 0.5546875 0.4388020833333333 0.5654296875 0.4596354166666667 0.5830078125 0.4778645833333333 0.583984375 0.4973958333333333 0.5810546875 0.5221354166666666 0.5556640625 0.5364583333333334 0.5322265625 0.5598958333333334 0.515625 0.5807291666666666 0.51171875 0.5911458333333334 0.5087890625 0.59375 0.5078125 0.6002604166666666 0.5029296875 0.6067708333333334 0.4833984375 0.6067708333333334 0.46484375 0.6015625 0.4501953125 0.5794270833333334 0.431640625 0.56640625 0.42578125 0.5651041666666666 0.41796875 0.5546875 0.4140625 0.5377604166666666 0.4140625 0.5247395833333334 0.419921875 0.5078125 0.41796875 0.5026041666666666 0.4111328125 0.5091145833333334 0.4091796875 0.5065104166666666 0.4072265625 0.4895833333333333 0.431640625 0.4583333333333333 0.4326171875 0.4518229166666667 0.439453125 0.4427083333333333 0.4453125 0.4388020833333333 0.4462890625 0.421875 0.44921875 0.4153645833333333 0.44921875 0.3828125 0.4599609375 0.37890625 0.4736328125 0.3697916666666667 0.498046875 0.3645833333333333 0.5087890625 0.3671875
0 0.509765625 0.27734375 0.5341796875 0.2981770833333333 0.5556640625 0.32421875 0.556640625 0.3372395833333333 0.5537109375 0.34765625 0.546875 0.3502604166666667 0.54296875 0.35546875 0.5400390625 0.3697916666666667 0.537109375 0.3736979166666667 0.53125 0.3736979166666667 0.50390625 0.359375 0.4755859375 0.3658854166666667 0.453125 0.3763020833333333 0.4453125 0.375 0.4345703125 0.3463541666666667 0.4345703125 0.3255208333333333 0.4384765625 0.3098958333333333 0.453125 0.2877604166666667 0.462890625 0.28125 0.482421875 0.2747395833333333 0.5048828125 0.2747395833333333 0.5087890625 0.27734375
0 0.6748046875 0.24088541666666666 0.6796875 0.24348958333333334 0.703125 0.24348958333333334 0.7099609375 0.23828125 0.7177734375 0.23958333333333334 0.7236328125 0.24479166666666666 0.7275390625 0.2591145833333333 0.732421875 0.265625 0.7578125 0.2721354166666667 0.7626953125 0.2877604166666667 0.7685546875 0.2955729166666667 0.7724609375 0.3059895833333333 0.7763671875 0.32421875 0.7763671875 0.3359375 0.7724609375 0.3580729166666667 0.7626953125 0.3854166666666667 0.7568359375 0.3932291666666667 0.744140625 0.3997395833333333 0.7392578125 0.4088541666666667 0.7353515625 0.4114583333333333 0.7294921875 0.4114583333333333 0.724609375 0.4075520833333333 0.7255859375 0.3932291666666667 0.7294921875 0.37890625 0.7294921875 0.3528645833333333 0.7255859375 0.3307291666666667 0.71875 0.3111979166666667 0.6953125 0.2760416666666667 0.6748046875 0.2630208333333333 0.6630859375 0.26171875 0.6533203125 0.2552083333333333 0.66015625 0.23958333333333334 0.673828125 0.24088541666666666