0 0.8134765625 0.19401041666666666 0.82421875 0.20703125 0.8310546875 0.20833333333333334 0.8349609375 0.20572916666666666 0.841796875 0.20963541666666666 0.83984375 0.22786458333333334 0.83984375 0.234375 0.841796875 0.23697916666666666 0.8486328125 0.23828125 0.861328125 0.23307291666666666 0.8662109375 0.23567708333333334 0.869140625 0.25390625 0.8671875 0.2734375 0.869140625 0.27734375 0.8740234375 0.28125 0.896484375 0.28515625 0.9033203125 0.2890625 0.90625 0.2955729166666667 0.8994140625 0.3033854166666667 0.88671875 0.3072916666666667 0.8720703125 0.31640625 0.8720703125 0.3216145833333333 0.8837890625 0.34765625 0.890625 0.3763020833333333 0.890625 0.4075520833333333 0.888671875 0.4205729166666667 0.8828125 0.4401041666666667 0.873046875 0.4609375 0.857421875 0.4791666666666667 0.83203125 0.4986979166666667 0.818359375 0.5052083333333334 0.7939453125 0.51171875 0.775390625 0.5091145833333334 0.7509765625 0.4973958333333333 0.71875 0.4596354166666667 0.7021484375 0.4231770833333333 0.69921875 0.4114583333333333 0.6962890625 0.35546875 0.7060546875 0.3177083333333333 0.7333984375 0.2799479166666667 0.7412109375 0.2747395833333333 0.7822265625 0.26171875 0.7744140625 0.2565104166666667 0.771484375 0.25 0.76171875 0.23958333333333334 0.7587890625 0.22916666666666666 0.7607421875 0.21875 0.763671875 0.21614583333333334 0.7841796875 0.21614583333333334 0.8046875 0.20963541666666666 0.8076171875 0.20572916666666666 0.806640625 0.1953125 0.8125 0.19401041666666666
0 0.6806640625 0.4596354166666667 0.69921875 0.4661458333333333 0.7158203125 0.4765625 0.7314453125 0.49609375 0.7412109375 0.50390625 0.7470703125 0.5143229166666666 0.7490234375 0.5208333333333334 0.7470703125 0.5325520833333334 0.75390625 0.5364583333333334 0.76171875 0.5481770833333334 0.7763671875 0.5950520833333334 0.7783203125 0.6263020833333334 0.77734375 0.6575520833333334 0.775390625 0.6731770833333334 0.7666015625 0.7018229166666666 0.7490234375 0.73046875 0.7314453125 0.7526041666666666 0.7216796875 0.7630208333333334 0.6904296875 0.7838541666666666 0.662109375 0.7916666666666666 0.634765625 0.7916666666666666 0.6240234375 0.7890625 0.5908203125 0.7721354166666666 0.5771484375 0.7604166666666666 0.5703125 0.7513020833333334 0.56640625 0.7408854166666666 0.5595703125 0.7317708333333334 0.5537109375 0.7122395833333334 0.541015625 0.6848958333333334 0.5361328125 0.6653645833333334 0.53515625 0.6510416666666666 0.5283203125 0.6328125 0.5234375 0.5950520833333334 0.525390625 0.5716145833333334 0.5341796875 0.5520833333333334 0.5400390625 0.5299479166666666 0.55078125 0.5078125 0.5615234375 0.5026041666666666 0.57421875 0.50390625 0.5859375 0.4869791666666667 0.595703125 0.4778645833333333 0.6318359375 0.4596354166666667 0.6796875 0.4596354166666667
0 0.4462890625 0.453125 0.4638671875 0.4622395833333333 0.4794921875 0.4765625 0.501953125 0.4869791666666667 0.50390625 0.4947916666666667 0.51171875 0.5091145833333334 0.5126953125 0.51953125 0.51953125 0.5442708333333334 0.51953125 0.5690104166666666 0.5166015625 0.578125 0.517578125 0.58203125 0.513671875 0.5989583333333334 0.5048828125 0.6223958333333334 0.501953125 0.6263020833333334 0.4970703125 0.6263020833333334 0.484375 0.6341145833333334 0.4697265625 0.6484375 0.4501953125 0.6549479166666666 0.4404296875 0.6549479166666666 0.4228515625 0.6497395833333334 0.4072265625 0.63671875 0.392578125 0.6171875 0.3837890625 0.5924479166666666 0.384765625 0.5598958333333334 0.3818359375 0.5377604166666666 0.3828125 0.51171875 0.4013671875 0.49609375 0.42578125 0.4596354166666667 0.4345703125 0.4544270833333333 0.4453125 0.453125
0 0.5478515625 0.2786458333333333 0.5595703125 0.29296875 0.5927734375 0.2994791666666667 0.611328125 0.3098958333333333 0.623046875 0.3203125 0.6328125 0.3346354166666667 0.638671875 0.3489583333333333 0.6416015625 0.3645833333333333 0.6416015625 0.3932291666666667 0.6357421875 0.4270833333333333 0.6162109375 0.4544270833333333 0.591796875 0.4752604166666667 0.56640625 0.484375 0.5556640625 0.4921875 0.5419921875 0.4973958333333333 0.5244140625 0.4947916666666667 0.5048828125 0.48046875 0.478515625 0.4700520833333333 0.451171875 0.44921875 0.4345703125 0.4296875 0.423828125 0.4088541666666667 0.421875 0.3658854166666667 0.431640625 0.3411458333333333 0.44140625 0.3255208333333333 0.470703125 0.29296875 0.4814453125 0.27734375 0.4873046875 0.2760416666666667 0.494140625 0.2838541666666667 0.5009765625 0.2799479166666667 0.51953125 0.28125 0.541015625 0.27734375 0.546875 0.2786458333333333
0 0.283203125 0.2265625 0.2890625 0.23046875 0.2939453125 0.2513020833333333 0.2978515625 0.296875 0.3037109375 0.3125 0.3212890625 0.34375 0.3232421875 0.3515625 0.3134765625 0.3684895833333333 0.3056640625 0.3763020833333333 0.2958984375 0.3815104166666667 0.279296875 0.3880208333333333 0.2724609375 0.38671875 0.2646484375 0.390625 0.2421875 0.39453125 0.2333984375 0.3932291666666667 0.2099609375 0.3802083333333333 0.203125 0.3723958333333333 0.1923828125 0.3515625 0.1923828125 0.3216145833333333 0.201171875 0.2786458333333333 0.201171875 0.2682291666666667 0.208984375 0.2513020833333333 0.216796875 0.24088541666666666 0.2275390625 0.23307291666666666 0.240234375 0.23046875 0.2666015625 0.23177083333333334 0.2822265625 0.2265625
0 0.77734375 0.5768229166666666 0.7822265625 0.5755208333333334 0.7900390625 0.5794270833333334 0.82421875 0.6171875 0.8388671875 0.6380208333333334 0.841796875 0.65625 0.8408203125 0.703125 0.8349609375 0.7252604166666666 0.8310546875 0.7317708333333334 0.8193359375 0.7369791666666666 0.810546875 0.75 0.787109375 0.76953125 0.7685546875 0.7708333333333334 0.7587890625 0.7838541666666666 0.7548828125 0.7838541666666666 0.7470703125 0.77734375 0.7392578125 0.7669270833333334 0.7373046875 0.7513020833333334 0.763671875 0.7122395833333334 0.7783203125 0.6770833333333334 0.78125 0.6106770833333334 0.77734375 0.578125
0 0.2998046875 0.3932291666666667 0.3359375 0.40625 0.3447265625 0.421875 0.3525390625 0.4309895833333333 0.3681640625 0.4635416666666667 0.3720703125 0.4739583333333333 0.373046875 0.4908854166666667 0.37109375 0.5182291666666666 0.369140625 0.5221354166666666 0.373046875 0.55859375 0.3701171875 0.5872395833333334 0.365234375 0.6067708333333334 0.3525390625 0.6315104166666666 0.3369140625 0.6510416666666666 0.3232421875 0.6614583333333334 0.3056640625 0.671875 0.29296875 0.67578125 0.28515625 0.67578125 0.2578125 0.66015625 0.248046875 0.65234375 0.236328125 0.63671875 0.224609375 0.6158854166666666 0.2138671875 0.5833333333333334 0.19921875 0.5638020833333334 0.1982421875 0.5559895833333334 0.1884765625 0.5416666666666666 0.185546875 0.5260416666666666 0.1884765625 0.51171875 0.2041015625 0.4986979166666667 0.2099609375 0.4635416666666667 0.216796875 0.4440104166666667 0.224609375 0.4309895833333333 0.23828125 0.4192708333333333 0.248046875 0.4049479166666667 0.263671875 0.40234375 0.2900390625 0.3932291666666667 0.298828125 0.3932291666666667
0 0.3798828125 0.1640625 0.4052734375 0.16796875 0.421875 0.17708333333333334 0.43359375 0.1875 0.451171875 0.20963541666666666 0.4658203125 0.234375 0.4697265625 0.24479166666666666 0.4716796875 0.2591145833333333 0.4716796875 0.2747395833333333 0.4697265625 0.2825520833333333 0.4326171875 0.33203125 0.41796875 0.3619791666666667 0.396484375 0.3828125 0.3935546875 0.3971354166666667 0.384765625 0.4075520833333333 0.37890625 0.40625 0.3642578125 0.3893229166666667 0.36328125 0.3828125 0.3662109375 0.3763020833333333 0.3603515625 0.3684895833333333 0.33203125 0.3489583333333333 0.3193359375 0.3333333333333333 0.3076171875 0.3125 0.3017578125 0.296875 0.2978515625 0.2747395833333333 0.2978515625 0.2526041666666667 0.30078125 0.23307291666666666 0.3115234375 0.20833333333333334 0.326171875 0.19140625 0.3505859375 0.17317708333333334 0.37890625 0.1640625
0 0.4853515625 0.6549479166666666 0.513671875 0.6588541666666666 0.5283203125 0.6666666666666666 0.53515625 0.6783854166666666 0.537109375 0.6875 0.5498046875 0.71484375 0.5595703125 0.7421875 0.5712890625 0.76171875 0.5751953125 0.7721354166666666 0.5732421875 0.7760416666666666 0.5732421875 0.796875 0.568359375 0.8203125 0.5546875 0.8502604166666666 0.5390625 0.8684895833333334 0.521484375 0.8815104166666666 0.4951171875 0.8880208333333334 0.4853515625 0.8932291666666666 0.455078125 0.875 0.4443359375 0.85546875 0.4326171875 0.8424479166666666 0.419921875 0.8346354166666666 0.416015625 0.8294270833333334 0.4130859375 0.8177083333333334 0.4052734375 0.8020833333333334 0.40625 0.7825520833333334 0.404296875 0.7760416666666666 0.404296875 0.76171875 0.4091796875 0.7265625 0.4208984375 0.6927083333333334 0.427734375 0.6809895833333334 0.447265625 0.66015625 0.4580078125 0.65625 0.484375 0.6549479166666666
0 0.609375 0.78515625 0.6298828125 0.7942708333333334 0.6474609375 0.796875 0.6728515625 0.7955729166666666 0.6806640625 0.7916666666666666 0.6923828125 0.7903645833333334 0.705078125 0.80078125 0.7119140625 0.8125 0.71875 0.8333333333333334 0.7216796875 0.8567708333333334 0.7216796875 0.8697916666666666 0.716796875 0.89453125 0.7060546875 0.91796875 0.6904296875 0.9401041666666666 0.685546875 0.9440104166666666 0.6708984375 0.9453125 0.6435546875 0.9440104166666666 0.619140625 0.93359375 0.587890625 0.9114583333333334 0.5771484375 0.8958333333333334 0.5712890625 0.87109375 0.5703125 0.8411458333333334 0.5732421875 0.82421875 0.58203125 0.8020833333333334 0.5927734375 0.7825520833333334 0.599609375 0.78125 0.6083984375 0.78515625
0 0.654296875 0.10677083333333333 0.685546875 0.109375 0.724609375 0.15755208333333334 0.7373046875 0.18098958333333334 0.7421875 0.20963541666666666 0.7421875 0.23177083333333334 0.7392578125 0.2421875 0.73828125 0.2578125 0.7314453125 0.2747395833333333 0.7138671875 0.2994791666666667 0.703125 0.3138020833333333 0.697265625 0.3177083333333333 0.6806640625 0.32421875 0.658203125 0.32421875 0.6357421875 0.3151041666666667 0.62109375 0.3046875 0.5947265625 0.29296875 0.5869140625 0.2838541666666667 0.576171875 0.2643229166666667 0.5693359375 0.234375 0.568359375 0.21223958333333334 0.572265625 0.18359375 0.580078125 0.15755208333333334 0.5947265625 0.13411458333333334 0.6103515625 0.11848958333333333 0.626953125 0.109375 0.6533203125 0.10807291666666667
0 0.3525390625 0.65625 0.3681640625 0.66796875 0.4013671875 0.7200520833333334 0.40234375 0.7434895833333334 0.396484375 0.7708333333333334 0.3974609375 0.7799479166666666 0.400390625 0.7838541666666666 0.400390625 0.7955729166666666 0.3955078125 0.8111979166666666 0.38671875 0.828125 0.373046875 0.84375 0.3486328125 0.859375 0.326171875 0.8658854166666666 0.3095703125 0.8658854166666666 0.2890625 0.859375 0.267578125 0.8346354166666666 0.2490234375 0.7994791666666666 0.2431640625 0.7643229166666666 0.2431640625 0.7473958333333334 0.25 0.7213541666666666 0.2578125 0.703125 0.2763671875 0.6809895833333334 0.2900390625 0.6809895833333334 0.306640625 0.6770833333333334 0.326171875 0.6627604166666666 0.33984375 0.65625 0.3515625 0.65625