0 0.849609375 0.125 0.8701171875 0.1328125 0.8994140625 0.14973958333333334 0.9150390625 0.16666666666666666 0.9287109375 0.18880208333333334 0.93359375 0.19791666666666666 0.94140625 0.22395833333333334 0.9453125 0.25390625 0.9443359375 0.2903645833333333 0.9375 0.3216145833333333 0.9208984375 0.3606770833333333 0.9013671875 0.3880208333333333 0.869140625 0.41796875 0.841796875 0.4296875 0.8125 0.4348958333333333 0.7861328125 0.43359375 0.76171875 0.4283854166666667 0.7412109375 0.4166666666666667 0.724609375 0.4010416666666667 0.708984375 0.4010416666666667 0.701171875 0.3984375 0.6953125 0.3932291666666667 0.6904296875 0.3763020833333333 0.6904296875 0.3450520833333333 0.693359375 0.3385416666666667 0.693359375 0.3294270833333333 0.6875 0.2955729166666667 0.689453125 0.2565104166666667 0.6923828125 0.24088541666666666 0.6962890625 0.23177083333333334 0.7099609375 0.21354166666666666 0.72265625 0.18880208333333334 0.7275390625 0.18229166666666666 0.744140625 0.16927083333333334 0.7548828125 0.14973958333333334 0.775390625 0.13802083333333334 0.802734375 0.13020833333333334 0.8125 0.125 0.8486328125 0.125
0 0 0.17447916666666666 0.0244140625 0.17447916666666666 0.0458984375 0.17838541666666666 0.060546875 0.18359375 0.0830078125 0.19791666666666666 0.099609375 0.21223958333333334 0.1162109375 0.23567708333333334 0.123046875 0.2513020833333333 0.126953125 0.2669270833333333 0.126953125 0.27734375 0.1240234375 0.2838541666666667 0.1181640625 0.3203125 0.1162109375 0.3658854166666667 0.1123046875 0.375 0.11328125 0.39453125 0.109375 0.4075520833333333 0.099609375 0.421875 0.091796875 0.4283854166666667 0.0859375 0.4283854166666667 0.07421875 0.4231770833333333 0.0673828125 0.4166666666666667 0.0498046875 0.4296875 0.0244140625 0.4309895833333333 0.015625 0.4283854166666667 0.0107421875 0.4231770833333333 0 0.41796875 0 0.17578125
0 0.310546875 0.46875 0.3388671875 0.5130208333333334 0.3583984375 0.5299479166666666 0.3681640625 0.5455729166666666 0.3779296875 0.5546875 0.3955078125 0.56640625 0.419921875 0.5768229166666666 0.4443359375 0.5807291666666666 0.4482421875 0.5872395833333334 0.4462890625 0.5963541666666666 0.4365234375 0.6171875 0.4208984375 0.640625 0.4052734375 0.6549479166666666 0.3935546875 0.671875 0.3779296875 0.6796875 0.3740234375 0.6848958333333334 0.376953125 0.6888020833333334 0.375 0.69140625 0.3623046875 0.6940104166666666 0.35546875 0.69921875 0.3447265625 0.7018229166666666 0.3349609375 0.7096354166666666 0.3232421875 0.7096354166666666 0.3154296875 0.7057291666666666 0.30859375 0.6783854166666666 0.3056640625 0.6731770833333334 0.2880859375 0.6692708333333334 0.26953125 0.66015625 0.26171875 0.65234375 0.2490234375 0.6341145833333334 0.2431640625 0.6197916666666666 0.2392578125 0.60546875 0.23828125 0.5833333333333334 0.2353515625 0.5768229166666666 0.236328125 0.53125 0.2412109375 0.5182291666666666 0.25 0.5052083333333334 0.2587890625 0.4934895833333333 0.2724609375 0.4830729166666667 0.2841796875 0.48046875 0.298828125 0.4713541666666667 0.3095703125 0.46875
0 0.7333984375 0.4153645833333333 0.740234375 0.421875 0.7626953125 0.4322916666666667 0.7900390625 0.4375 0.818359375 0.4375 0.8330078125 0.4348958333333333 0.84765625 0.4309895833333333 0.8798828125 0.4153645833333333 0.8955078125 0.4544270833333333 0.8994140625 0.4765625 0.9013671875 0.4921875 0.900390625 0.5260416666666666 0.8935546875 0.5520833333333334 0.8837890625 0.57421875 0.87109375 0.5885416666666666 0.8359375 0.6145833333333334 0.8203125 0.6236979166666666 0.806640625 0.6263020833333334 0.794921875 0.63671875 0.771484375 0.6471354166666666 0.76171875 0.6471354166666666 0.755859375 0.6419270833333334 0.748046875 0.6432291666666666 0.7373046875 0.63671875 0.7333984375 0.6315104166666666 0.724609375 0.60546875 0.7255859375 0.5807291666666666 0.7001953125 0.5182291666666666 0.6953125 0.4986979166666667 0.6962890625 0.4778645833333333 0.7041015625 0.4557291666666667 0.7216796875 0.4205729166666667 0.7265625 0.4140625 0.732421875 0.4153645833333333
0 0.466796875 0.18229166666666666 0.4892578125 0.1875 0.513671875 0.19661458333333334 0.5205078125 0.20182291666666666 0.5283203125 0.21614583333333334 0.5380859375 0.24348958333333334 0.55078125 0.265625 0.56640625 0.28125 0.58984375 0.296875 0.595703125 0.3216145833333333 0.595703125 0.3658854166666667 0.5947265625 0.375 0.5771484375 0.4205729166666667 0.5380859375 0.50390625 0.5185546875 0.5325520833333334 0.4951171875 0.5572916666666666 0.484375 0.5625 0.4677734375 0.5755208333333334 0.4599609375 0.578125 0.43359375 0.5755208333333334 0.4130859375 0.5703125 0.38671875 0.5572916666666666 0.3740234375 0.546875 0.359375 0.5234375 0.33984375 0.5091145833333334 0.32421875 0.484375 0.3115234375 0.45703125 0.306640625 0.421875 0.3095703125 0.37109375 0.314453125 0.3606770833333333 0.3173828125 0.3411458333333333 0.3369140625 0.2682291666666667 0.3701171875 0.2513020833333333 0.3828125 0.2265625 0.4052734375 0.20572916666666666 0.43359375 0.18880208333333334 0.4482421875 0.18359375 0.4658203125 0.18229166666666666
0 0.23046875 0.15494791666666666 0.23046875 0.15885416666666666 0.2373046875 0.171875 0.23828125 0.1796875 0.248046875 0.20182291666666666 0.248046875 0.20703125 0.275390625 0.24609375 0.2861328125 0.2552083333333333 0.3203125 0.2682291666666667 0.3212890625 0.2708333333333333 0.318359375 0.28515625 0.3203125 0.3098958333333333 0.3173828125 0.3294270833333333 0.3046875 0.37109375 0.3037109375 0.3802083333333333 0.3037109375 0.4375 0.265625 0.4622395833333333 0.234375 0.4674479166666667 0.220703125 0.4674479166666667 0.1865234375 0.4557291666666667 0.1435546875 0.4192708333333333 0.1357421875 0.4075520833333333 0.1298828125 0.3932291666666667 0.1240234375 0.3723958333333333 0.1201171875 0.34765625 0.12109375 0.32421875 0.1279296875 0.2864583333333333 0.142578125 0.25390625 0.150390625 0.2421875 0.169921875 0.21614583333333334 0.1806640625 0.20963541666666666 0.1826171875 0.19921875 0.181640625 0.17447916666666666 0.1875 0.16015625 0.1982421875 0.15364583333333334 0.220703125 0.15234375 0.2236328125 0.14973958333333334 0.2265625 0.14973958333333334 0.2294921875 0.15494791666666666
0 0.1259765625 0.3984375 0.142578125 0.4231770833333333 0.177734375 0.4544270833333333 0.1923828125 0.4622395833333333 0.234375 0.4778645833333333 0.2353515625 0.5026041666666666 0.2333984375 0.5182291666666666 0.228515625 0.5325520833333334 0.21875 0.55078125 0.21875 0.5546875 0.212890625 0.5638020833333334 0.2109375 0.5755208333333334 0.19140625 0.5924479166666666 0.1865234375 0.6041666666666666 0.1748046875 0.6171875 0.16796875 0.6197916666666666 0.1640625 0.6171875 0.154296875 0.6171875 0.150390625 0.61328125 0.1435546875 0.6119791666666666 0.13671875 0.6080729166666666 0.1318359375 0.6002604166666666 0.1259765625 0.59765625 0.091796875 0.5911458333333334 0.0712890625 0.5807291666666666 0.048828125 0.5559895833333334 0.04296875 0.5455729166666666 0.0380859375 0.5299479166666666 0.03515625 0.5 0.0361328125 0.4869791666666667 0.0400390625 0.4713541666666667 0.052734375 0.44140625 0.0634765625 0.4283854166666667 0.068359375 0.42578125 0.0732421875 0.42578125 0.0869140625 0.43359375 0.0927734375 0.4322916666666667 0.1044921875 0.4205729166666667 0.1171875 0.40234375 0.125 0.3984375
0 0.2451171875 0 0.2939453125 0 0.2958984375 0.00390625 0.2939453125 0.018229166666666668 0.287109375 0.032552083333333336 0.2900390625 0.044270833333333336 0.2880859375 0.07161458333333333 0.2861328125 0.07682291666666667 0.2880859375 0.08854166666666667 0.310546875 0.11328125 0.326171875 0.10677083333333333 0.3369140625 0.10677083333333333 0.341796875 0.11197916666666667 0.3486328125 0.17578125 0.35546875 0.19791666666666666 0.3603515625 0.22526041666666666 0.3662109375 0.24088541666666666 0.3662109375 0.24739583333333334 0.3525390625 0.2552083333333333 0.3349609375 0.26171875 0.31640625 0.26171875 0.28125 0.24739583333333334 0.259765625 0.21744791666666666 0.2392578125 0.16927083333333334 0.22265625 0.109375 0.2236328125 0.06770833333333333 0.228515625 0.057291666666666664 0.2314453125 0.0390625 0.2451171875 0.0013020833333333333
0 0.505859375 0.5651041666666666 0.5322265625 0.5859375 0.5390625 0.5950520833333334 0.5390625 0.5989583333333334 0.54296875 0.6041666666666666 0.54296875 0.6119791666666666 0.5498046875 0.6236979166666666 0.5498046875 0.6302083333333334 0.54296875 0.64453125 0.54296875 0.65234375 0.55078125 0.6692708333333334 0.56640625 0.6770833333333334 0.5732421875 0.6731770833333334 0.587890625 0.67578125 0.59765625 0.6705729166666666 0.60546875 0.6627604166666666 0.6123046875 0.6692708333333334 0.6142578125 0.6796875 0.6142578125 0.7044270833333334 0.609375 0.7330729166666666 0.60546875 0.7434895833333334 0.583984375 0.7734375 0.5595703125 0.79296875 0.5478515625 0.8098958333333334 0.5458984375 0.8203125 0.5185546875 0.8359375 0.5068359375 0.8268229166666666 0.4853515625 0.8229166666666666 0.46875 0.8125 0.4482421875 0.8072916666666666 0.423828125 0.7903645833333334 0.4091796875 0.7708333333333334 0.4033203125 0.7591145833333334 0.3984375 0.7330729166666666 0.3984375 0.7122395833333334 0.4013671875 0.6953125 0.4091796875 0.6705729166666666 0.41796875 0.6536458333333334 0.46484375 0.5846354166666666 0.486328125 0.5677083333333334 0.5009765625 0.5611979166666666 0.5048828125 0.5651041666666666
0 0.611328125 0.4557291666666667 0.630859375 0.4583333333333333 0.6650390625 0.4713541666666667 0.6865234375 0.4947916666666667 0.693359375 0.5104166666666666 0.703125 0.546875 0.703125 0.5833333333333334 0.697265625 0.6067708333333334 0.6904296875 0.62109375 0.6650390625 0.64453125 0.6416015625 0.65625 0.62890625 0.6575520833333334 0.6240234375 0.6640625 0.6123046875 0.6614583333333334 0.6083984375 0.6575520833333334 0.58984375 0.6627604166666666 0.5849609375 0.66796875 0.5771484375 0.66796875 0.5673828125 0.66015625 0.5634765625 0.6627604166666666 0.5576171875 0.66015625 0.5498046875 0.6471354166666666 0.5537109375 0.640625 0.5546875 0.6276041666666666 0.55078125 0.61328125 0.548828125 0.5911458333333334 0.54296875 0.57421875 0.541015625 0.5494791666666666 0.5419921875 0.5260416666666666 0.5458984375 0.5013020833333334 0.5576171875 0.4765625 0.5712890625 0.4713541666666667 0.58984375 0.4583333333333333 0.6103515625 0.4557291666666667
0 0.2275390625 0.5572916666666666 0.23046875 0.5625 0.2314453125 0.57421875 0.2353515625 0.5859375 0.236328125 0.60546875 0.2392578125 0.6184895833333334 0.2451171875 0.6328125 0.255859375 0.6497395833333334 0.271484375 0.6666666666666666 0.255859375 0.6966145833333334 0.2373046875 0.71484375 0.228515625 0.7200520833333334 0.216796875 0.72265625 0.19921875 0.7213541666666666 0.1826171875 0.7135416666666666 0.162109375 0.6966145833333334 0.146484375 0.6731770833333334 0.1328125 0.6419270833333334 0.1328125 0.61328125 0.1396484375 0.61328125 0.15625 0.6276041666666666 0.1748046875 0.6236979166666666 0.19140625 0.6080729166666666 0.193359375 0.60546875 0.193359375 0.5989583333333334 0.2109375 0.5807291666666666 0.216796875 0.5677083333333334 0.2265625 0.55859375
0 0.6591796875 0 0.6923828125 0.01953125 0.71875 0.05078125 0.728515625 0.0703125 0.7314453125 0.07291666666666667 0.7431640625 0.07421875 0.748046875 0.08072916666666667 0.75 0.09244791666666667 0.7548828125 0.10416666666666667 0.755859375 0.11979166666666667 0.748046875 0.1484375 0.7412109375 0.1640625 0.7265625 0.17317708333333334 0.72265625 0.17838541666666666 0.7109375 0.19921875 0.7080078125 0.20833333333333334 0.6796875 0.24869791666666666 0.66015625 0.2682291666666667 0.6328125 0.2864583333333333 0.615234375 0.29296875 0.5947265625 0.29296875 0.5830078125 0.2864583333333333 0.5576171875 0.2669270833333333 0.5478515625 0.2526041666666667 0.5419921875 0.2421875 0.53515625 0.22005208333333334 0.52734375 0.20572916666666666 0.5244140625 0.19270833333333334 0.521484375 0.16796875 0.5234375 0.13020833333333334 0.529296875 0.10677083333333333 0.53125 0.08723958333333333 0.5390625 0.06901041666666667 0.5537109375 0.045572916666666664 0.572265625 0.0234375 0.58984375 0.010416666666666666 0.6103515625 0 0.658203125 0