0 0.8505859375 0.16666666666666666 0.8564453125 0.17447916666666666 0.880859375 0.19401041666666666 0.8955078125 0.21614583333333334 0.9033203125 0.24869791666666666 0.9033203125 0.2786458333333333 0.900390625 0.3059895833333333 0.8955078125 0.3190104166666667 0.8818359375 0.3385416666666667 0.861328125 0.3411458333333333 0.849609375 0.3463541666666667 0.8349609375 0.3619791666666667 0.814453125 0.37890625 0.8095703125 0.3802083333333333 0.7666015625 0.3776041666666667 0.7548828125 0.3697916666666667 0.75 0.3619791666666667 0.7412109375 0.3541666666666667 0.73046875 0.33984375 0.7255859375 0.3255208333333333 0.724609375 0.3111979166666667 0.7177734375 0.2864583333333333 0.71875 0.2786458333333333 0.716796875 0.265625 0.7197265625 0.25390625 0.728515625 0.2421875 0.7373046875 0.21875 0.7509765625 0.19791666666666666 0.783203125 0.17708333333333334 0.8232421875 0.17057291666666666 0.830078125 0.16536458333333334 0.849609375 0.16666666666666666
0 0.70703125 0.33984375 0.72265625 0.3463541666666667 0.7607421875 0.38671875 0.7880859375 0.4348958333333333 0.80078125 0.4765625 0.814453125 0.4908854166666667 0.8173828125 0.4973958333333333 0.81640625 0.5286458333333334 0.818359375 0.5416666666666666 0.810546875 0.5559895833333334 0.8095703125 0.5716145833333334 0.802734375 0.5872395833333334 0.8046875 0.6223958333333334 0.794921875 0.6302083333333334 0.7880859375 0.6263020833333334 0.78515625 0.6145833333333334 0.78515625 0.60546875 0.7822265625 0.6002604166666666 0.7587890625 0.6197916666666666 0.73828125 0.625 0.7197265625 0.6236979166666666 0.6640625 0.609375 0.642578125 0.58984375 0.63671875 0.5755208333333334 0.60546875 0.5299479166666666 0.591796875 0.5260416666666666 0.5869140625 0.51953125 0.583984375 0.50390625 0.5859375 0.4401041666666667 0.59375 0.4153645833333333 0.607421875 0.3984375 0.615234375 0.3763020833333333 0.6201171875 0.3697916666666667 0.6630859375 0.3372395833333333 0.677734375 0.3359375 0.6845703125 0.33984375 0.7060546875 0.33984375
0 0.875 0.3450520833333333 0.9140625 0.3515625 0.9208984375 0.35546875 0.94921875 0.3971354166666667 0.9609375 0.4296875 0.9638671875 0.4466145833333333 0.962890625 0.4765625 0.951171875 0.5065104166666666 0.9423828125 0.5182291666666666 0.91015625 0.5481770833333334 0.8994140625 0.5546875 0.8798828125 0.5598958333333334 0.8662109375 0.5598958333333334 0.8515625 0.5559895833333334 0.83984375 0.5494791666666666 0.8291015625 0.5377604166666666 0.8232421875 0.5208333333333334 0.822265625 0.49609375 0.8203125 0.4908854166666667 0.806640625 0.4739583333333333 0.7978515625 0.4388020833333333 0.798828125 0.4244791666666667 0.8037109375 0.4088541666666667 0.8076171875 0.3997395833333333 0.8203125 0.3815104166666667 0.857421875 0.3489583333333333 0.8740234375 0.3450520833333333
0 0.5810546875 0.5338541666666666 0.6083984375 0.5481770833333334 0.6298828125 0.57421875 0.642578125 0.59765625 0.65625 0.6106770833333334 0.66015625 0.6236979166666666 0.6572265625 0.6328125 0.6455078125 0.6419270833333334 0.646484375 0.6783854166666666 0.642578125 0.703125 0.63671875 0.7174479166666666 0.62109375 0.7395833333333334 0.6025390625 0.7591145833333334 0.57421875 0.7682291666666666 0.5546875 0.76171875 0.5390625 0.7447916666666666 0.5263671875 0.7369791666666666 0.5068359375 0.7122395833333334 0.5 0.7005208333333334 0.494140625 0.68359375 0.4912109375 0.6627604166666666 0.4912109375 0.6354166666666666 0.4931640625 0.6145833333333334 0.5009765625 0.5885416666666666 0.5078125 0.5729166666666666 0.51953125 0.5559895833333334 0.537109375 0.54296875 0.55078125 0.5364583333333334 0.5673828125 0.53125 0.580078125 0.5338541666666666
0 0.29296875 0.17057291666666666 0.302734375 0.17708333333333334 0.3251953125 0.20963541666666666 0.333984375 0.24479166666666666 0.3408203125 0.2630208333333333 0.341796875 0.296875 0.33984375 0.30859375 0.328125 0.3385416666666667 0.3017578125 0.37109375 0.2900390625 0.3776041666666667 0.279296875 0.3802083333333333 0.2548828125 0.37890625 0.2421875 0.375 0.1923828125 0.3346354166666667 0.1845703125 0.3229166666666667 0.1796875 0.3098958333333333 0.1748046875 0.2890625 0.1748046875 0.2630208333333333 0.177734375 0.2421875 0.1865234375 0.22135416666666666 0.19921875 0.20182291666666666 0.220703125 0.18098958333333334 0.2412109375 0.16927083333333334 0.2568359375 0.1640625 0.2734375 0.1640625 0.2919921875 0.17057291666666666
0 0.287109375 0.3984375 0.3017578125 0.40625 0.3154296875 0.40625 0.3388671875 0.4153645833333333 0.365234375 0.4361979166666667 0.3779296875 0.4557291666666667 0.38671875 0.4778645833333333 0.38671875 0.5143229166666666 0.3828125 0.5377604166666666 0.3759765625 0.55859375 0.3671875 0.5755208333333334 0.349609375 0.59765625 0.3291015625 0.6002604166666666 0.3046875 0.61328125 0.29296875 0.6236979166666666 0.275390625 0.6302083333333334 0.2451171875 0.6263020833333334 0.220703125 0.6171875 0.1982421875 0.6028645833333334 0.1865234375 0.5872395833333334 0.181640625 0.5716145833333334 0.181640625 0.5625 0.1865234375 0.5481770833333334 0.185546875 0.4713541666666667 0.203125 0.4453125 0.2265625 0.4192708333333333 0.251953125 0.4088541666666667 0.2607421875 0.4010416666666667 0.2861328125 0.3984375
0 0.40234375 0 0.55078125 0 0.5498046875 0.00390625 0.5537109375 0.01171875 0.5546875 0.022135416666666668 0.55859375 0.028645833333333332 0.55859375 0.046875 0.552734375 0.05859375 0.5498046875 0.07682291666666667 0.53515625 0.10416666666666667 0.529296875 0.125 0.515625 0.15885416666666666 0.51171875 0.1640625 0.4951171875 0.18489583333333334 0.4892578125 0.18880208333333334 0.470703125 0.19270833333333334 0.4462890625 0.20442708333333334 0.419921875 0.20572916666666666 0.39453125 0.19401041666666666 0.38671875 0.18229166666666666 0.3759765625 0.171875 0.3623046875 0.14713541666666666 0.35546875 0.11979166666666667 0.36328125 0.07682291666666667 0.3701171875 0.057291666666666664 0.3916015625 0.015625 0.40234375 0.0013020833333333333
0 0.5009765625 0.20833333333333334 0.521484375 0.21484375 0.5341796875 0.22526041666666666 0.5498046875 0.22916666666666666 0.5693359375 0.2552083333333333 0.572265625 0.2734375 0.58984375 0.3151041666666667 0.5947265625 0.3450520833333333 0.5947265625 0.3684895833333333 0.591796875 0.3958333333333333 0.5810546875 0.4205729166666667 0.5712890625 0.4296875 0.5625 0.4557291666666667 0.5537109375 0.4661458333333333 0.537109375 0.4778645833333333 0.5146484375 0.4869791666666667 0.4873046875 0.4869791666666667 0.458984375 0.4765625 0.439453125 0.4622395833333333 0.412109375 0.4348958333333333 0.4052734375 0.4205729166666667 0.404296875 0.4036458333333333 0.3955078125 0.375 0.3916015625 0.3541666666666667 0.3837890625 0.3333333333333333 0.3837890625 0.3255208333333333 0.388671875 0.31640625 0.388671875 0.2799479166666667 0.390625 0.26953125 0.3984375 0.2630208333333333 0.4052734375 0.24869791666666666 0.4189453125 0.22916666666666666 0.4306640625 0.22135416666666666 0.462890625 0.20703125 0.5 0.20833333333333334
0 0.65625 0.14192708333333334 0.677734375 0.14322916666666666 0.6884765625 0.1484375 0.6923828125 0.15625 0.6962890625 0.17708333333333334 0.7080078125 0.20703125 0.7119140625 0.23307291666666666 0.7109375 0.2591145833333333 0.70703125 0.2747395833333333 0.689453125 0.3046875 0.671875 0.3216145833333333 0.6611328125 0.328125 0.6337890625 0.3268229166666667 0.615234375 0.3203125 0.5947265625 0.3072916666666667 0.5888671875 0.2994791666666667 0.5771484375 0.2747395833333333 0.576171875 0.25390625 0.5654296875 0.24088541666666666 0.5615234375 0.22786458333333334 0.5615234375 0.21875 0.5673828125 0.18880208333333334 0.576171875 0.16927083333333334 0.5908203125 0.14973958333333334 0.60546875 0.14192708333333334 0.6552734375 0.14192708333333334
0 0.744140625 0.0026041666666666665 0.7587890625 0.015625 0.7705078125 0.040364583333333336 0.77734375 0.06640625 0.77734375 0.10286458333333333 0.783203125 0.11197916666666667 0.7841796875 0.12109375 0.779296875 0.1328125 0.771484375 0.14322916666666666 0.751953125 0.15885416666666666 0.7412109375 0.17057291666666666 0.7236328125 0.18098958333333334 0.7060546875 0.1796875 0.69921875 0.17057291666666666 0.697265625 0.15885416666666666 0.6884765625 0.14192708333333334 0.677734375 0.13802083333333334 0.65234375 0.13671875 0.640625 0.13151041666666666 0.63671875 0.12109375 0.6337890625 0.09895833333333333 0.634765625 0.06901041666666667 0.640625 0.04296875 0.650390625 0.02734375 0.669921875 0.018229166666666668 0.6884765625 0 0.7421875 0 0.7431640625 0.0026041666666666665
0 0.3740234375 0.609375 0.3916015625 0.6145833333333334 0.41015625 0.6276041666666666 0.4248046875 0.6484375 0.4326171875 0.6640625 0.439453125 0.6796875 0.4453125 0.7057291666666666 0.4453125 0.7395833333333334 0.443359375 0.7552083333333334 0.4375 0.7825520833333334 0.4287109375 0.8059895833333334 0.412109375 0.83203125 0.39453125 0.8489583333333334 0.376953125 0.859375 0.357421875 0.8658854166666666 0.3408203125 0.8671875 0.3212890625 0.86328125 0.2958984375 0.8489583333333334 0.283203125 0.8346354166666666 0.271484375 0.8151041666666666 0.2666015625 0.7994791666666666 0.263671875 0.7799479166666666 0.263671875 0.7395833333333334 0.265625 0.7174479166666666 0.2744140625 0.6809895833333334 0.28125 0.6692708333333334 0.291015625 0.6419270833333334 0.3037109375 0.6223958333333334 0.3271484375 0.6080729166666666 0.36328125 0.6067708333333334 0.373046875 0.609375