0 0.671875 0.625 0.7021484375 0.6393229166666666 0.7255859375 0.6393229166666666 0.7529296875 0.62890625 0.7587890625 0.62890625 0.7734375 0.6471354166666666 0.787109375 0.6783854166666666 0.7890625 0.7096354166666666 0.7861328125 0.7239583333333334 0.765625 0.7604166666666666 0.7626953125 0.7747395833333334 0.7607421875 0.77734375 0.7431640625 0.7799479166666666 0.7314453125 0.796875 0.7265625 0.7994791666666666 0.7197265625 0.7994791666666666 0.693359375 0.7903645833333334 0.65625 0.7682291666666666 0.6416015625 0.7513020833333334 0.630859375 0.7252604166666666 0.62890625 0.69140625 0.6318359375 0.67578125 0.638671875 0.65625 0.6484375 0.6393229166666666 0.658203125 0.6276041666666666 0.662109375 0.625 0.6708984375 0.625
0 0.3388671875 0.3880208333333333 0.3515625 0.3971354166666667 0.365234375 0.4166666666666667 0.3759765625 0.4244791666666667 0.3857421875 0.4283854166666667 0.404296875 0.4270833333333333 0.4072265625 0.4322916666666667 0.4091796875 0.4596354166666667 0.4111328125 0.4635416666666667 0.408203125 0.4791666666666667 0.38671875 0.5065104166666666 0.365234375 0.51171875 0.357421875 0.5091145833333334 0.3251953125 0.484375 0.3173828125 0.4817708333333333 0.3134765625 0.4739583333333333 0.310546875 0.4752604166666667 0.3115234375 0.453125 0.3056640625 0.4348958333333333 0.3056640625 0.4244791666666667 0.310546875 0.4140625 0.3291015625 0.3893229166666667 0.337890625 0.3880208333333333
0 0.4765625 0.4921875 0.4912109375 0.4986979166666667 0.5107421875 0.5247395833333334 0.5185546875 0.546875 0.5205078125 0.5716145833333334 0.51953125 0.58984375 0.5166015625 0.6028645833333334 0.5009765625 0.63671875 0.498046875 0.6419270833333334 0.48828125 0.6484375 0.4765625 0.65234375 0.458984375 0.6510416666666666 0.44140625 0.64453125 0.4150390625 0.6302083333333334 0.40234375 0.6145833333333334 0.392578125 0.5755208333333334 0.396484375 0.54296875 0.408203125 0.5286458333333334 0.41796875 0.5104166666666666 0.439453125 0.4947916666666667 0.44921875 0.4908854166666667 0.4599609375 0.4895833333333333 0.4755859375 0.4921875
0 0.560546875 0.2916666666666667 0.5703125 0.2955729166666667 0.5927734375 0.3111979166666667 0.6123046875 0.3372395833333333 0.6162109375 0.3463541666666667 0.6171875 0.3606770833333333 0.61328125 0.375 0.6123046875 0.4075520833333333 0.607421875 0.43359375 0.5927734375 0.4739583333333333 0.5703125 0.4934895833333333 0.546875 0.5026041666666666 0.5302734375 0.5026041666666666 0.505859375 0.4947916666666667 0.4931640625 0.4869791666666667 0.48046875 0.4739583333333333 0.46875 0.4557291666666667 0.4609375 0.42578125 0.45703125 0.41796875 0.45703125 0.3841145833333333 0.458984375 0.3658854166666667 0.466796875 0.34765625 0.4921875 0.31640625 0.5087890625 0.3020833333333333 0.5283203125 0.2955729166666667 0.533203125 0.2916666666666667 0.5595703125 0.2916666666666667
0 0.7041015625 0.11848958333333333 0.7216796875 0.13671875 0.7431640625 0.20182291666666666 0.74609375 0.22526041666666666 0.7431640625 0.25 0.7373046875 0.2682291666666667 0.7265625 0.2825520833333333 0.712890625 0.2955729166666667 0.689453125 0.3072916666666667 0.6669921875 0.3072916666666667 0.6474609375 0.30078125 0.626953125 0.2877604166666667 0.6162109375 0.27734375 0.6103515625 0.2682291666666667 0.603515625 0.24609375 0.6015625 0.20572916666666666 0.6044921875 0.1796875 0.611328125 0.15885416666666666 0.626953125 0.13541666666666666 0.6357421875 0.12760416666666666 0.6533203125 0.1171875 0.6689453125 0.11328125 0.68359375 0.11328125 0.703125 0.11848958333333333
0 0.58203125 0.6145833333333334 0.595703125 0.625 0.607421875 0.640625 0.62109375 0.66796875 0.623046875 0.6744791666666666 0.625 0.72265625 0.6123046875 0.7591145833333334 0.6015625 0.7760416666666666 0.587890625 0.7877604166666666 0.5712890625 0.79296875 0.5556640625 0.79296875 0.54296875 0.7877604166666666 0.529296875 0.77734375 0.5205078125 0.765625 0.5078125 0.73828125 0.4951171875 0.6888020833333334 0.5009765625 0.6731770833333334 0.5107421875 0.66015625 0.5185546875 0.64453125 0.5439453125 0.6184895833333334 0.552734375 0.6145833333333334 0.5810546875 0.6145833333333334
0 0.2998046875 0.4830729166666667 0.322265625 0.48828125 0.3359375 0.5 0.3623046875 0.5143229166666666 0.3857421875 0.5455729166666666 0.3876953125 0.5533854166666666 0.38671875 0.5651041666666666 0.388671875 0.5794270833333334 0.392578125 0.5989583333333334 0.3974609375 0.6119791666666666 0.3974609375 0.62109375 0.38671875 0.6588541666666666 0.3720703125 0.67578125 0.359375 0.6861979166666666 0.2724609375 0.6861979166666666 0.2333984375 0.6614583333333334 0.2119140625 0.6328125 0.2021484375 0.58203125 0.2021484375 0.5690104166666666 0.2080078125 0.5390625 0.2158203125 0.5208333333333334 0.2265625 0.5065104166666666 0.2451171875 0.4934895833333333 0.26171875 0.4869791666666667 0.298828125 0.4830729166666667
0 0.7265625 0.32421875 0.751953125 0.3346354166666667 0.77734375 0.3541666666666667 0.7939453125 0.375 0.802734375 0.3932291666666667 0.814453125 0.4296875 0.8173828125 0.4466145833333333 0.8173828125 0.4752604166666667 0.81640625 0.5013020833333334 0.810546875 0.5364583333333334 0.794921875 0.5768229166666666 0.779296875 0.6015625 0.7587890625 0.6223958333333334 0.7451171875 0.6302083333333334 0.7236328125 0.6354166666666666 0.6982421875 0.6341145833333334 0.6787109375 0.6223958333333334 0.6669921875 0.6184895833333334 0.662109375 0.6145833333333334 0.662109375 0.609375 0.658203125 0.6041666666666666 0.6376953125 0.5846354166666666 0.615234375 0.546875 0.6162109375 0.53515625 0.6142578125 0.52734375 0.609375 0.51171875 0.6025390625 0.4986979166666667 0.6005859375 0.4674479166666667 0.60546875 0.45703125 0.60546875 0.4505208333333333 0.6123046875 0.4296875 0.6181640625 0.3880208333333333 0.626953125 0.3723958333333333 0.642578125 0.3528645833333333 0.6806640625 0.3268229166666667 0.703125 0.3216145833333333 0.7255859375 0.32421875
0 0.3896484375 0.21484375 0.4072265625 0.21875 0.41796875 0.22526041666666666 0.43359375 0.2513020833333333 0.44140625 0.2604166666666667 0.4560546875 0.265625 0.466796875 0.2760416666666667 0.484375 0.2734375 0.5029296875 0.2864583333333333 0.501953125 0.29296875 0.494140625 0.30859375 0.47265625 0.33203125 0.462890625 0.3463541666666667 0.4541015625 0.3697916666666667 0.4521484375 0.3841145833333333 0.44140625 0.4010416666666667 0.4306640625 0.4114583333333333 0.4130859375 0.421875 0.390625 0.42578125 0.3818359375 0.4244791666666667 0.3701171875 0.41796875 0.365234375 0.4140625 0.353515625 0.3958333333333333 0.34375 0.38671875 0.326171875 0.37890625 0.3115234375 0.3684895833333333 0.306640625 0.3619791666666667 0.298828125 0.3411458333333333 0.2998046875 0.328125 0.3037109375 0.3177083333333333 0.328125 0.2825520833333333 0.3369140625 0.2552083333333333 0.3515625 0.23046875 0.3525390625 0.22526041666666666 0.3583984375 0.22265625 0.3623046875 0.21484375 0.388671875 0.21484375
0 0.4775390625 0.6575520833333334 0.4892578125 0.6614583333333334 0.494140625 0.6705729166666666 0.4912109375 0.6901041666666666 0.5009765625 0.7174479166666666 0.5029296875 0.7369791666666666 0.5087890625 0.7526041666666666 0.5087890625 0.7682291666666666 0.498046875 0.8020833333333334 0.4892578125 0.8151041666666666 0.4755859375 0.8255208333333334 0.462890625 0.828125 0.4443359375 0.8255208333333334 0.4296875 0.8203125 0.41796875 0.8203125 0.4072265625 0.8138020833333334 0.4033203125 0.8033854166666666 0.3974609375 0.7994791666666666 0.3876953125 0.7864583333333334 0.384765625 0.7682291666666666 0.3779296875 0.7486979166666666 0.376953125 0.7213541666666666 0.3798828125 0.703125 0.3857421875 0.6901041666666666 0.39453125 0.6770833333333334 0.4091796875 0.6640625 0.423828125 0.6588541666666666 0.44921875 0.6627604166666666 0.4638671875 0.6575520833333334 0.4765625 0.6575520833333334
0 0.5576171875 0.0026041666666666665 0.5693359375 0.01171875 0.583984375 0.03125 0.6015625 0.07291666666666667 0.6083984375 0.09635416666666667 0.609375 0.109375 0.607421875 0.16145833333333334 0.6005859375 0.18229166666666666 0.599609375 0.19661458333333334 0.5947265625 0.20963541666666666 0.58203125 0.234375 0.5673828125 0.2552083333333333 0.5595703125 0.26171875 0.541015625 0.2682291666666667 0.5341796875 0.2734375 0.515625 0.2786458333333333 0.4990234375 0.2760416666666667 0.4814453125 0.2643229166666667 0.4736328125 0.2682291666666667 0.466796875 0.2682291666666667 0.4541015625 0.2591145833333333 0.4423828125 0.2552083333333333 0.4345703125 0.24609375 0.42578125 0.23046875 0.4267578125 0.1796875 0.41796875 0.15625 0.416015625 0.125 0.4189453125 0.09244791666666667 0.4248046875 0.07421875 0.4248046875 0.06770833333333333 0.4384765625 0.032552083333333336 0.435546875 0.02734375 0.4248046875 0.018229166666666668 0.4248046875 0.010416666666666666 0.4296875 0.00390625 0.4365234375 0 0.552734375 0 0.556640625 0.0026041666666666665
0 0.34375 0.7018229166666666 0.359375 0.7044270833333334 0.373046875 0.7135416666666666 0.3740234375 0.7369791666666666 0.3837890625 0.7864583333333334 0.400390625 0.8111979166666666 0.396484375 0.8385416666666666 0.37890625 0.8671875 0.36328125 0.8776041666666666 0.3447265625 0.8828125 0.3359375 0.8828125 0.30859375 0.8723958333333334 0.3046875 0.8645833333333334 0.294921875 0.85546875 0.2861328125 0.8424479166666666 0.28125 0.8307291666666666 0.279296875 0.8190104166666666 0.2724609375 0.8046875 0.2744140625 0.7721354166666666 0.2724609375 0.76171875 0.275390625 0.75 0.302734375 0.7161458333333334 0.314453125 0.7057291666666666 0.32421875 0.7018229166666666 0.3427734375 0.7018229166666666