0 0.9443359375 0.2786458333333333 0.955078125 0.2708333333333333 0.970703125 0.265625 0.986328125 0.25390625 0.9990234375 0.2513020833333333 0.9990234375 0.67578125 0.9697265625 0.6640625 0.9521484375 0.6536458333333334 0.9365234375 0.640625 0.9140625 0.6158854166666666 0.892578125 0.5794270833333334 0.8740234375 0.5325520833333334 0.8671875 0.49609375 0.869140625 0.4427083333333333 0.84765625 0.4231770833333333 0.826171875 0.42578125 0.8232421875 0.421875 0.8271484375 0.3997395833333333 0.8408203125 0.3619791666666667 0.8720703125 0.34375 0.888671875 0.3450520833333333 0.8916015625 0.3385416666666667 0.8916015625 0.3307291666666667 0.8818359375 0.31640625 0.8818359375 0.30859375 0.88671875 0.2981770833333333 0.892578125 0.2955729166666667 0.8984375 0.30078125 0.923828125 0.2981770833333333 0.9443359375 0.2799479166666667
0 0.734375 0.4596354166666667 0.740234375 0.4609375 0.7509765625 0.46875 0.7646484375 0.46875 0.7705078125 0.4752604166666667 0.7978515625 0.4895833333333333 0.818359375 0.515625 0.8408203125 0.5520833333333334 0.8515625 0.59375 0.8583984375 0.63671875 0.8583984375 0.6705729166666666 0.853515625 0.69921875 0.84765625 0.7200520833333334 0.837890625 0.7421875 0.8056640625 0.7916666666666666 0.7958984375 0.8033854166666666 0.7646484375 0.8203125 0.7265625 0.8294270833333334 0.693359375 0.8255208333333334 0.677734375 0.8203125 0.6640625 0.80859375 0.654296875 0.80859375 0.646484375 0.7994791666666666 0.6435546875 0.7864583333333334 0.6279296875 0.7682291666666666 0.603515625 0.7291666666666666 0.58984375 0.69921875 0.5830078125 0.6770833333333334 0.580078125 0.6484375 0.58203125 0.57421875 0.5908203125 0.5416666666666666 0.60546875 0.5104166666666666 0.619140625 0.4947916666666667 0.6318359375 0.4869791666666667 0.6728515625 0.4830729166666667 0.716796875 0.46484375 0.7236328125 0.4674479166666667 0.728515625 0.4661458333333333 0.7333984375 0.4609375
0 0.9267578125 0.6393229166666666 0.95703125 0.6627604166666666 0.9990234375 0.6809895833333334 0.9990234375 0.9270833333333334 0.9765625 0.9375 0.9619140625 0.9479166666666666 0.9345703125 0.9557291666666666 0.92578125 0.953125 0.91796875 0.9440104166666666 0.884765625 0.921875 0.8642578125 0.9010416666666666 0.8486328125 0.8802083333333334 0.8349609375 0.85546875 0.83203125 0.8346354166666666 0.8271484375 0.8229166666666666 0.826171875 0.8046875 0.8212890625 0.7890625 0.8212890625 0.7838541666666666 0.8291015625 0.77734375 0.833984375 0.7578125 0.8544921875 0.7213541666666666 0.8583984375 0.7018229166666666 0.8623046875 0.6953125 0.8662109375 0.671875 0.87109375 0.6705729166666666 0.8828125 0.6549479166666666 0.896484375 0.6432291666666666 0.90625 0.6393229166666666 0.92578125 0.6393229166666666
0 0.208984375 0.69140625 0.224609375 0.6953125 0.248046875 0.69140625 0.2685546875 0.69140625 0.287109375 0.6966145833333334 0.2900390625 0.7018229166666666 0.291015625 0.71484375 0.2998046875 0.7526041666666666 0.302734375 0.7591145833333334 0.3125 0.76171875 0.3203125 0.7708333333333334 0.3193359375 0.7864583333333334 0.330078125 0.7942708333333334 0.3447265625 0.7955729166666666 0.353515625 0.8020833333333334 0.3564453125 0.8072916666666666 0.3525390625 0.8359375 0.33984375 0.8658854166666666 0.318359375 0.8893229166666666 0.28515625 0.9049479166666666 0.2607421875 0.9049479166666666 0.2314453125 0.8932291666666666 0.19140625 0.8658854166666666 0.1787109375 0.8385416666666666 0.169921875 0.7942708333333334 0.169921875 0.7565104166666666 0.1728515625 0.7369791666666666 0.1787109375 0.7200520833333334 0.1953125 0.6927083333333334 0.2080078125 0.69140625
0 0.810546875 0.8072916666666666 0.81640625 0.8111979166666666 0.82421875 0.8307291666666666 0.8291015625 0.8541666666666666 0.8388671875 0.8763020833333334 0.849609375 0.890625 0.8515625 0.8984375 0.8525390625 0.9479166666666666 0.845703125 0.9947916666666666 0.8427734375 0.9986979166666666 0.76953125 0.9986979166666666 0.7666015625 0.99609375 0.76171875 0.9986979166666666 0.6962890625 0.9986979166666666 0.6904296875 0.99609375 0.646484375 0.99609375 0.64453125 0.9986979166666666 0.615234375 0.9986979166666666 0.6123046875 0.99609375 0.6083984375 0.9986979166666666 0.587890625 0.9986979166666666 0.5849609375 0.9947916666666666 0.5869140625 0.9856770833333334 0.5869140625 0.9622395833333334 0.58984375 0.9505208333333334 0.595703125 0.94140625 0.6015625 0.94140625 0.6103515625 0.9322916666666666 0.611328125 0.9205729166666666 0.6162109375 0.90234375 0.6162109375 0.859375 0.62890625 0.8385416666666666 0.630859375 0.828125 0.6435546875 0.8138020833333334 0.6572265625 0.8203125 0.66796875 0.8203125 0.68359375 0.828125 0.7001953125 0.83203125 0.734375 0.8333333333333334 0.7646484375 0.8255208333333334 0.787109375 0.8138020833333334 0.7978515625 0.8138020833333334 0.8095703125 0.8072916666666666
0 0.173828125 0 0.2021484375 0 0.203125 0.0026041666666666665 0.2080078125 0 0.27734375 0 0.2783203125 0.0026041666666666665 0.2822265625 0 0.3369140625 0 0.33984375 0.0026041666666666665 0.365234375 0.0026041666666666665 0.3671875 0 0.458984375 0 0.46875 0.032552083333333336 0.4716796875 0.061197916666666664 0.4794921875 0.08723958333333333 0.4765625 0.15494791666666666 0.4609375 0.20182291666666666 0.4560546875 0.24479166666666666 0.435546875 0.2994791666666667 0.396484375 0.3502604166666667 0.35546875 0.3841145833333333 0.31640625 0.3828125 0.283203125 0.3723958333333333 0.2646484375 0.36328125 0.2412109375 0.3411458333333333 0.2197265625 0.3255208333333333 0.193359375 0.2890625 0.173828125 0.24348958333333334 0.1728515625 0.20833333333333334 0.169921875 0.19140625 0.16796875 0.125 0.1748046875 0.036458333333333336 0.173828125 0.0013020833333333333
0 0.5302734375 0.8971354166666666 0.564453125 0.90234375 0.57421875 0.9075520833333334 0.58203125 0.9153645833333334 0.5849609375 0.9479166666666666 0.58203125 0.9921875 0.5791015625 0.9986979166666666 0.53125 0.9986979166666666 0.529296875 0.99609375 0.5263671875 0.9986979166666666 0.521484375 0.99609375 0.51171875 0.99609375 0.509765625 0.9986979166666666 0.40625 0.9986979166666666 0.40625 0.9947916666666666 0.4287109375 0.9609375 0.4619140625 0.9231770833333334 0.494140625 0.9010416666666666 0.529296875 0.8971354166666666
0 0.4677734375 0.5013020833333334 0.5029296875 0.5143229166666666 0.53125 0.5338541666666666 0.5546875 0.5559895833333334 0.5615234375 0.55859375 0.5673828125 0.5716145833333334 0.5751953125 0.6171875 0.5751953125 0.6419270833333334 0.578125 0.671875 0.5810546875 0.68359375 0.5810546875 0.69921875 0.5732421875 0.71875 0.5712890625 0.73828125 0.5595703125 0.7526041666666666 0.5537109375 0.7565104166666666 0.5498046875 0.765625 0.5498046875 0.7734375 0.5537109375 0.78125 0.5537109375 0.7864583333333334 0.560546875 0.79296875 0.560546875 0.796875 0.556640625 0.8033854166666666 0.5595703125 0.8138020833333334 0.5478515625 0.8255208333333334 0.5390625 0.8307291666666666 0.53125 0.84765625 0.5107421875 0.8671875 0.5166015625 0.8763020833333334 0.5166015625 0.8802083333333334 0.5087890625 0.88671875 0.4814453125 0.8854166666666666 0.4599609375 0.8684895833333334 0.44140625 0.8684895833333334 0.4384765625 0.8645833333333334 0.4384765625 0.8372395833333334 0.40625 0.8333333333333334 0.396484375 0.8294270833333334 0.37890625 0.81640625 0.3603515625 0.7955729166666666 0.3330078125 0.7760416666666666 0.326171875 0.765625 0.3115234375 0.75390625 0.3037109375 0.7434895833333334 0.302734375 0.734375 0.2958984375 0.7135416666666666 0.29296875 0.69140625 0.2958984375 0.6575520833333334 0.302734375 0.6315104166666666 0.3076171875 0.6223958333333334 0.3095703125 0.60546875 0.3154296875 0.5872395833333334 0.3251953125 0.5729166666666666 0.3583984375 0.53515625 0.375 0.5182291666666666 0.4091796875 0.5013020833333334 0.466796875 0.5013020833333334
0 0.677734375 0.0859375 0.703125 0.08984375 0.728515625 0.10026041666666667 0.7568359375 0.12760416666666666 0.7861328125 0.16666666666666666 0.7998046875 0.19791666666666666 0.8076171875 0.24869791666666666 0.80859375 0.2994791666666667 0.8046875 0.3255208333333333 0.791015625 0.3697916666666667 0.7783203125 0.3932291666666667 0.75390625 0.42578125 0.740234375 0.4401041666666667 0.7060546875 0.46484375 0.671875 0.4778645833333333 0.66015625 0.4778645833333333 0.6552734375 0.48046875 0.634765625 0.48046875 0.6015625 0.4661458333333333 0.5712890625 0.4427083333333333 0.552734375 0.4192708333333333 0.5419921875 0.3971354166666667 0.5302734375 0.3580729166666667 0.525390625 0.3229166666666667 0.5244140625 0.26953125 0.5302734375 0.23828125 0.5458984375 0.1953125 0.5693359375 0.15494791666666666 0.5869140625 0.13151041666666666 0.603515625 0.11458333333333333 0.6318359375 0.09635416666666667 0.6552734375 0.08854166666666667 0.6767578125 0.0859375
0 0.2333984375 0.4231770833333333 0.2744140625 0.4505208333333333 0.2958984375 0.4596354166666667 0.32421875 0.4986979166666667 0.330078125 0.5130208333333334 0.3330078125 0.52734375 0.33203125 0.5559895833333334 0.310546875 0.5872395833333334 0.296875 0.6302083333333334 0.291015625 0.6614583333333334 0.2861328125 0.66796875 0.271484375 0.6783854166666666 0.248046875 0.6875 0.236328125 0.6888020833333334 0.216796875 0.6888020833333334 0.19921875 0.6848958333333334 0.1650390625 0.6549479166666666 0.154296875 0.6341145833333334 0.1318359375 0.5729166666666666 0.12890625 0.5338541666666666 0.1337890625 0.5052083333333334 0.1337890625 0.4869791666666667 0.1533203125 0.4557291666666667 0.1875 0.4309895833333333 0.203125 0.42578125 0.232421875 0.4231770833333333
0 0.38671875 0.8489583333333334 0.3935546875 0.84765625 0.3974609375 0.85546875 0.400390625 0.87109375 0.3984375 0.8932291666666666 0.3984375 0.9348958333333334 0.404296875 0.9622395833333334 0.404296875 0.9869791666666666 0.3994140625 0.9986979166666666 0.2177734375 0.9986979166666666 0.216796875 0.99609375 0.2177734375 0.9778645833333334 0.2216796875 0.9609375 0.2373046875 0.9231770833333334 0.2451171875 0.9114583333333334 0.2763671875 0.9114583333333334 0.291015625 0.9088541666666666 0.31640625 0.8971354166666666 0.330078125 0.8880208333333334 0.3388671875 0.87890625 0.3642578125 0.8697916666666666 0.3759765625 0.8697916666666666 0.380859375 0.8645833333333334 0.38671875 0.8502604166666666