0 0.0947265625 0.2513020833333333 0.109375 0.25 0.115234375 0.25390625 0.134765625 0.2799479166666667 0.1591796875 0.2981770833333333 0.181640625 0.328125 0.1884765625 0.3411458333333333 0.1943359375 0.3567708333333333 0.1962890625 0.38671875 0.1943359375 0.40234375 0.189453125 0.4166666666666667 0.173828125 0.4401041666666667 0.166015625 0.4479166666666667 0.14453125 0.4596354166666667 0.1171875 0.4791666666666667 0.109375 0.4895833333333333 0.1064453125 0.5013020833333334 0.08984375 0.5091145833333334 0.083984375 0.5078125 0.0810546875 0.5026041666666666 0.080078125 0.49609375 0.083984375 0.4869791666666667 0.083984375 0.4791666666666667 0.072265625 0.4583333333333333 0.06640625 0.4505208333333333 0.0458984375 0.43359375 0.0244140625 0.4075520833333333 0.017578125 0.3776041666666667 0.017578125 0.34765625 0.0205078125 0.328125 0.0302734375 0.3098958333333333 0.0458984375 0.2955729166666667 0.0576171875 0.2903645833333333 0.0595703125 0.2877604166666667 0.0576171875 0.2786458333333333 0.0634765625 0.2747395833333333 0.0732421875 0.26953125 0.08984375 0.2734375 0.09765625 0.2591145833333333 0.095703125 0.2513020833333333
0 0.693359375 0.4895833333333333 0.7060546875 0.4934895833333333 0.728515625 0.5078125 0.7421875 0.5208333333333334 0.7578125 0.52734375 0.763671875 0.5325520833333334 0.7626953125 0.5455729166666666 0.74609375 0.57421875 0.740234375 0.6002604166666666 0.7333984375 0.6184895833333334 0.71875 0.63671875 0.701171875 0.6458333333333334 0.6826171875 0.6458333333333334 0.6630859375 0.63671875 0.642578125 0.6145833333333334 0.6328125 0.5989583333333334 0.625 0.5794270833333334 0.62890625 0.5377604166666666 0.6357421875 0.51953125 0.6435546875 0.5091145833333334 0.6611328125 0.4973958333333333 0.6923828125 0.4895833333333333
0 0.3232421875 0.3177083333333333 0.3330078125 0.3229166666666667 0.349609375 0.3268229166666667 0.3798828125 0.34765625 0.390625 0.36328125 0.3994140625 0.3932291666666667 0.3974609375 0.4192708333333333 0.3876953125 0.4518229166666667 0.37890625 0.4674479166666667 0.3466796875 0.48828125 0.32421875 0.4921875 0.3125 0.4830729166666667 0.3076171875 0.46875 0.302734375 0.4622395833333333 0.2890625 0.4583333333333333 0.2587890625 0.4427083333333333 0.25390625 0.4348958333333333 0.2490234375 0.4075520833333333 0.2509765625 0.3919270833333333 0.2607421875 0.3671875 0.2626953125 0.3528645833333333 0.2646484375 0.3502604166666667 0.2744140625 0.3463541666666667 0.2841796875 0.3385416666666667 0.294921875 0.3216145833333333 0.302734375 0.3138020833333333 0.310546875 0.3125 0.322265625 0.3177083333333333
0 0.228515625 0.4609375 0.26171875 0.4739583333333333 0.2841796875 0.4895833333333333 0.2958984375 0.5026041666666666 0.3125 0.5377604166666666 0.318359375 0.5677083333333334 0.3173828125 0.6080729166666666 0.3115234375 0.63671875 0.3046875 0.6510416666666666 0.279296875 0.6861979166666666 0.2578125 0.703125 0.2353515625 0.7122395833333334 0.2177734375 0.7122395833333334 0.181640625 0.7044270833333334 0.1728515625 0.6953125 0.16796875 0.6901041666666666 0.1640625 0.6796875 0.150390625 0.6588541666666666 0.1416015625 0.62890625 0.138671875 0.609375 0.138671875 0.5872395833333334 0.142578125 0.546875 0.150390625 0.5208333333333334 0.16796875 0.4947916666666667 0.19140625 0.4739583333333333 0.2119140625 0.4622395833333333 0.2197265625 0.4596354166666667 0.2275390625 0.4609375
0 0.2744140625 0.09505208333333333 0.2861328125 0.09635416666666667 0.296875 0.1015625 0.3115234375 0.11588541666666667 0.3291015625 0.125 0.337890625 0.13411458333333334 0.3427734375 0.14453125 0.345703125 0.15755208333333334 0.3466796875 0.19270833333333334 0.34375 0.23046875 0.337890625 0.2552083333333333 0.3388671875 0.2708333333333333 0.3369140625 0.2760416666666667 0.291015625 0.30859375 0.259765625 0.3190104166666667 0.2431640625 0.3177083333333333 0.232421875 0.3138020833333333 0.197265625 0.2825520833333333 0.1826171875 0.24609375 0.1796875 0.20703125 0.1865234375 0.16796875 0.197265625 0.14713541666666666 0.197265625 0.13411458333333334 0.203125 0.12109375 0.2099609375 0.11328125 0.220703125 0.11588541666666667 0.2373046875 0.1015625 0.2451171875 0.09765625 0.2578125 0.09375 0.2734375 0.09505208333333333
0 0.5234375 0.41015625 0.5341796875 0.41796875 0.5439453125 0.41796875 0.564453125 0.4309895833333333 0.5791015625 0.4518229166666667 0.5888671875 0.4713541666666667 0.59375 0.4895833333333333 0.5966796875 0.5208333333333334 0.5947265625 0.53515625 0.58203125 0.56640625 0.57421875 0.578125 0.5576171875 0.5950520833333334 0.552734375 0.5950520833333334 0.5498046875 0.5911458333333334 0.5390625 0.5638020833333334 0.533203125 0.5546875 0.5224609375 0.546875 0.5078125 0.5299479166666666 0.4921875 0.5221354166666666 0.4443359375 0.5221354166666666 0.4375 0.51953125 0.443359375 0.49609375 0.44140625 0.4869791666666667 0.44921875 0.4609375 0.4580078125 0.44140625 0.4697265625 0.42578125 0.4892578125 0.4127604166666667 0.5 0.41015625 0.5224609375 0.41015625
0 0.5947265625 0.6184895833333334 0.6142578125 0.6236979166666666 0.626953125 0.6315104166666666 0.6416015625 0.6497395833333334 0.6572265625 0.6744791666666666 0.669921875 0.6848958333333334 0.6748046875 0.6927083333333334 0.6748046875 0.7018229166666666 0.6689453125 0.7213541666666666 0.6640625 0.7526041666666666 0.6513671875 0.7877604166666666 0.6435546875 0.80078125 0.62890625 0.8138020833333334 0.60546875 0.8203125 0.591796875 0.81640625 0.572265625 0.8046875 0.556640625 0.7890625 0.5498046875 0.7734375 0.5498046875 0.7630208333333334 0.5556640625 0.7447916666666666 0.560546875 0.7096354166666666 0.5615234375 0.65625 0.5595703125 0.6341145833333334 0.5732421875 0.6223958333333334 0.5830078125 0.6184895833333334 0.59375 0.6184895833333334
0 0.4970703125 0.5286458333333334 0.51171875 0.5364583333333334 0.5205078125 0.5494791666666666 0.5341796875 0.5638020833333334 0.5537109375 0.6145833333333334 0.5576171875 0.6471354166666666 0.5576171875 0.70703125 0.5546875 0.7200520833333334 0.5546875 0.7317708333333334 0.55078125 0.7513020833333334 0.54296875 0.7721354166666666 0.5166015625 0.8098958333333334 0.484375 0.8333333333333334 0.4716796875 0.83984375 0.4501953125 0.84375 0.4345703125 0.84375 0.4248046875 0.83984375 0.40625 0.8385416666666666 0.39453125 0.8346354166666666 0.390625 0.8294270833333334 0.3916015625 0.8138020833333334 0.388671875 0.7877604166666666 0.37890625 0.7721354166666666 0.3759765625 0.7630208333333334 0.3681640625 0.7552083333333334 0.3515625 0.7486979166666666 0.3408203125 0.7473958333333334 0.3369140625 0.7447916666666666 0.3310546875 0.734375 0.3203125 0.7265625 0.3173828125 0.7161458333333334 0.3173828125 0.69921875 0.3154296875 0.6940104166666666 0.31640625 0.6549479166666666 0.322265625 0.6263020833333334 0.33203125 0.6002604166666666 0.33203125 0.5911458333333334 0.345703125 0.56640625 0.3671875 0.54296875 0.3740234375 0.5390625 0.384765625 0.5390625 0.416015625 0.5260416666666666 0.4716796875 0.5247395833333334 0.49609375 0.5286458333333334
0 0.3955078125 0.23567708333333334 0.4091796875 0.24609375 0.4306640625 0.24739583333333334 0.453125 0.2578125 0.4609375 0.2669270833333333 0.46875 0.2916666666666667 0.4716796875 0.3216145833333333 0.46484375 0.3528645833333333 0.4560546875 0.3723958333333333 0.4501953125 0.37890625 0.427734375 0.390625 0.416015625 0.390625 0.400390625 0.3841145833333333 0.3896484375 0.35546875 0.3642578125 0.3294270833333333 0.3642578125 0.3125 0.369140625 0.2916666666666667 0.3759765625 0.2734375 0.384765625 0.2604166666666667 0.388671875 0.2421875 0.39453125 0.23567708333333334
0 0.484375 0.8385416666666666 0.4931640625 0.8515625 0.5166015625 0.8776041666666666 0.521484375 0.8893229166666666 0.5224609375 0.8997395833333334 0.5185546875 0.94140625 0.51171875 0.9674479166666666 0.498046875 0.9986979166666666 0.4697265625 0.9986979166666666 0.466796875 0.99609375 0.458984375 0.99609375 0.455078125 0.9986979166666666 0.4208984375 0.9986979166666666 0.41796875 0.9869791666666666 0.41796875 0.9596354166666666 0.4267578125 0.9296875 0.423828125 0.91796875 0.4248046875 0.9075520833333334 0.4384765625 0.8776041666666666 0.4423828125 0.8528645833333334 0.4482421875 0.84765625 0.4736328125 0.84375 0.4833984375 0.8385416666666666
0 0.5380859375 0.2799479166666667 0.5625 0.28125 0.5654296875 0.2864583333333333 0.5654296875 0.2955729166666667 0.5771484375 0.3098958333333333 0.587890625 0.3177083333333333 0.587890625 0.3216145833333333 0.5849609375 0.3255208333333333 0.5849609375 0.3294270833333333 0.587890625 0.3333333333333333 0.6005859375 0.3333333333333333 0.611328125 0.3424479166666667 0.6171875 0.34375 0.623046875 0.3567708333333333 0.6259765625 0.3854166666666667 0.6240234375 0.3880208333333333 0.623046875 0.4049479166666667 0.619140625 0.4244791666666667 0.609375 0.4401041666666667 0.5888671875 0.4544270833333333 0.5830078125 0.4544270833333333 0.5654296875 0.4283854166666667 0.544921875 0.4127604166666667 0.5341796875 0.4127604166666667 0.5185546875 0.40625 0.490234375 0.4088541666666667 0.486328125 0.4049479166666667 0.478515625 0.3880208333333333 0.4697265625 0.3541666666666667 0.470703125 0.33984375 0.4755859375 0.3190104166666667 0.486328125 0.3020833333333333 0.4951171875 0.2955729166666667 0.509765625 0.2903645833333333 0.5244140625 0.28125 0.537109375 0.2799479166666667
0 0.279296875 0.7213541666666666 0.306640625 0.7356770833333334 0.3232421875 0.7369791666666666 0.3369140625 0.7513020833333334 0.3544921875 0.7552083333333334 0.3681640625 0.76171875 0.3828125 0.78515625 0.384765625 0.7916666666666666 0.384765625 0.8359375 0.3828125 0.8411458333333334 0.375 0.84765625 0.369140625 0.8580729166666666 0.369140625 0.8763020833333334 0.3662109375 0.8880208333333334 0.365234375 0.9049479166666666 0.3564453125 0.9427083333333334 0.3369140625 0.9791666666666666 0.3330078125 0.98046875 0.32421875 0.9921875 0.3134765625 0.9986979166666666 0.22265625 0.9986979166666666 0.2099609375 0.9869791666666666 0.1953125 0.9791666666666666 0.19140625 0.9791666666666666 0.1796875 0.9921875 0.169921875 0.9921875 0.1640625 0.9895833333333334 0.1572265625 0.9817708333333334 0.146484375 0.9596354166666666 0.1494140625 0.9440104166666666 0.1640625 0.8984375 0.166015625 0.8619791666666666 0.1728515625 0.8268229166666666 0.1884765625 0.7903645833333334 0.2109375 0.7578125 0.2314453125 0.7369791666666666 0.2607421875 0.72265625 0.2783203125 0.7213541666666666