0 0.4638671875 0.8229166666666666 0.4990234375 0.8502604166666666 0.515625 0.8736979166666666 0.5224609375 0.8919270833333334 0.52734375 0.9140625 0.52734375 0.9466145833333334 0.5244140625 0.9622395833333334 0.515625 0.98828125 0.513671875 0.9934895833333334 0.5078125 0.9986979166666666 0.3779296875 0.9986979166666666 0.3740234375 0.9908854166666666 0.3701171875 0.9557291666666666 0.37109375 0.9192708333333334 0.376953125 0.8919270833333334 0.3857421875 0.87109375 0.404296875 0.84375 0.4267578125 0.8268229166666666 0.439453125 0.8216145833333334 0.462890625 0.8229166666666666
0 0.580078125 0.3033854166666667 0.5927734375 0.3033854166666667 0.611328125 0.3138020833333333 0.623046875 0.3125 0.630859375 0.3177083333333333 0.6572265625 0.32421875 0.6669921875 0.33203125 0.681640625 0.3567708333333333 0.6875 0.3567708333333333 0.693359375 0.3619791666666667 0.6923828125 0.375 0.6884765625 0.3828125 0.69140625 0.4036458333333333 0.69140625 0.4283854166666667 0.689453125 0.44140625 0.685546875 0.4505208333333333 0.6728515625 0.4661458333333333 0.6689453125 0.4817708333333333 0.6650390625 0.48828125 0.66015625 0.4947916666666667 0.6435546875 0.5078125 0.6435546875 0.5182291666666666 0.638671875 0.5286458333333334 0.6328125 0.5325520833333334 0.62109375 0.5325520833333334 0.599609375 0.5169270833333334 0.5771484375 0.51171875 0.552734375 0.4908854166666667 0.54296875 0.4778645833333333 0.53515625 0.4622395833333333 0.529296875 0.4401041666666667 0.5283203125 0.4114583333333333 0.53515625 0.3841145833333333 0.552734375 0.359375 0.556640625 0.34765625 0.560546875 0.3424479166666667 0.58203125 0.3268229166666667 0.5830078125 0.3229166666666667 0.580078125 0.3046875
0 0.765625 0.4453125 0.791015625 0.4596354166666667 0.8173828125 0.484375 0.8310546875 0.5052083333333334 0.84375 0.5481770833333334 0.8486328125 0.5559895833333334 0.8525390625 0.5494791666666666 0.8623046875 0.5494791666666666 0.8828125 0.5572916666666666 0.896484375 0.5690104166666666 0.9052734375 0.5807291666666666 0.9091796875 0.5924479166666666 0.9013671875 0.6015625 0.90234375 0.6302083333333334 0.8955078125 0.6393229166666666 0.8994140625 0.6549479166666666 0.8740234375 0.6536458333333334 0.86328125 0.6458333333333334 0.85546875 0.6471354166666666 0.837890625 0.6419270833333334 0.8134765625 0.6705729166666666 0.806640625 0.6744791666666666 0.7998046875 0.6744791666666666 0.7958984375 0.6796875 0.7919921875 0.69140625 0.7734375 0.7096354166666666 0.740234375 0.7213541666666666 0.705078125 0.7200520833333334 0.662109375 0.6953125 0.6328125 0.6471354166666666 0.6259765625 0.6158854166666666 0.6259765625 0.6015625 0.6298828125 0.5924479166666666 0.638671875 0.5390625 0.646484375 0.5247395833333334 0.6494140625 0.51171875 0.666015625 0.4934895833333333 0.6826171875 0.46875 0.7001953125 0.453125 0.7158203125 0.4453125 0.73046875 0.4427083333333333 0.7548828125 0.4427083333333333 0.7646484375 0.4453125
0 0.83203125 0.6809895833333334 0.8408203125 0.68359375 0.84765625 0.7018229166666666 0.88671875 0.7447916666666666 0.8955078125 0.7682291666666666 0.8994140625 0.796875 0.8974609375 0.8177083333333334 0.892578125 0.8346354166666666 0.884765625 0.8528645833333334 0.8759765625 0.8645833333333334 0.8525390625 0.8841145833333334 0.8212890625 0.89453125 0.798828125 0.8932291666666666 0.76953125 0.87109375 0.7578125 0.85546875 0.75 0.8411458333333334 0.73828125 0.80859375 0.736328125 0.7604166666666666 0.740234375 0.73828125 0.7470703125 0.7278645833333334 0.759765625 0.7200520833333334 0.7763671875 0.71484375 0.7919921875 0.6979166666666666 0.8125 0.6809895833333334 0.8310546875 0.6809895833333334
0 0.3984375 0.3880208333333333 0.427734375 0.40625 0.4423828125 0.4231770833333333 0.451171875 0.4479166666666667 0.451171875 0.47265625 0.447265625 0.48828125 0.4453125 0.5078125 0.4384765625 0.53125 0.4130859375 0.5546875 0.390625 0.5598958333333334 0.3740234375 0.5572916666666666 0.357421875 0.54296875 0.328125 0.49609375 0.3232421875 0.4817708333333333 0.3232421875 0.4700520833333333 0.3251953125 0.4557291666666667 0.330078125 0.4401041666666667 0.337890625 0.4244791666666667 0.3515625 0.40625 0.3623046875 0.3984375 0.3740234375 0.3971354166666667 0.38671875 0.3880208333333333 0.3974609375 0.3880208333333333
0 0.28515625 0.55859375 0.302734375 0.57421875 0.328125 0.58984375 0.337890625 0.5911458333333334 0.3525390625 0.6041666666666666 0.3759765625 0.640625 0.384765625 0.6666666666666666 0.388671875 0.6888020833333334 0.38671875 0.7317708333333334 0.3720703125 0.7721354166666666 0.35546875 0.7942708333333334 0.3359375 0.8111979166666666 0.3173828125 0.8216145833333334 0.298828125 0.8255208333333334 0.2861328125 0.8385416666666666 0.28125 0.8294270833333334 0.2490234375 0.8294270833333334 0.2265625 0.82421875 0.1953125 0.7981770833333334 0.1845703125 0.7877604166666666 0.16796875 0.76171875 0.1591796875 0.7434895833333334 0.1533203125 0.7174479166666666 0.1533203125 0.69140625 0.15625 0.671875 0.1728515625 0.6458333333333334 0.1806640625 0.62890625 0.1875 0.62109375 0.1943359375 0.6041666666666666 0.205078125 0.5963541666666666 0.21484375 0.5807291666666666 0.23046875 0.5703125 0.23828125 0.5690104166666666 0.2451171875 0.5716145833333334 0.263671875 0.5690104166666666 0.2783203125 0.5520833333333334 0.2841796875 0.55859375
0 0.4833984375 0.171875 0.4873046875 0.1796875 0.5048828125 0.1796875 0.5185546875 0.19140625 0.5390625 0.19791666666666666 0.5419921875 0.20833333333333334 0.548828125 0.21875 0.5634765625 0.26171875 0.5654296875 0.3046875 0.5625 0.3203125 0.548828125 0.35546875 0.533203125 0.3815104166666667 0.5224609375 0.3919270833333333 0.49609375 0.4088541666666667 0.4775390625 0.4127604166666667 0.4404296875 0.4114583333333333 0.4013671875 0.3828125 0.390625 0.3815104166666667 0.3876953125 0.3763020833333333 0.388671875 0.359375 0.384765625 0.3424479166666667 0.3818359375 0.3385416666666667 0.373046875 0.3385416666666667 0.365234375 0.3346354166666667 0.369140625 0.30859375 0.37890625 0.2994791666666667 0.376953125 0.2643229166666667 0.3798828125 0.24869791666666666 0.3974609375 0.23567708333333334 0.408203125 0.22265625 0.421875 0.21875 0.43359375 0.20833333333333334 0.4521484375 0.20182291666666666 0.4580078125 0.19401041666666666 0.46875 0.1875 0.482421875 0.17317708333333334
0 0.505859375 0.55078125 0.51953125 0.5559895833333334 0.53125 0.5638020833333334 0.5546875 0.59375 0.5654296875 0.62109375 0.5693359375 0.6419270833333334 0.5693359375 0.6731770833333334 0.56640625 0.6888020833333334 0.5556640625 0.71484375 0.5439453125 0.7317708333333334 0.53125 0.7447916666666666 0.517578125 0.75390625 0.505859375 0.7578125 0.4775390625 0.7552083333333334 0.4453125 0.734375 0.43359375 0.7161458333333334 0.4248046875 0.6966145833333334 0.4150390625 0.6705729166666666 0.412109375 0.6510416666666666 0.416015625 0.6223958333333334 0.4228515625 0.5989583333333334 0.4287109375 0.5872395833333334 0.4453125 0.56640625 0.47265625 0.5494791666666666 0.4931640625 0.5481770833333334 0.5048828125 0.55078125
0 0.6474609375 0.6822916666666666 0.65234375 0.6861979166666666 0.654296875 0.6979166666666666 0.6572265625 0.7018229166666666 0.6953125 0.72265625 0.7138671875 0.75 0.72265625 0.7747395833333334 0.7265625 0.8072916666666666 0.7255859375 0.8177083333333334 0.7138671875 0.8619791666666666 0.703125 0.875 0.697265625 0.88671875 0.6865234375 0.89453125 0.6552734375 0.9075520833333334 0.640625 0.91015625 0.619140625 0.9088541666666666 0.60546875 0.9036458333333334 0.583984375 0.88671875 0.57421875 0.8723958333333334 0.564453125 0.8502604166666666 0.560546875 0.8268229166666666 0.5615234375 0.7864583333333334 0.564453125 0.76953125 0.5595703125 0.7682291666666666 0.55078125 0.7721354166666666 0.5478515625 0.7682291666666666 0.548828125 0.76171875 0.5615234375 0.7434895833333334 0.5634765625 0.7096354166666666 0.57421875 0.7018229166666666 0.60546875 0.703125 0.6123046875 0.6979166666666666 0.623046875 0.69921875 0.646484375 0.68359375
0 0.7138671875 0.10026041666666667 0.7216796875 0.11979166666666667 0.7197265625 0.13020833333333334 0.720703125 0.14453125 0.7294921875 0.15625 0.728515625 0.1640625 0.7314453125 0.18619791666666666 0.73046875 0.21484375 0.724609375 0.234375 0.7138671875 0.2513020833333333 0.6884765625 0.2734375 0.669921875 0.2799479166666667 0.658203125 0.2799479166666667 0.640625 0.2734375 0.62890625 0.265625 0.6171875 0.2526041666666667 0.607421875 0.21484375 0.607421875 0.1796875 0.6103515625 0.15755208333333334 0.619140625 0.13802083333333334 0.62890625 0.125 0.638671875 0.1171875 0.6611328125 0.10807291666666667 0.6826171875 0.10677083333333333 0.6923828125 0.10026041666666667 0.705078125 0.09635416666666667 0.712890625 0.10026041666666667
0 0.7900390625 0.3046875 0.79296875 0.3059895833333333 0.8251953125 0.3515625 0.83203125 0.3697916666666667 0.8349609375 0.3854166666666667 0.8349609375 0.4114583333333333 0.828125 0.4322916666666667 0.8173828125 0.44921875 0.8056640625 0.45703125 0.7939453125 0.45703125 0.77734375 0.4466145833333333 0.7587890625 0.4401041666666667 0.7109375 0.4388020833333333 0.7041015625 0.42578125 0.6982421875 0.40234375 0.69921875 0.3671875 0.7060546875 0.3489583333333333 0.7158203125 0.3333333333333333 0.724609375 0.3255208333333333 0.7412109375 0.3190104166666667 0.7626953125 0.31640625 0.7802734375 0.3020833333333333 0.7890625 0.3046875