0 0.6923828125 0.2708333333333333 0.7021484375 0.27734375 0.71875 0.2955729166666667 0.73828125 0.328125 0.7490234375 0.3567708333333333 0.7529296875 0.375 0.7548828125 0.3958333333333333 0.75390625 0.4296875 0.7392578125 0.4869791666666667 0.7294921875 0.5078125 0.708984375 0.5260416666666666 0.69140625 0.5481770833333334 0.6787109375 0.5546875 0.6650390625 0.5572916666666666 0.642578125 0.5559895833333334 0.6220703125 0.546875 0.6064453125 0.5325520833333334 0.59375 0.515625 0.5869140625 0.51171875 0.5849609375 0.5078125 0.59765625 0.4765625 0.6064453125 0.4635416666666667 0.61328125 0.4322916666666667 0.6103515625 0.3880208333333333 0.6044921875 0.36328125 0.5908203125 0.3372395833333333 0.58984375 0.3307291666666667 0.603515625 0.3072916666666667 0.607421875 0.2864583333333333 0.62109375 0.2747395833333333 0.6396484375 0.265625 0.66796875 0.265625 0.69140625 0.2708333333333333
0 0.81640625 0.5104166666666666 0.8427734375 0.5286458333333334 0.8642578125 0.5598958333333334 0.8798828125 0.6028645833333334 0.880859375 0.6302083333333334 0.8720703125 0.6653645833333334 0.875 0.6783854166666666 0.8671875 0.68359375 0.8515625 0.70703125 0.8349609375 0.7239583333333334 0.8193359375 0.734375 0.8076171875 0.7356770833333334 0.7900390625 0.7447916666666666 0.771484375 0.7447916666666666 0.7578125 0.7408854166666666 0.7314453125 0.7265625 0.7021484375 0.703125 0.6962890625 0.6953125 0.6884765625 0.67578125 0.6865234375 0.66015625 0.6787109375 0.6341145833333334 0.677734375 0.6106770833333334 0.6826171875 0.58203125 0.6923828125 0.5572916666666666 0.6982421875 0.5455729166666666 0.7177734375 0.5221354166666666 0.7431640625 0.5065104166666666 0.7626953125 0.5013020833333334 0.7890625 0.5013020833333334 0.8154296875 0.5104166666666666
0 0.189453125 0.3411458333333333 0.1982421875 0.34765625 0.2109375 0.34765625 0.2119140625 0.3502604166666667 0.1865234375 0.39453125 0.181640625 0.41015625 0.17578125 0.4205729166666667 0.1689453125 0.4479166666666667 0.16796875 0.4596354166666667 0.1650390625 0.46484375 0.15625 0.453125 0.1484375 0.43359375 0.150390625 0.4270833333333333 0.1591796875 0.42578125 0.1630859375 0.4140625 0.1591796875 0.3763020833333333 0.1640625 0.3723958333333333 0.1669921875 0.3658854166666667 0.1611328125 0.3567708333333333 0.1591796875 0.3489583333333333 0.1611328125 0.3463541666666667 0.1884765625 0.3411458333333333
0 0.322265625 0.22005208333333334 0.34375 0.23697916666666666 0.359375 0.2604166666666667 0.3642578125 0.2747395833333333 0.3701171875 0.3046875 0.369140625 0.3307291666666667 0.3642578125 0.3502604166666667 0.359375 0.34765625 0.3525390625 0.3359375 0.3369140625 0.3255208333333333 0.28515625 0.30859375 0.2626953125 0.3098958333333333 0.2451171875 0.3177083333333333 0.2373046875 0.32421875 0.234375 0.3229166666666667 0.234375 0.2877604166666667 0.2607421875 0.24479166666666666 0.2783203125 0.23046875 0.294921875 0.22135416666666666 0.3212890625 0.22005208333333334
0 0.4794921875 0.53125 0.4853515625 0.53515625 0.5009765625 0.5390625 0.5185546875 0.5390625 0.5283203125 0.5455729166666666 0.541015625 0.5494791666666666 0.5634765625 0.5846354166666666 0.5703125 0.5989583333333334 0.576171875 0.6158854166666666 0.580078125 0.6380208333333334 0.580078125 0.68359375 0.5673828125 0.7239583333333334 0.546875 0.75 0.5283203125 0.7643229166666666 0.50390625 0.7786458333333334 0.46875 0.7747395833333334 0.453125 0.7669270833333334 0.4296875 0.7486979166666666 0.419921875 0.7369791666666666 0.4091796875 0.71875 0.404296875 0.7057291666666666 0.3994140625 0.6822916666666666 0.3974609375 0.6276041666666666 0.4033203125 0.6067708333333334 0.41796875 0.5703125 0.4326171875 0.5494791666666666 0.4482421875 0.5377604166666666 0.4658203125 0.53125 0.478515625 0.53125
0 0.4560546875 0.30859375 0.4599609375 0.3125 0.4638671875 0.32421875 0.4599609375 0.3294270833333333 0.4482421875 0.3346354166666667 0.4423828125 0.3424479166666667 0.4404296875 0.34765625 0.4423828125 0.3541666666666667 0.43359375 0.3776041666666667 0.4267578125 0.41015625 0.4267578125 0.4440104166666667 0.4287109375 0.4544270833333333 0.4365234375 0.4817708333333333 0.4462890625 0.4986979166666667 0.447265625 0.5052083333333334 0.4423828125 0.5091145833333334 0.4208984375 0.5130208333333334 0.404296875 0.51171875 0.3935546875 0.5065104166666666 0.39453125 0.45703125 0.392578125 0.421875 0.388671875 0.3997395833333333 0.3818359375 0.3802083333333333 0.3759765625 0.3697916666666667 0.3759765625 0.3619791666666667 0.3974609375 0.3411458333333333 0.4248046875 0.3268229166666667 0.4384765625 0.3138020833333333 0.44921875 0.3072916666666667 0.455078125 0.30859375
0 0.3271484375 0.22395833333333334 0.34375 0.23697916666666666 0.3515625 0.24739583333333334 0.359375 0.26171875 0.3662109375 0.28125 0.3701171875 0.3059895833333333 0.3701171875 0.3216145833333333 0.365234375 0.3502604166666667 0.359375 0.34765625 0.349609375 0.3333333333333333 0.34375 0.3294270833333333 0.31640625 0.3177083333333333 0.2861328125 0.30859375 0.2626953125 0.3098958333333333 0.2451171875 0.3177083333333333 0.23828125 0.32421875 0.234375 0.32421875 0.2353515625 0.3138020833333333 0.2333984375 0.2890625 0.240234375 0.28125 0.2607421875 0.24479166666666666 0.2783203125 0.23046875 0.2958984375 0.22135416666666666 0.3212890625 0.22005208333333334 0.326171875 0.22395833333333334
0 0.291015625 0.3125 0.33203125 0.3268229166666667 0.349609375 0.3372395833333333 0.3701171875 0.36328125 0.376953125 0.3763020833333333 0.3837890625 0.3919270833333333 0.390625 0.4244791666666667 0.390625 0.4986979166666667 0.380859375 0.5286458333333334 0.37109375 0.5729166666666666 0.3642578125 0.5859375 0.359375 0.6041666666666666 0.35546875 0.609375 0.34765625 0.6106770833333334 0.337890625 0.6223958333333334 0.326171875 0.640625 0.32421875 0.6549479166666666 0.3203125 0.66015625 0.3115234375 0.6640625 0.306640625 0.6627604166666666 0.3046875 0.6549479166666666 0.3056640625 0.6471354166666666 0.302734375 0.64453125 0.291015625 0.6419270833333334 0.27734375 0.6484375 0.2705078125 0.6484375 0.2392578125 0.63671875 0.220703125 0.62109375 0.19921875 0.5924479166666666 0.177734375 0.546875 0.171875 0.5260416666666666 0.16796875 0.4973958333333333 0.16796875 0.46484375 0.1767578125 0.4231770833333333 0.1865234375 0.4036458333333333 0.1904296875 0.3880208333333333 0.2177734375 0.3450520833333333 0.2265625 0.3346354166666667 0.25 0.3177083333333333 0.2685546875 0.3111979166666667 0.2900390625 0.3125
0 0.5712890625 0.18359375 0.5966796875 0.19140625 0.609375 0.19921875 0.626953125 0.2265625 0.6357421875 0.24739583333333334 0.6376953125 0.2578125 0.6357421875 0.2630208333333333 0.60546875 0.2825520833333333 0.6005859375 0.2903645833333333 0.599609375 0.30859375 0.5859375 0.3268229166666667 0.5625 0.3111979166666667 0.5439453125 0.3033854166666667 0.521484375 0.30078125 0.5 0.3020833333333333 0.49609375 0.2994791666666667 0.4912109375 0.28515625 0.4912109375 0.2747395833333333 0.4970703125 0.25390625 0.501953125 0.24479166666666666 0.50390625 0.23046875 0.5205078125 0.20442708333333334 0.5390625 0.19010416666666666 0.5615234375 0.18359375 0.5703125 0.18359375
0 0.408203125 0.15885416666666666 0.416015625 0.16145833333333334 0.43359375 0.15885416666666666 0.451171875 0.16276041666666666 0.458984375 0.16666666666666666 0.4697265625 0.17708333333333334 0.48046875 0.17447916666666666 0.4892578125 0.18489583333333334 0.50390625 0.18489583333333334 0.5078125 0.19401041666666666 0.5087890625 0.21223958333333334 0.498046875 0.23307291666666666 0.4970703125 0.24348958333333334 0.48828125 0.2708333333333333 0.4873046875 0.2942708333333333 0.48046875 0.3046875 0.4736328125 0.30859375 0.462890625 0.3098958333333333 0.4541015625 0.30078125 0.44921875 0.30078125 0.4287109375 0.3203125 0.404296875 0.33203125 0.396484375 0.3307291666666667 0.3759765625 0.3098958333333333 0.3671875 0.2760416666666667 0.3486328125 0.23567708333333334 0.3486328125 0.20833333333333334 0.3505859375 0.1953125 0.3564453125 0.1796875 0.369140625 0.16276041666666666 0.3818359375 0.15755208333333334 0.4072265625 0.15885416666666666
0 0.5439453125 0.3072916666666667 0.5654296875 0.31640625 0.57421875 0.3229166666666667 0.5859375 0.3346354166666667 0.599609375 0.359375 0.6064453125 0.3841145833333333 0.609375 0.4049479166666667 0.6083984375 0.4388020833333333 0.6064453125 0.453125 0.6025390625 0.4622395833333333 0.58203125 0.4986979166666667 0.5654296875 0.5143229166666666 0.5498046875 0.5247395833333334 0.53515625 0.53125 0.51953125 0.5325520833333334 0.5 0.5325520833333334 0.484375 0.5286458333333334 0.4716796875 0.5221354166666666 0.455078125 0.5078125 0.4443359375 0.4934895833333333 0.43359375 0.4674479166666667 0.4287109375 0.4440104166666667 0.427734375 0.4166666666666667 0.4345703125 0.3815104166666667 0.4443359375 0.3515625 0.4423828125 0.3463541666666667 0.44921875 0.3372395833333333 0.4599609375 0.3346354166666667 0.46875 0.32421875 0.498046875 0.3072916666666667 0.54296875 0.3072916666666667
0 0.5595703125 0.10807291666666667 0.57421875 0.11458333333333333 0.58984375 0.11588541666666667 0.591796875 0.12239583333333333 0.5908203125 0.13802083333333334 0.5986328125 0.1640625 0.5986328125 0.1796875 0.5927734375 0.18619791666666666 0.5712890625 0.18098958333333334 0.5546875 0.18229166666666666 0.5341796875 0.19010416666666666 0.515625 0.20572916666666666 0.51171875 0.20442708333333334 0.509765625 0.19010416666666666 0.501953125 0.17838541666666666 0.5029296875 0.15885416666666666 0.5078125 0.13802083333333334 0.5185546875 0.12239583333333333 0.5244140625 0.11848958333333333 0.54296875 0.109375 0.55859375 0.10807291666666667
0 0.6630859375 0.21354166666666666 0.09765625 0.11979166666666667