0 0.640625 0.3776041666666667 0.671875 0.3932291666666667 0.6953125 0.4127604166666667 0.703125 0.4309895833333333 0.708984375 0.4388020833333333 0.716796875 0.4440104166666667 0.73046875 0.4661458333333333 0.7353515625 0.48046875 0.73828125 0.5 0.7470703125 0.5169270833333334 0.7451171875 0.5338541666666666 0.7490234375 0.5494791666666666 0.7490234375 0.5572916666666666 0.7470703125 0.5703125 0.7431640625 0.5794270833333334 0.744140625 0.5911458333333334 0.7373046875 0.6106770833333334 0.720703125 0.6393229166666666 0.7197265625 0.6471354166666666 0.689453125 0.6627604166666666 0.669921875 0.6666666666666666 0.650390625 0.6666666666666666 0.623046875 0.6588541666666666 0.6044921875 0.6458333333333334 0.5859375 0.6276041666666666 0.5673828125 0.59765625 0.55859375 0.5559895833333334 0.54296875 0.51171875 0.541015625 0.49609375 0.5419921875 0.4752604166666667 0.5498046875 0.4557291666666667 0.572265625 0.4283854166666667 0.583984375 0.4075520833333333 0.6083984375 0.3893229166666667 0.623046875 0.3828125 0.626953125 0.3776041666666667 0.6396484375 0.3776041666666667
0 0.5625 0.2552083333333333 0.5771484375 0.2669270833333333 0.58203125 0.2760416666666667 0.59375 0.3190104166666667 0.6025390625 0.3307291666666667 0.6220703125 0.3489583333333333 0.623046875 0.3763020833333333 0.583984375 0.4036458333333333 0.576171875 0.40625 0.5478515625 0.4505208333333333 0.54296875 0.4661458333333333 0.537109375 0.4765625 0.5361328125 0.484375 0.5234375 0.48828125 0.5087890625 0.4830729166666667 0.486328125 0.4700520833333333 0.4677734375 0.4700520833333333 0.4609375 0.4739583333333333 0.4482421875 0.4739583333333333 0.443359375 0.4700520833333333 0.4267578125 0.44921875 0.423828125 0.44140625 0.421875 0.4153645833333333 0.41796875 0.4088541666666667 0.416015625 0.3919270833333333 0.4208984375 0.3776041666666667 0.4365234375 0.3580729166666667 0.44921875 0.3346354166666667 0.4521484375 0.32421875 0.45703125 0.3177083333333333 0.4599609375 0.3151041666666667 0.4697265625 0.31640625 0.474609375 0.3046875 0.4990234375 0.2890625 0.5205078125 0.26171875 0.5224609375 0.2565104166666667 0.5283203125 0.2513020833333333 0.5546875 0.2513020833333333 0.5615234375 0.2552083333333333
0 0.8095703125 0.2981770833333333 0.8212890625 0.30859375 0.8251953125 0.3307291666666667 0.8447265625 0.3515625 0.8623046875 0.37890625 0.869140625 0.4075520833333333 0.869140625 0.4440104166666667 0.8623046875 0.4739583333333333 0.8466796875 0.49609375 0.8359375 0.5052083333333334 0.80859375 0.5169270833333334 0.763671875 0.515625 0.74609375 0.5026041666666666 0.740234375 0.4908854166666667 0.734375 0.46484375 0.724609375 0.4479166666666667 0.70703125 0.4283854166666667 0.697265625 0.4088541666666667 0.681640625 0.3958333333333333 0.677734375 0.3893229166666667 0.6806640625 0.3802083333333333 0.6904296875 0.3684895833333333 0.708984375 0.35546875 0.7451171875 0.3372395833333333 0.7568359375 0.3203125 0.7705078125 0.3151041666666667 0.7919921875 0.2994791666666667 0.80859375 0.2981770833333333
0 0.2666015625 0.2565104166666667 0.28515625 0.2643229166666667 0.2958984375 0.2734375 0.30078125 0.29296875 0.30078125 0.3020833333333333 0.2958984375 0.3203125 0.228515625 0.3203125 0.21875 0.3346354166666667 0.212890625 0.3385416666666667 0.2109375 0.34765625 0.205078125 0.35546875 0.1923828125 0.3684895833333333 0.181640625 0.375 0.177734375 0.3736979166666667 0.177734375 0.3658854166666667 0.181640625 0.3528645833333333 0.181640625 0.3333333333333333 0.1865234375 0.3216145833333333 0.19140625 0.2942708333333333 0.205078125 0.2682291666666667 0.21875 0.26171875 0.2353515625 0.26171875 0.2509765625 0.2565104166666667 0.265625 0.2565104166666667
0 0.2421875 0.3216145833333333 0.267578125 0.3216145833333333 0.298828125 0.328125 0.333984375 0.3489583333333333 0.3486328125 0.36328125 0.3681640625 0.3893229166666667 0.3837890625 0.4231770833333333 0.388671875 0.4453125 0.388671875 0.4518229166666667 0.3828125 0.4622395833333333 0.3564453125 0.4895833333333333 0.35546875 0.5013020833333334 0.359375 0.51953125 0.359375 0.5299479166666666 0.3486328125 0.546875 0.34765625 0.5703125 0.3427734375 0.5807291666666666 0.3408203125 0.6015625 0.3359375 0.6145833333333334 0.3349609375 0.6276041666666666 0.33203125 0.6328125 0.3134765625 0.6588541666666666 0.306640625 0.6575520833333334 0.2900390625 0.6666666666666666 0.279296875 0.6692708333333334 0.2548828125 0.6692708333333334 0.2431640625 0.671875 0.232421875 0.671875 0.2119140625 0.6653645833333334 0.185546875 0.65234375 0.1669921875 0.63671875 0.14453125 0.6067708333333334 0.134765625 0.578125 0.134765625 0.5638020833333334 0.1240234375 0.5247395833333334 0.1220703125 0.5052083333333334 0.12890625 0.4635416666666667 0.140625 0.44140625 0.142578125 0.4283854166666667 0.1513671875 0.4010416666666667 0.1640625 0.38671875 0.1865234375 0.3763020833333333 0.2138671875 0.3502604166666667 0.2177734375 0.34375 0.220703125 0.33203125 0.224609375 0.3268229166666667 0.2412109375 0.3216145833333333
0 0.703125 0.06380208333333333 0.708984375 0.06510416666666667 0.7197265625 0.07291666666666667 0.7275390625 0.08723958333333333 0.748046875 0.1015625 0.76953125 0.13020833333333334 0.783203125 0.17708333333333334 0.78515625 0.19401041666666666 0.7841796875 0.22005208333333334 0.7783203125 0.23958333333333334 0.7763671875 0.2630208333333333 0.7705078125 0.2838541666666667 0.7705078125 0.29296875 0.763671875 0.2994791666666667 0.76171875 0.3098958333333333 0.75390625 0.3151041666666667 0.7451171875 0.3255208333333333 0.7001953125 0.3515625 0.6884765625 0.3567708333333333 0.6630859375 0.359375 0.640625 0.3502604166666667 0.6298828125 0.3489583333333333 0.6015625 0.3229166666666667 0.5947265625 0.3111979166666667 0.5927734375 0.296875 0.580078125 0.26171875 0.5830078125 0.18619791666666666 0.5869140625 0.17447916666666666 0.6025390625 0.15885416666666666 0.6181640625 0.1328125 0.646484375 0.10677083333333333 0.66015625 0.08723958333333333 0.6865234375 0.07682291666666667 0.6982421875 0.06510416666666667 0.7021484375 0.06510416666666667
0 0.392578125 0.17447916666666666 0.41015625 0.18229166666666666 0.4228515625 0.1953125 0.4443359375 0.22395833333333334 0.45703125 0.2591145833333333 0.4599609375 0.2786458333333333 0.447265625 0.328125 0.4326171875 0.3567708333333333 0.4140625 0.3736979166666667 0.3798828125 0.3854166666666667 0.369140625 0.3828125 0.33984375 0.3489583333333333 0.3251953125 0.3385416666666667 0.31640625 0.328125 0.3125 0.3111979166666667 0.3037109375 0.3033854166666667 0.2978515625 0.2578125 0.3154296875 0.22005208333333334 0.3271484375 0.20182291666666666 0.3349609375 0.19401041666666666 0.35546875 0.1796875 0.3916015625 0.17447916666666666
0 0.8974609375 0.1875 0.9013671875 0.19140625 0.90234375 0.21484375 0.9111328125 0.22526041666666666 0.923828125 0.23307291666666666 0.9306640625 0.24479166666666666 0.9384765625 0.25 0.9384765625 0.2669270833333333 0.931640625 0.2825520833333333 0.9052734375 0.3138020833333333 0.8974609375 0.31640625 0.8564453125 0.3151041666666667 0.8447265625 0.3177083333333333 0.8271484375 0.31640625 0.8154296875 0.29296875 0.81640625 0.2786458333333333 0.8291015625 0.25 0.8349609375 0.20442708333333334 0.841796875 0.19401041666666666 0.8515625 0.18880208333333334 0.896484375 0.1875
0 0.3974609375 0.4557291666666667 0.4111328125 0.4583333333333333 0.421875 0.4661458333333333 0.4306640625 0.4661458333333333 0.4443359375 0.4830729166666667 0.462890625 0.48046875 0.48046875 0.4817708333333333 0.490234375 0.4791666666666667 0.501953125 0.4830729166666667 0.529296875 0.5013020833333334 0.537109375 0.51171875 0.54296875 0.5247395833333334 0.5576171875 0.5690104166666666 0.5615234375 0.6028645833333334 0.560546875 0.6575520833333334 0.552734375 0.6861979166666666 0.55078125 0.734375 0.5537109375 0.7395833333333334 0.5634765625 0.7421875 0.5673828125 0.7526041666666666 0.5673828125 0.7734375 0.55078125 0.8059895833333334 0.5400390625 0.8046875 0.462890625 0.7734375 0.4375 0.765625 0.400390625 0.74609375 0.3779296875 0.7278645833333334 0.3515625 0.6875 0.34375 0.6666666666666666 0.3388671875 0.6315104166666666 0.33984375 0.6184895833333334 0.345703125 0.59375 0.3515625 0.5755208333333334 0.357421875 0.56640625 0.3544921875 0.5598958333333334 0.3544921875 0.5533854166666666 0.365234375 0.5377604166666666 0.365234375 0.5247395833333334 0.3603515625 0.4986979166666667 0.361328125 0.4908854166666667 0.3642578125 0.4869791666666667 0.37109375 0.4856770833333333 0.390625 0.4583333333333333 0.396484375 0.4557291666666667
0 0.5205078125 0.18229166666666666 0.5322265625 0.18489583333333334 0.55078125 0.19401041666666666 0.5634765625 0.20572916666666666 0.576171875 0.21354166666666666 0.578125 0.21744791666666666 0.5771484375 0.24609375 0.5703125 0.25390625 0.5625 0.25390625 0.5498046875 0.24869791666666666 0.5263671875 0.24869791666666666 0.5126953125 0.2721354166666667 0.498046875 0.2903645833333333 0.4921875 0.2942708333333333 0.4814453125 0.2942708333333333 0.4736328125 0.2981770833333333 0.466796875 0.296875 0.4658203125 0.2942708333333333 0.4658203125 0.2760416666666667 0.462890625 0.2643229166666667 0.4580078125 0.2578125 0.4501953125 0.22916666666666666 0.453125 0.21614583333333334 0.46484375 0.19791666666666666 0.474609375 0.19140625 0.484375 0.19010416666666666 0.5078125 0.18098958333333334 0.51953125 0.18229166666666666
0 0.7958984375 0.13411458333333334 0.8037109375 0.13802083333333334 0.8173828125 0.15755208333333334 0.82421875 0.17317708333333334 0.8310546875 0.19791666666666666 0.828125 0.24479166666666666 0.814453125 0.28125 0.806640625 0.2890625 0.7919921875 0.2877604166666667 0.7880859375 0.2760416666666667 0.7783203125 0.2630208333333333 0.7783203125 0.24869791666666666 0.7841796875 0.22786458333333334 0.787109375 0.19791666666666666 0.7841796875 0.17317708333333334 0.775390625 0.14453125 0.775390625 0.13802083333333334 0.78125 0.1328125 0.794921875 0.13411458333333334