0 0.466796875 0.2838541666666667 0.4873046875 0.2981770833333333 0.4951171875 0.3125 0.5 0.3450520833333333 0.5 0.3736979166666667 0.49609375 0.3932291666666667 0.48828125 0.4114583333333333 0.4765625 0.4231770833333333 0.458984375 0.4296875 0.44921875 0.4270833333333333 0.43359375 0.4283854166666667 0.42578125 0.4244791666666667 0.431640625 0.4036458333333333 0.439453125 0.3893229166666667 0.443359375 0.3736979166666667 0.4443359375 0.3255208333333333 0.4462890625 0.3216145833333333 0.4423828125 0.3098958333333333 0.4306640625 0.2942708333333333 0.4287109375 0.2877604166666667 0.443359375 0.2786458333333333 0.4560546875 0.2786458333333333 0.4658203125 0.2838541666666667
0 0.7333984375 0.4973958333333333 0.75390625 0.5078125 0.779296875 0.53125 0.79296875 0.5533854166666666 0.806640625 0.5924479166666666 0.802734375 0.6380208333333334 0.7998046875 0.6497395833333334 0.7880859375 0.6744791666666666 0.7685546875 0.6966145833333334 0.7587890625 0.703125 0.734375 0.7096354166666666 0.7060546875 0.7083333333333334 0.6904296875 0.69921875 0.677734375 0.6848958333333334 0.66015625 0.6471354166666666 0.654296875 0.6236979166666666 0.650390625 0.5963541666666666 0.65234375 0.5755208333333334 0.6669921875 0.5377604166666666 0.6865234375 0.5130208333333334 0.69921875 0.5026041666666666 0.7197265625 0.4973958333333333 0.732421875 0.4973958333333333
0 0.271484375 0.5924479166666666 0.2998046875 0.6106770833333334 0.3203125 0.640625 0.3310546875 0.6653645833333334 0.3447265625 0.7109375 0.369140625 0.7434895833333334 0.3798828125 0.7630208333333334 0.3818359375 0.7682291666666666 0.3798828125 0.7916666666666666 0.3759765625 0.8033854166666666 0.3662109375 0.8125 0.3583984375 0.8125 0.353515625 0.7994791666666666 0.3369140625 0.8059895833333334 0.3046875 0.83203125 0.2958984375 0.8450520833333334 0.2890625 0.8502604166666666 0.248046875 0.8658854166666666 0.2197265625 0.8697916666666666 0.1943359375 0.8671875 0.1845703125 0.8606770833333334 0.1787109375 0.8528645833333334 0.1533203125 0.80078125 0.1455078125 0.7643229166666666 0.1240234375 0.7330729166666666 0.1123046875 0.7239583333333334 0.107421875 0.7096354166666666 0.1064453125 0.6979166666666666 0.1171875 0.66796875 0.130859375 0.6510416666666666 0.13671875 0.6471354166666666 0.1474609375 0.6497395833333334 0.1630859375 0.6380208333333334 0.173828125 0.625 0.2099609375 0.6028645833333334 0.2236328125 0.5911458333333334 0.2509765625 0.5872395833333334 0.2705078125 0.5924479166666666
0 0.3515625 0.109375 0.3583984375 0.11458333333333333 0.365234375 0.125 0.3759765625 0.1171875 0.392578125 0.1171875 0.40625 0.12239583333333333 0.421875 0.1328125 0.43359375 0.1484375 0.4423828125 0.16666666666666666 0.447265625 0.19140625 0.4462890625 0.2265625 0.44140625 0.25390625 0.4345703125 0.2604166666666667 0.4267578125 0.2747395833333333 0.419921875 0.27734375 0.3896484375 0.2578125 0.373046875 0.25390625 0.3583984375 0.24609375 0.3466796875 0.24609375 0.3310546875 0.2513020833333333 0.3125 0.26171875 0.306640625 0.26171875 0.294921875 0.2721354166666667 0.28515625 0.28515625 0.2724609375 0.2955729166666667 0.2685546875 0.2903645833333333 0.2646484375 0.2708333333333333 0.2646484375 0.23958333333333334 0.2685546875 0.2265625 0.2802734375 0.20833333333333334 0.2958984375 0.19661458333333334 0.298828125 0.17838541666666666 0.3076171875 0.16666666666666666 0.310546875 0.15364583333333334 0.318359375 0.14713541666666666 0.3203125 0.13671875 0.326171875 0.13020833333333334 0.3330078125 0.12760416666666666 0.3427734375 0.11197916666666667 0.3505859375 0.109375
0 0.2412109375 0.33203125 0.25 0.3333333333333333 0.2568359375 0.3385416666666667 0.2578125 0.3841145833333333 0.267578125 0.4075520833333333 0.2890625 0.4361979166666667 0.310546875 0.4557291666666667 0.3134765625 0.4609375 0.3134765625 0.4674479166666667 0.3076171875 0.4817708333333333 0.2880859375 0.515625 0.2783203125 0.52734375 0.259765625 0.5364583333333334 0.2158203125 0.5338541666666666 0.1962890625 0.5247395833333334 0.1787109375 0.5052083333333334 0.1591796875 0.4739583333333333 0.15234375 0.44140625 0.1552734375 0.4049479166666667 0.1611328125 0.3828125 0.1708984375 0.359375 0.1875 0.3463541666666667 0.21484375 0.3333333333333333 0.240234375 0.33203125
0 0.6171875 0.20442708333333334 0.623046875 0.21484375 0.63671875 0.21484375 0.6572265625 0.22135416666666666 0.6728515625 0.23828125 0.6826171875 0.2513020833333333 0.6962890625 0.27734375 0.7080078125 0.3138020833333333 0.7119140625 0.3359375 0.7119140625 0.3580729166666667 0.70703125 0.3854166666666667 0.697265625 0.4049479166666667 0.6962890625 0.4114583333333333 0.6904296875 0.4127604166666667 0.6875 0.4166666666666667 0.685546875 0.4361979166666667 0.6826171875 0.4401041666666667 0.6748046875 0.4127604166666667 0.662109375 0.3841145833333333 0.6533203125 0.3736979166666667 0.626953125 0.3580729166666667 0.6083984375 0.3580729166666667 0.580078125 0.3658854166666667 0.5595703125 0.3658854166666667 0.552734375 0.3541666666666667 0.5478515625 0.3307291666666667 0.54296875 0.3255208333333333 0.5458984375 0.2890625 0.5517578125 0.2682291666666667 0.5595703125 0.2526041666666667 0.5673828125 0.2421875 0.57421875 0.23958333333333334 0.58984375 0.22135416666666666 0.609375 0.20442708333333334 0.6162109375 0.20442708333333334
0 0.626953125 0.3619791666666667 0.6474609375 0.3736979166666667 0.65625 0.3828125 0.6728515625 0.4153645833333333 0.681640625 0.4505208333333333 0.681640625 0.4986979166666667 0.6796875 0.50390625 0.669921875 0.5143229166666666 0.666015625 0.5299479166666666 0.6591796875 0.54296875 0.6201171875 0.57421875 0.5986328125 0.5807291666666666 0.57421875 0.5807291666666666 0.5693359375 0.5768229166666666 0.56640625 0.5481770833333334 0.5595703125 0.515625 0.544921875 0.4817708333333333 0.5224609375 0.4453125 0.5205078125 0.43359375 0.5322265625 0.4036458333333333 0.546875 0.38671875 0.5537109375 0.3828125 0.55859375 0.3723958333333333 0.576171875 0.3684895833333333 0.591796875 0.3684895833333333 0.607421875 0.3619791666666667 0.6259765625 0.3619791666666667
0 0.787109375 0.3828125 0.8037109375 0.3854166666666667 0.82421875 0.3997395833333333 0.8408203125 0.42578125 0.845703125 0.4401041666666667 0.84765625 0.4544270833333333 0.857421875 0.47265625 0.85546875 0.4895833333333333 0.8525390625 0.4934895833333333 0.8447265625 0.4934895833333333 0.8349609375 0.5130208333333334 0.8232421875 0.5286458333333334 0.8134765625 0.5390625 0.8017578125 0.5442708333333334 0.79296875 0.54296875 0.775390625 0.5221354166666666 0.7607421875 0.5091145833333334 0.736328125 0.4947916666666667 0.7265625 0.4934895833333333 0.720703125 0.4895833333333333 0.716796875 0.4713541666666667 0.716796875 0.45703125 0.7197265625 0.44921875 0.7373046875 0.4153645833333333 0.7490234375 0.3997395833333333 0.765625 0.38671875 0.7861328125 0.3828125
0 0.4873046875 0.41796875 0.49609375 0.421875 0.5126953125 0.4388020833333333 0.5263671875 0.4557291666666667 0.5439453125 0.4856770833333333 0.5576171875 0.51953125 0.564453125 0.5533854166666666 0.5654296875 0.6067708333333334 0.560546875 0.6328125 0.55078125 0.6627604166666666 0.5341796875 0.6927083333333334 0.51953125 0.7122395833333334 0.4853515625 0.7317708333333334 0.4658203125 0.7356770833333334 0.4482421875 0.7356770833333334 0.427734375 0.7317708333333334 0.4130859375 0.7252604166666666 0.4033203125 0.7369791666666666 0.3974609375 0.7369791666666666 0.396484375 0.7330729166666666 0.3994140625 0.7200520833333334 0.369140625 0.69140625 0.35546875 0.671875 0.341796875 0.6432291666666666 0.3310546875 0.6015625 0.330078125 0.5520833333333334 0.333984375 0.5338541666666666 0.333984375 0.5234375 0.3427734375 0.4947916666666667 0.35546875 0.4700520833333333 0.3935546875 0.44140625 0.4111328125 0.4322916666666667 0.4482421875 0.4322916666666667 0.4560546875 0.4375 0.4609375 0.4375 0.486328125 0.4192708333333333
0 0.5341796875 0.15494791666666666 0.5556640625 0.1640625 0.568359375 0.17447916666666666 0.5810546875 0.19791666666666666 0.5830078125 0.22135416666666666 0.55859375 0.24739583333333334 0.5517578125 0.26171875 0.541015625 0.296875 0.5341796875 0.3125 0.5283203125 0.3203125 0.517578125 0.32421875 0.501953125 0.3203125 0.4931640625 0.3020833333333333 0.4833984375 0.2903645833333333 0.453125 0.2721354166666667 0.44921875 0.2669270833333333 0.447265625 0.2565104166666667 0.4482421875 0.2265625 0.453125 0.19270833333333334 0.470703125 0.16666666666666666 0.5009765625 0.15234375 0.5224609375 0.15104166666666666 0.533203125 0.15494791666666666
0 0.3671875 0.25390625 0.373046875 0.2578125 0.3876953125 0.2604166666666667 0.40234375 0.2682291666666667 0.421875 0.28515625 0.43359375 0.30078125 0.4423828125 0.3177083333333333 0.4423828125 0.36328125 0.4384765625 0.3841145833333333 0.4248046875 0.4192708333333333 0.4208984375 0.4244791666666667 0.4072265625 0.4283854166666667 0.37890625 0.4453125 0.3701171875 0.453125 0.359375 0.4557291666666667 0.345703125 0.4635416666666667 0.3408203125 0.4635416666666667 0.30859375 0.44921875 0.2890625 0.4322916666666667 0.271484375 0.4088541666666667 0.2607421875 0.3841145833333333 0.259765625 0.3385416666666667 0.2646484375 0.3190104166666667 0.271484375 0.3033854166666667 0.2958984375 0.2760416666666667 0.3125 0.2643229166666667 0.3271484375 0.2604166666666667 0.3310546875 0.2565104166666667 0.3447265625 0.2513020833333333 0.35546875 0.25 0.3662109375 0.25390625