0 0.3935546875 0.51171875 0.3974609375 0.5169270833333334 0.400390625 0.5299479166666666 0.404296875 0.5299479166666666 0.4111328125 0.5221354166666666 0.423828125 0.5143229166666666 0.4462890625 0.5143229166666666 0.4482421875 0.51953125 0.4501953125 0.5559895833333334 0.453125 0.56640625 0.453125 0.57421875 0.4482421875 0.5807291666666666 0.4521484375 0.59765625 0.4599609375 0.6080729166666666 0.486328125 0.6263020833333334 0.4931640625 0.6354166666666666 0.5166015625 0.64453125 0.5380859375 0.64453125 0.5439453125 0.640625 0.556640625 0.6393229166666666 0.5537109375 0.6640625 0.544921875 0.6875 0.54296875 0.703125 0.5390625 0.7135416666666666 0.5302734375 0.7213541666666666 0.5107421875 0.74609375 0.4853515625 0.76171875 0.4658203125 0.7682291666666666 0.4560546875 0.7682291666666666 0.4306640625 0.7565104166666666 0.404296875 0.7486979166666666 0.3779296875 0.7174479166666666 0.365234375 0.6940104166666666 0.361328125 0.6705729166666666 0.3642578125 0.66015625 0.3564453125 0.6510416666666666 0.353515625 0.640625 0.3544921875 0.6015625 0.357421875 0.58984375 0.357421875 0.5794270833333334 0.359375 0.5729166666666666 0.3671875 0.56640625 0.3740234375 0.5559895833333334 0.3701171875 0.53125 0.3701171875 0.5221354166666666 0.3720703125 0.5182291666666666 0.392578125 0.51171875
0 0.431640625 0.76171875 0.4716796875 0.7838541666666666 0.4833984375 0.7825520833333334 0.4873046875 0.7877604166666666 0.494140625 0.8072916666666666 0.498046875 0.8359375 0.50390625 0.8515625 0.505859375 0.9049479166666666 0.5009765625 0.9140625 0.5009765625 0.9192708333333334 0.49609375 0.92578125 0.49609375 0.9348958333333334 0.4912109375 0.9544270833333334 0.4658203125 0.9986979166666666 0.3662109375 0.9986979166666666 0.3466796875 0.9752604166666666 0.337890625 0.9557291666666666 0.333984375 0.9622395833333334 0.3291015625 0.96484375 0.3173828125 0.9635416666666666 0.3134765625 0.95703125 0.3154296875 0.9322916666666666 0.3271484375 0.91796875 0.330078125 0.8997395833333334 0.3349609375 0.8893229166666666 0.3349609375 0.8684895833333334 0.3447265625 0.8463541666666666 0.3544921875 0.8307291666666666 0.353515625 0.8151041666666666 0.357421875 0.8033854166666666 0.3759765625 0.7799479166666666 0.396484375 0.7643229166666666 0.41015625 0.7591145833333334 0.4306640625 0.76171875
0 0.6396484375 0.6119791666666666 0.6474609375 0.62109375 0.666015625 0.6640625 0.66796875 0.703125 0.6650390625 0.7252604166666666 0.654296875 0.7473958333333334 0.6474609375 0.7552083333333334 0.6318359375 0.7604166666666666 0.6171875 0.7721354166666666 0.576171875 0.7916666666666666 0.5732421875 0.7916666666666666 0.560546875 0.78125 0.5595703125 0.7708333333333334 0.5498046875 0.7486979166666666 0.54296875 0.7200520833333334 0.5458984375 0.6966145833333334 0.5556640625 0.6705729166666666 0.5625 0.63671875 0.5751953125 0.62109375 0.583984375 0.6145833333333334 0.6142578125 0.6171875 0.638671875 0.6119791666666666
0 0.271484375 0.3815104166666667 0.2861328125 0.3880208333333333 0.2998046875 0.3984375 0.3076171875 0.41015625 0.31640625 0.4309895833333333 0.3486328125 0.4635416666666667 0.3564453125 0.4830729166666667 0.3564453125 0.4947916666666667 0.3515625 0.5143229166666666 0.33984375 0.5338541666666666 0.337890625 0.5481770833333334 0.3173828125 0.5911458333333334 0.3115234375 0.5989583333333334 0.2861328125 0.6158854166666666 0.2763671875 0.6184895833333334 0.248046875 0.6184895833333334 0.2373046875 0.6158854166666666 0.2177734375 0.60546875 0.19921875 0.58984375 0.181640625 0.5638020833333334 0.17578125 0.5416666666666666 0.16796875 0.5234375 0.166015625 0.5078125 0.166015625 0.4908854166666667 0.169921875 0.4661458333333333 0.181640625 0.4388020833333333 0.19921875 0.4088541666666667 0.21875 0.3932291666666667 0.2392578125 0.3841145833333333 0.2548828125 0.3802083333333333 0.2705078125 0.3815104166666667
0 0.314453125 0.609375 0.3232421875 0.6171875 0.328125 0.6315104166666666 0.341796875 0.63671875 0.3486328125 0.6471354166666666 0.3544921875 0.6627604166666666 0.3505859375 0.6796875 0.35546875 0.6966145833333334 0.3564453125 0.7109375 0.3525390625 0.7408854166666666 0.341796875 0.7682291666666666 0.33203125 0.7825520833333334 0.3212890625 0.79296875 0.3017578125 0.8020833333333334 0.2724609375 0.80078125 0.2578125 0.8046875 0.224609375 0.7903645833333334 0.2197265625 0.7786458333333334 0.1982421875 0.7552083333333334 0.1865234375 0.7161458333333334 0.185546875 0.6875 0.1875 0.6783854166666666 0.193359375 0.66796875 0.19921875 0.6484375 0.2158203125 0.6276041666666666 0.224609375 0.62109375 0.236328125 0.6197916666666666 0.2548828125 0.6236979166666666 0.279296875 0.6236979166666666 0.3134765625 0.609375
0 0.51953125 0.4270833333333333 0.525390625 0.4322916666666667 0.525390625 0.4361979166666667 0.529296875 0.4427083333333333 0.5400390625 0.4453125 0.5615234375 0.4609375 0.5888671875 0.5 0.5947265625 0.5169270833333334 0.5947265625 0.5325520833333334 0.599609375 0.5520833333333334 0.599609375 0.5598958333333334 0.5966796875 0.5690104166666666 0.5771484375 0.61328125 0.5673828125 0.6263020833333334 0.5595703125 0.6328125 0.5390625 0.640625 0.5126953125 0.6393229166666666 0.498046875 0.6328125 0.47265625 0.6106770833333334 0.4599609375 0.6041666666666666 0.4560546875 0.5989583333333334 0.4541015625 0.5911458333333334 0.4541015625 0.578125 0.45703125 0.5716145833333334 0.45703125 0.5625 0.4521484375 0.5390625 0.4521484375 0.515625 0.45703125 0.4934895833333333 0.4658203125 0.4791666666666667 0.48828125 0.45703125 0.4931640625 0.4453125 0.5048828125 0.4296875 0.5185546875 0.4270833333333333
0 0.5927734375 0.23046875 0.6142578125 0.24088541666666666 0.626953125 0.25390625 0.6396484375 0.2591145833333333 0.65625 0.27734375 0.6767578125 0.2877604166666667 0.6845703125 0.296875 0.6962890625 0.3033854166666667 0.6796875 0.3046875 0.671875 0.30859375 0.6650390625 0.3072916666666667 0.6630859375 0.3098958333333333 0.662109375 0.3138020833333333 0.6669921875 0.3268229166666667 0.6669921875 0.3359375 0.669921875 0.34765625 0.6689453125 0.37109375 0.666015625 0.3828125 0.650390625 0.41796875 0.6416015625 0.42578125 0.619140625 0.4375 0.591796875 0.4427083333333333 0.5693359375 0.4427083333333333 0.5615234375 0.4401041666666667 0.552734375 0.43359375 0.5439453125 0.421875 0.5322265625 0.4010416666666667 0.5263671875 0.3763020833333333 0.5234375 0.37109375 0.5185546875 0.3463541666666667 0.5185546875 0.33203125 0.515625 0.31640625 0.517578125 0.2838541666666667 0.525390625 0.2643229166666667 0.5322265625 0.25390625 0.5439453125 0.2421875 0.560546875 0.23307291666666666 0.5712890625 0.23046875 0.591796875 0.23046875
0 0.4111328125 0.1640625 0.4248046875 0.17447916666666666 0.439453125 0.18098958333333334 0.46484375 0.20052083333333334 0.48046875 0.20572916666666666 0.4833984375 0.2265625 0.4921875 0.23958333333333334 0.5009765625 0.24479166666666666 0.5126953125 0.2760416666666667 0.51171875 0.3046875 0.5185546875 0.3723958333333333 0.5107421875 0.40625 0.50390625 0.4231770833333333 0.478515625 0.4609375 0.4541015625 0.4817708333333333 0.435546875 0.48828125 0.4130859375 0.48828125 0.392578125 0.4817708333333333 0.380859375 0.4765625 0.361328125 0.4609375 0.3408203125 0.4322916666666667 0.328125 0.41015625 0.3203125 0.390625 0.3125 0.359375 0.3056640625 0.34375 0.3056640625 0.2721354166666667 0.314453125 0.23567708333333334 0.32421875 0.2109375 0.3349609375 0.1953125 0.35546875 0.17447916666666666 0.3681640625 0.16927083333333334 0.41015625 0.1640625
0 0.5546875 0.79296875 0.58203125 0.8059895833333334 0.5986328125 0.8268229166666666 0.6064453125 0.8385416666666666 0.6123046875 0.8658854166666666 0.611328125 0.9075520833333334 0.60546875 0.9309895833333334 0.59765625 0.9466145833333334 0.587890625 0.9778645833333334 0.58203125 0.9908854166666666 0.5751953125 0.9986979166666666 0.5185546875 0.9986979166666666 0.513671875 0.9947916666666666 0.5185546875 0.9934895833333334 0.5263671875 0.9791666666666666 0.5224609375 0.9739583333333334 0.5087890625 0.9674479166666666 0.5078125 0.95703125 0.50390625 0.953125 0.5048828125 0.94921875 0.5068359375 0.94921875 0.5107421875 0.9609375 0.5205078125 0.9635416666666666 0.5205078125 0.9700520833333334 0.525390625 0.97265625 0.5302734375 0.9661458333333334 0.5361328125 0.9518229166666666 0.53515625 0.94140625 0.53125 0.9348958333333334 0.529296875 0.9244791666666666 0.5302734375 0.9140625 0.5234375 0.8645833333333334 0.51953125 0.8502604166666666 0.5107421875 0.8372395833333334 0.509765625 0.8307291666666666 0.505859375 0.8268229166666666 0.5048828125 0.81640625 0.509765625 0.8125 0.5224609375 0.79296875 0.537109375 0.7877604166666666 0.5478515625 0.7877604166666666 0.5537109375 0.79296875
0 0.3623046875 0.7747395833333334 0.3701171875 0.7786458333333334 0.3701171875 0.7825520833333334 0.3525390625 0.8072916666666666 0.349609375 0.8203125 0.3505859375 0.8294270833333334 0.3330078125 0.8645833333333334 0.33203125 0.8919270833333334 0.3251953125 0.90625 0.32421875 0.9192708333333334 0.3173828125 0.9244791666666666 0.3125 0.9244791666666666 0.310546875 0.921875 0.30859375 0.92578125 0.3115234375 0.9479166666666666 0.310546875 0.9518229166666666 0.306640625 0.9544270833333334 0.29296875 0.9505208333333334 0.279296875 0.9427083333333334 0.2666015625 0.9270833333333334 0.259765625 0.9088541666666666 0.2548828125 0.87890625 0.255859375 0.8580729166666666 0.2607421875 0.8359375 0.2666015625 0.8268229166666666 0.2666015625 0.8151041666666666 0.26953125 0.8098958333333334 0.2763671875 0.8059895833333334 0.3037109375 0.8059895833333334 0.31640625 0.7994791666666666 0.33203125 0.7877604166666666 0.34375 0.7734375 0.361328125 0.7747395833333334
0 0.6328125 0.44140625 0.650390625 0.4557291666666667 0.662109375 0.4596354166666667 0.6650390625 0.4635416666666667 0.66796875 0.5052083333333334 0.6728515625 0.5234375 0.6728515625 0.54296875 0.6689453125 0.56640625 0.662109375 0.5807291666666666 0.6513671875 0.5950520833333334 0.638671875 0.6067708333333334 0.62109375 0.61328125 0.5908203125 0.6119791666666666 0.583984375 0.609375 0.5830078125 0.6067708333333334 0.6005859375 0.5638020833333334 0.6015625 0.5533854166666666 0.5966796875 0.53125 0.5966796875 0.5091145833333334 0.5693359375 0.4674479166666667 0.5673828125 0.4596354166666667 0.5751953125 0.4479166666666667 0.607421875 0.4453125 0.625 0.4388020833333333 0.6298828125 0.4388020833333333 0.6318359375 0.44140625