0 0.6220703125 0.21223958333333334 0.642578125 0.22786458333333334 0.658203125 0.25 0.6689453125 0.2604166666666667 0.673828125 0.2760416666666667 0.677734375 0.28515625 0.6826171875 0.2903645833333333 0.6865234375 0.3020833333333333 0.6904296875 0.3216145833333333 0.6904296875 0.3333333333333333 0.677734375 0.3515625 0.666015625 0.3567708333333333 0.6572265625 0.3645833333333333 0.6337890625 0.3971354166666667 0.623046875 0.4075520833333333 0.6015625 0.4166666666666667 0.587890625 0.4166666666666667 0.5693359375 0.4075520833333333 0.5390625 0.37890625 0.5302734375 0.3658854166666667 0.525390625 0.3541666666666667 0.521484375 0.3307291666666667 0.5244140625 0.3138020833333333 0.525390625 0.2760416666666667 0.5341796875 0.2513020833333333 0.5419921875 0.24088541666666666 0.5625 0.22265625 0.57421875 0.21484375 0.603515625 0.20833333333333334 0.6123046875 0.20833333333333334 0.62109375 0.21223958333333334
0 0.435546875 0.171875 0.4775390625 0.171875 0.482421875 0.17447916666666666 0.494140625 0.19270833333333334 0.51953125 0.26171875 0.5205078125 0.3020833333333333 0.51171875 0.3268229166666667 0.5048828125 0.3385416666666667 0.4951171875 0.3489583333333333 0.4833984375 0.35546875 0.466796875 0.3580729166666667 0.4482421875 0.3567708333333333 0.41796875 0.3489583333333333 0.4033203125 0.3411458333333333 0.3974609375 0.3333333333333333 0.3916015625 0.3138020833333333 0.3828125 0.2994791666666667 0.3681640625 0.24739583333333334 0.37109375 0.21484375 0.3759765625 0.20052083333333334 0.38671875 0.18359375 0.4091796875 0.17317708333333334 0.4345703125 0.171875
0 0.2509765625 0.484375 0.2666015625 0.4895833333333333 0.2890625 0.50390625 0.3037109375 0.5234375 0.30859375 0.5377604166666666 0.3232421875 0.5533854166666666 0.3271484375 0.57421875 0.3271484375 0.60546875 0.3232421875 0.6341145833333334 0.318359375 0.64453125 0.3154296875 0.6575520833333334 0.30859375 0.66796875 0.2939453125 0.68359375 0.279296875 0.6927083333333334 0.263671875 0.7005208333333334 0.236328125 0.7005208333333334 0.220703125 0.6966145833333334 0.2021484375 0.6848958333333334 0.1953125 0.68359375 0.1943359375 0.69140625 0.181640625 0.7122395833333334 0.1767578125 0.7083333333333334 0.1669921875 0.6888020833333334 0.154296875 0.6744791666666666 0.1513671875 0.6653645833333334 0.142578125 0.65234375 0.134765625 0.6471354166666666 0.119140625 0.64453125 0.1162109375 0.6354166666666666 0.1103515625 0.6302083333333334 0.111328125 0.6197916666666666 0.12109375 0.6080729166666666 0.125 0.5989583333333334 0.1259765625 0.5690104166666666 0.13671875 0.56640625 0.142578125 0.5703125 0.1474609375 0.5703125 0.1513671875 0.5651041666666666 0.158203125 0.5442708333333334 0.1689453125 0.5260416666666666 0.1884765625 0.5026041666666666 0.2177734375 0.484375 0.25 0.484375
0 0.4052734375 0.59375 0.4287109375 0.6067708333333334 0.4462890625 0.625 0.4580078125 0.6653645833333334 0.4599609375 0.6809895833333334 0.451171875 0.7135416666666666 0.4423828125 0.7330729166666666 0.4326171875 0.7643229166666666 0.416015625 0.7864583333333334 0.404296875 0.7916666666666666 0.3857421875 0.7799479166666666 0.3740234375 0.7760416666666666 0.3662109375 0.77734375 0.34375 0.76171875 0.328125 0.7408854166666666 0.3203125 0.7252604166666666 0.314453125 0.6966145833333334 0.314453125 0.6744791666666666 0.3203125 0.6510416666666666 0.330078125 0.6302083333333334 0.337890625 0.6197916666666666 0.3486328125 0.6080729166666666 0.373046875 0.5950520833333334 0.3828125 0.5924479166666666 0.404296875 0.59375
0 0.28515625 0 0.3779296875 0 0.37890625 0.0026041666666666665 0.3837890625 0.00390625 0.3974609375 0.018229166666666668 0.412109375 0.040364583333333336 0.4150390625 0.0625 0.4189453125 0.07552083333333333 0.421875 0.10546875 0.4208984375 0.13020833333333334 0.408203125 0.15755208333333334 0.3984375 0.16927083333333334 0.38671875 0.17578125 0.3662109375 0.20182291666666666 0.3203125 0.20182291666666666 0.2880859375 0.19270833333333334 0.271484375 0.16796875 0.2607421875 0.13802083333333334 0.25 0.11848958333333333 0.2490234375 0.11197916666666667 0.25390625 0.10546875 0.25390625 0.09895833333333333 0.251953125 0.09635416666666667 0.23828125 0.09244791666666667 0.224609375 0.09375 0.21875 0.08463541666666667 0.2197265625 0.078125 0.23046875 0.06901041666666667 0.2421875 0.06901041666666667 0.2509765625 0.07421875 0.2529296875 0.07161458333333333 0.2509765625 0.048177083333333336 0.2744140625 0.014322916666666666 0.28125 0.01171875 0.2841796875 0.0078125 0.28515625 0.0013020833333333333
0 0.630859375 0.4700520833333333 0.6513671875 0.4778645833333333 0.6611328125 0.4908854166666667 0.6767578125 0.5026041666666666 0.6845703125 0.5130208333333334 0.697265625 0.5390625 0.701171875 0.5638020833333334 0.697265625 0.59375 0.6865234375 0.6197916666666666 0.6591796875 0.6458333333333334 0.640625 0.6497395833333334 0.609375 0.6497395833333334 0.5849609375 0.6380208333333334 0.5625 0.6197916666666666 0.5537109375 0.609375 0.5439453125 0.58203125 0.5458984375 0.5572916666666666 0.5556640625 0.53125 0.560546875 0.5234375 0.5673828125 0.4973958333333333 0.5712890625 0.4895833333333333 0.6025390625 0.4713541666666667 0.6142578125 0.46875 0.6298828125 0.4700520833333333
0 0.4736328125 0.3645833333333333 0.4912109375 0.3671875 0.50390625 0.3736979166666667 0.5263671875 0.4049479166666667 0.537109375 0.41015625 0.5419921875 0.4166666666666667 0.560546875 0.4544270833333333 0.564453125 0.4739583333333333 0.564453125 0.4895833333333333 0.5615234375 0.5078125 0.556640625 0.5221354166666666 0.544921875 0.5455729166666666 0.54296875 0.5533854166666666 0.533203125 0.5703125 0.51953125 0.5872395833333334 0.4970703125 0.6041666666666666 0.4853515625 0.6106770833333334 0.47265625 0.61328125 0.4375 0.6067708333333334 0.4072265625 0.5872395833333334 0.3935546875 0.57421875 0.3828125 0.55859375 0.3701171875 0.5299479166666666 0.36328125 0.4921875 0.36328125 0.4635416666666667 0.37890625 0.4322916666666667 0.380859375 0.3997395833333333 0.3876953125 0.38671875 0.4033203125 0.3723958333333333 0.419921875 0.3776041666666667 0.4384765625 0.37109375 0.4443359375 0.3658854166666667 0.47265625 0.3645833333333333
0 0.5400390625 0.6380208333333334 0.57421875 0.6458333333333334 0.59375 0.6588541666666666 0.6025390625 0.66015625 0.611328125 0.6666666666666666 0.62109375 0.6783854166666666 0.6279296875 0.6966145833333334 0.6357421875 0.70703125 0.6455078125 0.7395833333333334 0.642578125 0.7864583333333334 0.6328125 0.8294270833333334 0.623046875 0.8619791666666666 0.6064453125 0.8919270833333334 0.5927734375 0.9088541666666666 0.572265625 0.9244791666666666 0.55078125 0.9296875 0.5048828125 0.9296875 0.4951171875 0.9270833333333334 0.48046875 0.9127604166666666 0.47265625 0.9088541666666666 0.4443359375 0.8515625 0.4384765625 0.828125 0.435546875 0.8033854166666666 0.435546875 0.7799479166666666 0.4384765625 0.76171875 0.4453125 0.73828125 0.4521484375 0.7317708333333334 0.453125 0.7200520833333334 0.4599609375 0.69921875 0.4775390625 0.6744791666666666 0.494140625 0.65625 0.521484375 0.6393229166666666 0.5390625 0.6380208333333334
0 0.5400390625 0.0546875 0.56640625 0.06901041666666667 0.5849609375 0.09635416666666667 0.5927734375 0.12760416666666666 0.5927734375 0.15104166666666666 0.578125 0.19921875 0.5673828125 0.21223958333333334 0.52734375 0.24479166666666666 0.517578125 0.2421875 0.50390625 0.21354166666666666 0.4970703125 0.18880208333333334 0.4853515625 0.171875 0.478515625 0.16796875 0.466796875 0.16796875 0.4580078125 0.16145833333333334 0.451171875 0.14192708333333334 0.451171875 0.13151041666666666 0.4560546875 0.10807291666666667 0.462890625 0.09375 0.4736328125 0.08072916666666667 0.4833984375 0.07682291666666667 0.4990234375 0.06510416666666667 0.5087890625 0.0625 0.51953125 0.053385416666666664 0.5390625 0.0546875
0 0.4091796875 0 0.5234375 0 0.525390625 0.016927083333333332 0.525390625 0.032552083333333336 0.5234375 0.040364583333333336 0.5166015625 0.05078125 0.4814453125 0.07421875 0.4697265625 0.078125 0.4619140625 0.08463541666666667 0.45703125 0.08463541666666667 0.4248046875 0.06380208333333333 0.4208984375 0.05859375 0.4150390625 0.03515625 0.4072265625 0.020833333333333332 0.4091796875 0.0013020833333333333
0 0.2900390625 0.20052083333333334 0.31640625 0.20833333333333334 0.337890625 0.22135416666666666 0.3642578125 0.2513020833333333 0.3759765625 0.2890625 0.3828125 0.3255208333333333 0.3828125 0.3411458333333333 0.3798828125 0.34765625 0.37890625 0.3619791666666667 0.373046875 0.3763020833333333 0.3564453125 0.3984375 0.3466796875 0.4231770833333333 0.3388671875 0.4361979166666667 0.314453125 0.4609375 0.3017578125 0.46875 0.2802734375 0.4765625 0.248046875 0.4765625 0.228515625 0.47265625 0.21484375 0.4622395833333333 0.1982421875 0.4544270833333333 0.1884765625 0.4440104166666667 0.1708984375 0.4127604166666667 0.162109375 0.3802083333333333 0.16015625 0.3645833333333333 0.162109375 0.3359375 0.1611328125 0.3216145833333333 0.169921875 0.29296875 0.1826171875 0.2643229166666667 0.1953125 0.24609375 0.2177734375 0.22265625 0.2333984375 0.21223958333333334 0.2509765625 0.20442708333333334 0.2685546875 0.20052083333333334 0.2890625 0.20052083333333334