0 0.744140625 0.5221354166666666 0.748046875 0.5247395833333334 0.75 0.5299479166666666 0.7509765625 0.5416666666666666 0.7490234375 0.5546875 0.7412109375 0.5677083333333334 0.7373046875 0.5677083333333334 0.7333984375 0.5638020833333334 0.7158203125 0.5286458333333334 0.7255859375 0.5286458333333334 0.7431640625 0.5221354166666666
0 0.6044921875 0.203125 0.615234375 0.20572916666666666 0.6259765625 0.21354166666666666 0.634765625 0.22265625 0.6435546875 0.2421875 0.6123046875 0.23567708333333334 0.5986328125 0.23697916666666666 0.58984375 0.2421875 0.5771484375 0.25390625 0.56640625 0.2708333333333333 0.55859375 0.2877604166666667 0.55078125 0.3138020833333333 0.544921875 0.3138020833333333 0.541015625 0.3072916666666667 0.5400390625 0.2760416666666667 0.54296875 0.2526041666666667 0.5458984375 0.24479166666666666 0.5595703125 0.22265625 0.5703125 0.21223958333333334 0.5830078125 0.20572916666666666 0.603515625 0.203125
0 0.5322265625 0.6575520833333334 0.5546875 0.6640625 0.5576171875 0.66796875 0.5654296875 0.6940104166666666 0.572265625 0.7044270833333334 0.5869140625 0.7513020833333334 0.5947265625 0.7630208333333334 0.6181640625 0.77734375 0.6240234375 0.7786458333333334 0.630859375 0.7760416666666666 0.6337890625 0.7786458333333334 0.6376953125 0.796875 0.6376953125 0.8268229166666666 0.6337890625 0.8619791666666666 0.62890625 0.8776041666666666 0.6162109375 0.90234375 0.6181640625 0.9270833333333334 0.6142578125 0.9375 0.6123046875 0.9583333333333334 0.609375 0.96875 0.60546875 0.9700520833333334 0.5751953125 0.953125 0.5634765625 0.9622395833333334 0.5517578125 0.9674479166666666 0.525390625 0.9713541666666666 0.4873046875 0.9674479166666666 0.462890625 0.9544270833333334 0.4384765625 0.93359375 0.427734375 0.9296875 0.42578125 0.9270833333333334 0.42578125 0.9140625 0.4228515625 0.90625 0.41015625 0.890625 0.41015625 0.8763020833333334 0.4052734375 0.8502604166666666 0.4033203125 0.8229166666666666 0.40625 0.7864583333333334 0.412109375 0.7591145833333334 0.4306640625 0.7161458333333334 0.447265625 0.69140625 0.462890625 0.6770833333333334 0.486328125 0.6653645833333334 0.4951171875 0.6640625 0.50390625 0.6575520833333334 0.53125 0.6575520833333334
0 0.47265625 0.3033854166666667 0.48046875 0.31640625 0.482421875 0.3294270833333333 0.48828125 0.3359375 0.5283203125 0.34765625 0.533203125 0.3528645833333333 0.5380859375 0.36328125 0.5478515625 0.3658854166666667 0.5498046875 0.3723958333333333 0.5517578125 0.4036458333333333 0.560546875 0.4270833333333333 0.560546875 0.4401041666666667 0.5673828125 0.4557291666666667 0.5673828125 0.4752604166666667 0.5634765625 0.4947916666666667 0.5537109375 0.5182291666666666 0.5302734375 0.546875 0.5048828125 0.5625 0.4716796875 0.5677083333333334 0.439453125 0.5638020833333334 0.4033203125 0.5403645833333334 0.392578125 0.5260416666666666 0.3798828125 0.5013020833333334 0.375 0.4817708333333333 0.3720703125 0.45703125 0.375 0.4296875 0.3818359375 0.4075520833333333 0.3935546875 0.3815104166666667 0.40234375 0.37109375 0.404296875 0.3645833333333333 0.41796875 0.3489583333333333 0.439453125 0.3372395833333333 0.447265625 0.3216145833333333 0.447265625 0.3138020833333333 0.4501953125 0.3072916666666667 0.455078125 0.3033854166666667 0.4716796875 0.3033854166666667
0 0.728515625 0.6640625 0.7333984375 0.6783854166666666 0.734375 0.7096354166666666 0.732421875 0.734375 0.724609375 0.7565104166666666 0.7060546875 0.78515625 0.69140625 0.796875 0.677734375 0.8020833333333334 0.6494140625 0.7981770833333334 0.640625 0.7903645833333334 0.6396484375 0.7734375 0.646484375 0.765625 0.6513671875 0.7513020833333334 0.6484375 0.7330729166666666 0.685546875 0.7135416666666666 0.697265625 0.703125 0.7236328125 0.6666666666666666 0.7275390625 0.6640625
0 0.734375 0.3138020833333333 0.7451171875 0.3177083333333333 0.7548828125 0.3255208333333333 0.7587890625 0.3255208333333333 0.76171875 0.3190104166666667 0.7685546875 0.3255208333333333 0.775390625 0.32421875 0.7763671875 0.33203125 0.7900390625 0.3723958333333333 0.79296875 0.3880208333333333 0.79296875 0.4010416666666667 0.7890625 0.4049479166666667 0.787109375 0.4166666666666667 0.775390625 0.4453125 0.75390625 0.4856770833333333 0.740234375 0.5013020833333334 0.72265625 0.5104166666666666 0.7099609375 0.5104166666666666 0.7021484375 0.5065104166666666 0.6953125 0.4973958333333333 0.693359375 0.48828125 0.71875 0.4453125 0.7216796875 0.4361979166666667 0.724609375 0.41796875 0.7255859375 0.3932291666666667 0.71875 0.3502604166666667 0.71875 0.3190104166666667 0.7216796875 0.3125 0.7333984375 0.3138020833333333
0 0.6884765625 0.2421875 0.712890625 0.2708333333333333 0.716796875 0.2825520833333333 0.7177734375 0.3151041666666667 0.7158203125 0.3450520833333333 0.7216796875 0.3723958333333333 0.72265625 0.4153645833333333 0.716796875 0.4453125 0.7001953125 0.4713541666666667 0.6865234375 0.4856770833333333 0.6806640625 0.4856770833333333 0.677734375 0.4830729166666667 0.662109375 0.4856770833333333 0.6474609375 0.48046875 0.6279296875 0.4778645833333333 0.6015625 0.48046875 0.595703125 0.4752604166666667 0.56640625 0.4375 0.5654296875 0.4270833333333333 0.5576171875 0.4114583333333333 0.5537109375 0.3971354166666667 0.552734375 0.3567708333333333 0.560546875 0.3098958333333333 0.5654296875 0.3098958333333333 0.6015625 0.2786458333333333 0.6162109375 0.2721354166666667 0.6513671875 0.2708333333333333 0.6748046875 0.2799479166666667 0.6787109375 0.2734375 0.6708984375 0.2630208333333333 0.6708984375 0.25390625 0.677734375 0.24348958333333334 0.681640625 0.24088541666666666 0.6875 0.2421875
0 0.384765625 0.35546875 0.3994140625 0.3606770833333333 0.4013671875 0.3671875 0.3876953125 0.3880208333333333 0.3818359375 0.4010416666666667 0.373046875 0.4296875 0.369140625 0.453125 0.3740234375 0.4921875 0.3798828125 0.5104166666666666 0.3896484375 0.5247395833333334 0.3935546875 0.53515625 0.39453125 0.5494791666666666 0.3916015625 0.5559895833333334 0.3828125 0.5572916666666666 0.3671875 0.5677083333333334 0.3603515625 0.56640625 0.3515625 0.5559895833333334 0.337890625 0.5455729166666666 0.3330078125 0.5377604166666666 0.33203125 0.5143229166666666 0.3369140625 0.5026041666666666 0.3369140625 0.4934895833333333 0.3232421875 0.4765625 0.3173828125 0.4635416666666667 0.3134765625 0.4453125 0.3134765625 0.4153645833333333 0.32421875 0.3854166666666667 0.3310546875 0.375 0.3427734375 0.36328125 0.3623046875 0.3541666666666667 0.3837890625 0.35546875
0 0.73046875 0.6640625 0.734375 0.6888020833333334 0.755859375 0.7057291666666666 0.765625 0.7317708333333334 0.7666015625 0.7486979166666666 0.7626953125 0.7747395833333334 0.7548828125 0.7799479166666666 0.748046875 0.7799479166666666 0.73828125 0.7604166666666666 0.7353515625 0.7486979166666666 0.7353515625 0.7395833333333334 0.7333984375 0.7369791666666666 0.7294921875 0.7408854166666666 0.720703125 0.7643229166666666 0.7060546875 0.78515625 0.689453125 0.7981770833333334 0.677734375 0.8020833333333334 0.6494140625 0.7981770833333334 0.640625 0.7903645833333334 0.6396484375 0.7734375 0.6484375 0.76171875 0.6513671875 0.7513020833333334 0.6474609375 0.7330729166666666 0.6875 0.7122395833333334 0.7041015625 0.6953125 0.7265625 0.6640625 0.7294921875 0.6640625
0 0.4033203125 0.5455729166666666 0.439453125 0.5677083333333334 0.46484375 0.5716145833333334 0.494140625 0.5703125 0.50390625 0.57421875 0.51171875 0.59765625 0.5126953125 0.6223958333333334 0.509765625 0.6315104166666666 0.5048828125 0.6354166666666666 0.5009765625 0.6432291666666666 0.4970703125 0.6575520833333334 0.4580078125 0.67578125 0.4296875 0.7096354166666666 0.41796875 0.7096354166666666 0.40625 0.7057291666666666 0.3935546875 0.6966145833333334 0.37890625 0.6783854166666666 0.37109375 0.6614583333333334 0.3681640625 0.6419270833333334 0.3681640625 0.6158854166666666 0.3720703125 0.5950520833333334 0.380859375 0.5703125 0.3857421875 0.5625 0.3955078125 0.55859375 0.40234375 0.546875
0 0.7373046875 0.69140625 0.75390625 0.7018229166666666 0.7587890625 0.7096354166666666 0.7646484375 0.7265625 0.767578125 0.74609375 0.763671875 0.7734375 0.7587890625 0.7786458333333334 0.748046875 0.7799479166666666 0.73828125 0.76171875 0.7333984375 0.734375 0.736328125 0.6927083333333334
0 0.521484375 0.3020833333333333 0.5302734375 0.3046875 0.5478515625 0.3203125 0.552734375 0.3372395833333333 0.5498046875 0.3619791666666667 0.537109375 0.3567708333333333 0.53125 0.3489583333333333 0.4931640625 0.3372395833333333 0.4833984375 0.3307291666666667 0.4775390625 0.3059895833333333 0.4931640625 0.30078125 0.5205078125 0.3020833333333333
0 0.583984375 0.46875 0.59765625 0.484375 0.59375 0.4908854166666667 0.5703125 0.5052083333333334 0.5576171875 0.5234375 0.5498046875 0.55078125 0.544921875 0.58984375 0.5458984375 0.6015625 0.54296875 0.6041666666666666 0.53125 0.6041666666666666 0.5185546875 0.59375 0.51171875 0.5794270833333334 0.5107421875 0.5677083333333334 0.541015625 0.5390625 0.5556640625 0.51953125 0.56640625 0.4921875 0.5712890625 0.4674479166666667 0.5751953125 0.4635416666666667 0.5830078125 0.46875
0 0.66015625 0.4908854166666667 0.66796875 0.49609375 0.6787109375 0.4947916666666667 0.6904296875 0.5013020833333334 0.6923828125 0.50390625 0.69140625 0.5078125 0.6962890625 0.5143229166666666 0.7197265625 0.5364583333333334 0.736328125 0.5703125 0.740234375 0.5924479166666666 0.7412109375 0.6119791666666666 0.7373046875 0.63671875 0.73046875 0.65625 0.7060546875 0.6901041666666666 0.6884765625 0.7083333333333334 0.642578125 0.734375 0.6484375 0.7408854166666666 0.6494140625 0.7486979166666666 0.64453125 0.7630208333333334 0.6396484375 0.7682291666666666 0.6181640625 0.7682291666666666 0.609375 0.765625 0.5986328125 0.7578125 0.5888671875 0.7421875 0.580078125 0.71484375 0.56640625 0.6861979166666666 0.564453125 0.671875 0.5595703125 0.6614583333333334 0.552734375 0.63671875 0.5478515625 0.59375 0.548828125 0.5716145833333334 0.5556640625 0.5325520833333334 0.5625 0.5169270833333334 0.572265625 0.5065104166666666 0.5927734375 0.4947916666666667 0.6015625 0.4856770833333333 0.6357421875 0.4856770833333333 0.6591796875 0.4908854166666667
0 0.6396484375 0.24088541666666666 0.6435546875 0.2421875 0.6513671875 0.2513020833333333 0.6591796875 0.2643229166666667 0.66015625 0.26953125 0.6240234375 0.26953125 0.6025390625 0.2760416666666667 0.591796875 0.2864583333333333 0.5810546875 0.29296875 0.5693359375 0.3059895833333333 0.5595703125 0.3098958333333333 0.556640625 0.3151041666666667 0.556640625 0.328125 0.552734375 0.3203125 0.5517578125 0.3111979166666667 0.5615234375 0.28125 0.5771484375 0.25390625 0.6015625 0.23697916666666666 0.638671875 0.24088541666666666