0 0.8038194444444444 0.5377604166666666 0.8159722222222222 0.5403645833333334 0.8454861111111112 0.5416666666666666 0.875 0.5481770833333334 0.8871527777777778 0.5533854166666666 0.90625 0.5677083333333334 0.9131944444444444 0.5768229166666666 0.921875 0.5833333333333334 0.9288194444444444 0.5950520833333334 0.9305555555555556 0.6106770833333334 0.9340277777777778 0.6184895833333334 0.9340277777777778 0.6484375 0.9270833333333334 0.6614583333333334 0.9045138888888888 0.6783854166666666 0.8802083333333334 0.69140625 0.8663194444444444 0.6940104166666666 0.8472222222222222 0.6940104166666666 0.8333333333333334 0.69921875 0.8211805555555556 0.69921875 0.8125 0.6953125 0.796875 0.6927083333333334 0.7777777777777778 0.6848958333333334 0.7621527777777778 0.67578125 0.7361111111111112 0.65625 0.7309027777777778 0.6497395833333334 0.7135416666666666 0.6119791666666666 0.7170138888888888 0.5833333333333334 0.7222222222222222 0.5755208333333334 0.7326388888888888 0.5677083333333334 0.7552083333333334 0.55859375 0.7829861111111112 0.54296875 0.7916666666666666 0.5390625 0.8020833333333334 0.5377604166666666
0 0.5364583333333334 0.24088541666666666 0.5642361111111112 0.24869791666666666 0.5815972222222222 0.2578125 0.5989583333333334 0.2708333333333333 0.6145833333333334 0.28515625 0.6197916666666666 0.29296875 0.625 0.3098958333333333 0.625 0.3359375 0.6215277777777778 0.34765625 0.6024305555555556 0.36328125 0.5520833333333334 0.4153645833333333 0.5416666666666666 0.4192708333333333 0.5329861111111112 0.4192708333333333 0.5225694444444444 0.4127604166666667 0.5104166666666666 0.4127604166666667 0.4965277777777778 0.3984375 0.484375 0.39453125 0.46875 0.39453125 0.4479166666666667 0.3841145833333333 0.4253472222222222 0.3645833333333333 0.4166666666666667 0.3502604166666667 0.4131944444444444 0.3385416666666667 0.4149305555555556 0.2981770833333333 0.4236111111111111 0.2825520833333333 0.4409722222222222 0.2643229166666667 0.4565972222222222 0.25390625 0.4756944444444444 0.24609375 0.5104166666666666 0.23958333333333334 0.5347222222222222 0.24088541666666666
0 0.2708333333333333 0.15625 0.3107638888888889 0.171875 0.328125 0.18229166666666666 0.3454861111111111 0.1875 0.3697916666666667 0.2109375 0.3836805555555556 0.2265625 0.4010416666666667 0.25390625 0.4097222222222222 0.28515625 0.4097222222222222 0.3020833333333333 0.3993055555555556 0.33984375 0.3854166666666667 0.3606770833333333 0.3697916666666667 0.3736979166666667 0.3559027777777778 0.3802083333333333 0.3489583333333333 0.3802083333333333 0.3350694444444444 0.3736979166666667 0.3229166666666667 0.3723958333333333 0.2795138888888889 0.37890625 0.2621527777777778 0.3854166666666667 0.2586805555555556 0.3893229166666667 0.2361111111111111 0.3997395833333333 0.2013888888888889 0.3984375 0.16493055555555555 0.3880208333333333 0.1388888888888889 0.3736979166666667 0.1076388888888889 0.3489583333333333 0.0920138888888889 0.3294270833333333 0.0798611111111111 0.3046875 0.078125 0.28515625 0.07465277777777778 0.2760416666666667 0.0763888888888889 0.24869791666666666 0.08333333333333333 0.22786458333333334 0.1440972222222222 0.18489583333333334 0.1597222222222222 0.1796875 0.1753472222222222 0.1796875 0.1909722222222222 0.17317708333333334 0.21006944444444445 0.17317708333333334 0.2204861111111111 0.16927083333333334 0.22743055555555555 0.16927083333333334 0.2517361111111111 0.15494791666666666 0.2690972222222222 0.15625
0 0.3472222222222222 0.3841145833333333 0.3628472222222222 0.3932291666666667 0.3975694444444444 0.40625 0.4201388888888889 0.4231770833333333 0.4305555555555556 0.4388020833333333 0.4392361111111111 0.4674479166666667 0.4375 0.4947916666666667 0.4236111111111111 0.5221354166666666 0.4270833333333333 0.5442708333333334 0.421875 0.5559895833333334 0.4097222222222222 0.5611979166666666 0.3871527777777778 0.5625 0.3697916666666667 0.5690104166666666 0.359375 0.5768229166666666 0.3506944444444444 0.578125 0.2881944444444444 0.5768229166666666 0.2760416666666667 0.57421875 0.2621527777777778 0.57421875 0.2586805555555556 0.5716145833333334 0.24131944444444445 0.5716145833333334 0.21180555555555555 0.5651041666666666 0.1996527777777778 0.5572916666666666 0.1875 0.5455729166666666 0.1701388888888889 0.515625 0.1684027777777778 0.50390625 0.1701388888888889 0.46875 0.1909722222222222 0.4388020833333333 0.21006944444444445 0.4192708333333333 0.2465277777777778 0.3997395833333333 0.2760416666666667 0.390625 0.3038194444444444 0.3841145833333333 0.3315972222222222 0.3828125 0.3454861111111111 0.3841145833333333
0 0.2222222222222222 0.5716145833333334 0.2361111111111111 0.5755208333333334 0.2604166666666667 0.5768229166666666 0.2864583333333333 0.58203125 0.3246527777777778 0.5833333333333334 0.3333333333333333 0.5872395833333334 0.359375 0.5885416666666666 0.3715277777777778 0.5911458333333334 0.3836805555555556 0.5963541666666666 0.4114583333333333 0.62109375 0.4253472222222222 0.6419270833333334 0.4305555555555556 0.6549479166666666 0.4322916666666667 0.703125 0.4253472222222222 0.7200520833333334 0.40625 0.75 0.3958333333333333 0.7799479166666666 0.390625 0.78515625 0.3802083333333333 0.7890625 0.3697916666666667 0.7890625 0.3506944444444444 0.7838541666666666 0.2881944444444444 0.78515625 0.2586805555555556 0.7838541666666666 0.24131944444444445 0.7799479166666666 0.2326388888888889 0.7799479166666666 0.19270833333333334 0.765625 0.1597222222222222 0.7395833333333334 0.1527777777777778 0.7252604166666666 0.15104166666666666 0.7005208333333334 0.15625 0.6796875 0.18055555555555555 0.6328125 0.17708333333333334 0.61328125 0.17881944444444445 0.5950520833333334 0.19444444444444445 0.578125 0.2065972222222222 0.5729166666666666 0.2204861111111111 0.5716145833333334
0 0.7309027777777778 0.3307291666666667 0.7673611111111112 0.34375 0.7864583333333334 0.3580729166666667 0.8020833333333334 0.3776041666666667 0.8159722222222222 0.4270833333333333 0.8159722222222222 0.4453125 0.8055555555555556 0.45703125 0.8125 0.46484375 0.8125 0.4765625 0.8020833333333334 0.484375 0.7934027777777778 0.4947916666666667 0.7760416666666666 0.4986979166666667 0.7690972222222222 0.4895833333333333 0.7517361111111112 0.48828125 0.7447916666666666 0.4921875 0.7413194444444444 0.5013020833333334 0.7378472222222222 0.50390625 0.6996527777777778 0.51171875 0.6788194444444444 0.51171875 0.6510416666666666 0.4947916666666667 0.6180555555555556 0.48046875 0.6024305555555556 0.46484375 0.5833333333333334 0.45703125 0.5746527777777778 0.4466145833333333 0.5729166666666666 0.4401041666666667 0.5729166666666666 0.4166666666666667 0.578125 0.40234375 0.5902777777777778 0.3828125 0.6128472222222222 0.359375 0.625 0.3515625 0.6510416666666666 0.3385416666666667 0.6666666666666666 0.3333333333333333 0.7100694444444444 0.328125 0.7291666666666666 0.3307291666666667
0 0.7552083333333334 0.11588541666666667 0.8263888888888888 0.14322916666666666 0.859375 0.16276041666666666 0.8958333333333334 0.1875 0.9079861111111112 0.20052083333333334 0.9131944444444444 0.2109375 0.9114583333333334 0.25 0.8940972222222222 0.28125 0.8715277777777778 0.30078125 0.8506944444444444 0.3111979166666667 0.8125 0.3216145833333333 0.7864583333333334 0.32421875 0.78125 0.3268229166666667 0.7760416666666666 0.3268229166666667 0.7690972222222222 0.3229166666666667 0.7552083333333334 0.3229166666666667 0.7326388888888888 0.3190104166666667 0.6909722222222222 0.3072916666666667 0.6753472222222222 0.2955729166666667 0.6631944444444444 0.2903645833333333 0.625 0.26171875 0.6180555555555556 0.25390625 0.6059027777777778 0.23697916666666666 0.5989583333333334 0.2109375 0.6006944444444444 0.171875 0.609375 0.15755208333333334 0.6267361111111112 0.14192708333333334 0.6909722222222222 0.12109375 0.7309027777777778 0.11588541666666667 0.7534722222222222 0.11588541666666667
0 0.5416666666666666 0.4348958333333333 0.5625 0.4453125 0.5729166666666666 0.45703125 0.59375 0.4635416666666667 0.6006944444444444 0.46875 0.6006944444444444 0.4739583333333333 0.5954861111111112 0.4765625 0.5920138888888888 0.4752604166666667 0.5590277777777778 0.4765625 0.5520833333333334 0.4739583333333333 0.5329861111111112 0.4739583333333333 0.5208333333333334 0.48046875 0.5 0.484375 0.4670138888888889 0.4973958333333333 0.453125 0.49609375 0.4444444444444444 0.48046875 0.4444444444444444 0.4674479166666667 0.4513888888888889 0.4557291666666667 0.46875 0.4479166666666667 0.4774305555555556 0.44140625 0.4826388888888889 0.43359375 0.5121527777777778 0.4401041666666667 0.5243055555555556 0.4388020833333333 0.53125 0.4348958333333333 0.5399305555555556 0.4348958333333333
0 0.9427083333333334 0.2903645833333333 0.9704861111111112 0.296875 0.9913194444444444 0.3098958333333333 0.9982638888888888 0.32421875 0.9982638888888888 0.3606770833333333 0.9618055555555556 0.3567708333333333 0.9322916666666666 0.3567708333333333 0.9149305555555556 0.36328125 0.8506944444444444 0.3736979166666667 0.8385416666666666 0.37109375 0.8159722222222222 0.34765625 0.8159722222222222 0.3372395833333333 0.8194444444444444 0.3333333333333333 0.8402777777777778 0.3216145833333333 0.8559027777777778 0.31640625 0.8784722222222222 0.30078125 0.8836805555555556 0.2994791666666667 0.890625 0.30078125 0.9409722222222222 0.2903645833333333
0 0.5434027777777778 0.4739583333333333 0.5538194444444444 0.4752604166666667 0.5572916666666666 0.4778645833333333 0.5972222222222222 0.4791666666666667 0.6128472222222222 0.4830729166666667 0.6475694444444444 0.4973958333333333 0.6736111111111112 0.5143229166666666 0.6892361111111112 0.5325520833333334 0.6996527777777778 0.56640625 0.6996527777777778 0.5846354166666666 0.6961805555555556 0.5989583333333334 0.6857638888888888 0.6184895833333334 0.6753472222222222 0.6276041666666666 0.6631944444444444 0.6341145833333334 0.6354166666666666 0.6315104166666666 0.6024305555555556 0.6328125 0.5798611111111112 0.6510416666666666 0.5746527777777778 0.6627604166666666 0.5625 0.6666666666666666 0.5486111111111112 0.6666666666666666 0.5190972222222222 0.6614583333333334 0.4826388888888889 0.6471354166666666 0.4600694444444444 0.6328125 0.4409722222222222 0.6158854166666666 0.4288194444444444 0.5989583333333334 0.4236111111111111 0.5807291666666666 0.4236111111111111 0.5677083333333334 0.4322916666666667 0.5533854166666666 0.4340277777777778 0.5325520833333334 0.4444444444444444 0.515625 0.4652777777777778 0.5013020833333334 0.4947916666666667 0.4895833333333333 0.5 0.4856770833333333 0.5121527777777778 0.4817708333333333 0.5208333333333334 0.4817708333333333 0.5329861111111112 0.4752604166666667 0.5416666666666666 0.4739583333333333
0 0.6336805555555556 0.6393229166666666 0.6579861111111112 0.6458333333333334 0.6788194444444444 0.6471354166666666 0.6944444444444444 0.6536458333333334 0.7083333333333334 0.6640625 0.7118055555555556 0.6705729166666666 0.7204861111111112 0.6783854166666666 0.7326388888888888 0.68359375 0.7430555555555556 0.6927083333333334 0.7552083333333334 0.6979166666666666 0.765625 0.7057291666666666 0.7743055555555556 0.7200520833333334 0.7864583333333334 0.73046875 0.8055555555555556 0.75390625 0.8159722222222222 0.7877604166666666 0.8142361111111112 0.8385416666666666 0.8107638888888888 0.84765625 0.7934027777777778 0.87109375 0.7621527777777778 0.890625 0.7361111111111112 0.90234375 0.6909722222222222 0.91796875 0.6666666666666666 0.9205729166666666 0.640625 0.9205729166666666 0.6006944444444444 0.9127604166666666 0.5729166666666666 0.9114583333333334 0.546875 0.9010416666666666 0.5138888888888888 0.8802083333333334 0.5 0.8841145833333334 0.4913194444444444 0.8828125 0.4791666666666667 0.87109375 0.4774305555555556 0.8619791666666666 0.4670138888888889 0.8463541666666666 0.46875 0.8372395833333334 0.4739583333333333 0.83203125 0.4791666666666667 0.8307291666666666 0.4739583333333333 0.8229166666666666 0.4722222222222222 0.7838541666666666 0.4756944444444444 0.7760416666666666 0.4756944444444444 0.7591145833333334 0.4809027777777778 0.7356770833333334 0.4895833333333333 0.7200520833333334 0.5138888888888888 0.69921875 0.5434027777777778 0.6822916666666666 0.5572916666666666 0.6770833333333334 0.5920138888888888 0.6692708333333334 0.5954861111111112 0.6614583333333334 0.6024305555555556 0.6575520833333334 0.6024305555555556 0.6510416666666666 0.6076388888888888 0.6458333333333334 0.6145833333333334 0.6471354166666666 0.6197916666666666 0.6393229166666666 0.6319444444444444 0.6393229166666666
0 0.4861111111111111 0.109375 0.5086805555555556 0.1171875 0.5173611111111112 0.12239583333333333 0.5295138888888888 0.1328125 0.5364583333333334 0.14322916666666666 0.546875 0.1640625 0.5451388888888888 0.203125 0.5399305555555556 0.21354166666666666 0.5208333333333334 0.234375 0.4704861111111111 0.24479166666666666 0.4322916666666667 0.2643229166666667 0.4149305555555556 0.2630208333333333 0.40625 0.2565104166666667 0.4027777777777778 0.24739583333333334 0.3854166666666667 0.22265625 0.3576388888888889 0.19401041666666666 0.3420138888888889 0.18359375 0.3402777777777778 0.17708333333333334 0.3454861111111111 0.16536458333333334 0.3576388888888889 0.15104166666666666 0.3680555555555556 0.1328125 0.3802083333333333 0.125 0.4375 0.109375 0.4496527777777778 0.10807291666666667 0.484375 0.109375
0 0.3958333333333333 0.796875 0.3975694444444444 0.80078125 0.4114583333333333 0.8072916666666666 0.4166666666666667 0.8138020833333334 0.4305555555555556 0.8229166666666666 0.4479166666666667 0.8411458333333334 0.453125 0.8502604166666666 0.4513888888888889 0.8541666666666666 0.453125 0.8606770833333334 0.46875 0.8971354166666666 0.4704861111111111 0.9036458333333334 0.46875 0.9348958333333334 0.4600694444444444 0.9544270833333334 0.4444444444444444 0.97265625 0.4079861111111111 0.9986979166666666 0.2517361111111111 0.9986979166666666 0.25 0.99609375 0.24479166666666666 0.9947916666666666 0.2361111111111111 0.97265625 0.22743055555555555 0.9622395833333334 0.2222222222222222 0.9427083333333334 0.21006944444444445 0.9309895833333334 0.2065972222222222 0.9244791666666666 0.2048611111111111 0.9010416666666666 0.21180555555555555 0.8736979166666666 0.22916666666666666 0.8502604166666666 0.24479166666666666 0.8372395833333334 0.265625 0.8268229166666666 0.2864583333333333 0.8203125 0.3125 0.8059895833333334 0.3246527777777778 0.8059895833333334 0.3402777777777778 0.80078125 0.3576388888888889 0.7981770833333334 0.390625 0.7994791666666666 0.3940972222222222 0.7981770833333334