0 0.400390625 0.6158854166666666 0.44921875 0.6328125 0.462890625 0.64453125 0.4775390625 0.6744791666666666 0.484375 0.6809895833333334 0.4873046875 0.6901041666666666 0.48828125 0.70703125 0.4873046875 0.7447916666666666 0.484375 0.765625 0.47265625 0.796875 0.4638671875 0.8125 0.451171875 0.828125 0.4404296875 0.8359375 0.41796875 0.84765625 0.40234375 0.8489583333333334 0.3671875 0.8463541666666666 0.35546875 0.83984375 0.34765625 0.83203125 0.33984375 0.8229166666666666 0.3203125 0.7903645833333334 0.3154296875 0.77734375 0.30859375 0.7434895833333334 0.3095703125 0.7161458333333334 0.3173828125 0.69140625 0.33203125 0.6744791666666666 0.3427734375 0.6705729166666666 0.34765625 0.6640625 0.3525390625 0.6497395833333334 0.376953125 0.6171875 0.38671875 0.61328125 0.3955078125 0.61328125 0.3994140625 0.6158854166666666
0 0.5263671875 0.3203125 0.5537109375 0.3333333333333333 0.5830078125 0.3528645833333333 0.603515625 0.3697916666666667 0.626953125 0.4127604166666667 0.634765625 0.4375 0.6396484375 0.4661458333333333 0.6396484375 0.515625 0.63671875 0.5325520833333334 0.6318359375 0.5455729166666666 0.6171875 0.5703125 0.5966796875 0.5924479166666666 0.580078125 0.60546875 0.54296875 0.6158854166666666 0.5107421875 0.6158854166666666 0.4951171875 0.6119791666666666 0.466796875 0.5911458333333334 0.4619140625 0.5755208333333334 0.45703125 0.5677083333333334 0.44921875 0.5755208333333334 0.431640625 0.57421875 0.4287109375 0.5677083333333334 0.427734375 0.54296875 0.43359375 0.5325520833333334 0.43359375 0.5130208333333334 0.435546875 0.5078125 0.4345703125 0.4791666666666667 0.439453125 0.4596354166666667 0.4423828125 0.4270833333333333 0.4453125 0.4153645833333333 0.46484375 0.3841145833333333 0.5029296875 0.3580729166666667 0.509765625 0.3567708333333333 0.513671875 0.3515625 0.513671875 0.3450520833333333 0.5107421875 0.3372395833333333 0.51171875 0.3294270833333333 0.5185546875 0.3229166666666667 0.525390625 0.3203125
0 0.662109375 0.8046875 0.671875 0.81640625 0.681640625 0.83984375 0.681640625 0.8502604166666666 0.6845703125 0.859375 0.69921875 0.8697916666666666 0.703125 0.8854166666666666 0.7177734375 0.9010416666666666 0.720703125 0.91015625 0.724609375 0.9283854166666666 0.72265625 0.9622395833333334 0.720703125 0.9713541666666666 0.71484375 0.9830729166666666 0.712890625 0.9947916666666666 0.7099609375 0.9986979166666666 0.6767578125 0.9986979166666666 0.6748046875 0.99609375 0.6533203125 0.99609375 0.650390625 0.9986979166666666 0.56640625 0.9986979166666666 0.5595703125 0.99609375 0.556640625 0.9921875 0.5517578125 0.9739583333333334 0.5478515625 0.9505208333333334 0.548828125 0.9348958333333334 0.5537109375 0.9114583333333334 0.5556640625 0.8854166666666666 0.5673828125 0.8580729166666666 0.583984375 0.8385416666666666 0.6005859375 0.8294270833333334 0.638671875 0.8255208333333334 0.6435546875 0.8268229166666666 0.650390625 0.8333333333333334 0.654296875 0.82421875 0.6533203125 0.8046875 0.65625 0.8020833333333334 0.6611328125 0.8046875
0 0.48046875 0.15104166666666666 0.5078125 0.15885416666666666 0.5263671875 0.17708333333333334 0.5322265625 0.18880208333333334 0.541015625 0.21614583333333334 0.541015625 0.24739583333333334 0.5361328125 0.28125 0.5322265625 0.2955729166666667 0.525390625 0.3098958333333333 0.498046875 0.33984375 0.4736328125 0.3528645833333333 0.451171875 0.3528645833333333 0.431640625 0.3463541666666667 0.41796875 0.3372395833333333 0.404296875 0.3190104166666667 0.396484375 0.2994791666666667 0.3935546875 0.2799479166666667 0.3935546875 0.2552083333333333 0.390625 0.22786458333333334 0.3974609375 0.20703125 0.4091796875 0.18619791666666666 0.41015625 0.17057291666666666 0.4140625 0.16015625 0.41796875 0.15755208333333334 0.4501953125 0.15755208333333334 0.4609375 0.15234375 0.4794921875 0.15104166666666666
0 0.2666015625 0.37890625 0.2705078125 0.3815104166666667 0.3017578125 0.3854166666666667 0.3525390625 0.4088541666666667 0.3740234375 0.4361979166666667 0.390625 0.46484375 0.3994140625 0.4921875 0.4013671875 0.51171875 0.4013671875 0.5325520833333334 0.3984375 0.5559895833333334 0.38671875 0.5859375 0.373046875 0.60546875 0.3447265625 0.6315104166666666 0.3271484375 0.6432291666666666 0.29296875 0.6575520833333334 0.2783203125 0.6588541666666666 0.2607421875 0.6588541666666666 0.2236328125 0.6484375 0.2001953125 0.63671875 0.181640625 0.6223958333333334 0.16796875 0.6067708333333334 0.1533203125 0.5846354166666666 0.1484375 0.5651041666666666 0.142578125 0.5247395833333334 0.142578125 0.5091145833333334 0.1455078125 0.4973958333333333 0.1708984375 0.44921875 0.1787109375 0.4244791666666667 0.1953125 0.4153645833333333 0.2060546875 0.3971354166666667 0.2158203125 0.390625 0.251953125 0.37890625 0.265625 0.37890625
0 0.7763671875 0.2799479166666667 0.8203125 0.2890625 0.861328125 0.3177083333333333 0.88671875 0.3489583333333333 0.9013671875 0.3763020833333333 0.91015625 0.41796875 0.91015625 0.4309895833333333 0.9140625 0.4388020833333333 0.91796875 0.4348958333333333 0.919921875 0.4557291666666667 0.921875 0.4583333333333333 0.9423828125 0.4622395833333333 0.9541015625 0.46875 0.9677734375 0.4895833333333333 0.970703125 0.5013020833333334 0.9609375 0.515625 0.9580078125 0.5247395833333334 0.95703125 0.5442708333333334 0.9541015625 0.5546875 0.9541015625 0.5703125 0.9501953125 0.57421875 0.93359375 0.578125 0.9267578125 0.578125 0.9150390625 0.5703125 0.8955078125 0.5703125 0.888671875 0.56640625 0.8759765625 0.5533854166666666 0.8583984375 0.5611979166666666 0.841796875 0.5638020833333334 0.826171875 0.57421875 0.8173828125 0.5755208333333334 0.7958984375 0.5716145833333334 0.7822265625 0.55859375 0.7646484375 0.5533854166666666 0.751953125 0.54296875 0.7431640625 0.5325520833333334 0.7255859375 0.50390625 0.720703125 0.4908854166666667 0.7109375 0.4778645833333333 0.697265625 0.4192708333333333 0.6953125 0.4166666666666667 0.6884765625 0.4166666666666667 0.68359375 0.4075520833333333 0.6884765625 0.3971354166666667 0.6923828125 0.4010416666666667 0.6962890625 0.3984375 0.6953125 0.3776041666666667 0.6982421875 0.3619791666666667 0.7109375 0.3203125 0.7099609375 0.31640625 0.7138671875 0.3138020833333333 0.7138671875 0.3098958333333333 0.724609375 0.30859375 0.734375 0.3033854166666667 0.744140625 0.2890625 0.7509765625 0.2838541666666667 0.775390625 0.2799479166666667
0 0.2724609375 0.12630208333333334 0.2724609375 0.14192708333333334 0.275390625 0.14713541666666666 0.2841796875 0.14973958333333334 0.2900390625 0.15494791666666666 0.32421875 0.15104166666666666 0.3447265625 0.15625 0.359375 0.17057291666666666 0.376953125 0.19661458333333334 0.38671875 0.234375 0.3896484375 0.25390625 0.3896484375 0.2955729166666667 0.3828125 0.3294270833333333 0.3828125 0.3515625 0.3896484375 0.36328125 0.3896484375 0.3684895833333333 0.3837890625 0.3723958333333333 0.373046875 0.3723958333333333 0.3642578125 0.3684895833333333 0.3310546875 0.37109375 0.3134765625 0.3815104166666667 0.2919921875 0.3763020833333333 0.271484375 0.3763020833333333 0.2509765625 0.3671875 0.232421875 0.33984375 0.224609375 0.3216145833333333 0.2197265625 0.2994791666666667 0.21875 0.2786458333333333 0.2216796875 0.2526041666666667 0.2294921875 0.22916666666666666 0.23828125 0.2109375 0.2548828125 0.1484375 0.2626953125 0.13541666666666666 0.2685546875 0.1328125 0.271484375 0.12760416666666666
0 0.6044921875 0.6236979166666666 0.615234375 0.6328125 0.62890625 0.6510416666666666 0.634765625 0.6653645833333334 0.6416015625 0.6979166666666666 0.6357421875 0.7565104166666666 0.6298828125 0.7799479166666666 0.6220703125 0.7942708333333334 0.5908203125 0.8268229166666666 0.5751953125 0.8359375 0.5615234375 0.8385416666666666 0.5439453125 0.8385416666666666 0.525390625 0.8294270833333334 0.51171875 0.8151041666666666 0.4970703125 0.79296875 0.490234375 0.7643229166666666 0.490234375 0.7434895833333334 0.4931640625 0.72265625 0.4912109375 0.6783854166666666 0.5 0.6510416666666666 0.515625 0.6328125 0.525390625 0.6380208333333334 0.533203125 0.6263020833333334 0.5458984375 0.6263020833333334 0.5517578125 0.6223958333333334 0.5634765625 0.6197916666666666 0.57421875 0.62109375 0.5771484375 0.6184895833333334 0.591796875 0.6184895833333334 0.603515625 0.6236979166666666
0 0.720703125 0.5846354166666666 0.7294921875 0.5859375 0.73828125 0.5911458333333334 0.7548828125 0.6080729166666666 0.7705078125 0.6302083333333334 0.779296875 0.6510416666666666 0.7841796875 0.6809895833333334 0.7822265625 0.7161458333333334 0.7705078125 0.7513020833333334 0.75390625 0.7760416666666666 0.7392578125 0.7877604166666666 0.7265625 0.7916666666666666 0.69921875 0.7916666666666666 0.6904296875 0.7890625 0.6748046875 0.7799479166666666 0.6611328125 0.765625 0.6474609375 0.7447916666666666 0.6435546875 0.734375 0.6435546875 0.6966145833333334 0.638671875 0.6744791666666666 0.6396484375 0.6536458333333334 0.646484375 0.62890625 0.65234375 0.6158854166666666 0.6640625 0.6002604166666666 0.685546875 0.5859375 0.7197265625 0.5846354166666666
0 0.4892578125 0.7942708333333334 0.515625 0.8268229166666666 0.5380859375 0.8463541666666666 0.5478515625 0.8684895833333334 0.55078125 0.8828125 0.55078125 0.9114583333333334 0.544921875 0.9322916666666666 0.53515625 0.94921875 0.525390625 0.9622395833333334 0.5078125 0.9778645833333334 0.4951171875 0.9986979166666666 0.4775390625 0.9986979166666666 0.4677734375 0.9895833333333334 0.4521484375 0.98046875 0.4345703125 0.9635416666666666 0.4287109375 0.9557291666666666 0.419921875 0.9348958333333334 0.40234375 0.9140625 0.396484375 0.89453125 0.396484375 0.8854166666666666 0.3994140625 0.8776041666666666 0.4169921875 0.85546875 0.447265625 0.8359375 0.45703125 0.8268229166666666 0.4814453125 0.7955729166666666 0.48828125 0.7942708333333334
0 0.634765625 0.17057291666666666 0.650390625 0.17708333333333334 0.66796875 0.19270833333333334 0.671875 0.19921875 0.685546875 0.2513020833333333 0.6875 0.28125 0.697265625 0.3216145833333333 0.6953125 0.3268229166666667 0.6826171875 0.3411458333333333 0.6650390625 0.34375 0.654296875 0.3567708333333333 0.6435546875 0.3580729166666667 0.6201171875 0.3671875 0.6044921875 0.3645833333333333 0.556640625 0.3294270833333333 0.5517578125 0.3229166666666667 0.5439453125 0.3046875 0.5400390625 0.2877604166666667 0.541015625 0.2669270833333333 0.544921875 0.23958333333333334 0.544921875 0.21223958333333334 0.548828125 0.20572916666666666 0.5615234375 0.19401041666666666 0.58984375 0.17447916666666666 0.609375 0.17057291666666666 0.6337890625 0.17057291666666666