0 0.8454861111111112 0.06640625 0.8541666666666666 0.07942708333333333 0.8680555555555556 0.08463541666666667 0.8767361111111112 0.08463541666666667 0.8993055555555556 0.07421875 0.90625 0.07421875 0.9166666666666666 0.08463541666666667 0.9201388888888888 0.08333333333333333 0.9288194444444444 0.07291666666666667 0.9375 0.07291666666666667 0.9409722222222222 0.078125 0.9444444444444444 0.09375 0.9444444444444444 0.10416666666666667 0.9409722222222222 0.11197916666666667 0.9409722222222222 0.13151041666666666 0.9322916666666666 0.14973958333333334 0.9166666666666666 0.16276041666666666 0.9131944444444444 0.17447916666666666 0.8767361111111112 0.19270833333333334 0.8454861111111112 0.203125 0.8368055555555556 0.20442708333333334 0.8246527777777778 0.203125 0.8211805555555556 0.20052083333333334 0.8194444444444444 0.16536458333333334 0.8107638888888888 0.15364583333333334 0.8090277777777778 0.14713541666666666 0.78125 0.12239583333333333 0.7795138888888888 0.11328125 0.7881944444444444 0.1015625 0.8072916666666666 0.09114583333333333 0.8368055555555556 0.0703125 0.84375 0.06770833333333333
0 0.4791666666666667 0.2604166666666667 0.5034722222222222 0.2682291666666667 0.5295138888888888 0.2877604166666667 0.5364583333333334 0.2955729166666667 0.5434027777777778 0.31640625 0.5399305555555556 0.3580729166666667 0.5347222222222222 0.3619791666666667 0.5295138888888888 0.3619791666666667 0.5225694444444444 0.3658854166666667 0.4878472222222222 0.41015625 0.4565972222222222 0.4270833333333333 0.4479166666666667 0.4296875 0.4184027777777778 0.4296875 0.3923611111111111 0.4244791666666667 0.3819444444444444 0.4192708333333333 0.3663194444444444 0.4049479166666667 0.3506944444444444 0.3802083333333333 0.3472222222222222 0.3684895833333333 0.3489583333333333 0.3489583333333333 0.3454861111111111 0.328125 0.3420138888888889 0.3216145833333333 0.3420138888888889 0.3072916666666667 0.3472222222222222 0.296875 0.3559027777777778 0.2916666666666667 0.3854166666666667 0.2864583333333333 0.4305555555555556 0.2643229166666667 0.453125 0.2591145833333333 0.4774305555555556 0.2604166666666667
0 0.6649305555555556 0.55078125 0.671875 0.5533854166666666 0.6909722222222222 0.5533854166666666 0.7048611111111112 0.5651041666666666 0.7239583333333334 0.5716145833333334 0.7291666666666666 0.5716145833333334 0.7361111111111112 0.5755208333333334 0.765625 0.6080729166666666 0.7760416666666666 0.625 0.7864583333333334 0.65234375 0.7864583333333334 0.6770833333333334 0.7690972222222222 0.7083333333333334 0.7378472222222222 0.734375 0.6961805555555556 0.7526041666666666 0.6701388888888888 0.7669270833333334 0.609375 0.7721354166666666 0.5833333333333334 0.7708333333333334 0.5538194444444444 0.7630208333333334 0.5399305555555556 0.7669270833333334 0.53125 0.7630208333333334 0.5260416666666666 0.7578125 0.5243055555555556 0.7434895833333334 0.5017361111111112 0.7122395833333334 0.4913194444444444 0.69140625 0.4965277777777778 0.6822916666666666 0.4965277777777778 0.6640625 0.5 0.66015625 0.4982638888888889 0.65625 0.5017361111111112 0.6341145833333334 0.5121527777777778 0.6197916666666666 0.5173611111111112 0.6015625 0.5451388888888888 0.5807291666666666 0.5711805555555556 0.5703125 0.5972222222222222 0.5638020833333334 0.609375 0.5572916666666666 0.6631944444444444 0.55078125
0 0.4548611111111111 0.7291666666666666 0.4774305555555556 0.7395833333333334 0.4878472222222222 0.7473958333333334 0.5 0.7643229166666666 0.5069444444444444 0.78125 0.5138888888888888 0.7838541666666666 0.5225694444444444 0.79296875 0.5225694444444444 0.796875 0.5121527777777778 0.8098958333333334 0.5138888888888888 0.8216145833333334 0.5069444444444444 0.84765625 0.4913194444444444 0.8671875 0.4722222222222222 0.8828125 0.4496527777777778 0.8919270833333334 0.421875 0.8919270833333334 0.4097222222222222 0.8984375 0.390625 0.90234375 0.3784722222222222 0.90234375 0.3680555555555556 0.8971354166666666 0.3715277777777778 0.8828125 0.3628472222222222 0.8802083333333334 0.3368055555555556 0.8580729166666666 0.3333333333333333 0.84765625 0.3246527777777778 0.8359375 0.3194444444444444 0.8177083333333334 0.3177083333333333 0.7994791666666666 0.3246527777777778 0.7864583333333334 0.3263888888888889 0.7708333333333334 0.3298611111111111 0.7643229166666666 0.3402777777777778 0.7565104166666666 0.3923611111111111 0.7278645833333334 0.4166666666666667 0.7239583333333334 0.4288194444444444 0.7239583333333334 0.453125 0.7291666666666666
0 0.2222222222222222 0.19140625 0.2604166666666667 0.20572916666666666 0.2864583333333333 0.22786458333333334 0.3038194444444444 0.26171875 0.3055555555555556 0.2682291666666667 0.3038194444444444 0.29296875 0.3003472222222222 0.3033854166666667 0.2777777777777778 0.3333333333333333 0.2604166666666667 0.3346354166666667 0.2465277777777778 0.33203125 0.2309027777777778 0.33203125 0.21354166666666666 0.3359375 0.1875 0.3385416666666667 0.171875 0.34375 0.1579861111111111 0.3424479166666667 0.140625 0.3359375 0.11979166666666667 0.32421875 0.10416666666666667 0.3111979166666667 0.0920138888888889 0.2942708333333333 0.09027777777777778 0.2604166666666667 0.11805555555555555 0.21744791666666666 0.1388888888888889 0.20182291666666666 0.17881944444444445 0.19010416666666666 0.2204861111111111 0.19140625
0 0.6666666666666666 0.3307291666666667 0.6736111111111112 0.3385416666666667 0.6875 0.3424479166666667 0.7013888888888888 0.3515625 0.7256944444444444 0.3606770833333333 0.7309027777777778 0.3645833333333333 0.734375 0.3658854166666667 0.7413194444444444 0.3658854166666667 0.7465277777777778 0.36328125 0.7552083333333334 0.3645833333333333 0.7690972222222222 0.3828125 0.7795138888888888 0.40234375 0.7829861111111112 0.4192708333333333 0.7829861111111112 0.4453125 0.7777777777777778 0.4661458333333333 0.7621527777777778 0.4921875 0.7482638888888888 0.5078125 0.7152777777777778 0.5325520833333334 0.6909722222222222 0.5442708333333334 0.6822916666666666 0.5455729166666666 0.6736111111111112 0.5442708333333334 0.6267361111111112 0.55078125 0.5954861111111112 0.55078125 0.5729166666666666 0.546875 0.5659722222222222 0.5403645833333334 0.5486111111111112 0.53515625 0.5295138888888888 0.5221354166666666 0.5225694444444444 0.5130208333333334 0.4965277777777778 0.4934895833333333 0.4930555555555556 0.48828125 0.4861111111111111 0.4713541666666667 0.484375 0.4388020833333333 0.4930555555555556 0.4127604166666667 0.5034722222222222 0.3971354166666667 0.5208333333333334 0.37890625 0.5364583333333334 0.3671875 0.5625 0.3580729166666667 0.5868055555555556 0.3411458333333333 0.5920138888888888 0.33984375 0.6006944444444444 0.3424479166666667 0.6215277777777778 0.3424479166666667 0.65625 0.3307291666666667 0.6649305555555556 0.3307291666666667
0 0.1111111111111111 0.4895833333333333 0.1284722222222222 0.4921875 0.14930555555555555 0.5052083333333334 0.171875 0.51171875 0.21354166666666666 0.5390625 0.2204861111111111 0.5481770833333334 0.22395833333333334 0.5638020833333334 0.22743055555555555 0.56640625 0.2361111111111111 0.5885416666666666 0.24305555555555555 0.5950520833333334 0.2534722222222222 0.59765625 0.2534722222222222 0.6145833333333334 0.2482638888888889 0.6223958333333334 0.24131944444444445 0.6263020833333334 0.22916666666666666 0.6315104166666666 0.21354166666666666 0.6341145833333334 0.1996527777777778 0.640625 0.18055555555555555 0.6536458333333334 0.1284722222222222 0.6666666666666666 0.1111111111111111 0.6744791666666666 0.09895833333333333 0.67578125 0.0625 0.67578125 0.03819444444444445 0.671875 0.020833333333333332 0.6653645833333334 0 0.6484375 0 0.5247395833333334 0.010416666666666666 0.5221354166666666 0.04513888888888889 0.50390625 0.0625 0.4973958333333333 0.08854166666666667 0.4908854166666667 0.109375 0.4895833333333333
0 0.8402777777777778 0.0703125 0.8472222222222222 0.0703125 0.8524305555555556 0.08072916666666667 0.8576388888888888 0.08463541666666667 0.875 0.0859375 0.9010416666666666 0.07552083333333333 0.90625 0.07552083333333333 0.9149305555555556 0.0859375 0.9201388888888888 0.08854166666666667 0.9236111111111112 0.0859375 0.9253472222222222 0.078125 0.9305555555555556 0.07421875 0.9357638888888888 0.07421875 0.9392361111111112 0.078125 0.9427083333333334 0.09114583333333333 0.9392361111111112 0.1328125 0.9322916666666666 0.14713541666666666 0.9166666666666666 0.15885416666666666 0.9131944444444444 0.171875 0.9027777777777778 0.1796875 0.8454861111111112 0.20182291666666666 0.8315972222222222 0.20182291666666666 0.8246527777777778 0.19921875 0.8194444444444444 0.19921875 0.8159722222222222 0.20182291666666666 0.8003472222222222 0.23697916666666666 0.7864583333333334 0.2552083333333333 0.7569444444444444 0.27734375 0.7395833333333334 0.2864583333333333 0.703125 0.2981770833333333 0.6736111111111112 0.30078125 0.6545138888888888 0.3046875 0.640625 0.3046875 0.6232638888888888 0.2994791666666667 0.5989583333333334 0.2981770833333333 0.5416666666666666 0.2721354166666667 0.5121527777777778 0.25 0.4965277777777778 0.21614583333333334 0.4982638888888889 0.1875 0.5034722222222222 0.17838541666666666 0.5260416666666666 0.15494791666666666 0.5572916666666666 0.13151041666666666 0.5850694444444444 0.11588541666666667 0.6388888888888888 0.09895833333333333 0.6579861111111112 0.09635416666666667 0.6857638888888888 0.09635416666666667 0.703125 0.10026041666666667 0.7170138888888888 0.10026041666666667 0.7204861111111112 0.09244791666666667 0.7239583333333334 0.09244791666666667 0.7482638888888888 0.1015625 0.7517361111111112 0.10416666666666667 0.7517361111111112 0.11197916666666667 0.7552083333333334 0.11458333333333333 0.7673611111111112 0.11979166666666667 0.7777777777777778 0.11979166666666667 0.78125 0.1171875 0.7864583333333334 0.10546875 0.8229166666666666 0.08072916666666667 0.8402777777777778 0.07161458333333333
0 0.3680555555555556 0.11067708333333333 0.3888888888888889 0.11848958333333333 0.4357638888888889 0.1171875 0.4583333333333333 0.125 0.4739583333333333 0.13932291666666666 0.4809027777777778 0.15104166666666666 0.484375 0.1640625 0.4913194444444444 0.17447916666666666 0.4913194444444444 0.20182291666666666 0.4809027777777778 0.22135416666666666 0.453125 0.24609375 0.4427083333333333 0.25 0.4253472222222222 0.26171875 0.3940972222222222 0.2734375 0.34375 0.2682291666666667 0.3229166666666667 0.2604166666666667 0.3003472222222222 0.23958333333333334 0.2916666666666667 0.22526041666666666 0.2881944444444444 0.2109375 0.2881944444444444 0.18880208333333334 0.2916666666666667 0.18098958333333334 0.3020833333333333 0.16666666666666666 0.3142361111111111 0.15755208333333334 0.3142361111111111 0.15364583333333334 0.3107638888888889 0.15104166666666666 0.3055555555555556 0.15104166666666666 0.3020833333333333 0.14713541666666666 0.3072916666666667 0.14322916666666666 0.3107638888888889 0.14322916666666666 0.3194444444444444 0.13541666666666666 0.3229166666666667 0.109375 0.3333333333333333 0.10286458333333333 0.3541666666666667 0.09895833333333333 0.3663194444444444 0.11067708333333333
0 0.4184027777777778 0.5 0.4305555555555556 0.5026041666666666 0.4496527777777778 0.5104166666666666 0.4826388888888889 0.53125 0.4895833333333333 0.5403645833333334 0.4982638888888889 0.5625 0.4965277777777778 0.6015625 0.5086805555555556 0.6080729166666666 0.5086805555555556 0.6171875 0.4930555555555556 0.6380208333333334 0.4809027777777778 0.6497395833333334 0.4791666666666667 0.66015625 0.4809027777777778 0.6783854166666666 0.4739583333333333 0.6848958333333334 0.4652777777777778 0.6848958333333334 0.4479166666666667 0.6809895833333334 0.4201388888888889 0.6796875 0.4114583333333333 0.6796875 0.3975694444444444 0.6848958333333334 0.3732638888888889 0.6848958333333334 0.3350694444444444 0.6744791666666666 0.3020833333333333 0.6575520833333334 0.2881944444444444 0.6458333333333334 0.2690972222222222 0.62109375 0.2673611111111111 0.6106770833333334 0.2638888888888889 0.60546875 0.2621527777777778 0.5755208333333334 0.28125 0.5299479166666666 0.2881944444444444 0.5234375 0.3454861111111111 0.4947916666666667 0.3697916666666667 0.49609375 0.3923611111111111 0.4947916666666667 0.4166666666666667 0.5
0 0.2465277777777778 0.3359375 0.2708333333333333 0.3411458333333333 0.2899305555555556 0.34765625 0.3090277777777778 0.3580729166666667 0.3333333333333333 0.3802083333333333 0.3454861111111111 0.3854166666666667 0.359375 0.40625 0.3645833333333333 0.4309895833333333 0.3628472222222222 0.4583333333333333 0.359375 0.4700520833333333 0.3420138888888889 0.4895833333333333 0.3020833333333333 0.51171875 0.265625 0.5234375 0.2361111111111111 0.5234375 0.2048611111111111 0.5208333333333334 0.1840277777777778 0.5091145833333334 0.1736111111111111 0.5065104166666666 0.16666666666666666 0.5013020833333334 0.14756944444444445 0.4986979166666667 0.12152777777777778 0.4778645833333333 0.109375 0.4622395833333333 0.1076388888888889 0.4401041666666667 0.10416666666666667 0.4322916666666667 0.10416666666666667 0.4140625 0.1111111111111111 0.4075520833333333 0.11979166666666667 0.390625 0.12152777777777778 0.3815104166666667 0.14583333333333334 0.3619791666666667 0.1597222222222222 0.3528645833333333 0.17708333333333334 0.3463541666666667 0.19618055555555555 0.34375 0.2013888888888889 0.3450520833333333 0.20833333333333334 0.34375 0.2170138888888889 0.3385416666666667 0.24479166666666666 0.3359375
0 0.16145833333333334 0.66796875 0.1857638888888889 0.6692708333333334 0.22743055555555555 0.68359375 0.2465277777777778 0.6979166666666666 0.2621527777777778 0.7200520833333334 0.2604166666666667 0.7682291666666666 0.2517361111111111 0.78515625 0.2482638888888889 0.7994791666666666 0.22743055555555555 0.8216145833333334 0.2048611111111111 0.8346354166666666 0.17881944444444445 0.84375 0.14756944444444445 0.8489583333333334 0.125 0.8489583333333334 0.09895833333333333 0.8450520833333334 0.0763888888888889 0.8359375 0.0625 0.8255208333333334 0.04513888888888889 0.8072916666666666 0.03819444444444445 0.7877604166666666 0.03819444444444445 0.75390625 0.04513888888888889 0.7356770833333334 0.0642361111111111 0.70703125 0.07291666666666667 0.69921875 0.10243055555555555 0.68359375 0.1371527777777778 0.671875 0.14930555555555555 0.671875 0.1597222222222222 0.6692708333333334