0 0.4140625 0.46875 0.4296875 0.4765625 0.439453125 0.49609375 0.46484375 0.5052083333333334 0.48046875 0.5169270833333334 0.501953125 0.546875 0.5048828125 0.5559895833333334 0.5078125 0.58203125 0.5068359375 0.6158854166666666 0.5009765625 0.6471354166666666 0.486328125 0.6809895833333334 0.484375 0.6940104166666666 0.4853515625 0.70703125 0.4765625 0.7265625 0.4677734375 0.734375 0.453125 0.73828125 0.4345703125 0.7369791666666666 0.4228515625 0.7252604166666666 0.3984375 0.7174479166666666 0.38671875 0.7057291666666666 0.3681640625 0.6966145833333334 0.3466796875 0.6627604166666666 0.3330078125 0.62109375 0.3330078125 0.5872395833333334 0.3486328125 0.5533854166666666 0.3525390625 0.5377604166666666 0.36328125 0.5208333333333334 0.3681640625 0.4973958333333333 0.3798828125 0.4791666666666667 0.392578125 0.46875 0.4130859375 0.46875
0 0.5224609375 0.21744791666666666 0.5615234375 0.23046875 0.5869140625 0.25390625 0.595703125 0.265625 0.607421875 0.29296875 0.607421875 0.3255208333333333 0.5986328125 0.3684895833333333 0.5986328125 0.3815104166666667 0.60546875 0.41015625 0.60546875 0.4205729166666667 0.59375 0.44140625 0.587890625 0.4583333333333333 0.578125 0.4661458333333333 0.55859375 0.4739583333333333 0.5498046875 0.4817708333333333 0.5390625 0.4791666666666667 0.53125 0.4908854166666667 0.5185546875 0.5013020833333334 0.5146484375 0.4908854166666667 0.4833984375 0.4895833333333333 0.4736328125 0.4739583333333333 0.4677734375 0.4700520833333333 0.4599609375 0.4700520833333333 0.4462890625 0.4765625 0.439453125 0.4713541666666667 0.4345703125 0.4466145833333333 0.435546875 0.4427083333333333 0.4453125 0.4401041666666667 0.447265625 0.43359375 0.435546875 0.4127604166666667 0.4345703125 0.4010416666666667 0.431640625 0.3971354166666667 0.4306640625 0.3619791666666667 0.431640625 0.3580729166666667 0.4501953125 0.3528645833333333 0.4521484375 0.3450520833333333 0.4580078125 0.3385416666666667 0.4638671875 0.3359375 0.46484375 0.3307291666666667 0.4765625 0.328125 0.4833984375 0.3203125 0.4833984375 0.31640625 0.486328125 0.31640625 0.4912109375 0.3111979166666667 0.4921875 0.2955729166666667 0.5 0.26171875 0.5 0.24609375 0.49609375 0.2265625 0.4970703125 0.21744791666666666 0.5009765625 0.21484375 0.521484375 0.21744791666666666
0 0.767578125 0.4453125 0.771484375 0.4466145833333333 0.779296875 0.4557291666666667 0.7880859375 0.4778645833333333 0.7919921875 0.50390625 0.791015625 0.5364583333333334 0.7861328125 0.5572916666666666 0.775390625 0.578125 0.7607421875 0.5924479166666666 0.7392578125 0.6041666666666666 0.7119140625 0.6041666666666666 0.6865234375 0.59765625 0.6689453125 0.5885416666666666 0.6650390625 0.5768229166666666 0.6591796875 0.5325520833333334 0.65234375 0.5182291666666666 0.64453125 0.4908854166666667 0.6484375 0.4635416666666667 0.650390625 0.4635416666666667 0.658203125 0.4752604166666667 0.6640625 0.4752604166666667 0.6708984375 0.4700520833333333 0.6826171875 0.4700520833333333 0.69140625 0.4739583333333333 0.7265625 0.4739583333333333 0.734375 0.4765625 0.7578125 0.4752604166666667 0.7626953125 0.46875 0.767578125 0.4466145833333333
0 0.7265625 0.13671875 0.7509765625 0.14322916666666666 0.7734375 0.15494791666666666 0.7998046875 0.16145833333333334 0.8076171875 0.16666666666666666 0.81640625 0.17708333333333334 0.8251953125 0.18098958333333334 0.8544921875 0.22395833333333334 0.8564453125 0.23307291666666666 0.8544921875 0.25390625 0.8583984375 0.2669270833333333 0.8798828125 0.2578125 0.888671875 0.2578125 0.91796875 0.2799479166666667 0.9189453125 0.2864583333333333 0.9130859375 0.30078125 0.9130859375 0.3072916666666667 0.921875 0.3307291666666667 0.921875 0.3515625 0.9248046875 0.3658854166666667 0.91796875 0.3763020833333333 0.912109375 0.3802083333333333 0.8798828125 0.3893229166666667 0.8681640625 0.3893229166666667 0.8623046875 0.38671875 0.853515625 0.3776041666666667 0.8212890625 0.3580729166666667 0.8037109375 0.3606770833333333 0.7998046875 0.3528645833333333 0.7998046875 0.33203125 0.794921875 0.3033854166666667 0.7861328125 0.2760416666666667 0.7666015625 0.2526041666666667 0.73046875 0.23046875 0.7197265625 0.23046875 0.7041015625 0.22395833333333334 0.6982421875 0.21875 0.6923828125 0.21875 0.677734375 0.22526041666666666 0.6728515625 0.23046875 0.658203125 0.23697916666666666 0.6533203125 0.23828125 0.650390625 0.23567708333333334 0.646484375 0.22265625 0.646484375 0.1953125 0.6552734375 0.18098958333333334 0.6669921875 0.17447916666666666 0.6787109375 0.15755208333333334 0.6923828125 0.14583333333333334 0.7041015625 0.13932291666666666 0.7255859375 0.13671875
0 0.4462890625 0.08723958333333333 0.455078125 0.09114583333333333 0.470703125 0.10416666666666667 0.48828125 0.13151041666666666 0.4912109375 0.14583333333333334 0.4912109375 0.17838541666666666 0.48828125 0.19010416666666666 0.4833984375 0.19010416666666666 0.4736328125 0.17578125 0.455078125 0.15885416666666666 0.4384765625 0.1484375 0.4267578125 0.14453125 0.4072265625 0.14713541666666666 0.384765625 0.15755208333333334 0.3740234375 0.15885416666666666 0.3662109375 0.16276041666666666 0.361328125 0.16015625 0.361328125 0.14322916666666666 0.3681640625 0.11458333333333333 0.3720703125 0.10807291666666667 0.3837890625 0.09765625 0.4130859375 0.08854166666666667 0.4453125 0.08723958333333333
0 0.2451171875 0.1015625 0.255859375 0.10677083333333333 0.30859375 0.10416666666666667 0.3349609375 0.11848958333333333 0.3408203125 0.12760416666666666 0.3525390625 0.16536458333333334 0.353515625 0.19661458333333334 0.3515625 0.20963541666666666 0.341796875 0.234375 0.330078125 0.24739583333333334 0.328125 0.2552083333333333 0.3232421875 0.26171875 0.310546875 0.2643229166666667 0.296875 0.2591145833333333 0.2783203125 0.2578125 0.2685546875 0.2630208333333333 0.265625 0.2734375 0.2626953125 0.2760416666666667 0.2509765625 0.2760416666666667 0.234375 0.2825520833333333 0.2255859375 0.28125 0.22265625 0.27734375 0.212890625 0.2526041666666667 0.208984375 0.22916666666666666 0.208984375 0.2109375 0.2138671875 0.18489583333333334 0.2197265625 0.16927083333333334 0.2236328125 0.14453125 0.228515625 0.13151041666666666 0.23046875 0.11458333333333333 0.2353515625 0.10286458333333333 0.244140625 0.1015625
0 0.30078125 0.265625 0.330078125 0.2786458333333333 0.3505859375 0.30078125 0.35546875 0.3033854166666667 0.37109375 0.32421875 0.3837890625 0.3450520833333333 0.39453125 0.3684895833333333 0.3994140625 0.4049479166666667 0.3994140625 0.4309895833333333 0.392578125 0.4596354166666667 0.369140625 0.4856770833333333 0.3427734375 0.5286458333333334 0.3212890625 0.54296875 0.3173828125 0.5481770833333334 0.3134765625 0.5638020833333334 0.310546875 0.5625 0.3076171875 0.5651041666666666 0.2998046875 0.5546875 0.2529296875 0.5559895833333334 0.240234375 0.5533854166666666 0.2216796875 0.5455729166666666 0.20703125 0.53515625 0.1708984375 0.4856770833333333 0.1591796875 0.4205729166666667 0.1591796875 0.4010416666666667 0.162109375 0.3893229166666667 0.173828125 0.3645833333333333 0.1806640625 0.3580729166666667 0.1875 0.3346354166666667 0.2138671875 0.2955729166666667 0.244140625 0.2825520833333333 0.2646484375 0.2825520833333333 0.2685546875 0.2786458333333333 0.2705078125 0.26953125 0.27734375 0.2630208333333333 0.2998046875 0.265625
0 0.708984375 0.22786458333333334 0.71484375 0.23307291666666666 0.728515625 0.234375 0.7431640625 0.24088541666666666 0.75390625 0.25 0.765625 0.2552083333333333 0.783203125 0.2760416666666667 0.79296875 0.3059895833333333 0.798828125 0.3619791666666667 0.7958984375 0.3776041666666667 0.7841796875 0.40625 0.7724609375 0.4231770833333333 0.759765625 0.4348958333333333 0.759765625 0.4401041666666667 0.7626953125 0.4453125 0.76171875 0.4609375 0.755859375 0.4700520833333333 0.6865234375 0.4674479166666667 0.67578125 0.46484375 0.66796875 0.46484375 0.6640625 0.4700520833333333 0.66015625 0.4700520833333333 0.6533203125 0.45703125 0.640625 0.44921875 0.615234375 0.4192708333333333 0.607421875 0.40234375 0.603515625 0.38671875 0.603515625 0.3567708333333333 0.6103515625 0.3294270833333333 0.6123046875 0.2916666666666667 0.615234375 0.2786458333333333 0.6201171875 0.2721354166666667 0.642578125 0.2565104166666667 0.6494140625 0.24739583333333334 0.6611328125 0.23828125 0.685546875 0.2265625 0.7021484375 0.22526041666666666 0.7080078125 0.22786458333333334
0 0.732421875 0.13802083333333334 0.751953125 0.14322916666666666 0.7734375 0.15494791666666666 0.7939453125 0.15885416666666666 0.8076171875 0.16666666666666666 0.8154296875 0.17578125 0.8251953125 0.18098958333333334 0.8466796875 0.2109375 0.8544921875 0.2265625 0.85546875 0.23958333333333334 0.853515625 0.24869791666666666 0.85546875 0.2682291666666667 0.8486328125 0.3111979166666667 0.8212890625 0.35546875 0.810546875 0.359375 0.802734375 0.359375 0.80078125 0.35546875 0.798828125 0.3229166666666667 0.787109375 0.2760416666666667 0.7666015625 0.2526041666666667 0.728515625 0.22786458333333334 0.716796875 0.2265625 0.7099609375 0.21744791666666666 0.6953125 0.21744791666666666 0.6552734375 0.23828125 0.6513671875 0.23697916666666666 0.6484375 0.23046875 0.646484375 0.22005208333333334 0.646484375 0.1953125 0.6552734375 0.18098958333333334 0.6669921875 0.17447916666666666 0.6806640625 0.15494791666666666 0.6982421875 0.14192708333333334 0.7158203125 0.13671875 0.7314453125 0.13802083333333334
0 0.4375 0.14973958333333334 0.466796875 0.17057291666666666 0.482421875 0.19010416666666666 0.484375 0.19791666666666666 0.4912109375 0.20963541666666666 0.49609375 0.2421875 0.49609375 0.2604166666666667 0.4951171875 0.2682291666666667 0.484375 0.2994791666666667 0.4736328125 0.3151041666666667 0.4638671875 0.3216145833333333 0.453125 0.3359375 0.4248046875 0.34765625 0.4013671875 0.3463541666666667 0.3876953125 0.33984375 0.3623046875 0.3059895833333333 0.3515625 0.28515625 0.341796875 0.2825520833333333 0.333984375 0.2721354166666667 0.3310546875 0.2669270833333333 0.3310546875 0.2578125 0.333984375 0.2513020833333333 0.3388671875 0.2513020833333333 0.3408203125 0.25390625 0.345703125 0.2526041666666667 0.345703125 0.23567708333333334 0.3564453125 0.2109375 0.359375 0.17838541666666666 0.3701171875 0.1640625 0.416015625 0.14713541666666666 0.4365234375 0.14973958333333334
0 0.8896484375 0.2578125 0.919921875 0.2825520833333333 0.91796875 0.2942708333333333 0.9140625 0.30078125 0.9140625 0.3072916666666667 0.921875 0.3294270833333333 0.921875 0.34375 0.92578125 0.3619791666666667 0.921875 0.3723958333333333 0.908203125 0.3828125 0.89453125 0.3841145833333333 0.8798828125 0.390625 0.869140625 0.390625 0.8642578125 0.3880208333333333 0.8525390625 0.3776041666666667 0.826171875 0.3619791666666667 0.82421875 0.35546875 0.826171875 0.3489583333333333 0.8505859375 0.3138020833333333 0.85546875 0.2942708333333333 0.8583984375 0.2708333333333333 0.8681640625 0.26171875 0.8779296875 0.2578125 0.888671875 0.2578125
0 0.6025390625 0.4700520833333333 0.6142578125 0.4739583333333333 0.640625 0.4973958333333333 0.658203125 0.5390625 0.6611328125 0.5807291666666666 0.65625 0.60546875 0.65625 0.6236979166666666 0.650390625 0.6432291666666666 0.626953125 0.6822916666666666 0.60546875 0.6953125 0.572265625 0.6940104166666666 0.556640625 0.6888020833333334 0.54296875 0.6783854166666666 0.521484375 0.6484375 0.5166015625 0.6354166666666666 0.5126953125 0.6119791666666666 0.5107421875 0.546875 0.51171875 0.5286458333333334 0.5146484375 0.5182291666666666 0.51953125 0.5104166666666666 0.5390625 0.4973958333333333 0.5546875 0.4908854166666667 0.560546875 0.4817708333333333 0.57421875 0.47265625 0.5859375 0.46875 0.6015625 0.4700520833333333
0 0.564453125 0.078125 0.5849609375 0.08723958333333333 0.5986328125 0.09895833333333333 0.6142578125 0.13411458333333334 0.6328125 0.18489583333333334 0.6328125 0.19661458333333334 0.630859375 0.20182291666666666 0.611328125 0.21875 0.595703125 0.23958333333333334 0.5888671875 0.24348958333333334 0.583984375 0.24348958333333334 0.5654296875 0.22786458333333334 0.5546875 0.22265625 0.5048828125 0.20963541666666666 0.4970703125 0.19270833333333334 0.494140625 0.13671875 0.49609375 0.12760416666666666 0.5048828125 0.11197916666666667 0.5185546875 0.09505208333333333 0.5322265625 0.08333333333333333 0.541015625 0.07942708333333333 0.5634765625 0.078125