0 0.470703125 0.3268229166666667 0.48046875 0.3359375 0.525390625 0.34765625 0.53125 0.3515625 0.54296875 0.3658854166666667 0.5556640625 0.3984375 0.556640625 0.4153645833333333 0.5537109375 0.4453125 0.54296875 0.47265625 0.533203125 0.4869791666666667 0.5205078125 0.4986979166666667 0.5 0.5078125 0.4794921875 0.5078125 0.453125 0.4921875 0.4345703125 0.4674479166666667 0.427734375 0.453125 0.423828125 0.4388020833333333 0.4248046875 0.4075520833333333 0.427734375 0.40234375 0.4345703125 0.375 0.4521484375 0.3359375 0.4619140625 0.328125 0.4697265625 0.3268229166666667
0 0.7529296875 0.4934895833333333 0.7734375 0.5013020833333334 0.779296875 0.5065104166666666 0.7900390625 0.5169270833333334 0.806640625 0.54296875 0.8173828125 0.5807291666666666 0.8193359375 0.59765625 0.8173828125 0.6236979166666666 0.8076171875 0.6510416666666666 0.7841796875 0.6848958333333334 0.78125 0.6927083333333334 0.7705078125 0.6940104166666666 0.7548828125 0.703125 0.7421875 0.703125 0.7255859375 0.7096354166666666 0.7060546875 0.7096354166666666 0.6943359375 0.703125 0.6748046875 0.6875 0.6611328125 0.6705729166666666 0.6513671875 0.65234375 0.6435546875 0.6263020833333334 0.6416015625 0.5859375 0.65234375 0.5520833333333334 0.6611328125 0.53515625 0.66796875 0.5247395833333334 0.6845703125 0.5078125 0.705078125 0.49609375 0.73046875 0.4895833333333333 0.751953125 0.4934895833333333
0 0.416015625 0.4934895833333333 0.4375 0.4986979166666667 0.453125 0.5091145833333334 0.4833984375 0.5520833333333334 0.48828125 0.5625 0.4912109375 0.578125 0.4931640625 0.62890625 0.4912109375 0.6419270833333334 0.4833984375 0.6614583333333334 0.478515625 0.6705729166666666 0.4677734375 0.6822916666666666 0.4501953125 0.6927083333333334 0.435546875 0.6979166666666666 0.4189453125 0.6966145833333334 0.396484375 0.6861979166666666 0.3857421875 0.67578125 0.3642578125 0.6458333333333334 0.3603515625 0.6276041666666666 0.3603515625 0.61328125 0.3544921875 0.5950520833333334 0.3544921875 0.5794270833333334 0.3583984375 0.5520833333333334 0.361328125 0.5403645833333334 0.3681640625 0.5260416666666666 0.3759765625 0.5143229166666666 0.3896484375 0.5013020833333334 0.404296875 0.4947916666666667 0.4150390625 0.4934895833333333
0 0.298828125 0.53125 0.314453125 0.5390625 0.3291015625 0.5520833333333334 0.3388671875 0.5625 0.349609375 0.5794270833333334 0.3515625 0.5963541666666666 0.357421875 0.61328125 0.357421875 0.6380208333333334 0.3603515625 0.6458333333333334 0.3603515625 0.65625 0.3515625 0.67578125 0.3515625 0.6901041666666666 0.345703125 0.6927083333333334 0.33203125 0.7135416666666666 0.3115234375 0.73046875 0.28515625 0.7421875 0.26953125 0.7395833333333334 0.248046875 0.7291666666666666 0.23046875 0.7057291666666666 0.216796875 0.6927083333333334 0.2138671875 0.6744791666666666 0.2080078125 0.66015625 0.2080078125 0.6197916666666666 0.2158203125 0.5768229166666666 0.2392578125 0.5481770833333334 0.2353515625 0.5377604166666666 0.2373046875 0.53125 0.244140625 0.5286458333333334 0.2509765625 0.5442708333333334 0.2646484375 0.5338541666666666 0.2841796875 0.5299479166666666 0.2978515625 0.53125
0 0.4287109375 0.25 0.4521484375 0.26171875 0.470703125 0.28125 0.46875 0.2994791666666667 0.4716796875 0.3098958333333333 0.4658203125 0.3229166666666667 0.453125 0.3294270833333333 0.4482421875 0.3359375 0.439453125 0.359375 0.431640625 0.3736979166666667 0.427734375 0.3763020833333333 0.4248046875 0.3763020833333333 0.4169921875 0.34765625 0.396484375 0.3177083333333333 0.3935546875 0.3098958333333333 0.37890625 0.2916666666666667 0.376953125 0.28515625 0.3779296875 0.2682291666666667 0.384765625 0.25390625 0.3984375 0.24869791666666666 0.427734375 0.25
0 0.7861328125 0.21744791666666666 0.806640625 0.23046875 0.8203125 0.24348958333333334 0.8310546875 0.2578125 0.8369140625 0.26171875 0.84375 0.2786458333333333 0.857421875 0.296875 0.8583984375 0.3125 0.8671875 0.3463541666666667 0.8671875 0.3880208333333333 0.861328125 0.4270833333333333 0.845703125 0.4557291666666667 0.830078125 0.4752604166666667 0.814453125 0.48828125 0.79296875 0.4947916666666667 0.7734375 0.4947916666666667 0.7392578125 0.484375 0.71484375 0.4635416666666667 0.6953125 0.4375 0.689453125 0.4244791666666667 0.6796875 0.4140625 0.677734375 0.4036458333333333 0.6787109375 0.39453125 0.671875 0.3736979166666667 0.669921875 0.3424479166666667 0.669921875 0.3359375 0.6787109375 0.3033854166666667 0.6923828125 0.27734375 0.6962890625 0.24088541666666666 0.69921875 0.23567708333333334 0.72265625 0.22005208333333334 0.744140625 0.21354166666666666 0.779296875 0.21484375 0.78515625 0.21744791666666666
0 0.5908203125 0.4869791666666667 0.603515625 0.4921875 0.615234375 0.5013020833333334 0.625 0.5143229166666666 0.6298828125 0.52734375 0.634765625 0.546875 0.6376953125 0.5755208333333334 0.6337890625 0.609375 0.6357421875 0.6263020833333334 0.6328125 0.6380208333333334 0.6259765625 0.6484375 0.5849609375 0.6692708333333334 0.5703125 0.671875 0.546875 0.6705729166666666 0.537109375 0.6666666666666666 0.521484375 0.6536458333333334 0.5078125 0.6302083333333334 0.5 0.6015625 0.5 0.5794270833333334 0.505859375 0.5533854166666666 0.50390625 0.5286458333333334 0.5078125 0.5169270833333334 0.5244140625 0.51171875 0.5419921875 0.4986979166666667 0.5751953125 0.4869791666666667 0.58984375 0.4869791666666667
0 0.5087890625 0.08854166666666667 0.53515625 0.10677083333333333 0.55859375 0.13932291666666666 0.5673828125 0.15755208333333334 0.568359375 0.16666666666666666 0.56640625 0.17578125 0.5693359375 0.19270833333333334 0.5546875 0.20963541666666666 0.5380859375 0.234375 0.533203125 0.265625 0.525390625 0.2734375 0.5048828125 0.28125 0.4853515625 0.28125 0.474609375 0.2786458333333333 0.4638671875 0.2708333333333333 0.451171875 0.2552083333333333 0.4423828125 0.23697916666666666 0.4267578125 0.19270833333333334 0.4169921875 0.17708333333333334 0.4140625 0.16666666666666666 0.4140625 0.15234375 0.416015625 0.14453125 0.4208984375 0.13802083333333334 0.4365234375 0.13151041666666666 0.4580078125 0.1171875 0.462890625 0.109375 0.4765625 0.09635416666666667 0.49609375 0.08723958333333333 0.5078125 0.08854166666666667
0 0.6328125 0.1875 0.66796875 0.20703125 0.6787109375 0.21875 0.685546875 0.23046875 0.69140625 0.25 0.69140625 0.2578125 0.685546875 0.2799479166666667 0.671875 0.30859375 0.6689453125 0.3177083333333333 0.66796875 0.3307291666666667 0.666015625 0.3177083333333333 0.6640625 0.3177083333333333 0.6630859375 0.3268229166666667 0.6650390625 0.34375 0.6376953125 0.3645833333333333 0.607421875 0.3736979166666667 0.5966796875 0.3723958333333333 0.5595703125 0.3411458333333333 0.5361328125 0.30859375 0.529296875 0.2890625 0.5322265625 0.2903645833333333 0.53515625 0.2838541666666667 0.5390625 0.24869791666666666 0.54296875 0.23307291666666666 0.560546875 0.20833333333333334 0.5771484375 0.1953125 0.5869140625 0.19140625 0.6005859375 0.19140625 0.611328125 0.1875 0.6318359375 0.1875
0 0.7080078125 0 0.7197265625 0.037760416666666664 0.72265625 0.055989583333333336 0.72265625 0.06770833333333333 0.7177734375 0.09375 0.7041015625 0.12239583333333333 0.69921875 0.13932291666666666 0.6904296875 0.15494791666666666 0.67578125 0.17578125 0.6572265625 0.19140625 0.650390625 0.19140625 0.6435546875 0.18619791666666666 0.630859375 0.18229166666666666 0.5947265625 0.18489583333333334 0.58984375 0.17838541666666666 0.587890625 0.16536458333333334 0.578125 0.16276041666666666 0.5693359375 0.15234375 0.5556640625 0.13020833333333334 0.5517578125 0.10807291666666667 0.5546875 0.09765625 0.5537109375 0.07682291666666667 0.5576171875 0.057291666666666664 0.5693359375 0.028645833333333332 0.583984375 0.00390625 0.5888671875 0 0.70703125 0
0 0.794921875 0.078125 0.8046875 0.08723958333333333 0.8134765625 0.10677083333333333 0.8203125 0.15755208333333334 0.818359375 0.19401041666666666 0.810546875 0.21744791666666666 0.8046875 0.22395833333333334 0.791015625 0.21614583333333334 0.771484375 0.2109375 0.740234375 0.2109375 0.7138671875 0.22135416666666666 0.7080078125 0.22135416666666666 0.7001953125 0.21223958333333334 0.6953125 0.19921875 0.6953125 0.17057291666666666 0.7021484375 0.13932291666666666 0.7119140625 0.11328125 0.724609375 0.08984375 0.7568359375 0.07421875 0.7880859375 0.07552083333333333 0.7939453125 0.078125
0 0.3134765625 0.2643229166666667 0.345703125 0.26953125 0.3701171875 0.28515625 0.388671875 0.3072916666666667 0.390625 0.3138020833333333 0.4052734375 0.3333333333333333 0.4150390625 0.3502604166666667 0.4189453125 0.3645833333333333 0.4208984375 0.3815104166666667 0.4189453125 0.39453125 0.41796875 0.45703125 0.404296875 0.48828125 0.3828125 0.5013020833333334 0.359375 0.53125 0.3466796875 0.53125 0.322265625 0.5221354166666666 0.3056640625 0.51953125 0.275390625 0.5013020833333334 0.244140625 0.46875 0.224609375 0.4348958333333333 0.2255859375 0.375 0.2392578125 0.3190104166666667 0.2626953125 0.2864583333333333 0.2900390625 0.2682291666666667 0.3125 0.2643229166666667