0 0.4895833333333333 0.4036458333333333 0.5069444444444444 0.4114583333333333 0.5329861111111112 0.4296875 0.5434027777777778 0.4453125 0.5538194444444444 0.4518229166666667 0.5572916666666666 0.4583333333333333 0.5572916666666666 0.4661458333333333 0.5329861111111112 0.515625 0.5208333333333334 0.5286458333333334 0.5034722222222222 0.5390625 0.4704861111111111 0.5481770833333334 0.4444444444444444 0.5481770833333334 0.4253472222222222 0.54296875 0.3975694444444444 0.5299479166666666 0.3784722222222222 0.5143229166666666 0.3680555555555556 0.5026041666666666 0.3611111111111111 0.4817708333333333 0.3611111111111111 0.4661458333333333 0.3663194444444444 0.453125 0.3732638888888889 0.4440104166666667 0.4114583333333333 0.4140625 0.4461805555555556 0.40234375 0.4878472222222222 0.4036458333333333
0 0.7586805555555556 0.6497395833333334 0.7777777777777778 0.6640625 0.7881944444444444 0.66796875 0.8003472222222222 0.6692708333333334 0.8211805555555556 0.6796875 0.8506944444444444 0.70703125 0.8611111111111112 0.7265625 0.8680555555555556 0.7330729166666666 0.8715277777777778 0.7447916666666666 0.875 0.7473958333333334 0.890625 0.74609375 0.8854166666666666 0.7955729166666666 0.875 0.8190104166666666 0.8645833333333334 0.8333333333333334 0.8472222222222222 0.84375 0.8194444444444444 0.85546875 0.7725694444444444 0.8645833333333334 0.7430555555555556 0.86328125 0.7135416666666666 0.859375 0.6909722222222222 0.8528645833333334 0.6736111111111112 0.8424479166666666 0.6631944444444444 0.8346354166666666 0.6267361111111112 0.79296875 0.6180555555555556 0.7734375 0.6128472222222222 0.7513020833333334 0.6145833333333334 0.7330729166666666 0.6267361111111112 0.7239583333333334 0.6232638888888888 0.7174479166666666 0.625 0.7005208333333334 0.6284722222222222 0.6927083333333334 0.6458333333333334 0.6770833333333334 0.6631944444444444 0.671875 0.6770833333333334 0.6731770833333334 0.6822916666666666 0.6692708333333334 0.6857638888888888 0.6588541666666666 0.6909722222222222 0.65625 0.7135416666666666 0.65234375 0.7256944444444444 0.65234375 0.734375 0.6497395833333334 0.7569444444444444 0.6497395833333334
0 0.2847222222222222 0.2669270833333333 0.3038194444444444 0.2721354166666667 0.3177083333333333 0.2721354166666667 0.3368055555555556 0.2799479166666667 0.359375 0.28125 0.3819444444444444 0.2890625 0.4114583333333333 0.3072916666666667 0.4236111111111111 0.3216145833333333 0.4305555555555556 0.3359375 0.4322916666666667 0.3528645833333333 0.4253472222222222 0.3723958333333333 0.4131944444444444 0.3880208333333333 0.375 0.41015625 0.34375 0.4244791666666667 0.3333333333333333 0.4270833333333333 0.3159722222222222 0.42578125 0.2708333333333333 0.4153645833333333 0.2378472222222222 0.40234375 0.2152777777777778 0.3828125 0.203125 0.3580729166666667 0.203125 0.33984375 0.2065972222222222 0.3307291666666667 0.2152777777777778 0.3177083333333333 0.22916666666666666 0.3059895833333333 0.2309027777777778 0.296875 0.24305555555555555 0.2877604166666667 0.2673611111111111 0.2864583333333333 0.2725694444444444 0.2825520833333333 0.2743055555555556 0.2760416666666667 0.2725694444444444 0.2682291666666667 0.2829861111111111 0.2669270833333333
0 0.5711805555555556 0.7721354166666666 0.5989583333333334 0.7825520833333334 0.6336805555555556 0.8059895833333334 0.6579861111111112 0.8385416666666666 0.6579861111111112 0.85546875 0.6510416666666666 0.8815104166666666 0.625 0.9153645833333334 0.6076388888888888 0.92578125 0.5954861111111112 0.9283854166666666 0.5659722222222222 0.9283854166666666 0.515625 0.9153645833333334 0.4965277777777778 0.9075520833333334 0.4826388888888889 0.8997395833333334 0.4670138888888889 0.8854166666666666 0.4548611111111111 0.8580729166666666 0.4583333333333333 0.8463541666666666 0.4722222222222222 0.83203125 0.4947916666666667 0.79296875 0.5503472222222222 0.7721354166666666 0.5694444444444444 0.7721354166666666
0 0.1371527777777778 0.546875 0.16319444444444445 0.5533854166666666 0.17708333333333334 0.5598958333333334 0.19444444444444445 0.5703125 0.2048611111111111 0.5807291666666666 0.22395833333333334 0.6145833333333334 0.2222222222222222 0.6432291666666666 0.2170138888888889 0.6627604166666666 0.2065972222222222 0.6809895833333334 0.1736111111111111 0.7044270833333334 0.16666666666666666 0.7122395833333334 0.13368055555555555 0.7265625 0.10590277777777778 0.73046875 0.06944444444444445 0.7278645833333334 0.04513888888888889 0.72265625 0.03125 0.7174479166666666 0.010416666666666666 0.7018229166666666 0 0.6861979166666666 0 0.6119791666666666 0.019097222222222224 0.5807291666666666 0.052083333333333336 0.55859375 0.0763888888888889 0.5494791666666666 0.09722222222222222 0.5455729166666666 0.13541666666666666 0.546875
0 0.3420138888888889 0.6510416666666666 0.3489583333333333 0.6497395833333334 0.3611111111111111 0.6510416666666666 0.3680555555555556 0.6549479166666666 0.3680555555555556 0.66015625 0.375 0.6653645833333334 0.4184027777777778 0.6796875 0.4392361111111111 0.6966145833333334 0.4670138888888889 0.73046875 0.4774305555555556 0.7369791666666666 0.484375 0.74609375 0.484375 0.7513020833333334 0.4895833333333333 0.76171875 0.4878472222222222 0.7942708333333334 0.4791666666666667 0.8138020833333334 0.4670138888888889 0.83203125 0.4444444444444444 0.8528645833333334 0.3940972222222222 0.8736979166666666 0.3420138888888889 0.8828125 0.3003472222222222 0.8815104166666666 0.2534722222222222 0.8723958333333334 0.21180555555555555 0.8528645833333334 0.18229166666666666 0.8333333333333334 0.17708333333333334 0.8229166666666666 0.171875 0.8190104166666666 0.1579861111111111 0.7994791666666666 0.15104166666666666 0.7760416666666666 0.15104166666666666 0.7591145833333334 0.1579861111111111 0.7330729166666666 0.1684027777777778 0.7174479166666666 0.1892361111111111 0.6979166666666666 0.2170138888888889 0.6822916666666666 0.23958333333333334 0.6744791666666666 0.2482638888888889 0.6666666666666666 0.2725694444444444 0.66796875 0.2934027777777778 0.6640625 0.3107638888888889 0.6640625 0.3246527777777778 0.6614583333333334 0.3420138888888889 0.65234375
0 0.24131944444444445 0.4166666666666667 0.2673611111111111 0.4205729166666667 0.3055555555555556 0.4388020833333333 0.3142361111111111 0.4401041666666667 0.3263888888888889 0.4401041666666667 0.3315972222222222 0.4375 0.3385416666666667 0.4388020833333333 0.3333333333333333 0.4466145833333333 0.3333333333333333 0.4778645833333333 0.3368055555555556 0.4895833333333333 0.3368055555555556 0.5026041666666666 0.3263888888888889 0.53125 0.3159722222222222 0.546875 0.296875 0.5611979166666666 0.28125 0.5677083333333334 0.2673611111111111 0.5690104166666666 0.2170138888888889 0.5677083333333334 0.1857638888888889 0.5559895833333334 0.16319444444444445 0.5416666666666666 0.1545138888888889 0.5403645833333334 0.1423611111111111 0.5182291666666666 0.1371527777777778 0.5013020833333334 0.13541666666666666 0.4869791666666667 0.1388888888888889 0.4622395833333333 0.1527777777777778 0.4427083333333333 0.1684027777777778 0.4309895833333333 0.18229166666666666 0.4244791666666667 0.20833333333333334 0.41796875 0.23958333333333334 0.4166666666666667
0 0.7239583333333334 0.4895833333333333 0.7482638888888888 0.4908854166666667 0.7569444444444444 0.4869791666666667 0.7847222222222222 0.4856770833333333 0.8003472222222222 0.4908854166666667 0.8072916666666666 0.4973958333333333 0.8107638888888888 0.50390625 0.8072916666666666 0.54296875 0.8107638888888888 0.55078125 0.8177083333333334 0.5572916666666666 0.8177083333333334 0.5638020833333334 0.8229166666666666 0.5768229166666666 0.8246527777777778 0.5924479166666666 0.8211805555555556 0.59765625 0.8211805555555556 0.6041666666666666 0.7934027777777778 0.6263020833333334 0.7621527777777778 0.640625 0.7482638888888888 0.64453125 0.7135416666666666 0.6484375 0.6909722222222222 0.6484375 0.6788194444444444 0.6458333333333334 0.6701388888888888 0.6497395833333334 0.65625 0.65234375 0.6527777777777778 0.65234375 0.6458333333333334 0.64453125 0.6423611111111112 0.6145833333333334 0.6302083333333334 0.5950520833333334 0.6197916666666666 0.5872395833333334 0.6111111111111112 0.5729166666666666 0.6111111111111112 0.5572916666666666 0.6163194444444444 0.5364583333333334 0.6284722222222222 0.5169270833333334 0.6493055555555556 0.50390625 0.6614583333333334 0.5 0.671875 0.5 0.6770833333333334 0.4973958333333333 0.7013888888888888 0.4947916666666667 0.7100694444444444 0.4908854166666667 0.7222222222222222 0.4895833333333333
0 0.3368055555555556 0.12239583333333333 0.3559027777777778 0.125 0.3767361111111111 0.12369791666666667 0.3888888888888889 0.12760416666666666 0.4131944444444444 0.13151041666666666 0.4357638888888889 0.14192708333333334 0.4461805555555556 0.14453125 0.4583333333333333 0.15364583333333334 0.4670138888888889 0.16536458333333334 0.4913194444444444 0.18359375 0.4947916666666667 0.18880208333333334 0.4947916666666667 0.19921875 0.4861111111111111 0.19791666666666666 0.4826388888888889 0.20182291666666666 0.484375 0.21875 0.4739583333333333 0.24869791666666666 0.4565972222222222 0.2682291666666667 0.4357638888888889 0.28125 0.4184027777777778 0.2864583333333333 0.3888888888888889 0.2864583333333333 0.3767361111111111 0.2838541666666667 0.3697916666666667 0.2799479166666667 0.3368055555555556 0.2747395833333333 0.3211805555555556 0.2682291666666667 0.3020833333333333 0.265625 0.2795138888888889 0.25 0.2760416666666667 0.23958333333333334 0.2673611111111111 0.22786458333333334 0.2621527777777778 0.2109375 0.2604166666666667 0.1953125 0.2621527777777778 0.18489583333333334 0.2673611111111111 0.171875 0.2777777777777778 0.15885416666666666 0.3020833333333333 0.14192708333333334 0.3211805555555556 0.13671875 0.3368055555555556 0.12369791666666667
0 0.5885416666666666 0.5572916666666666 0.5954861111111112 0.56640625 0.5954861111111112 0.5703125 0.5920138888888888 0.5729166666666666 0.59375 0.5768229166666666 0.6267361111111112 0.5989583333333334 0.6388888888888888 0.6184895833333334 0.6388888888888888 0.6510416666666666 0.6354166666666666 0.6731770833333334 0.6163194444444444 0.703125 0.5920138888888888 0.7213541666666666 0.5763888888888888 0.73046875 0.5625 0.7356770833333334 0.5451388888888888 0.7369791666666666 0.5295138888888888 0.7408854166666666 0.5173611111111112 0.7408854166666666 0.5104166666666666 0.73828125 0.4895833333333333 0.73828125 0.4756944444444444 0.7291666666666666 0.4305555555555556 0.6783854166666666 0.4236111111111111 0.6744791666666666 0.4201388888888889 0.6640625 0.4201388888888889 0.65234375 0.4305555555555556 0.6223958333333334 0.4479166666666667 0.5989583333333334 0.4635416666666667 0.5872395833333334 0.4809027777777778 0.578125 0.5104166666666666 0.5677083333333334 0.5381944444444444 0.5638020833333334 0.5659722222222222 0.56640625 0.5868055555555556 0.55859375
0 0.6684027777777778 0.4075520833333333 0.6805555555555556 0.4036458333333333 0.6840277777777778 0.41015625 0.6944444444444444 0.41796875 0.7065972222222222 0.4205729166666667 0.7170138888888888 0.4309895833333333 0.71875 0.4427083333333333 0.7135416666666666 0.4713541666666667 0.7013888888888888 0.4908854166666667 0.6770833333333334 0.4947916666666667 0.671875 0.4973958333333333 0.65625 0.4986979166666667 0.6354166666666666 0.5078125 0.6232638888888888 0.5078125 0.6111111111111112 0.5052083333333334 0.59375 0.4934895833333333 0.5850694444444444 0.4921875 0.578125 0.4856770833333333 0.5729166666666666 0.4765625 0.5694444444444444 0.45703125 0.5694444444444444 0.4401041666666667 0.5763888888888888 0.4309895833333333 0.6336805555555556 0.42578125 0.6475694444444444 0.421875 0.6684027777777778 0.4088541666666667
0 0.6145833333333334 0.2109375 0.6180555555555556 0.21354166666666666 0.6319444444444444 0.21614583333333334 0.6510416666666666 0.21354166666666666 0.6493055555555556 0.21614583333333334 0.65625 0.22135416666666666 0.6944444444444444 0.23828125 0.71875 0.2552083333333333 0.7395833333333334 0.2864583333333333 0.7430555555555556 0.2994791666666667 0.7430555555555556 0.32421875 0.7361111111111112 0.3450520833333333 0.7135416666666666 0.3763020833333333 0.703125 0.3854166666666667 0.6961805555555556 0.3854166666666667 0.6909722222222222 0.3880208333333333 0.6510416666666666 0.4140625 0.6232638888888888 0.421875 0.609375 0.421875 0.6006944444444444 0.42578125 0.5677083333333334 0.42578125 0.546875 0.421875 0.515625 0.41015625 0.5086805555555556 0.4049479166666667 0.5 0.4036458333333333 0.4774305555555556 0.3919270833333333 0.4583333333333333 0.3723958333333333 0.4444444444444444 0.3515625 0.4427083333333333 0.3255208333333333 0.4548611111111111 0.2981770833333333 0.46875 0.2877604166666667 0.4774305555555556 0.2760416666666667 0.4947916666666667 0.2604166666666667 0.5225694444444444 0.24088541666666666 0.5434027777777778 0.22916666666666666 0.5711805555555556 0.21875 0.5972222222222222 0.21354166666666666 0.6059027777777778 0.20963541666666666 0.6128472222222222 0.2109375