0 0.521484375 0.4388020833333333 0.5390625 0.4557291666666667 0.5556640625 0.4596354166666667 0.56640625 0.4700520833333333 0.5693359375 0.48046875 0.5693359375 0.49609375 0.572265625 0.5130208333333334 0.5712890625 0.5442708333333334 0.5673828125 0.5611979166666666 0.55859375 0.5807291666666666 0.5498046875 0.58984375 0.5263671875 0.5963541666666666 0.5 0.5924479166666666 0.4736328125 0.58203125 0.46484375 0.5716145833333334 0.4521484375 0.5442708333333334 0.4462890625 0.5221354166666666 0.447265625 0.5104166666666666 0.45703125 0.4934895833333333 0.462890625 0.4765625 0.4794921875 0.453125 0.4873046875 0.4466145833333333 0.509765625 0.4361979166666667 0.5205078125 0.4388020833333333
0 0.7158203125 0.5677083333333334 0.748046875 0.5807291666666666 0.767578125 0.58203125 0.787109375 0.5768229166666666 0.8173828125 0.5598958333333334 0.8203125 0.5611979166666666 0.8359375 0.5833333333333334 0.8427734375 0.5989583333333334 0.845703125 0.61328125 0.8447265625 0.6380208333333334 0.8212890625 0.68359375 0.806640625 0.6927083333333334 0.7900390625 0.71484375 0.779296875 0.7135416666666666 0.755859375 0.7044270833333334 0.7197265625 0.68359375 0.70703125 0.671875 0.69140625 0.6458333333333334 0.6884765625 0.6354166666666666 0.689453125 0.59765625 0.6982421875 0.5794270833333334 0.7060546875 0.5690104166666666 0.71484375 0.5677083333333334
0 0.3759765625 0.3606770833333333 0.3857421875 0.3658854166666667 0.3916015625 0.375 0.41796875 0.3958333333333333 0.4296875 0.3971354166666667 0.447265625 0.3932291666666667 0.4521484375 0.39453125 0.4560546875 0.40625 0.4580078125 0.4231770833333333 0.4560546875 0.4348958333333333 0.44140625 0.4557291666666667 0.4169921875 0.46484375 0.40625 0.4635416666666667 0.3759765625 0.44921875 0.3623046875 0.4466145833333333 0.35546875 0.44140625 0.359375 0.42578125 0.359375 0.4166666666666667 0.353515625 0.40234375 0.3525390625 0.3932291666666667 0.365234375 0.3671875 0.369140625 0.3619791666666667 0.375 0.3606770833333333
0 0.5947265625 0.2421875 0.609375 0.24739583333333334 0.6162109375 0.2526041666666667 0.6435546875 0.27734375 0.650390625 0.2877604166666667 0.65625 0.3072916666666667 0.65234375 0.35546875 0.6533203125 0.3697916666666667 0.6474609375 0.4075520833333333 0.6357421875 0.4283854166666667 0.609375 0.44921875 0.5947265625 0.4544270833333333 0.5810546875 0.4557291666666667 0.5615234375 0.4557291666666667 0.54296875 0.4518229166666667 0.529296875 0.44140625 0.5205078125 0.4296875 0.51171875 0.4140625 0.501953125 0.3828125 0.494140625 0.3697916666666667 0.49609375 0.3333333333333333 0.5029296875 0.3111979166666667 0.521484375 0.2799479166666667 0.5361328125 0.2604166666666667 0.5537109375 0.24869791666666666 0.56640625 0.24348958333333334 0.59375 0.2421875
0 0.734375 0.04296875 0.755859375 0.06640625 0.7646484375 0.08333333333333333 0.7705078125 0.10807291666666667 0.7822265625 0.140625 0.7841796875 0.16666666666666666 0.7822265625 0.18489583333333334 0.7763671875 0.20182291666666666 0.76953125 0.21223958333333334 0.740234375 0.24088541666666666 0.720703125 0.24609375 0.66796875 0.24088541666666666 0.6630859375 0.23828125 0.658203125 0.22395833333333334 0.6455078125 0.20833333333333334 0.6376953125 0.18880208333333334 0.6337890625 0.16927083333333334 0.6328125 0.13151041666666666 0.6376953125 0.10286458333333333 0.6533203125 0.07291666666666667 0.6650390625 0.061197916666666664 0.6875 0.046875 0.697265625 0.044270833333333336 0.7333984375 0.04296875
0 0.3564453125 0.4479166666666667 0.375 0.453125 0.4111328125 0.46875 0.4404296875 0.4973958333333333 0.443359375 0.50390625 0.4423828125 0.5260416666666666 0.4453125 0.5377604166666666 0.4580078125 0.5638020833333334 0.4541015625 0.5924479166666666 0.4501953125 0.60546875 0.4287109375 0.6302083333333334 0.4072265625 0.6315104166666666 0.4013671875 0.6263020833333334 0.3955078125 0.6263020833333334 0.3896484375 0.6302083333333334 0.3681640625 0.6328125 0.359375 0.63671875 0.345703125 0.6354166666666666 0.333984375 0.6276041666666666 0.318359375 0.6223958333333334 0.3037109375 0.6119791666666666 0.2861328125 0.5924479166666666 0.271484375 0.5520833333333334 0.2734375 0.5143229166666666 0.2783203125 0.49609375 0.2861328125 0.4830729166666667 0.3134765625 0.4622395833333333 0.33203125 0.4583333333333333 0.3486328125 0.4479166666666667 0.35546875 0.4479166666666667
0 0.775390625 0.2604166666666667 0.794921875 0.2669270833333333 0.8232421875 0.28515625 0.84375 0.30859375 0.8525390625 0.32421875 0.8623046875 0.3489583333333333 0.8671875 0.3697916666666667 0.87109375 0.4049479166666667 0.8681640625 0.453125 0.85546875 0.4934895833333333 0.8427734375 0.5221354166666666 0.830078125 0.5403645833333334 0.810546875 0.5598958333333334 0.7900390625 0.5716145833333334 0.767578125 0.578125 0.755859375 0.578125 0.724609375 0.5677083333333334 0.708984375 0.5598958333333334 0.69921875 0.5494791666666666 0.6904296875 0.5377604166666666 0.6796875 0.5104166666666666 0.666015625 0.49609375 0.6650390625 0.4739583333333333 0.66015625 0.4635416666666667 0.6513671875 0.4544270833333333 0.646484375 0.4453125 0.6494140625 0.4375 0.6494140625 0.421875 0.6552734375 0.4075520833333333 0.65625 0.3880208333333333 0.6591796875 0.3763020833333333 0.6630859375 0.3697916666666667 0.658203125 0.35546875 0.6630859375 0.33203125 0.6708984375 0.3255208333333333 0.693359375 0.2916666666666667 0.720703125 0.2708333333333333 0.748046875 0.2604166666666667 0.7744140625 0.2604166666666667
0 0.42578125 0.18229166666666666 0.443359375 0.1875 0.4462890625 0.19140625 0.447265625 0.20182291666666666 0.4501953125 0.20833333333333334 0.466796875 0.22916666666666666 0.484375 0.22916666666666666 0.49609375 0.234375 0.51171875 0.23177083333333334 0.5302734375 0.24088541666666666 0.5302734375 0.2513020833333333 0.5263671875 0.2630208333333333 0.498046875 0.3111979166666667 0.4892578125 0.3463541666666667 0.4794921875 0.3658854166666667 0.466796875 0.3802083333333333 0.455078125 0.3893229166666667 0.43359375 0.39453125 0.4140625 0.390625 0.40234375 0.37890625 0.3916015625 0.3723958333333333 0.380859375 0.359375 0.373046875 0.35546875 0.361328125 0.3541666666666667 0.3525390625 0.3489583333333333 0.345703125 0.33984375 0.3369140625 0.3203125 0.337890625 0.3020833333333333 0.3544921875 0.2734375 0.3662109375 0.22786458333333334 0.3798828125 0.19270833333333334 0.3857421875 0.1875 0.3984375 0.18359375 0.4248046875 0.18229166666666666
0 0.51025390625 0.67578125 0.1279296875 0.16145833333333334
0 0.5380859375 0 0.6181640625 0 0.626953125 0.0234375 0.634765625 0.0703125 0.634765625 0.09505208333333333 0.6279296875 0.14322916666666666 0.6083984375 0.1875 0.5791015625 0.22005208333333334 0.5693359375 0.22395833333333334 0.5595703125 0.22395833333333334 0.5478515625 0.23046875 0.53125 0.23046875 0.5166015625 0.2265625 0.498046875 0.22916666666666666 0.48046875 0.22395833333333334 0.4677734375 0.22395833333333334 0.462890625 0.21875 0.451171875 0.20052083333333334 0.4501953125 0.1875 0.453125 0.17578125 0.4521484375 0.15494791666666666 0.4365234375 0.1171875 0.4326171875 0.09765625 0.431640625 0.07942708333333333 0.431640625 0.052083333333333336 0.435546875 0.037760416666666664 0.4384765625 0.014322916666666666 0.4443359375 0 0.537109375 0
0 0.6396484375 0.54296875 0.658203125 0.5559895833333334 0.671875 0.5729166666666666 0.68359375 0.6015625 0.685546875 0.6432291666666666 0.6767578125 0.6744791666666666 0.6669921875 0.6953125 0.65625 0.70703125 0.6396484375 0.71484375 0.6162109375 0.7122395833333334 0.599609375 0.703125 0.587890625 0.6888020833333334 0.576171875 0.6692708333333334 0.5673828125 0.6627604166666666 0.5576171875 0.6354166666666666 0.560546875 0.61328125 0.5771484375 0.5794270833333334 0.5888671875 0.5638020833333334 0.6005859375 0.5520833333333334 0.6142578125 0.5442708333333334 0.638671875 0.54296875
0 0.4248046875 0.63671875 0.4326171875 0.6380208333333334 0.4423828125 0.64453125 0.4462890625 0.6888020833333334 0.4560546875 0.7174479166666666 0.466796875 0.73046875 0.474609375 0.75 0.4736328125 0.76171875 0.4619140625 0.7838541666666666 0.4482421875 0.7942708333333334 0.4306640625 0.7994791666666666 0.404296875 0.796875 0.3857421875 0.7799479166666666 0.3740234375 0.7643229166666666 0.3623046875 0.7408854166666666 0.357421875 0.70703125 0.357421875 0.6953125 0.359375 0.6901041666666666 0.3828125 0.6510416666666666 0.404296875 0.6393229166666666 0.423828125 0.63671875