0 0.544921875 0.4440104166666667 0.5537109375 0.44921875 0.5732421875 0.46875 0.5810546875 0.4830729166666667 0.59375 0.5260416666666666 0.5927734375 0.5598958333333334 0.5849609375 0.5846354166666666 0.5673828125 0.6028645833333334 0.5361328125 0.6171875 0.515625 0.6236979166666666 0.5009765625 0.6223958333333334 0.4921875 0.61328125 0.4677734375 0.59765625 0.44921875 0.5768229166666666 0.4453125 0.5572916666666666 0.4501953125 0.5403645833333334 0.4521484375 0.5169270833333334 0.458984375 0.5026041666666666 0.4638671875 0.4856770833333333 0.4736328125 0.4661458333333333 0.4853515625 0.4518229166666667 0.4970703125 0.4440104166666667 0.5146484375 0.4401041666666667 0.5283203125 0.4388020833333333 0.5439453125 0.4440104166666667
0 0.83984375 0.3098958333333333 0.8681640625 0.31640625 0.888671875 0.328125 0.900390625 0.3372395833333333 0.91796875 0.3619791666666667 0.9248046875 0.3828125 0.9248046875 0.4244791666666667 0.9228515625 0.4401041666666667 0.9267578125 0.4596354166666667 0.91015625 0.48046875 0.900390625 0.5143229166666666 0.8935546875 0.5234375 0.8583984375 0.5390625 0.8232421875 0.546875 0.802734375 0.546875 0.7861328125 0.54296875 0.763671875 0.53125 0.75 0.515625 0.740234375 0.4947916666666667 0.7333984375 0.4713541666666667 0.7333984375 0.42578125 0.7373046875 0.4049479166666667 0.7412109375 0.3971354166666667 0.75 0.3932291666666667 0.7578125 0.3932291666666667 0.7705078125 0.38671875 0.7939453125 0.3684895833333333 0.8193359375 0.3372395833333333 0.833984375 0.3098958333333333 0.8388671875 0.3098958333333333
0 0.517578125 0.7278645833333334 0.5302734375 0.7513020833333334 0.5546875 0.78515625 0.5751953125 0.8020833333333334 0.6005859375 0.8033854166666666 0.60546875 0.8072916666666666 0.607421875 0.8138020833333334 0.607421875 0.83984375 0.60546875 0.8541666666666666 0.5986328125 0.8736979166666666 0.5712890625 0.9049479166666666 0.5458984375 0.9127604166666666 0.541015625 0.9127604166666666 0.533203125 0.9075520833333334 0.5205078125 0.9075520833333334 0.509765625 0.9036458333333334 0.48828125 0.8841145833333334 0.4765625 0.8802083333333334 0.4716796875 0.8723958333333334 0.46875 0.8528645833333334 0.4638671875 0.84765625 0.4580078125 0.84765625 0.453125 0.8359375 0.453125 0.8268229166666666 0.4599609375 0.8177083333333334 0.462890625 0.80859375 0.466796875 0.7786458333333334 0.4765625 0.7552083333333334 0.494140625 0.7356770833333334 0.5107421875 0.7265625 0.5166015625 0.7278645833333334
0 0.4208984375 0.5625 0.439453125 0.5677083333333334 0.4423828125 0.5703125 0.4462890625 0.58203125 0.4541015625 0.5911458333333334 0.46875 0.60546875 0.4912109375 0.6184895833333334 0.5078125 0.64453125 0.509765625 0.6731770833333334 0.5048828125 0.69140625 0.4921875 0.71875 0.482421875 0.7239583333333334 0.45703125 0.7447916666666666 0.431640625 0.7708333333333334 0.4208984375 0.77734375 0.396484375 0.7825520833333334 0.375 0.7825520833333334 0.353515625 0.77734375 0.32421875 0.7604166666666666 0.306640625 0.73828125 0.298828125 0.7161458333333334 0.294921875 0.69921875 0.2939453125 0.6705729166666666 0.2978515625 0.6510416666666666 0.30859375 0.6263020833333334 0.3232421875 0.6041666666666666 0.337890625 0.5885416666666666 0.365234375 0.5703125 0.373046875 0.5677083333333334 0.3798828125 0.5690104166666666 0.41015625 0.5611979166666666 0.419921875 0.5625
0 0.4091796875 0.44140625 0.4296875 0.4713541666666667 0.4345703125 0.4869791666666667 0.435546875 0.5234375 0.4326171875 0.5338541666666666 0.4150390625 0.5546875 0.4052734375 0.5572916666666666 0.384765625 0.5572916666666666 0.376953125 0.5625 0.3642578125 0.5638020833333334 0.3564453125 0.5690104166666666 0.3515625 0.5690104166666666 0.3515625 0.5729166666666666 0.3486328125 0.5729166666666666 0.34375 0.5494791666666666 0.3271484375 0.5338541666666666 0.322265625 0.5234375 0.322265625 0.5052083333333334 0.326171875 0.484375 0.32421875 0.4765625 0.3251953125 0.47265625 0.328125 0.4700520833333333 0.3505859375 0.4739583333333333 0.3720703125 0.4713541666666667 0.3876953125 0.4622395833333333 0.4013671875 0.4453125 0.408203125 0.44140625
0 0.2060546875 0 0.4130859375 0 0.4208984375 0.01171875 0.4423828125 0.061197916666666664 0.447265625 0.10807291666666667 0.4462890625 0.14192708333333334 0.4423828125 0.15755208333333334 0.4365234375 0.17447916666666666 0.431640625 0.18098958333333334 0.4228515625 0.18489583333333334 0.423828125 0.20052083333333334 0.4169921875 0.21354166666666666 0.400390625 0.22786458333333334 0.380859375 0.23177083333333334 0.3759765625 0.23828125 0.3720703125 0.2513020833333333 0.3603515625 0.25 0.35546875 0.25390625 0.3447265625 0.2552083333333333 0.3349609375 0.26171875 0.3134765625 0.2578125 0.302734375 0.25 0.2978515625 0.23697916666666666 0.283203125 0.22005208333333334 0.2802734375 0.20572916666666666 0.2578125 0.18359375 0.2421875 0.16015625 0.2333984375 0.140625 0.224609375 0.11197916666666667 0.2158203125 0.09765625 0.2138671875 0.07682291666666667 0.20703125 0.06510416666666667 0.19921875 0.061197916666666664 0.1982421875 0.049479166666666664 0.2060546875 0.0013020833333333333
0 0.71875 0.016927083333333332 0.7451171875 0.024739583333333332 0.759765625 0.032552083333333336 0.7841796875 0.052083333333333336 0.798828125 0.0703125 0.80859375 0.0859375 0.830078125 0.13411458333333334 0.84375 0.20442708333333334 0.84375 0.24088541666666666 0.83984375 0.2734375 0.830078125 0.3059895833333333 0.81640625 0.3346354166666667 0.7998046875 0.3567708333333333 0.7802734375 0.375 0.7646484375 0.3841145833333333 0.7412109375 0.3880208333333333 0.732421875 0.3932291666666667 0.724609375 0.3932291666666667 0.716796875 0.3880208333333333 0.7021484375 0.3919270833333333 0.6884765625 0.390625 0.6640625 0.37890625 0.6552734375 0.37109375 0.646484375 0.37109375 0.6376953125 0.3580729166666667 0.6171875 0.3450520833333333 0.5966796875 0.3372395833333333 0.59765625 0.3255208333333333 0.5947265625 0.3151041666666667 0.578125 0.2786458333333333 0.57421875 0.2591145833333333 0.5673828125 0.24348958333333334 0.56640625 0.23046875 0.556640625 0.21614583333333334 0.5537109375 0.18619791666666666 0.5625 0.140625 0.587890625 0.07942708333333333 0.6123046875 0.052083333333333336 0.6298828125 0.036458333333333336 0.6650390625 0.020833333333333332 0.6962890625 0.015625 0.7177734375 0.016927083333333332
0 0.66796875 0.46484375 0.671875 0.4674479166666667 0.7021484375 0.4700520833333333 0.7109375 0.4739583333333333 0.7412109375 0.50390625 0.7607421875 0.5403645833333334 0.7626953125 0.58984375 0.759765625 0.609375 0.7548828125 0.6236979166666666 0.7490234375 0.6341145833333334 0.7314453125 0.6549479166666666 0.7197265625 0.6614583333333334 0.701171875 0.6653645833333334 0.69140625 0.6653645833333334 0.6728515625 0.6588541666666666 0.6611328125 0.6471354166666666 0.646484375 0.640625 0.6357421875 0.6302083333333334 0.615234375 0.6184895833333334 0.6103515625 0.6119791666666666 0.6142578125 0.5455729166666666 0.6298828125 0.49609375 0.6484375 0.47265625 0.662109375 0.46484375 0.6669921875 0.46484375
0 0.6025390625 0.58203125 0.607421875 0.58984375 0.6083984375 0.6171875 0.6337890625 0.6328125 0.6435546875 0.6432291666666666 0.66796875 0.6588541666666666 0.6748046875 0.6796875 0.677734375 0.6966145833333334 0.6767578125 0.7265625 0.6708984375 0.7447916666666666 0.666015625 0.7526041666666666 0.6337890625 0.78515625 0.619140625 0.7877604166666666 0.609375 0.796875 0.578125 0.7955729166666666 0.556640625 0.7825520833333334 0.53515625 0.75390625 0.525390625 0.7369791666666666 0.5185546875 0.7174479166666666 0.517578125 0.70703125 0.5205078125 0.6744791666666666 0.53125 0.6471354166666666 0.5439453125 0.6328125 0.5634765625 0.6197916666666666 0.5712890625 0.609375 0.591796875 0.59375 0.5986328125 0.58203125 0.6015625 0.58203125
0 0.4951171875 0.16927083333333334 0.5107421875 0.17317708333333334 0.53125 0.17317708333333334 0.546875 0.18489583333333334 0.55078125 0.21614583333333334 0.5615234375 0.234375 0.5654296875 0.2526041666666667 0.5712890625 0.265625 0.572265625 0.2799479166666667 0.580078125 0.3046875 0.580078125 0.3111979166666667 0.5869140625 0.3268229166666667 0.5849609375 0.3385416666666667 0.568359375 0.3776041666666667 0.5439453125 0.4114583333333333 0.537109375 0.4166666666666667 0.50390625 0.4296875 0.484375 0.4283854166666667 0.4658203125 0.421875 0.44921875 0.4114583333333333 0.4365234375 0.3997395833333333 0.416015625 0.3684895833333333 0.41015625 0.35546875 0.4052734375 0.3372395833333333 0.4052734375 0.3072916666666667 0.4091796875 0.2838541666666667 0.4091796875 0.2721354166666667 0.4169921875 0.2421875 0.4248046875 0.22395833333333334 0.4296875 0.19791666666666666 0.4404296875 0.18489583333333334 0.451171875 0.17838541666666666 0.4765625 0.17057291666666666 0.494140625 0.16927083333333334
0 0.421875 0 0.5380859375 0 0.5390625 0.0026041666666666665 0.5419921875 0 0.6083984375 0 0.6025390625 0.028645833333333332 0.587890625 0.05859375 0.564453125 0.08203125 0.55078125 0.09244791666666667 0.513671875 0.10546875 0.494140625 0.10546875 0.4755859375 0.09505208333333333 0.466796875 0.08723958333333333 0.4443359375 0.052083333333333336 0.427734375 0.018229166666666668 0.421875 0.0013020833333333333
0 0.39453125 0.24479166666666666 0.4033203125 0.25 0.4052734375 0.2552083333333333 0.404296875 0.2890625 0.4013671875 0.296875 0.3994140625 0.3138020833333333 0.400390625 0.3294270833333333 0.40625 0.3580729166666667 0.41796875 0.3802083333333333 0.41796875 0.39453125 0.4072265625 0.43359375 0.3896484375 0.45703125 0.37109375 0.46875 0.349609375 0.4713541666666667 0.3310546875 0.46484375 0.3203125 0.4700520833333333 0.3134765625 0.46484375 0.29296875 0.4752604166666667 0.275390625 0.47265625 0.2626953125 0.4635416666666667 0.2578125 0.4544270833333333 0.255859375 0.4348958333333333 0.2607421875 0.3958333333333333 0.2529296875 0.3736979166666667 0.2490234375 0.3450520833333333 0.251953125 0.296875 0.2734375 0.2747395833333333 0.294921875 0.2591145833333333 0.3017578125 0.2578125 0.31640625 0.2643229166666667 0.3349609375 0.2669270833333333 0.341796875 0.26171875 0.3583984375 0.2578125 0.373046875 0.2604166666666667 0.3828125 0.24869791666666666 0.3935546875 0.24479166666666666