0 0.5185546875 0.3229166666666667 0.546875 0.3372395833333333 0.5625 0.3567708333333333 0.5712890625 0.3763020833333333 0.5771484375 0.4036458333333333 0.5771484375 0.421875 0.5693359375 0.4596354166666667 0.556640625 0.4830729166666667 0.541015625 0.49609375 0.53515625 0.49609375 0.509765625 0.4856770833333333 0.486328125 0.48828125 0.4638671875 0.484375 0.4560546875 0.4752604166666667 0.44921875 0.4609375 0.443359375 0.4375 0.44140625 0.3958333333333333 0.447265625 0.3684895833333333 0.458984375 0.34765625 0.4775390625 0.3307291666666667 0.4931640625 0.3229166666666667 0.517578125 0.3229166666666667
0 0.71484375 0.5911458333333334 0.765625 0.6119791666666666 0.7822265625 0.6354166666666666 0.79296875 0.6393229166666666 0.8037109375 0.6536458333333334 0.806640625 0.6614583333333334 0.8056640625 0.6744791666666666 0.798828125 0.6888020833333334 0.80078125 0.7174479166666666 0.7998046875 0.7200520833333334 0.79296875 0.7109375 0.791015625 0.7122395833333334 0.791015625 0.7513020833333334 0.7802734375 0.78125 0.7666015625 0.80078125 0.7470703125 0.8125 0.7373046875 0.8151041666666666 0.71484375 0.8151041666666666 0.705078125 0.8111979166666666 0.685546875 0.7955729166666666 0.66015625 0.76953125 0.6484375 0.7643229166666666 0.63671875 0.765625 0.6328125 0.7630208333333334 0.6259765625 0.7513020833333334 0.626953125 0.7330729166666666 0.6298828125 0.7291666666666666 0.6396484375 0.7265625 0.6435546875 0.7200520833333334 0.646484375 0.703125 0.646484375 0.6640625 0.65234375 0.6380208333333334 0.6572265625 0.6263020833333334 0.6708984375 0.6080729166666666 0.68359375 0.59765625 0.69921875 0.5911458333333334 0.7138671875 0.5911458333333334
0 0.33984375 0.21484375 0.3583984375 0.22265625 0.369140625 0.23307291666666666 0.3935546875 0.2643229166666667 0.400390625 0.2786458333333333 0.404296875 0.296875 0.404296875 0.3151041666666667 0.4013671875 0.32421875 0.3671875 0.3046875 0.3466796875 0.30078125 0.32421875 0.3020833333333333 0.2998046875 0.3098958333333333 0.283203125 0.3229166666666667 0.2802734375 0.3203125 0.27734375 0.3059895833333333 0.27734375 0.28515625 0.279296875 0.2708333333333333 0.287109375 0.25 0.3056640625 0.2265625 0.3193359375 0.21875 0.3388671875 0.21484375
0 0.5185546875 0.4934895833333333 0.529296875 0.4973958333333333 0.54296875 0.5104166666666666 0.55859375 0.5364583333333334 0.5634765625 0.5546875 0.564453125 0.5716145833333334 0.568359375 0.5872395833333334 0.5673828125 0.6080729166666666 0.5595703125 0.62890625 0.5498046875 0.6471354166666666 0.5419921875 0.6484375 0.5322265625 0.6458333333333334 0.4951171875 0.6653645833333334 0.490234375 0.6653645833333334 0.4580078125 0.6341145833333334 0.4443359375 0.6041666666666666 0.44140625 0.5768229166666666 0.4482421875 0.5494791666666666 0.4609375 0.5299479166666666 0.4658203125 0.5104166666666666 0.4716796875 0.4973958333333333 0.4814453125 0.5 0.4931640625 0.4934895833333333 0.517578125 0.4934895833333333
0 0.169921875 0.4908854166666667 0.1806640625 0.4908854166666667 0.1875 0.4973958333333333 0.2060546875 0.4947916666666667 0.2197265625 0.49609375 0.2412109375 0.5065104166666666 0.255859375 0.5182291666666666 0.265625 0.5325520833333334 0.2724609375 0.5494791666666666 0.2880859375 0.5677083333333334 0.29296875 0.59375 0.2919921875 0.6015625 0.2890625 0.6041666666666666 0.27734375 0.6080729166666666 0.26953125 0.6158854166666666 0.244140625 0.6328125 0.2294921875 0.64453125 0.208984375 0.66796875 0.205078125 0.6783854166666666 0.2099609375 0.6848958333333334 0.21484375 0.6875 0.23046875 0.6848958333333334 0.2353515625 0.6927083333333334 0.23046875 0.7135416666666666 0.2265625 0.7200520833333334 0.1953125 0.7291666666666666 0.16796875 0.7278645833333334 0.1513671875 0.7200520833333334 0.1240234375 0.6848958333333334 0.109375 0.6705729166666666 0.1083984375 0.65625 0.1103515625 0.6328125 0.1064453125 0.6236979166666666 0.1064453125 0.6158854166666666 0.1103515625 0.5885416666666666 0.12109375 0.5651041666666666 0.1328125 0.5520833333333334 0.1357421875 0.5442708333333334 0.13671875 0.53125 0.1416015625 0.5247395833333334 0.150390625 0.5221354166666666 0.158203125 0.5104166666666666 0.1640625 0.5065104166666666 0.1689453125 0.5 0.169921875 0.4921875
0 0.3271484375 0.6041666666666666 0.3564453125 0.6080729166666666 0.376953125 0.6145833333333334 0.408203125 0.63671875 0.4228515625 0.65625 0.4306640625 0.671875 0.4384765625 0.70703125 0.4384765625 0.734375 0.4404296875 0.7434895833333334 0.4404296875 0.76171875 0.4345703125 0.80078125 0.4228515625 0.8346354166666666 0.4169921875 0.8450520833333334 0.392578125 0.8802083333333334 0.376953125 0.8958333333333334 0.375 0.91015625 0.3603515625 0.9114583333333334 0.349609375 0.9075520833333334 0.333984375 0.9322916666666666 0.328125 0.9348958333333334 0.3095703125 0.9283854166666666 0.306640625 0.9244791666666666 0.310546875 0.90625 0.3095703125 0.9010416666666666 0.3017578125 0.8932291666666666 0.2822265625 0.88671875 0.2724609375 0.87890625 0.26171875 0.86328125 0.2568359375 0.8515625 0.232421875 0.8203125 0.228515625 0.80859375 0.2265625 0.7916666666666666 0.2265625 0.7526041666666666 0.2353515625 0.7122395833333334 0.2421875 0.69921875 0.24609375 0.6848958333333334 0.23828125 0.6744791666666666 0.2255859375 0.6770833333333334 0.220703125 0.6809895833333334 0.216796875 0.671875 0.216796875 0.6640625 0.2197265625 0.66015625 0.275390625 0.6158854166666666 0.3134765625 0.6041666666666666 0.326171875 0.6041666666666666
0 0.6767578125 0.41796875 0.685546875 0.4270833333333333 0.7158203125 0.44921875 0.7314453125 0.4713541666666667 0.7392578125 0.4895833333333333 0.7431640625 0.5221354166666666 0.7392578125 0.5403645833333334 0.732421875 0.55859375 0.7177734375 0.5794270833333334 0.7099609375 0.5859375 0.6943359375 0.5885416666666666 0.6650390625 0.6002604166666666 0.6337890625 0.59765625 0.6259765625 0.59375 0.6123046875 0.5807291666666666 0.59765625 0.5598958333333334 0.583984375 0.5520833333333334 0.5693359375 0.5325520833333334 0.5751953125 0.5260416666666666 0.5751953125 0.5182291666666666 0.5869140625 0.5091145833333334 0.591796875 0.4674479166666667 0.61328125 0.4348958333333333 0.6259765625 0.4244791666666667 0.642578125 0.41796875 0.67578125 0.41796875
0 0.6640625 0.20833333333333334 0.6845703125 0.21223958333333334 0.703125 0.22005208333333334 0.7265625 0.24348958333333334 0.732421875 0.24609375 0.734375 0.24869791666666666 0.7353515625 0.2643229166666667 0.7421875 0.28515625 0.744140625 0.3020833333333333 0.740234375 0.3346354166666667 0.7255859375 0.3645833333333333 0.712890625 0.3763020833333333 0.7060546875 0.3893229166666667 0.6845703125 0.3919270833333333 0.6708984375 0.4036458333333333 0.6474609375 0.4036458333333333 0.6123046875 0.3893229166666667 0.5986328125 0.3802083333333333 0.556640625 0.3294270833333333 0.5537109375 0.3203125 0.55078125 0.2942708333333333 0.5546875 0.2721354166666667 0.5615234375 0.2604166666666667 0.5654296875 0.24479166666666666 0.5810546875 0.22135416666666666 0.587890625 0.21744791666666666 0.615234375 0.2109375 0.6630859375 0.20833333333333334
0 0.8056640625 0.2630208333333333 0.82421875 0.2682291666666667 0.8291015625 0.2721354166666667 0.8271484375 0.28125 0.828125 0.2916666666666667 0.8466796875 0.3177083333333333 0.845703125 0.33203125 0.8564453125 0.3372395833333333 0.8583984375 0.34375 0.8486328125 0.3619791666666667 0.8271484375 0.3828125 0.7939453125 0.4010416666666667 0.771484375 0.3997395833333333 0.7490234375 0.3932291666666667 0.734375 0.3841145833333333 0.728515625 0.3763020833333333 0.7275390625 0.3658854166666667 0.7431640625 0.3346354166666667 0.7470703125 0.3046875 0.75390625 0.2916666666666667 0.7685546875 0.2721354166666667 0.77734375 0.2643229166666667 0.78515625 0.26171875 0.8046875 0.2630208333333333
0 0.5380859375 0.6497395833333334 0.5732421875 0.6666666666666666 0.5849609375 0.6770833333333334 0.5966796875 0.6927083333333334 0.6083984375 0.71875 0.61328125 0.75390625 0.61328125 0.7682291666666666 0.6064453125 0.7799479166666666 0.599609375 0.7994791666666666 0.5859375 0.8125 0.5712890625 0.83203125 0.5634765625 0.8541666666666666 0.5498046875 0.8723958333333334 0.5185546875 0.8606770833333334 0.48828125 0.8359375 0.4697265625 0.8111979166666666 0.4599609375 0.7786458333333334 0.4599609375 0.7565104166666666 0.46484375 0.72265625 0.4697265625 0.7083333333333334 0.4833984375 0.6822916666666666 0.50390625 0.6627604166666666 0.5302734375 0.6497395833333334 0.537109375 0.6497395833333334
0 0.5087890625 0.17317708333333334 0.5166015625 0.17708333333333334 0.529296875 0.19010416666666666 0.5380859375 0.20833333333333334 0.54296875 0.22786458333333334 0.5458984375 0.24869791666666666 0.546875 0.2838541666666667 0.5400390625 0.3177083333333333 0.5361328125 0.32421875 0.513671875 0.3190104166666667 0.4970703125 0.3190104166666667 0.48828125 0.3216145833333333 0.4736328125 0.3294270833333333 0.4560546875 0.34375 0.44921875 0.3411458333333333 0.43359375 0.3216145833333333 0.42578125 0.3020833333333333 0.4228515625 0.2864583333333333 0.423828125 0.25 0.41796875 0.23307291666666666 0.4130859375 0.20182291666666666 0.4140625 0.1953125 0.4208984375 0.18489583333333334 0.43359375 0.1796875 0.4521484375 0.1796875 0.4833984375 0.17317708333333334 0.5078125 0.17317708333333334
0 0.36328125 0.3059895833333333 0.37890625 0.3125 0.4013671875 0.3294270833333333 0.4228515625 0.3619791666666667 0.435546875 0.3997395833333333 0.4375 0.4518229166666667 0.4345703125 0.4765625 0.4267578125 0.5013020833333334 0.4130859375 0.5247395833333334 0.41015625 0.53515625 0.376953125 0.5716145833333334 0.357421875 0.5807291666666666 0.345703125 0.5833333333333334 0.328125 0.58203125 0.310546875 0.57421875 0.2890625 0.5533854166666666 0.2822265625 0.5494791666666666 0.2705078125 0.5338541666666666 0.26171875 0.5182291666666666 0.25 0.484375 0.2490234375 0.4765625 0.2509765625 0.4713541666666667 0.2509765625 0.4609375 0.2490234375 0.4505208333333333 0.24609375 0.4388020833333333 0.2373046875 0.4231770833333333 0.244140625 0.4153645833333333 0.248046875 0.4010416666666667 0.25390625 0.3997395833333333 0.2568359375 0.3958333333333333 0.2705078125 0.3671875 0.2724609375 0.35546875 0.2685546875 0.3463541666666667 0.2685546875 0.3411458333333333 0.2900390625 0.3203125 0.2998046875 0.3125 0.3212890625 0.3059895833333333 0.3623046875 0.3059895833333333