0 0.69140625 0.02734375 0.69921875 0.033854166666666664 0.7158203125 0.033854166666666664 0.71875 0.036458333333333336 0.716796875 0.04296875 0.6904296875 0.061197916666666664 0.6748046875 0.06510416666666667 0.6689453125 0.07291666666666667 0.662109375 0.10026041666666667 0.654296875 0.11979166666666667 0.65234375 0.13151041666666666 0.634765625 0.13932291666666666 0.6220703125 0.15104166666666666 0.609375 0.15494791666666666 0.6025390625 0.15494791666666666 0.5986328125 0.14973958333333334 0.58984375 0.13151041666666666 0.5810546875 0.11979166666666667 0.5810546875 0.11588541666666667 0.5947265625 0.09895833333333333 0.6201171875 0.07682291666666667 0.6328125 0.06901041666666667 0.6513671875 0.045572916666666664 0.662109375 0.041666666666666664 0.6767578125 0.028645833333333332 0.6826171875 0.026041666666666668 0.6904296875 0.02734375
0 0.5771484375 0.12239583333333333 0.587890625 0.13411458333333334 0.59765625 0.15625 0.59765625 0.16145833333333334 0.5849609375 0.17447916666666666 0.568359375 0.20572916666666666 0.5615234375 0.23177083333333334 0.5576171875 0.2786458333333333 0.5546875 0.28515625 0.5419921875 0.2799479166666667 0.5009765625 0.2825520833333333 0.4921875 0.2786458333333333 0.4892578125 0.2682291666666667 0.486328125 0.22786458333333334 0.4794921875 0.20052083333333334 0.48046875 0.17057291666666666 0.486328125 0.15494791666666666 0.5068359375 0.14453125 0.5146484375 0.13802083333333334 0.5185546875 0.13151041666666666 0.529296875 0.125 0.556640625 0.11588541666666667 0.568359375 0.1171875 0.576171875 0.12239583333333333
0 0.41015625 0.15104166666666666 0.423828125 0.16015625 0.431640625 0.16145833333333334 0.44140625 0.16796875 0.4521484375 0.16927083333333334 0.4609375 0.17447916666666666 0.474609375 0.19921875 0.4814453125 0.21875 0.484375 0.23958333333333334 0.484375 0.2799479166666667 0.48046875 0.28515625 0.4501953125 0.30078125 0.4384765625 0.3111979166666667 0.4296875 0.3151041666666667 0.4208984375 0.3255208333333333 0.4150390625 0.328125 0.4052734375 0.33984375 0.3974609375 0.3606770833333333 0.3935546875 0.3658854166666667 0.380859375 0.36328125 0.3759765625 0.3580729166666667 0.3671875 0.3216145833333333 0.359375 0.2994791666666667 0.341796875 0.2734375 0.326171875 0.2565104166666667 0.32421875 0.24739583333333334 0.326171875 0.22786458333333334 0.3291015625 0.21875 0.3564453125 0.1796875 0.37109375 0.17317708333333334 0.390625 0.15234375 0.3974609375 0.14973958333333334 0.4091796875 0.15104166666666666
0 0.6865234375 0.3372395833333333 0.7109375 0.3450520833333333 0.7470703125 0.3697916666666667 0.75390625 0.3854166666666667 0.7685546875 0.4075520833333333 0.77734375 0.4283854166666667 0.7880859375 0.4713541666666667 0.7890625 0.5 0.7841796875 0.5325520833333334 0.7783203125 0.5520833333333334 0.76171875 0.5846354166666666 0.7490234375 0.6002604166666666 0.7314453125 0.6184895833333334 0.7080078125 0.6341145833333334 0.6650390625 0.6484375 0.646484375 0.6458333333333334 0.6298828125 0.6393229166666666 0.6162109375 0.6393229166666666 0.6015625 0.6276041666666666 0.5908203125 0.6341145833333334 0.576171875 0.6145833333333334 0.57421875 0.6041666666666666 0.5791015625 0.5924479166666666 0.578125 0.57421875 0.56640625 0.5598958333333334 0.5576171875 0.5403645833333334 0.556640625 0.5260416666666666 0.552734375 0.51171875 0.552734375 0.4752604166666667 0.556640625 0.44921875 0.5634765625 0.4231770833333333 0.564453125 0.41015625 0.5712890625 0.3971354166666667 0.583984375 0.3815104166666667 0.5947265625 0.37109375 0.6123046875 0.3606770833333333 0.62109375 0.3580729166666667 0.6416015625 0.359375 0.650390625 0.3502604166666667 0.650390625 0.3450520833333333 0.685546875 0.3372395833333333
0 0.482421875 0.5234375 0.51171875 0.5325520833333334 0.5634765625 0.5755208333333334 0.5634765625 0.5794270833333334 0.556640625 0.59375 0.5595703125 0.6393229166666666 0.5625 0.65234375 0.5625 0.6783854166666666 0.5546875 0.70703125 0.5244140625 0.7513020833333334 0.5087890625 0.76171875 0.4892578125 0.765625 0.4736328125 0.765625 0.4580078125 0.7604166666666666 0.4306640625 0.73828125 0.421875 0.734375 0.4111328125 0.71875 0.4072265625 0.7057291666666666 0.4013671875 0.6953125 0.3984375 0.6796875 0.400390625 0.64453125 0.4033203125 0.6328125 0.4033203125 0.6041666666666666 0.4072265625 0.58984375 0.421875 0.5546875 0.435546875 0.5390625 0.4501953125 0.5286458333333334 0.46875 0.5234375 0.4814453125 0.5234375
0 0.30859375 0.4231770833333333 0.3203125 0.4283854166666667 0.337890625 0.4427083333333333 0.3564453125 0.4674479166666667 0.3642578125 0.4856770833333333 0.3740234375 0.5208333333333334 0.3740234375 0.5533854166666666 0.365234375 0.58984375 0.349609375 0.6184895833333334 0.3359375 0.63671875 0.314453125 0.6510416666666666 0.291015625 0.6588541666666666 0.2763671875 0.6588541666666666 0.25390625 0.6497395833333334 0.2314453125 0.63671875 0.2197265625 0.6263020833333334 0.2060546875 0.6067708333333334 0.1953125 0.5807291666666666 0.1904296875 0.5494791666666666 0.1943359375 0.5299479166666666 0.203125 0.5065104166666666 0.21484375 0.4856770833333333 0.234375 0.4596354166666667 0.2705078125 0.4283854166666667 0.29296875 0.4205729166666667 0.3076171875 0.4231770833333333
0 0.6669921875 0.13932291666666666 0.685546875 0.14713541666666666 0.6962890625 0.15625 0.7080078125 0.171875 0.7333984375 0.19140625 0.75 0.21875 0.76171875 0.2526041666666667 0.7646484375 0.2734375 0.7646484375 0.30078125 0.7578125 0.33984375 0.7509765625 0.3541666666666667 0.7470703125 0.3580729166666667 0.7392578125 0.359375 0.7216796875 0.3463541666666667 0.685546875 0.33203125 0.650390625 0.3359375 0.64453125 0.33984375 0.640625 0.3502604166666667 0.6376953125 0.3528645833333333 0.609375 0.3541666666666667 0.60546875 0.359375 0.5947265625 0.3645833333333333 0.5888671875 0.36328125 0.583984375 0.3580729166666667 0.5625 0.3072916666666667 0.5615234375 0.26953125 0.5634765625 0.23567708333333334 0.5703125 0.20963541666666666 0.587890625 0.17578125 0.6015625 0.16276041666666666 0.6171875 0.15755208333333334 0.6337890625 0.14322916666666666 0.6416015625 0.13932291666666666 0.666015625 0.13932291666666666
0 0.2314453125 0.25 0.25 0.2591145833333333 0.2734375 0.2591145833333333 0.296875 0.2526041666666667 0.3203125 0.2565104166666667 0.337890625 0.2747395833333333 0.35546875 0.2981770833333333 0.36328125 0.3177083333333333 0.373046875 0.3567708333333333 0.376953125 0.41796875 0.3818359375 0.4309895833333333 0.3935546875 0.4427083333333333 0.3935546875 0.453125 0.390625 0.4583333333333333 0.3896484375 0.4661458333333333 0.3857421875 0.47265625 0.376953125 0.4765625 0.3642578125 0.47265625 0.349609375 0.4505208333333333 0.333984375 0.43359375 0.2998046875 0.4166666666666667 0.291015625 0.4166666666666667 0.2685546875 0.42578125 0.2373046875 0.4505208333333333 0.23046875 0.4479166666666667 0.216796875 0.4309895833333333 0.2080078125 0.41015625 0.201171875 0.3359375 0.1962890625 0.3190104166666667 0.1943359375 0.2955729166666667 0.1962890625 0.28125 0.203125 0.26953125 0.203125 0.2630208333333333 0.2060546875 0.2578125 0.2158203125 0.25 0.23046875 0.25
0 0.6904296875 0.026041666666666668 0.7021484375 0.033854166666666664 0.7177734375 0.033854166666666664 0.73828125 0.04296875 0.755859375 0.0625 0.765625 0.08203125 0.76953125 0.08203125 0.7802734375 0.07421875 0.787109375 0.08463541666666667 0.7978515625 0.08463541666666667 0.8125 0.06770833333333333 0.81640625 0.06770833333333333 0.8203125 0.07161458333333333 0.8291015625 0.05859375 0.833984375 0.0625 0.8369140625 0.0703125 0.8388671875 0.09895833333333333 0.837890625 0.11458333333333333 0.8310546875 0.1328125 0.82421875 0.14322916666666666 0.791015625 0.1640625 0.75 0.16796875 0.73046875 0.18098958333333334 0.712890625 0.17057291666666666 0.69140625 0.14713541666666666 0.6748046875 0.13671875 0.6689453125 0.13020833333333334 0.6396484375 0.13541666666666666 0.62109375 0.15104166666666666 0.6044921875 0.15364583333333334 0.5986328125 0.14713541666666666 0.5830078125 0.11979166666666667 0.5849609375 0.11197916666666667 0.5947265625 0.10026041666666667 0.619140625 0.078125 0.6337890625 0.06901041666666667 0.65234375 0.045572916666666664 0.6630859375 0.041666666666666664 0.6748046875 0.029947916666666668 0.689453125 0.026041666666666668
0 0.4033203125 0.08072916666666667 0.427734375 0.08854166666666667 0.4404296875 0.09765625 0.4462890625 0.10546875 0.4560546875 0.12630208333333334 0.4609375 0.16276041666666666 0.4599609375 0.16927083333333334 0.4453125 0.16796875 0.421875 0.15755208333333334 0.4111328125 0.1484375 0.3955078125 0.1484375 0.38671875 0.15364583333333334 0.37109375 0.17057291666666666 0.3583984375 0.17578125 0.345703125 0.19010416666666666 0.3427734375 0.18619791666666666 0.3388671875 0.17057291666666666 0.3388671875 0.15234375 0.345703125 0.12630208333333334 0.3583984375 0.10807291666666667 0.3798828125 0.08463541666666667 0.3876953125 0.08072916666666667 0.40234375 0.08072916666666667
0 0.5439453125 0.28515625 0.5478515625 0.2877604166666667 0.55078125 0.2942708333333333 0.552734375 0.3111979166666667 0.5634765625 0.32421875 0.564453125 0.3307291666666667 0.572265625 0.34375 0.5712890625 0.36328125 0.5634765625 0.3828125 0.5634765625 0.3971354166666667 0.560546875 0.4010416666666667 0.55078125 0.4309895833333333 0.552734375 0.4453125 0.546875 0.4544270833333333 0.533203125 0.4895833333333333 0.5 0.5104166666666666 0.478515625 0.515625 0.466796875 0.515625 0.443359375 0.5065104166666666 0.416015625 0.4765625 0.4091796875 0.4635416666666667 0.400390625 0.4348958333333333 0.3994140625 0.4153645833333333 0.396484375 0.4010416666666667 0.396484375 0.37890625 0.3984375 0.3671875 0.4033203125 0.3515625 0.41015625 0.3385416666666667 0.4345703125 0.32421875 0.4482421875 0.3072916666666667 0.455078125 0.3020833333333333 0.4873046875 0.2864583333333333 0.51953125 0.2877604166666667 0.52734375 0.2838541666666667 0.54296875 0.28515625
0 0.498046875 0.033854166666666664 0.509765625 0.037760416666666664 0.533203125 0.037760416666666664 0.5478515625 0.04296875 0.5576171875 0.049479166666666664 0.5673828125 0.06510416666666667 0.57421875 0.09635416666666667 0.5751953125 0.11328125 0.57421875 0.11588541666666667 0.5556640625 0.11458333333333333 0.5322265625 0.12109375 0.5185546875 0.12890625 0.5048828125 0.14322916666666666 0.4892578125 0.1484375 0.48046875 0.16145833333333334 0.4775390625 0.18880208333333334 0.4736328125 0.1875 0.4658203125 0.16927083333333334 0.458984375 0.13541666666666666 0.4580078125 0.1171875 0.4697265625 0.07942708333333333 0.4814453125 0.0625 0.4892578125 0.03515625 0.4970703125 0.033854166666666664