0 0.1337890625 0.21744791666666666 0.1484375 0.21875 0.15234375 0.22135416666666666 0.1728515625 0.24739583333333334 0.1787109375 0.25390625 0.1904296875 0.2604166666666667 0.2109375 0.2864583333333333 0.224609375 0.3151041666666667 0.228515625 0.3294270833333333 0.23046875 0.34765625 0.2294921875 0.36328125 0.224609375 0.3776041666666667 0.2041015625 0.4114583333333333 0.193359375 0.4192708333333333 0.171875 0.4270833333333333 0.1435546875 0.4440104166666667 0.140625 0.4479166666666667 0.140625 0.4635416666666667 0.1279296875 0.46875 0.1181640625 0.46875 0.1142578125 0.4609375 0.1142578125 0.4505208333333333 0.1171875 0.4440104166666667 0.115234375 0.4348958333333333 0.095703125 0.4075520833333333 0.0810546875 0.3932291666666667 0.0615234375 0.3645833333333333 0.056640625 0.3424479166666667 0.0556640625 0.30859375 0.0576171875 0.296875 0.0693359375 0.2721354166666667 0.0859375 0.2578125 0.09765625 0.2526041666666667 0.09765625 0.24088541666666666 0.099609375 0.23958333333333334 0.1123046875 0.23307291666666666 0.12890625 0.23958333333333334 0.1318359375 0.23828125 0.1357421875 0.2265625 0.1337890625 0.21875
0 0.71875 0.5026041666666666 0.744140625 0.5234375 0.76171875 0.5455729166666666 0.7763671875 0.5546875 0.7783203125 0.5625 0.7763671875 0.5703125 0.755859375 0.5989583333333334 0.7412109375 0.6328125 0.73046875 0.6471354166666666 0.708984375 0.65625 0.6875 0.6536458333333334 0.67578125 0.6471354166666666 0.6640625 0.63671875 0.6455078125 0.60546875 0.6376953125 0.5833333333333334 0.6376953125 0.5729166666666666 0.6474609375 0.5338541666666666 0.66015625 0.515625 0.6875 0.5026041666666666 0.7177734375 0.5026041666666666
0 0.265625 0.4505208333333333 0.2841796875 0.4583333333333333 0.3076171875 0.4778645833333333 0.314453125 0.4765625 0.3212890625 0.48828125 0.32421875 0.4856770833333333 0.328125 0.4713541666666667 0.3310546875 0.46875 0.3349609375 0.4778645833333333 0.341796875 0.4856770833333333 0.34375 0.4921875 0.3427734375 0.5026041666666666 0.3388671875 0.5130208333333334 0.3388671875 0.5221354166666666 0.3515625 0.5390625 0.35546875 0.5520833333333334 0.3408203125 0.5546875 0.3388671875 0.59375 0.3349609375 0.6119791666666666 0.328125 0.6315104166666666 0.3173828125 0.6471354166666666 0.3037109375 0.6653645833333334 0.294921875 0.6731770833333334 0.2705078125 0.6861979166666666 0.2587890625 0.6888020833333334 0.2431640625 0.6888020833333334 0.2216796875 0.6796875 0.205078125 0.67578125 0.181640625 0.640625 0.169921875 0.6028645833333334 0.16796875 0.578125 0.1689453125 0.5494791666666666 0.1767578125 0.51171875 0.181640625 0.4986979166666667 0.1953125 0.4791666666666667 0.212890625 0.4622395833333333 0.23828125 0.4479166666666667 0.2509765625 0.4453125 0.2646484375 0.4505208333333333
0 0.3037109375 0.045572916666666664 0.3134765625 0.052083333333333336 0.3291015625 0.0546875 0.3388671875 0.059895833333333336 0.3466796875 0.06640625 0.359375 0.08333333333333333 0.3759765625 0.09505208333333333 0.3837890625 0.10677083333333333 0.3876953125 0.12109375 0.388671875 0.15234375 0.3837890625 0.1953125 0.3759765625 0.23307291666666666 0.341796875 0.26953125 0.328125 0.26953125 0.30078125 0.2838541666666667 0.2841796875 0.2825520833333333 0.26953125 0.2760416666666667 0.240234375 0.24869791666666666 0.2333984375 0.23828125 0.22265625 0.20572916666666666 0.2197265625 0.18489583333333334 0.2197265625 0.15885416666666666 0.2265625 0.125 0.2392578125 0.10546875 0.2392578125 0.09375 0.2509765625 0.0703125 0.2587890625 0.07421875 0.27734375 0.05859375 0.2978515625 0.052083333333333336 0.302734375 0.046875
0 0.5703125 0.2669270833333333 0.57421875 0.26953125 0.599609375 0.2721354166666667 0.599609375 0.2864583333333333 0.6015625 0.2903645833333333 0.6220703125 0.31640625 0.6171875 0.32421875 0.623046875 0.3307291666666667 0.6337890625 0.328125 0.640625 0.3372395833333333 0.6513671875 0.3450520833333333 0.650390625 0.3489583333333333 0.654296875 0.3567708333333333 0.6552734375 0.3880208333333333 0.65234375 0.3932291666666667 0.650390625 0.4075520833333333 0.6455078125 0.4231770833333333 0.6328125 0.4401041666666667 0.6240234375 0.4466145833333333 0.607421875 0.453125 0.6025390625 0.453125 0.5888671875 0.4322916666666667 0.5771484375 0.4244791666666667 0.568359375 0.4127604166666667 0.5576171875 0.4127604166666667 0.5361328125 0.4036458333333333 0.521484375 0.4049479166666667 0.513671875 0.3932291666666667 0.505859375 0.3697916666666667 0.5009765625 0.3333333333333333 0.5078125 0.3046875 0.5146484375 0.2916666666666667 0.5283203125 0.2786458333333333 0.544921875 0.2747395833333333 0.556640625 0.2669270833333333 0.5693359375 0.2669270833333333
0 0.5478515625 0.41015625 0.5673828125 0.42578125 0.5869140625 0.4348958333333333 0.603515625 0.4622395833333333 0.61328125 0.4921875 0.61328125 0.5377604166666666 0.609375 0.5494791666666666 0.587890625 0.58203125 0.5791015625 0.5911458333333334 0.56640625 0.5989583333333334 0.560546875 0.5963541666666666 0.5478515625 0.5611979166666666 0.5458984375 0.55859375 0.54296875 0.5611979166666666 0.5400390625 0.55859375 0.53125 0.5416666666666666 0.525390625 0.5364583333333334 0.5009765625 0.52734375 0.462890625 0.5247395833333334 0.4521484375 0.5182291666666666 0.4521484375 0.515625 0.4638671875 0.50390625 0.4658203125 0.4765625 0.4716796875 0.4583333333333333 0.48046875 0.4388020833333333 0.490234375 0.4244791666666667 0.4990234375 0.4166666666666667 0.5185546875 0.4088541666666667 0.5390625 0.4075520833333333 0.546875 0.41015625
0 0.60546875 0.62890625 0.623046875 0.6354166666666666 0.6318359375 0.6419270833333334 0.6435546875 0.6575520833333334 0.6591796875 0.6888020833333334 0.67578125 0.7083333333333334 0.67578125 0.71875 0.666015625 0.7434895833333334 0.6630859375 0.76171875 0.6455078125 0.7994791666666666 0.6357421875 0.8111979166666666 0.626953125 0.8177083333333334 0.609375 0.8229166666666666 0.595703125 0.8216145833333334 0.57421875 0.80859375 0.5595703125 0.7903645833333334 0.552734375 0.77734375 0.552734375 0.7682291666666666 0.5625 0.7330729166666666 0.56640625 0.7083333333333334 0.5693359375 0.6705729166666666 0.5693359375 0.6393229166666666 0.5751953125 0.6328125 0.583984375 0.62890625 0.6044921875 0.62890625
0 0.3447265625 0.2942708333333333 0.3857421875 0.3098958333333333 0.40234375 0.3229166666666667 0.41796875 0.3424479166666667 0.4248046875 0.359375 0.427734375 0.3763020833333333 0.427734375 0.3971354166666667 0.4140625 0.4388020833333333 0.400390625 0.4544270833333333 0.369140625 0.4713541666666667 0.349609375 0.4713541666666667 0.3369140625 0.4661458333333333 0.3349609375 0.4557291666666667 0.330078125 0.44921875 0.32421875 0.4466145833333333 0.31640625 0.4479166666666667 0.3076171875 0.4375 0.2880859375 0.4244791666666667 0.28515625 0.4192708333333333 0.28125 0.3971354166666667 0.28125 0.3723958333333333 0.294921875 0.3346354166666667 0.2958984375 0.3255208333333333 0.310546875 0.3203125 0.318359375 0.3151041666666667 0.333984375 0.296875 0.34375 0.2942708333333333
0 0.4580078125 0.52734375 0.482421875 0.5286458333333334 0.505859375 0.5338541666666666 0.5185546875 0.5416666666666666 0.52734375 0.54296875 0.533203125 0.5559895833333334 0.548828125 0.5755208333333334 0.55859375 0.5989583333333334 0.564453125 0.62890625 0.56640625 0.6536458333333334 0.564453125 0.6979166666666666 0.560546875 0.7252604166666666 0.5537109375 0.7578125 0.5439453125 0.7799479166666666 0.515625 0.8125 0.4951171875 0.8255208333333334 0.4638671875 0.8359375 0.4384765625 0.8346354166666666 0.427734375 0.828125 0.4072265625 0.82421875 0.3994140625 0.8203125 0.3984375 0.7903645833333334 0.3837890625 0.7565104166666666 0.373046875 0.7526041666666666 0.3662109375 0.74609375 0.3544921875 0.7434895833333334 0.337890625 0.7252604166666666 0.3291015625 0.6848958333333334 0.330078125 0.66796875 0.3447265625 0.5911458333333334 0.353515625 0.5755208333333334 0.37109375 0.5520833333333334 0.3798828125 0.54296875 0.3935546875 0.5338541666666666 0.40625 0.53515625 0.4130859375 0.53125 0.4404296875 0.5247395833333334 0.45703125 0.52734375
0 0.435546875 0.21354166666666666 0.4453125 0.22135416666666666 0.458984375 0.22265625 0.48046875 0.23177083333333334 0.4921875 0.23958333333333334 0.498046875 0.24739583333333334 0.5048828125 0.2747395833333333 0.505859375 0.3033854166666667 0.5009765625 0.3229166666666667 0.4921875 0.3424479166666667 0.4853515625 0.3528645833333333 0.4775390625 0.359375 0.4638671875 0.3658854166666667 0.453125 0.3671875 0.4287109375 0.3580729166666667 0.4208984375 0.3424479166666667 0.396484375 0.3098958333333333 0.396484375 0.2890625 0.40234375 0.2682291666666667 0.412109375 0.24609375 0.421875 0.23307291666666666 0.4267578125 0.21614583333333334 0.4345703125 0.21354166666666666
0 0.4873046875 0.8372395833333334 0.51171875 0.8763020833333334 0.5146484375 0.8880208333333334 0.5146484375 0.9088541666666666 0.51171875 0.9309895833333334 0.5048828125 0.9518229166666666 0.4912109375 0.9791666666666666 0.48046875 0.9934895833333334 0.466796875 0.99609375 0.46484375 0.9986979166666666 0.4140625 0.9986979166666666 0.4140625 0.9388020833333334 0.41796875 0.9231770833333334 0.4248046875 0.9075520833333334 0.4228515625 0.8997395833333334 0.423828125 0.8880208333333334 0.4404296875 0.85546875 0.44140625 0.8424479166666666 0.4453125 0.8385416666666666 0.4658203125 0.8411458333333334 0.48046875 0.8333333333333334 0.486328125 0.8372395833333334
0 0.2939453125 0.7096354166666666 0.3037109375 0.7122395833333334 0.3271484375 0.7291666666666666 0.3349609375 0.73046875 0.349609375 0.74609375 0.3798828125 0.76171875 0.3935546875 0.7890625 0.39453125 0.8033854166666666 0.392578125 0.8255208333333334 0.3759765625 0.8502604166666666 0.3681640625 0.89453125 0.3623046875 0.9140625 0.35546875 0.9322916666666666 0.3466796875 0.9440104166666666 0.341796875 0.9596354166666666 0.32421875 0.9713541666666666 0.283203125 0.9778645833333334 0.2509765625 0.9713541666666666 0.2314453125 0.9609375 0.2158203125 0.9466145833333334 0.2060546875 0.94140625 0.1953125 0.9466145833333334 0.1826171875 0.9440104166666666 0.1748046875 0.9348958333333334 0.166015625 0.91796875 0.1650390625 0.9114583333333334 0.18359375 0.8580729166666666 0.1865234375 0.8333333333333334 0.193359375 0.8059895833333334 0.208984375 0.76953125 0.2265625 0.7447916666666666 0.25 0.72265625 0.2763671875 0.7109375 0.29296875 0.7096354166666666