0 0.787109375 0.12369791666666667 0.7958984375 0.12760416666666666 0.810546875 0.12890625 0.8154296875 0.1328125 0.8271484375 0.12890625 0.8369140625 0.13151041666666666 0.8427734375 0.14192708333333334 0.84375 0.16276041666666666 0.8505859375 0.16927083333333334 0.8701171875 0.1796875 0.8720703125 0.18359375 0.8720703125 0.19140625 0.87890625 0.22526041666666666 0.876953125 0.2591145833333333 0.8603515625 0.2890625 0.85546875 0.3033854166666667 0.845703125 0.3138020833333333 0.837890625 0.3177083333333333 0.8330078125 0.3177083333333333 0.8271484375 0.3125 0.830078125 0.2890625 0.8349609375 0.2760416666666667 0.837890625 0.2591145833333333 0.8349609375 0.234375 0.826171875 0.20833333333333334 0.8173828125 0.1953125 0.814453125 0.18359375 0.806640625 0.17317708333333334 0.7861328125 0.16145833333333334 0.76171875 0.15885416666666666 0.7470703125 0.1640625 0.736328125 0.15885416666666666 0.7109375 0.16276041666666666 0.7021484375 0.16796875 0.697265625 0.16796875 0.6865234375 0.17578125 0.681640625 0.17578125 0.6767578125 0.171875 0.6787109375 0.16145833333333334 0.689453125 0.14583333333333334 0.6953125 0.13932291666666666 0.7109375 0.13020833333333334 0.755859375 0.13020833333333334 0.7861328125 0.12369791666666667
0 0.427734375 0.4479166666666667 0.4521484375 0.4596354166666667 0.4658203125 0.484375 0.4765625 0.48828125 0.4912109375 0.4895833333333333 0.51171875 0.5013020833333334 0.525390625 0.5130208333333334 0.5400390625 0.5325520833333334 0.5439453125 0.5455729166666666 0.548828125 0.5703125 0.55078125 0.6015625 0.548828125 0.625 0.5400390625 0.6692708333333334 0.52734375 0.7018229166666666 0.5322265625 0.7434895833333334 0.5263671875 0.7578125 0.509765625 0.7760416666666666 0.5009765625 0.7734375 0.470703125 0.75390625 0.4306640625 0.7369791666666666 0.396484375 0.7135416666666666 0.375 0.6901041666666666 0.3623046875 0.6627604166666666 0.3544921875 0.6393229166666666 0.3505859375 0.6184895833333334 0.3505859375 0.59765625 0.3623046875 0.5638020833333334 0.369140625 0.5520833333333334 0.3720703125 0.5286458333333334 0.37890625 0.5221354166666666 0.3828125 0.5143229166666666 0.38671875 0.4778645833333333 0.3935546875 0.4674479166666667 0.41015625 0.4518229166666667 0.416015625 0.4479166666666667 0.4267578125 0.4479166666666667
0 0.82421875 0.3893229166666667 0.8349609375 0.4036458333333333 0.8359375 0.4192708333333333 0.8466796875 0.44140625 0.8525390625 0.4700520833333333 0.8505859375 0.51953125 0.83984375 0.546875 0.8193359375 0.5677083333333334 0.8076171875 0.57421875 0.7763671875 0.5768229166666666 0.7509765625 0.5729166666666666 0.7470703125 0.5703125 0.740234375 0.55859375 0.724609375 0.5481770833333334 0.716796875 0.5221354166666666 0.7119140625 0.49609375 0.705078125 0.4791666666666667 0.685546875 0.44921875 0.6923828125 0.4231770833333333 0.7001953125 0.4153645833333333 0.720703125 0.41796875 0.7490234375 0.4153645833333333 0.76171875 0.4166666666666667 0.78125 0.4114583333333333 0.7958984375 0.4114583333333333 0.80859375 0.4075520833333333 0.8212890625 0.390625 0.8232421875 0.390625
0 0.5732421875 0.20963541666666666 0.58203125 0.2109375 0.587890625 0.22005208333333334 0.6005859375 0.22916666666666666 0.6162109375 0.24739583333333334 0.625 0.2630208333333333 0.626953125 0.2682291666666667 0.626953125 0.33984375 0.640625 0.3671875 0.642578125 0.37890625 0.638671875 0.4010416666666667 0.6240234375 0.4322916666666667 0.6005859375 0.4427083333333333 0.5849609375 0.4557291666666667 0.5751953125 0.4596354166666667 0.5537109375 0.4830729166666667 0.53515625 0.4934895833333333 0.5166015625 0.4921875 0.51171875 0.4895833333333333 0.4931640625 0.47265625 0.4833984375 0.4544270833333333 0.474609375 0.4505208333333333 0.4658203125 0.4401041666666667 0.4501953125 0.4075520833333333 0.4462890625 0.3723958333333333 0.447265625 0.3411458333333333 0.4521484375 0.3333333333333333 0.4716796875 0.31640625 0.4990234375 0.2786458333333333 0.5068359375 0.2630208333333333 0.509765625 0.22916666666666666 0.51171875 0.22005208333333334 0.5146484375 0.21614583333333334 0.5341796875 0.20963541666666666 0.572265625 0.20963541666666666
0 0.435546875 0.10286458333333333 0.4560546875 0.10807291666666667 0.4677734375 0.11588541666666667 0.4765625 0.12760416666666666 0.484375 0.1484375 0.48046875 0.14713541666666666 0.4638671875 0.13020833333333334 0.453125 0.12369791666666667 0.4306640625 0.1171875 0.408203125 0.11458333333333333 0.4140625 0.10546875 0.4345703125 0.10286458333333333
0 0.234375 0.1015625 0.2373046875 0.09895833333333333 0.2412109375 0.10026041666666667 0.2421875 0.12369791666666667 0.2451171875 0.12890625 0.2724609375 0.12890625 0.298828125 0.125 0.318359375 0.1328125 0.3349609375 0.14713541666666666 0.3486328125 0.16796875 0.3515625 0.17708333333333334 0.3515625 0.1875 0.345703125 0.20572916666666666 0.3447265625 0.22916666666666666 0.341796875 0.23697916666666666 0.3369140625 0.23697916666666666 0.330078125 0.24479166666666666 0.328125 0.2526041666666667 0.3095703125 0.24739583333333334 0.27734375 0.24609375 0.2685546875 0.2526041666666667 0.265625 0.2630208333333333 0.26171875 0.2682291666666667 0.2548828125 0.2669270833333333 0.251953125 0.2721354166666667 0.24609375 0.2760416666666667 0.21484375 0.2864583333333333 0.2099609375 0.28125 0.20703125 0.2708333333333333 0.2041015625 0.23697916666666666 0.21484375 0.20182291666666666 0.21484375 0.18619791666666666 0.22265625 0.16276041666666666 0.2265625 0.14322916666666666 0.2275390625 0.125 0.234375 0.10286458333333333
0 0.291015625 0.25 0.306640625 0.2513020833333333 0.328125 0.2578125 0.369140625 0.29296875 0.3974609375 0.3346354166666667 0.4072265625 0.3606770833333333 0.4130859375 0.3880208333333333 0.4150390625 0.41015625 0.4140625 0.44140625 0.412109375 0.4453125 0.39453125 0.4596354166666667 0.3818359375 0.4778645833333333 0.3798828125 0.4947916666666667 0.3623046875 0.5442708333333334 0.3564453125 0.55078125 0.337890625 0.5611979166666666 0.3330078125 0.5677083333333334 0.3310546875 0.5833333333333334 0.32421875 0.5885416666666666 0.3134765625 0.5755208333333334 0.2880859375 0.5833333333333334 0.263671875 0.5833333333333334 0.24609375 0.5794270833333334 0.2060546875 0.5611979166666666 0.181640625 0.5299479166666666 0.1669921875 0.5065104166666666 0.162109375 0.4921875 0.162109375 0.4765625 0.1572265625 0.4583333333333333 0.15234375 0.421875 0.15234375 0.4088541666666667 0.15625 0.3919270833333333 0.1640625 0.3736979166666667 0.173828125 0.3606770833333333 0.17578125 0.3463541666666667 0.1826171875 0.328125 0.1982421875 0.3033854166666667 0.2470703125 0.2786458333333333 0.2587890625 0.2786458333333333 0.265625 0.2682291666666667 0.271484375 0.2526041666666667 0.275390625 0.25 0.2900390625 0.25
0 0.7294921875 0.16015625 0.73828125 0.16015625 0.748046875 0.16536458333333334 0.7548828125 0.16015625 0.7822265625 0.16145833333333334 0.8017578125 0.17057291666666666 0.810546875 0.18098958333333334 0.8154296875 0.19401041666666666 0.8251953125 0.20963541666666666 0.8330078125 0.23307291666666666 0.8359375 0.2513020833333333 0.8349609375 0.2630208333333333 0.8271484375 0.2890625 0.8251953125 0.3033854166666667 0.8154296875 0.3268229166666667 0.81640625 0.35546875 0.8134765625 0.3684895833333333 0.8134765625 0.3919270833333333 0.810546875 0.3971354166666667 0.80078125 0.4036458333333333 0.7841796875 0.4036458333333333 0.73828125 0.4114583333333333 0.6953125 0.4075520833333333 0.6728515625 0.3932291666666667 0.6494140625 0.37109375 0.6396484375 0.3580729166666667 0.6298828125 0.3333333333333333 0.62890625 0.29296875 0.6318359375 0.26171875 0.6474609375 0.22395833333333334 0.6533203125 0.19791666666666666 0.6640625 0.18489583333333334 0.6787109375 0.17578125 0.6865234375 0.17578125 0.7099609375 0.16276041666666666 0.728515625 0.16015625
0 0.5634765625 0.08984375 0.5849609375 0.09765625 0.595703125 0.10546875 0.6181640625 0.13802083333333334 0.6396484375 0.17578125 0.640625 0.18489583333333334 0.63671875 0.1953125 0.6298828125 0.203125 0.6240234375 0.20572916666666666 0.6123046875 0.22135416666666666 0.607421875 0.22395833333333334 0.6005859375 0.22265625 0.5888671875 0.21484375 0.58203125 0.20572916666666666 0.53515625 0.20442708333333334 0.521484375 0.20963541666666666 0.5107421875 0.20963541666666666 0.5078125 0.20442708333333334 0.4951171875 0.16015625 0.49609375 0.14192708333333334 0.501953125 0.12630208333333334 0.5146484375 0.10807291666666667 0.529296875 0.09375 0.5458984375 0.08984375 0.5625 0.08984375
0 0.4462890625 0.12109375 0.4619140625 0.12760416666666666 0.466796875 0.13411458333333334 0.4736328125 0.13802083333333334 0.4921875 0.1640625 0.505859375 0.20963541666666666 0.505859375 0.234375 0.498046875 0.2669270833333333 0.486328125 0.2903645833333333 0.474609375 0.3072916666666667 0.4638671875 0.3177083333333333 0.451171875 0.3255208333333333 0.4345703125 0.3307291666666667 0.412109375 0.3294270833333333 0.3955078125 0.3216145833333333 0.3642578125 0.2786458333333333 0.3564453125 0.25390625 0.3486328125 0.24088541666666666 0.3486328125 0.203125 0.3544921875 0.19010416666666666 0.35546875 0.17447916666666666 0.361328125 0.16015625 0.365234375 0.13802083333333334 0.373046875 0.12760416666666666 0.3818359375 0.12109375 0.39453125 0.12109375 0.416015625 0.11458333333333333 0.4248046875 0.11458333333333333 0.4267578125 0.1171875 0.4453125 0.12109375
0 0.9189453125 0.2265625 0.9443359375 0.24088541666666666 0.9453125 0.25 0.9423828125 0.2578125 0.943359375 0.2669270833333333 0.9609375 0.3138020833333333 0.9609375 0.3255208333333333 0.958984375 0.3307291666666667 0.943359375 0.3489583333333333 0.9326171875 0.3515625 0.9208984375 0.3619791666666667 0.9130859375 0.3645833333333333 0.8984375 0.3619791666666667 0.876953125 0.3489583333333333 0.8359375 0.3385416666666667 0.8310546875 0.3346354166666667 0.830078125 0.3268229166666667 0.8310546875 0.32421875 0.837890625 0.3229166666666667 0.8544921875 0.3098958333333333 0.8583984375 0.29296875 0.8779296875 0.2630208333333333 0.884765625 0.234375 0.8876953125 0.23046875 0.8974609375 0.22395833333333334 0.9140625 0.22395833333333334 0.91796875 0.2265625
0 0.654296875 0.4375 0.681640625 0.4544270833333333 0.703125 0.4830729166666667 0.7109375 0.50390625 0.712890625 0.52734375 0.7197265625 0.546875 0.71875 0.5807291666666666 0.7216796875 0.5911458333333334 0.708984375 0.6432291666666666 0.705078125 0.6510416666666666 0.673828125 0.6875 0.6572265625 0.69140625 0.62890625 0.69140625 0.609375 0.6848958333333334 0.5908203125 0.6705729166666666 0.57421875 0.6497395833333334 0.5595703125 0.62109375 0.5546875 0.5963541666666666 0.5517578125 0.55859375 0.5458984375 0.5234375 0.5537109375 0.4908854166666667 0.5634765625 0.4791666666666667 0.583984375 0.46484375 0.5986328125 0.44921875 0.6298828125 0.4361979166666667 0.6533203125 0.4375