0 0.6822916666666666 0.3229166666666667 0.703125 0.3268229166666667 0.7170138888888888 0.3333333333333333 0.7378472222222222 0.34765625 0.7413194444444444 0.3528645833333333 0.7465277777777778 0.3776041666666667 0.7482638888888888 0.4010416666666667 0.7274305555555556 0.4375 0.7118055555555556 0.44921875 0.6840277777777778 0.4635416666666667 0.6614583333333334 0.4674479166666667 0.640625 0.4661458333333333 0.6232638888888888 0.4440104166666667 0.5868055555555556 0.41796875 0.5833333333333334 0.3919270833333333 0.5833333333333334 0.3671875 0.6267361111111112 0.3346354166666667 0.6579861111111112 0.3229166666666667 0.6805555555555556 0.3229166666666667
0 0.4548611111111111 0.3046875 0.484375 0.3111979166666667 0.4947916666666667 0.31640625 0.5034722222222222 0.32421875 0.5225694444444444 0.3541666666666667 0.5243055555555556 0.3802083333333333 0.5173611111111112 0.3958333333333333 0.5017361111111112 0.4114583333333333 0.46875 0.4244791666666667 0.4496527777777778 0.4348958333333333 0.4375 0.4375 0.4166666666666667 0.4361979166666667 0.3854166666666667 0.4244791666666667 0.3715277777777778 0.4127604166666667 0.3576388888888889 0.3958333333333333 0.3541666666666667 0.3880208333333333 0.3541666666666667 0.37890625 0.3645833333333333 0.3424479166666667 0.3784722222222222 0.3255208333333333 0.390625 0.31640625 0.4149305555555556 0.3059895833333333 0.4322916666666667 0.3033854166666667 0.453125 0.3046875
0 0.9444444444444444 0.5234375 0.9600694444444444 0.5299479166666666 0.9809027777777778 0.53125 0.9982638888888888 0.5403645833333334 0.9982638888888888 0.6940104166666666 0.96875 0.7096354166666666 0.9288194444444444 0.7200520833333334 0.90625 0.7213541666666666 0.8940972222222222 0.73046875 0.8888888888888888 0.7317708333333334 0.8715277777777778 0.73046875 0.859375 0.7200520833333334 0.8576388888888888 0.7174479166666666 0.859375 0.7057291666666666 0.8333333333333334 0.6861979166666666 0.8246527777777778 0.6692708333333334 0.8159722222222222 0.6614583333333334 0.8211805555555556 0.6510416666666666 0.828125 0.6497395833333334 0.8333333333333334 0.6458333333333334 0.8333333333333334 0.6158854166666666 0.8402777777777778 0.6002604166666666 0.8385416666666666 0.5859375 0.8246527777777778 0.5794270833333334 0.8246527777777778 0.57421875 0.8385416666666666 0.5598958333333334 0.8541666666666666 0.5481770833333334 0.8784722222222222 0.5390625 0.8888888888888888 0.5325520833333334 0.9166666666666666 0.5247395833333334 0.9427083333333334 0.5234375
0 0.5920138888888888 0.7018229166666666 0.6041666666666666 0.7044270833333334 0.6197916666666666 0.7109375 0.6493055555555556 0.7369791666666666 0.6614583333333334 0.75 0.671875 0.7838541666666666 0.6649305555555556 0.79296875 0.6545138888888888 0.8177083333333334 0.6545138888888888 0.8294270833333334 0.6440972222222222 0.83984375 0.6180555555555556 0.85546875 0.5868055555555556 0.86328125 0.5503472222222222 0.8619791666666666 0.5329861111111112 0.8567708333333334 0.5086805555555556 0.8450520833333334 0.4826388888888889 0.8177083333333334 0.4756944444444444 0.8020833333333334 0.4739583333333333 0.7799479166666666 0.4774305555555556 0.76171875 0.4826388888888889 0.75 0.4947916666666667 0.7330729166666666 0.5086805555555556 0.7200520833333334 0.5295138888888888 0.7083333333333334 0.5416666666666666 0.7044270833333334 0.5572916666666666 0.7018229166666666 0.5902777777777778 0.7018229166666666
0 0.4809027777777778 0.5572916666666666 0.5295138888888888 0.5716145833333334 0.546875 0.5833333333333334 0.5659722222222222 0.60546875 0.5729166666666666 0.6171875 0.5763888888888888 0.6510416666666666 0.5607638888888888 0.6822916666666666 0.5434027777777778 0.6953125 0.5086805555555556 0.7135416666666666 0.4704861111111111 0.7213541666666666 0.4409722222222222 0.7200520833333334 0.40625 0.70703125 0.3958333333333333 0.69921875 0.359375 0.66015625 0.3524305555555556 0.6471354166666666 0.3524305555555556 0.6302083333333334 0.3559027777777778 0.6119791666666666 0.3645833333333333 0.6015625 0.3732638888888889 0.5963541666666666 0.390625 0.59375 0.40625 0.5768229166666666 0.4166666666666667 0.5703125 0.4322916666666667 0.5625 0.4548611111111111 0.5559895833333334 0.4791666666666667 0.5572916666666666
0 0.8159722222222222 0.7122395833333334 0.8298611111111112 0.7161458333333334 0.859375 0.7330729166666666 0.8767361111111112 0.73828125 0.8888888888888888 0.73828125 0.8958333333333334 0.7434895833333334 0.8958333333333334 0.7526041666666666 0.8871527777777778 0.76953125 0.8923611111111112 0.7890625 0.890625 0.8033854166666666 0.8802083333333334 0.828125 0.8576388888888888 0.8463541666666666 0.8489583333333334 0.8489583333333334 0.8333333333333334 0.8580729166666666 0.8246527777777778 0.859375 0.8107638888888888 0.8580729166666666 0.8020833333333334 0.84765625 0.7777777777777778 0.84375 0.7569444444444444 0.83203125 0.7256944444444444 0.8216145833333334 0.71875 0.81640625 0.7048611111111112 0.7981770833333334 0.7048611111111112 0.7682291666666666 0.7083333333333334 0.7604166666666666 0.7465277777777778 0.71875 0.7569444444444444 0.7122395833333334 0.7673611111111112 0.7096354166666666 0.8003472222222222 0.7096354166666666 0.8142361111111112 0.7122395833333334
0 0.8472222222222222 0.3528645833333333 0.8767361111111112 0.3541666666666667 0.9045138888888888 0.3645833333333333 0.9201388888888888 0.3645833333333333 0.9427083333333334 0.37890625 0.953125 0.390625 0.96875 0.41796875 0.9704861111111112 0.44140625 0.9548611111111112 0.4817708333333333 0.9375 0.5065104166666666 0.9166666666666666 0.5208333333333334 0.90625 0.5221354166666666 0.8680555555555556 0.53515625 0.8420138888888888 0.5390625 0.8020833333333334 0.5338541666666666 0.7725694444444444 0.51953125 0.7430555555555556 0.4947916666666667 0.7326388888888888 0.48046875 0.7309027777777778 0.4557291666666667 0.734375 0.4348958333333333 0.7395833333333334 0.4244791666666667 0.7552083333333334 0.4010416666666667 0.7743055555555556 0.3854166666666667 0.7847222222222222 0.3723958333333333 0.7899305555555556 0.3684895833333333 0.8003472222222222 0.3684895833333333 0.8142361111111112 0.3645833333333333 0.8385416666666666 0.3515625 0.8454861111111112 0.3528645833333333
0 0.9201388888888888 0.12760416666666666 0.9288194444444444 0.1328125 0.9375 0.12239583333333333 0.9427083333333334 0.12109375 0.9461805555555556 0.12369791666666667 0.9565972222222222 0.13932291666666666 0.9548611111111112 0.15494791666666666 0.9600694444444444 0.16536458333333334 0.9583333333333334 0.17578125 0.9496527777777778 0.19010416666666666 0.9479166666666666 0.203125 0.9201388888888888 0.22395833333333334 0.9097222222222222 0.22786458333333334 0.9097222222222222 0.23828125 0.9131944444444444 0.24479166666666666 0.9149305555555556 0.2578125 0.9131944444444444 0.2643229166666667 0.8993055555555556 0.28125 0.890625 0.2981770833333333 0.8802083333333334 0.3072916666666667 0.8559027777777778 0.3203125 0.8420138888888888 0.3255208333333333 0.8315972222222222 0.3268229166666667 0.8211805555555556 0.33203125 0.8072916666666666 0.3359375 0.7743055555555556 0.3372395833333333 0.7569444444444444 0.33984375 0.7326388888888888 0.3372395833333333 0.7100694444444444 0.3255208333333333 0.6770833333333334 0.3177083333333333 0.6597222222222222 0.30859375 0.6579861111111112 0.2708333333333333 0.6493055555555556 0.2513020833333333 0.6493055555555556 0.23958333333333334 0.6527777777777778 0.23307291666666666 0.6666666666666666 0.21614583333333334 0.6857638888888888 0.20182291666666666 0.7170138888888888 0.18359375 0.7552083333333334 0.171875 0.796875 0.16927083333333334 0.8003472222222222 0.16145833333333334 0.8038194444444444 0.16015625 0.8229166666666666 0.16145833333333334 0.8611111111111112 0.13020833333333334 0.8663194444444444 0.13020833333333334 0.8697916666666666 0.13541666666666666 0.8767361111111112 0.13932291666666666 0.8888888888888888 0.13932291666666666 0.9079861111111112 0.12890625 0.9149305555555556 0.12630208333333334 0.9184027777777778 0.12760416666666666
0 0.7291666666666666 0.5234375 0.7621527777777778 0.5338541666666666 0.7777777777777778 0.5442708333333334 0.7864583333333334 0.5546875 0.7986111111111112 0.5533854166666666 0.8038194444444444 0.5651041666666666 0.8020833333333334 0.5716145833333334 0.8038194444444444 0.5794270833333334 0.8159722222222222 0.5859375 0.8333333333333334 0.5872395833333334 0.8350694444444444 0.5989583333333334 0.8229166666666666 0.62890625 0.8229166666666666 0.640625 0.8159722222222222 0.6458333333333334 0.8090277777777778 0.6575520833333334 0.7777777777777778 0.6627604166666666 0.7586805555555556 0.671875 0.7204861111111112 0.6809895833333334 0.6996527777777778 0.6809895833333334 0.6736111111111112 0.6770833333333334 0.6354166666666666 0.6614583333333334 0.6232638888888888 0.6484375 0.6076388888888888 0.63671875 0.6006944444444444 0.6263020833333334 0.59375 0.59375 0.6024305555555556 0.5651041666666666 0.6180555555555556 0.5442708333333334 0.6284722222222222 0.5364583333333334 0.6579861111111112 0.5247395833333334 0.6788194444444444 0.5247395833333334 0.6909722222222222 0.5208333333333334 0.7135416666666666 0.5208333333333334 0.7274305555555556 0.5234375
0 0.5329861111111112 0.4140625 0.5538194444444444 0.4153645833333333 0.5746527777777778 0.4192708333333333 0.5989583333333334 0.4309895833333333 0.6111111111111112 0.44140625 0.6197916666666666 0.4453125 0.6267361111111112 0.453125 0.6371527777777778 0.4700520833333333 0.6388888888888888 0.4817708333333333 0.6371527777777778 0.5130208333333334 0.6232638888888888 0.5338541666666666 0.609375 0.546875 0.5972222222222222 0.5546875 0.5833333333333334 0.5611979166666666 0.5677083333333334 0.5651041666666666 0.5590277777777778 0.5651041666666666 0.5555555555555556 0.5677083333333334 0.5555555555555556 0.5729166666666666 0.5434027777777778 0.5703125 0.5243055555555556 0.5625 0.5034722222222222 0.5598958333333334 0.4774305555555556 0.55078125 0.4670138888888889 0.55078125 0.4496527777777778 0.5455729166666666 0.4461805555555556 0.54296875 0.4444444444444444 0.53515625 0.4305555555555556 0.5169270833333334 0.4236111111111111 0.5026041666666666 0.4270833333333333 0.4778645833333333 0.4322916666666667 0.4635416666666667 0.4392361111111111 0.453125 0.4583333333333333 0.4348958333333333 0.4791666666666667 0.4244791666666667 0.5086805555555556 0.4140625 0.53125 0.4140625
0 0.5243055555555556 0.20963541666666666 0.5295138888888888 0.21223958333333334 0.5295138888888888 0.21484375 0.5416666666666666 0.2265625 0.5503472222222222 0.2265625 0.5625 0.22135416666666666 0.5815972222222222 0.21744791666666666 0.6006944444444444 0.21744791666666666 0.6197916666666666 0.22395833333333334 0.6336805555555556 0.23307291666666666 0.640625 0.24088541666666666 0.6545138888888888 0.2747395833333333 0.6475694444444444 0.3177083333333333 0.6388888888888888 0.3255208333333333 0.6284722222222222 0.3294270833333333 0.6111111111111112 0.3411458333333333 0.5920138888888888 0.3502604166666667 0.5763888888888888 0.3528645833333333 0.5590277777777778 0.3528645833333333 0.5329861111111112 0.3502604166666667 0.5260416666666666 0.34765625 0.5069444444444444 0.3229166666666667 0.4826388888888889 0.3046875 0.4861111111111111 0.2825520833333333 0.4947916666666667 0.2682291666666667 0.4965277777777778 0.2578125 0.5104166666666666 0.23697916666666666 0.5086805555555556 0.22395833333333334 0.515625 0.21614583333333334 0.5243055555555556 0.2109375
0 0.8055555555555556 0.171875 0.8125 0.17447916666666666 0.8229166666666666 0.17447916666666666 0.8298611111111112 0.17838541666666666 0.8350694444444444 0.17708333333333334 0.8628472222222222 0.18098958333333334 0.8784722222222222 0.1875 0.8975694444444444 0.20052083333333334 0.9097222222222222 0.22265625 0.9097222222222222 0.23697916666666666 0.9149305555555556 0.2513020833333333 0.9131944444444444 0.2643229166666667 0.9097222222222222 0.2708333333333333 0.9010416666666666 0.2786458333333333 0.8940972222222222 0.2942708333333333 0.8871527777777778 0.3020833333333333 0.8559027777777778 0.3203125 0.8072916666666666 0.3359375 0.7569444444444444 0.33984375 0.7326388888888888 0.3372395833333333 0.7065972222222222 0.32421875 0.6770833333333334 0.3177083333333333 0.6579861111111112 0.3059895833333333 0.6579861111111112 0.2721354166666667 0.65625 0.2630208333333333 0.6493055555555556 0.2513020833333333 0.6493055555555556 0.23958333333333334 0.6666666666666666 0.21614583333333334 0.6840277777777778 0.203125 0.7170138888888888 0.18359375 0.7430555555555556 0.17447916666666666 0.7638888888888888 0.17057291666666666 0.796875 0.16927083333333334 0.8038194444444444 0.171875