0 0.7578125 0.4283854166666667 0.7724609375 0.43359375 0.783203125 0.44140625 0.79296875 0.4518229166666667 0.8046875 0.4700520833333333 0.814453125 0.5026041666666666 0.822265625 0.5208333333333334 0.82421875 0.5403645833333334 0.80859375 0.5924479166666666 0.7939453125 0.6276041666666666 0.7724609375 0.6458333333333334 0.751953125 0.6510416666666666 0.7431640625 0.6510416666666666 0.712890625 0.6341145833333334 0.701171875 0.6302083333333334 0.6953125 0.6263020833333334 0.6845703125 0.6106770833333334 0.6787109375 0.5950520833333334 0.6767578125 0.5807291666666666 0.67578125 0.48828125 0.6787109375 0.4765625 0.6875 0.4596354166666667 0.7041015625 0.44140625 0.7255859375 0.4309895833333333 0.736328125 0.4283854166666667 0.7568359375 0.4283854166666667
0 0.70703125 0.63671875 0.7255859375 0.6458333333333334 0.7412109375 0.6575520833333334 0.75390625 0.6848958333333334 0.759765625 0.6901041666666666 0.76171875 0.6953125 0.7705078125 0.6692708333333334 0.779296875 0.6614583333333334 0.78515625 0.6640625 0.80078125 0.7044270833333334 0.806640625 0.7122395833333334 0.8115234375 0.7135416666666666 0.8134765625 0.7109375 0.8173828125 0.7161458333333334 0.8115234375 0.73046875 0.8173828125 0.7513020833333334 0.8154296875 0.7552083333333334 0.806640625 0.7591145833333334 0.8037109375 0.7643229166666666 0.802734375 0.7721354166666666 0.8076171875 0.7838541666666666 0.8076171875 0.79296875 0.802734375 0.7994791666666666 0.7880859375 0.8059895833333334 0.783203125 0.8111979166666666 0.783203125 0.81640625 0.7900390625 0.8359375 0.791015625 0.8541666666666666 0.7890625 0.859375 0.7783203125 0.85546875 0.7607421875 0.8359375 0.7578125 0.8359375 0.7470703125 0.8541666666666666 0.7294921875 0.8763020833333334 0.7138671875 0.88671875 0.6962890625 0.890625 0.66796875 0.8893229166666666 0.6494140625 0.8828125 0.62890625 0.8671875 0.6162109375 0.8515625 0.5947265625 0.8059895833333334 0.5927734375 0.7877604166666666 0.5927734375 0.7513020833333334 0.59765625 0.7395833333333334 0.6025390625 0.7096354166666666 0.6064453125 0.69921875 0.626953125 0.6640625 0.6455078125 0.6471354166666666 0.6640625 0.63671875 0.6796875 0.6341145833333334 0.6982421875 0.6341145833333334 0.7060546875 0.63671875
0 0.291015625 0.6549479166666666 0.3212890625 0.66015625 0.3310546875 0.6640625 0.337890625 0.6705729166666666 0.3486328125 0.7473958333333334 0.359375 0.77734375 0.3662109375 0.7903645833333334 0.3662109375 0.796875 0.3564453125 0.8255208333333334 0.3427734375 0.8463541666666666 0.3349609375 0.8541666666666666 0.3232421875 0.8606770833333334 0.2998046875 0.8671875 0.2880859375 0.8671875 0.2744140625 0.86328125 0.25 0.8489583333333334 0.2412109375 0.8294270833333334 0.23046875 0.7838541666666666 0.23046875 0.7565104166666666 0.2333984375 0.734375 0.232421875 0.7109375 0.2373046875 0.6953125 0.244140625 0.68359375 0.2548828125 0.6731770833333334 0.2822265625 0.65625 0.2900390625 0.6549479166666666
0 0.2451171875 0.20572916666666666 0.2666015625 0.21223958333333334 0.2890625 0.23046875 0.298828125 0.24609375 0.3056640625 0.2643229166666667 0.3212890625 0.2799479166666667 0.330078125 0.3046875 0.330078125 0.3346354166666667 0.314453125 0.3736979166666667 0.30078125 0.4010416666666667 0.2890625 0.40625 0.2646484375 0.4075520833333333 0.2548828125 0.41796875 0.2451171875 0.421875 0.23046875 0.421875 0.21875 0.41796875 0.1953125 0.3997395833333333 0.1826171875 0.3828125 0.171875 0.3606770833333333 0.1640625 0.3372395833333333 0.162109375 0.3190104166666667 0.162109375 0.2981770833333333 0.1689453125 0.2721354166666667 0.1748046875 0.2578125 0.1904296875 0.23177083333333334 0.1953125 0.22526041666666666 0.21484375 0.20963541666666666 0.2255859375 0.20572916666666666 0.244140625 0.20572916666666666
0 0.328125 0.4114583333333333 0.341796875 0.4166666666666667 0.35546875 0.42578125 0.3671875 0.4388020833333333 0.375 0.453125 0.3837890625 0.4830729166666667 0.3896484375 0.5286458333333334 0.384765625 0.5494791666666666 0.3701171875 0.5794270833333334 0.353515625 0.6015625 0.3427734375 0.6302083333333334 0.328125 0.6458333333333334 0.31640625 0.6497395833333334 0.294921875 0.6497395833333334 0.2666015625 0.6393229166666666 0.25 0.62890625 0.236328125 0.6158854166666666 0.2294921875 0.60546875 0.2109375 0.5677083333333334 0.208984375 0.5598958333333334 0.2119140625 0.54296875 0.212890625 0.5182291666666666 0.2255859375 0.484375 0.2294921875 0.45703125 0.2373046875 0.4479166666666667 0.240234375 0.4348958333333333 0.244140625 0.4296875 0.2587890625 0.4231770833333333 0.265625 0.4140625 0.2900390625 0.4140625 0.3076171875 0.41015625 0.3271484375 0.4114583333333333
0 0.453125 0.3046875 0.46875 0.3229166666666667 0.4873046875 0.3372395833333333 0.5009765625 0.34375 0.5068359375 0.3515625 0.5126953125 0.3658854166666667 0.5126953125 0.3932291666666667 0.509765625 0.4322916666666667 0.501953125 0.4544270833333333 0.484375 0.4791666666666667 0.47265625 0.4908854166666667 0.4677734375 0.4947916666666667 0.45703125 0.4947916666666667 0.451171875 0.4973958333333333 0.4111328125 0.49609375 0.408203125 0.4934895833333333 0.4013671875 0.48046875 0.3720703125 0.4427083333333333 0.365234375 0.4231770833333333 0.3642578125 0.390625 0.369140625 0.3671875 0.3798828125 0.3450520833333333 0.3876953125 0.3359375 0.40234375 0.32421875 0.4169921875 0.3190104166666667 0.439453125 0.3046875 0.4521484375 0.3046875
0 0.5830078125 0.3046875 0.6025390625 0.31640625 0.6220703125 0.3359375 0.6376953125 0.3411458333333333 0.646484375 0.3515625 0.646484375 0.36328125 0.65234375 0.3697916666666667 0.65625 0.37890625 0.658203125 0.3932291666666667 0.6650390625 0.40625 0.66796875 0.421875 0.6650390625 0.4453125 0.669921875 0.4752604166666667 0.671875 0.5052083333333334 0.666015625 0.5403645833333334 0.6591796875 0.5559895833333334 0.6435546875 0.5729166666666666 0.6328125 0.5794270833333334 0.611328125 0.5846354166666666 0.59765625 0.5846354166666666 0.5908203125 0.58203125 0.5595703125 0.5598958333333334 0.5439453125 0.5390625 0.537109375 0.5221354166666666 0.5224609375 0.5091145833333334 0.515625 0.5 0.513671875 0.4934895833333333 0.5126953125 0.46875 0.515625 0.4557291666666667 0.5146484375 0.3997395833333333 0.5205078125 0.359375 0.5390625 0.3177083333333333 0.54296875 0.3138020833333333 0.556640625 0.3046875 0.58203125 0.3046875
0 0.6220703125 0.11848958333333333 0.6357421875 0.12369791666666667 0.64453125 0.13020833333333334 0.662109375 0.14583333333333334 0.6728515625 0.16015625 0.68359375 0.18489583333333334 0.6904296875 0.21354166666666666 0.6904296875 0.24869791666666666 0.681640625 0.2825520833333333 0.6767578125 0.2955729166666667 0.6611328125 0.32421875 0.6455078125 0.3359375 0.6396484375 0.3359375 0.630859375 0.3294270833333333 0.6171875 0.3255208333333333 0.60546875 0.3138020833333333 0.5859375 0.30078125 0.55859375 0.2942708333333333 0.5458984375 0.2799479166666667 0.529296875 0.2760416666666667 0.5244140625 0.26953125 0.5244140625 0.2591145833333333 0.529296875 0.2421875 0.5361328125 0.23697916666666666 0.5400390625 0.23046875 0.54296875 0.19010416666666666 0.5458984375 0.17708333333333334 0.55859375 0.15104166666666666 0.5732421875 0.1328125 0.59375 0.11848958333333333 0.6083984375 0.11588541666666667 0.62109375 0.11848958333333333
0 0.388671875 0.059895833333333336 0.39453125 0.06510416666666667 0.3984375 0.07552083333333333 0.42578125 0.07552083333333333 0.4521484375 0.08072916666666667 0.4677734375 0.09635416666666667 0.4775390625 0.10286458333333333 0.490234375 0.125 0.4990234375 0.14973958333333334 0.505859375 0.20052083333333334 0.505859375 0.21223958333333334 0.49609375 0.23177083333333334 0.4921875 0.24479166666666666 0.478515625 0.26953125 0.466796875 0.2838541666666667 0.435546875 0.2955729166666667 0.4091796875 0.3111979166666667 0.3974609375 0.3151041666666667 0.380859375 0.3151041666666667 0.36328125 0.3111979166666667 0.34375 0.30078125 0.3310546875 0.2903645833333333 0.3232421875 0.2760416666666667 0.3056640625 0.2552083333333333 0.2998046875 0.23828125 0.2978515625 0.203125 0.3056640625 0.16666666666666666 0.318359375 0.13932291666666666 0.33984375 0.11328125 0.3486328125 0.09244791666666667 0.3671875 0.06380208333333333 0.3876953125 0.059895833333333336
0 0.400390625 0.8411458333333334 0.4169921875 0.8359375 0.458984375 0.8541666666666666 0.48046875 0.8541666666666666 0.5126953125 0.84375 0.541015625 0.82421875 0.5439453125 0.82421875 0.546875 0.8307291666666666 0.5458984375 0.84375 0.5390625 0.8671875 0.537109375 0.8880208333333334 0.52734375 0.9205729166666666 0.5048828125 0.9388020833333334 0.48046875 0.9453125 0.462890625 0.9440104166666666 0.451171875 0.9322916666666666 0.4375 0.92578125 0.421875 0.9075520833333334 0.416015625 0.8997395833333334 0.41015625 0.8828125 0.3974609375 0.87109375 0.396484375 0.8567708333333334 0.400390625 0.8424479166666666
0 0.5 0.5078125 0.5087890625 0.51171875 0.5224609375 0.5416666666666666 0.5400390625 0.5481770833333334 0.5537109375 0.5598958333333334 0.5771484375 0.6015625 0.58984375 0.6471354166666666 0.59375 0.6979166666666666 0.583984375 0.7473958333333334 0.5712890625 0.76171875 0.5712890625 0.76953125 0.568359375 0.7760416666666666 0.537109375 0.8229166666666666 0.5087890625 0.8424479166666666 0.4921875 0.8489583333333334 0.4765625 0.8515625 0.4599609375 0.8515625 0.451171875 0.8489583333333334 0.416015625 0.83203125 0.4033203125 0.8229166666666666 0.3837890625 0.8020833333333334 0.3623046875 0.7682291666666666 0.3515625 0.7408854166666666 0.34375 0.6875 0.34375 0.6497395833333334 0.349609375 0.6223958333333334 0.3583984375 0.6015625 0.392578125 0.5520833333333334 0.4072265625 0.5416666666666666 0.4287109375 0.515625 0.4375 0.5091145833333334 0.4521484375 0.50390625 0.466796875 0.5065104166666666 0.4892578125 0.5052083333333334 0.4990234375 0.5078125
0 0.556640625 0.0078125 0.5732421875 0.014322916666666666 0.591796875 0.0390625 0.5966796875 0.053385416666666664 0.5986328125 0.06770833333333333 0.6083984375 0.09505208333333333 0.6064453125 0.10416666666666667 0.6015625 0.109375 0.5810546875 0.12109375 0.56640625 0.13541666666666666 0.556640625 0.1484375 0.5400390625 0.17838541666666666 0.5302734375 0.1796875 0.5087890625 0.16145833333333334 0.5009765625 0.13151041666666666 0.494140625 0.11848958333333333 0.4873046875 0.09765625 0.4765625 0.08072916666666667 0.4755859375 0.06640625 0.4775390625 0.052083333333333336 0.4931640625 0.022135416666666668 0.4970703125 0.018229166666666668 0.521484375 0.010416666666666666 0.5556640625 0.009114583333333334