0 0.6215277777777778 0.3294270833333333 0.640625 0.3346354166666667 0.6701388888888888 0.3528645833333333 0.6770833333333334 0.3645833333333333 0.6770833333333334 0.37109375 0.6840277777777778 0.390625 0.6840277777777778 0.4036458333333333 0.671875 0.4322916666666667 0.6614583333333334 0.44921875 0.6458333333333334 0.4557291666666667 0.625 0.4700520833333333 0.6111111111111112 0.4739583333333333 0.5763888888888888 0.47265625 0.5590277777777778 0.4544270833333333 0.5243055555555556 0.4309895833333333 0.515625 0.3815104166666667 0.5208333333333334 0.3736979166666667 0.53125 0.3684895833333333 0.546875 0.3541666666666667 0.5729166666666666 0.3359375 0.5850694444444444 0.3307291666666667 0.5989583333333334 0.328125 0.6197916666666666 0.3294270833333333
0 0.4670138888888889 0.4270833333333333 0.5104166666666666 0.4309895833333333 0.5399305555555556 0.4453125 0.5607638888888888 0.4609375 0.5746527777777778 0.48046875 0.578125 0.4947916666666667 0.578125 0.5130208333333334 0.5711805555555556 0.5299479166666666 0.546875 0.5598958333333334 0.5347222222222222 0.5677083333333334 0.5104166666666666 0.5768229166666666 0.4965277777777778 0.5794270833333334 0.4878472222222222 0.5846354166666666 0.4635416666666667 0.5755208333333334 0.4444444444444444 0.57421875 0.3888888888888889 0.5598958333333334 0.3819444444444444 0.5533854166666666 0.375 0.53515625 0.3628472222222222 0.5182291666666666 0.3663194444444444 0.4921875 0.3819444444444444 0.4596354166666667 0.3975694444444444 0.4479166666666667 0.4288194444444444 0.4322916666666667 0.4496527777777778 0.4270833333333333 0.4652777777777778 0.4270833333333333
0 0.7673611111111112 0.71484375 0.7847222222222222 0.7213541666666666 0.8055555555555556 0.7356770833333334 0.8298611111111112 0.7421875 0.8368055555555556 0.7421875 0.84375 0.7473958333333334 0.84375 0.7552083333333334 0.8368055555555556 0.76953125 0.8368055555555556 0.7760416666666666 0.84375 0.7890625 0.84375 0.8020833333333334 0.8368055555555556 0.8268229166666666 0.828125 0.8385416666666666 0.8107638888888888 0.8515625 0.8020833333333334 0.8528645833333334 0.7743055555555556 0.8645833333333334 0.7621527777777778 0.8645833333333334 0.7517361111111112 0.8528645833333334 0.7222222222222222 0.8463541666666666 0.6770833333333334 0.82421875 0.6666666666666666 0.8138020833333334 0.6597222222222222 0.8020833333333334 0.6614583333333334 0.7630208333333334 0.6944444444444444 0.7252604166666666 0.7048611111111112 0.71875 0.7204861111111112 0.7135416666666666 0.765625 0.71484375
0 0.890625 0.5208333333333334 0.8993055555555556 0.5260416666666666 0.9270833333333334 0.52734375 0.9340277777777778 0.5299479166666666 0.9479166666666666 0.5390625 0.9652777777777778 0.546875 0.9895833333333334 0.5690104166666666 0.9982638888888888 0.58203125 0.9982638888888888 0.6471354166666666 0.9861111111111112 0.6640625 0.9739583333333334 0.6731770833333334 0.9635416666666666 0.6861979166666666 0.9375 0.7044270833333334 0.9149305555555556 0.7135416666666666 0.890625 0.7200520833333334 0.8576388888888888 0.7213541666666666 0.84375 0.7330729166666666 0.8298611111111112 0.7317708333333334 0.8159722222222222 0.7213541666666666 0.8142361111111112 0.7161458333333334 0.8159722222222222 0.7057291666666666 0.8020833333333334 0.6940104166666666 0.7864583333333334 0.6861979166666666 0.7708333333333334 0.671875 0.7708333333333334 0.6653645833333334 0.7829861111111112 0.6432291666666666 0.7743055555555556 0.6302083333333334 0.7743055555555556 0.6119791666666666 0.7777777777777778 0.59765625 0.7708333333333334 0.5833333333333334 0.7708333333333334 0.578125 0.7760416666666666 0.5690104166666666 0.8107638888888888 0.54296875 0.8489583333333334 0.5260416666666666 0.8767361111111112 0.5208333333333334 0.8888888888888888 0.5208333333333334
0 0.546875 0.7122395833333334 0.5625 0.7174479166666666 0.5711805555555556 0.72265625 0.5902777777777778 0.7447916666666666 0.6076388888888888 0.7578125 0.609375 0.7916666666666666 0.6041666666666666 0.8046875 0.6059027777777778 0.8177083333333334 0.5972222222222222 0.8411458333333334 0.5677083333333334 0.8619791666666666 0.5416666666666666 0.87109375 0.5138888888888888 0.8736979166666666 0.4913194444444444 0.8697916666666666 0.4704861111111111 0.8619791666666666 0.453125 0.8528645833333334 0.4409722222222222 0.8424479166666666 0.4253472222222222 0.8151041666666666 0.421875 0.8020833333333334 0.421875 0.78515625 0.4305555555555556 0.7591145833333334 0.4375 0.7473958333333334 0.4513888888888889 0.7330729166666666 0.4704861111111111 0.7200520833333334 0.4913194444444444 0.7135416666666666 0.5104166666666666 0.7109375 0.5451388888888888 0.7122395833333334
0 0.4166666666666667 0.5716145833333334 0.4670138888888889 0.5833333333333334 0.4895833333333333 0.59765625 0.515625 0.62890625 0.5260416666666666 0.65625 0.5243055555555556 0.66015625 0.5277777777777778 0.6640625 0.5069444444444444 0.6901041666666666 0.4895833333333333 0.7044270833333334 0.4461805555555556 0.7278645833333334 0.4079861111111111 0.734375 0.3819444444444444 0.7330729166666666 0.3559027777777778 0.7239583333333334 0.3402777777777778 0.7122395833333334 0.3315972222222222 0.7018229166666666 0.2934027777777778 0.6692708333333334 0.2881944444444444 0.66015625 0.2881944444444444 0.65234375 0.2916666666666667 0.6302083333333334 0.3072916666666667 0.6145833333333334 0.328125 0.6119791666666666 0.34375 0.5963541666666666 0.375 0.5768229166666666 0.3940972222222222 0.5703125 0.4149305555555556 0.5716145833333334
0 0.4166666666666667 0.3255208333333333 0.4253472222222222 0.3294270833333333 0.4409722222222222 0.3411458333333333 0.4600694444444444 0.3671875 0.4635416666666667 0.3776041666666667 0.4618055555555556 0.40234375 0.4496527777777778 0.421875 0.4253472222222222 0.4296875 0.3854166666666667 0.44921875 0.3680555555555556 0.4518229166666667 0.3524305555555556 0.44921875 0.3333333333333333 0.44140625 0.3263888888888889 0.44140625 0.3020833333333333 0.421875 0.2934027777777778 0.40625 0.2951388888888889 0.3763020833333333 0.2986111111111111 0.3658854166666667 0.3125 0.34375 0.3246527777777778 0.3346354166666667 0.3489583333333333 0.3229166666666667 0.3611111111111111 0.3203125 0.3871527777777778 0.3203125 0.4149305555555556 0.3255208333333333
0 0.78125 0.3515625 0.8125 0.3528645833333333 0.8454861111111112 0.36328125 0.8611111111111112 0.3606770833333333 0.875 0.3697916666666667 0.8854166666666666 0.3776041666666667 0.8993055555555556 0.3958333333333333 0.9131944444444444 0.42578125 0.9149305555555556 0.4440104166666667 0.9114583333333334 0.4622395833333333 0.9010416666666666 0.4830729166666667 0.8871527777777778 0.5013020833333334 0.8697916666666666 0.515625 0.8541666666666666 0.51953125 0.8177083333333334 0.5338541666666666 0.7916666666666666 0.5377604166666666 0.78125 0.5416666666666666 0.7760416666666666 0.5416666666666666 0.7690972222222222 0.5377604166666666 0.7604166666666666 0.5377604166666666 0.7378472222222222 0.5325520833333334 0.7152777777777778 0.5221354166666666 0.6840277777777778 0.4934895833333333 0.6684027777777778 0.4635416666666667 0.6684027777777778 0.4544270833333333 0.6736111111111112 0.4361979166666667 0.6909722222222222 0.40234375 0.7083333333333334 0.3880208333333333 0.7239583333333334 0.3697916666666667 0.7447916666666666 0.3684895833333333 0.7673611111111112 0.3541666666666667 0.7795138888888888 0.3515625
0 0.8819444444444444 0.109375 0.890625 0.11588541666666667 0.8975694444444444 0.12760416666666666 0.8975694444444444 0.140625 0.9027777777777778 0.14973958333333334 0.9010416666666666 0.16927083333333334 0.8940972222222222 0.17838541666666666 0.8940972222222222 0.19010416666666666 0.875 0.20833333333333334 0.8472222222222222 0.22526041666666666 0.8489583333333334 0.2526041666666667 0.8454861111111112 0.2669270833333333 0.8298611111111112 0.2916666666666667 0.8107638888888888 0.3072916666666667 0.7916666666666666 0.3190104166666667 0.75 0.3346354166666667 0.7083333333333334 0.3385416666666667 0.6996527777777778 0.3411458333333333 0.6614583333333334 0.33984375 0.6388888888888888 0.3294270833333333 0.6145833333333334 0.32421875 0.5989583333333334 0.3125 0.59375 0.3033854166666667 0.5920138888888888 0.28125 0.5868055555555556 0.265625 0.5885416666666666 0.25390625 0.59375 0.2421875 0.6180555555555556 0.20833333333333334 0.6354166666666666 0.19401041666666666 0.6579861111111112 0.18098958333333334 0.6892361111111112 0.17057291666666666 0.7378472222222222 0.16536458333333334 0.7395833333333334 0.1640625 0.734375 0.16145833333333334 0.7361111111111112 0.15885416666666666 0.7638888888888888 0.16015625 0.7829861111111112 0.13932291666666666 0.8038194444444444 0.12239583333333333 0.8159722222222222 0.13020833333333334 0.8315972222222222 0.13020833333333334 0.8368055555555556 0.12890625 0.84375 0.12239583333333333 0.8559027777777778 0.11588541666666667 0.859375 0.11588541666666667 0.8697916666666666 0.12239583333333333 0.8802083333333334 0.11067708333333333
0 0.6892361111111112 0.5299479166666666 0.7100694444444444 0.5416666666666666 0.7256944444444444 0.5559895833333334 0.7395833333333334 0.5572916666666666 0.7413194444444444 0.57421875 0.7465277777777778 0.5859375 0.7534722222222222 0.58984375 0.7690972222222222 0.5911458333333334 0.7708333333333334 0.6080729166666666 0.7690972222222222 0.6171875 0.7638888888888888 0.6223958333333334 0.7725694444444444 0.640625 0.7725694444444444 0.6497395833333334 0.765625 0.6614583333333334 0.7586805555555556 0.6666666666666666 0.7309027777777778 0.6653645833333334 0.7100694444444444 0.6744791666666666 0.6892361111111112 0.6783854166666666 0.6701388888888888 0.6861979166666666 0.6267361111111112 0.6848958333333334 0.6041666666666666 0.6744791666666666 0.5833333333333334 0.6692708333333334 0.5763888888888888 0.6653645833333334 0.5642361111111112 0.65234375 0.5486111111111112 0.640625 0.5399305555555556 0.609375 0.5399305555555556 0.5885416666666666 0.5451388888888888 0.5716145833333334 0.5625 0.5494791666666666 0.5694444444444444 0.54296875 0.5885416666666666 0.53515625 0.5989583333333334 0.53125 0.6180555555555556 0.53125 0.6302083333333334 0.52734375 0.6875 0.5299479166666666
0 0.5260416666666666 0.2265625 0.5451388888888888 0.23046875 0.5572916666666666 0.23567708333333334 0.5677083333333334 0.24348958333333334 0.5711805555555556 0.2513020833333333 0.5711805555555556 0.2591145833333333 0.5850694444444444 0.2734375 0.5885416666666666 0.2994791666666667 0.5868055555555556 0.3138020833333333 0.5798611111111112 0.3268229166666667 0.5538194444444444 0.3424479166666667 0.5381944444444444 0.35546875 0.5104166666666666 0.36328125 0.4861111111111111 0.36328125 0.4618055555555556 0.359375 0.4427083333333333 0.3372395833333333 0.4201388888888889 0.3203125 0.4201388888888889 0.3033854166666667 0.4305555555555556 0.2838541666666667 0.4270833333333333 0.2708333333333333 0.4392361111111111 0.2526041666666667 0.4357638888888889 0.24088541666666666 0.4444444444444444 0.23046875 0.453125 0.22786458333333334 0.4600694444444444 0.23307291666666666 0.4704861111111111 0.23307291666666666 0.4809027777777778 0.23567708333333334 0.5 0.22916666666666666 0.5243055555555556 0.2265625