0 0.5576171875 0.18359375 0.568359375 0.1875 0.578125 0.19661458333333334 0.5966796875 0.22265625 0.6064453125 0.24609375 0.6083984375 0.2591145833333333 0.607421875 0.28125 0.6025390625 0.2890625 0.591796875 0.296875 0.58203125 0.29296875 0.5703125 0.2799479166666667 0.5537109375 0.28125 0.54296875 0.2760416666666667 0.5205078125 0.2721354166666667 0.515625 0.2669270833333333 0.5283203125 0.23307291666666666 0.5302734375 0.20833333333333334 0.5341796875 0.18880208333333334 0.5380859375 0.18489583333333334 0.556640625 0.18359375
0 0.662109375 0.4778645833333333 0.6806640625 0.4817708333333333 0.701171875 0.4934895833333333 0.7138671875 0.49609375 0.728515625 0.5052083333333334 0.744140625 0.5091145833333334 0.7880859375 0.5651041666666666 0.7939453125 0.58203125 0.7841796875 0.5846354166666666 0.7890625 0.58984375 0.796875 0.5872395833333334 0.7998046875 0.5911458333333334 0.806640625 0.609375 0.806640625 0.6171875 0.810546875 0.6223958333333334 0.8232421875 0.6549479166666666 0.8330078125 0.7057291666666666 0.8310546875 0.7369791666666666 0.828125 0.7473958333333334 0.8056640625 0.78515625 0.798828125 0.7890625 0.7724609375 0.8177083333333334 0.7587890625 0.82421875 0.7177734375 0.8216145833333334 0.697265625 0.8138020833333334 0.6806640625 0.8138020833333334 0.6513671875 0.8033854166666666 0.650390625 0.7799479166666666 0.625 0.7434895833333334 0.6064453125 0.6940104166666666 0.6005859375 0.68359375 0.5986328125 0.66015625 0.587890625 0.6458333333333334 0.583984375 0.6354166666666666 0.58203125 0.6067708333333334 0.58203125 0.59375 0.583984375 0.5885416666666666 0.62109375 0.55859375 0.6298828125 0.5416666666666666 0.640625 0.52734375 0.65234375 0.4973958333333333 0.6552734375 0.4791666666666667 0.6611328125 0.4778645833333333
0 0.4140625 0.2604166666666667 0.41796875 0.265625 0.4189453125 0.2721354166666667 0.4248046875 0.27734375 0.4658203125 0.2825520833333333 0.462890625 0.2981770833333333 0.4462890625 0.32421875 0.4267578125 0.34765625 0.4150390625 0.3815104166666667 0.412109375 0.3984375 0.4140625 0.4622395833333333 0.4091796875 0.48046875 0.412109375 0.4947916666666667 0.4208984375 0.50390625 0.4189453125 0.5078125 0.4150390625 0.5052083333333334 0.4111328125 0.5078125 0.400390625 0.4908854166666667 0.38671875 0.4361979166666667 0.369140625 0.3984375 0.3623046875 0.3932291666666667 0.3505859375 0.3776041666666667 0.337890625 0.3684895833333333 0.3271484375 0.35546875 0.326171875 0.3515625 0.3271484375 0.3359375 0.3349609375 0.32421875 0.3408203125 0.3190104166666667 0.3466796875 0.3229166666666667 0.349609375 0.3216145833333333 0.3583984375 0.296875 0.3564453125 0.28515625 0.36328125 0.2760416666666667 0.375 0.26953125 0.3935546875 0.2682291666666667 0.4072265625 0.2591145833333333 0.4130859375 0.2604166666666667
0 0.4326171875 0.53515625 0.439453125 0.55078125 0.44140625 0.5638020833333334 0.4482421875 0.57421875 0.4560546875 0.5807291666666666 0.5 0.5872395833333334 0.5048828125 0.5885416666666666 0.51171875 0.5950520833333334 0.5283203125 0.6315104166666666 0.5361328125 0.66796875 0.5380859375 0.6927083333333334 0.5380859375 0.73046875 0.5341796875 0.75390625 0.5244140625 0.78125 0.5107421875 0.8072916666666666 0.5 0.8203125 0.48046875 0.8346354166666666 0.47265625 0.8385416666666666 0.451171875 0.8424479166666666 0.4287109375 0.8424479166666666 0.4033203125 0.8359375 0.3662109375 0.8033854166666666 0.3515625 0.7825520833333334 0.337890625 0.7513020833333334 0.3310546875 0.7265625 0.328125 0.703125 0.330078125 0.6588541666666666 0.3369140625 0.6276041666666666 0.3447265625 0.6067708333333334 0.3583984375 0.5807291666666666 0.373046875 0.5598958333333334 0.3974609375 0.5390625 0.4091796875 0.53515625 0.431640625 0.53515625
0 0.30859375 0.3502604166666667 0.3232421875 0.3580729166666667 0.3466796875 0.3802083333333333 0.3740234375 0.41796875 0.38671875 0.4453125 0.3974609375 0.5026041666666666 0.3916015625 0.53515625 0.373046875 0.5533854166666666 0.36328125 0.56640625 0.3349609375 0.6171875 0.328125 0.62109375 0.328125 0.6354166666666666 0.3203125 0.640625 0.3017578125 0.6458333333333334 0.29296875 0.6419270833333334 0.287109375 0.6458333333333334 0.25 0.6419270833333334 0.234375 0.6328125 0.2109375 0.6263020833333334 0.19921875 0.6171875 0.19921875 0.59765625 0.1845703125 0.5690104166666666 0.1748046875 0.5390625 0.1728515625 0.5260416666666666 0.171875 0.484375 0.17578125 0.4557291666666667 0.1806640625 0.4401041666666667 0.1943359375 0.4114583333333333 0.212890625 0.3802083333333333 0.2373046875 0.3619791666666667 0.259765625 0.3515625 0.3076171875 0.3502604166666667
0 0.689453125 0.8216145833333334 0.6982421875 0.82421875 0.7060546875 0.8359375 0.7119140625 0.8385416666666666 0.7265625 0.8385416666666666 0.7890625 0.8515625 0.8203125 0.8619791666666666 0.8349609375 0.8723958333333334 0.8427734375 0.8828125 0.8525390625 0.9075520833333334 0.865234375 0.9752604166666666 0.865234375 0.98828125 0.86328125 0.9934895833333334 0.8544921875 0.9986979166666666 0.794921875 0.9986979166666666 0.79296875 0.99609375 0.7900390625 0.9986979166666666 0.7802734375 0.99609375 0.7724609375 0.99609375 0.76953125 0.9986979166666666 0.7099609375 0.9986979166666666 0.7080078125 0.9947916666666666 0.708984375 0.9713541666666666 0.703125 0.9557291666666666 0.69921875 0.92578125 0.68359375 0.8736979166666666 0.68359375 0.8489583333333334 0.685546875 0.84375 0.6845703125 0.8229166666666666 0.6884765625 0.8229166666666666
0 0.318359375 0.032552083333333336 0.3466796875 0.048177083333333336 0.376953125 0.05859375 0.388671875 0.06770833333333333 0.3935546875 0.07552083333333333 0.3974609375 0.09114583333333333 0.40234375 0.12760416666666666 0.3916015625 0.15625 0.390625 0.17447916666666666 0.38671875 0.19140625 0.3857421875 0.23307291666666666 0.3798828125 0.25390625 0.3701171875 0.265625 0.3583984375 0.2734375 0.3486328125 0.2877604166666667 0.326171875 0.2981770833333333 0.314453125 0.2994791666666667 0.306640625 0.296875 0.3037109375 0.29296875 0.3037109375 0.2838541666666667 0.310546875 0.2721354166666667 0.310546875 0.26171875 0.3056640625 0.23307291666666666 0.30078125 0.22135416666666666 0.2939453125 0.21223958333333334 0.283203125 0.203125 0.2646484375 0.19270833333333334 0.2509765625 0.19140625 0.23046875 0.19921875 0.2236328125 0.19921875 0.2158203125 0.1953125 0.2080078125 0.18359375 0.2080078125 0.16015625 0.21484375 0.1015625 0.2275390625 0.08203125 0.2353515625 0.06380208333333333 0.24609375 0.049479166666666664 0.2587890625 0.0390625 0.2685546875 0.03515625 0.3173828125 0.032552083333333336
0 0.2724609375 0.20182291666666666 0.2958984375 0.2265625 0.30078125 0.23567708333333334 0.30078125 0.24609375 0.302734375 0.2513020833333333 0.2919921875 0.2708333333333333 0.2919921875 0.2786458333333333 0.296875 0.2916666666666667 0.2978515625 0.3046875 0.3017578125 0.3190104166666667 0.3046875 0.3372395833333333 0.3037109375 0.3450520833333333 0.275390625 0.3450520833333333 0.2548828125 0.3489583333333333 0.2392578125 0.35546875 0.224609375 0.3684895833333333 0.2119140625 0.375 0.17578125 0.4388020833333333 0.16796875 0.4609375 0.142578125 0.4817708333333333 0.1337890625 0.4817708333333333 0.1220703125 0.4765625 0.1181640625 0.47265625 0.115234375 0.4596354166666667 0.115234375 0.42578125 0.1181640625 0.4075520833333333 0.1181640625 0.3854166666666667 0.1123046875 0.3489583333333333 0.111328125 0.32421875 0.1171875 0.2747395833333333 0.125 0.24479166666666666 0.1435546875 0.21744791666666666 0.166015625 0.20442708333333334 0.18359375 0.203125 0.2275390625 0.20703125 0.240234375 0.20442708333333334 0.2490234375 0.19921875 0.263671875 0.19921875 0.271484375 0.20182291666666666
0 0.54296875 0.2799479166666667 0.55859375 0.2877604166666667 0.5673828125 0.28515625 0.5712890625 0.2864583333333333 0.5732421875 0.2916666666666667 0.583984375 0.2994791666666667 0.5908203125 0.3111979166666667 0.603515625 0.3216145833333333 0.6142578125 0.3463541666666667 0.6298828125 0.3645833333333333 0.642578125 0.3958333333333333 0.6435546875 0.4114583333333333 0.6455078125 0.4153645833333333 0.6435546875 0.42578125 0.6455078125 0.4453125 0.6513671875 0.4518229166666667 0.6513671875 0.4817708333333333 0.6484375 0.49609375 0.6416015625 0.5104166666666666 0.640625 0.5182291666666666 0.62109375 0.5520833333333334 0.6123046875 0.5625 0.5927734375 0.578125 0.5791015625 0.5846354166666666 0.5556640625 0.58984375 0.5390625 0.58984375 0.5078125 0.5846354166666666 0.47265625 0.5755208333333334 0.462890625 0.5755208333333334 0.451171875 0.5703125 0.4453125 0.5625 0.43359375 0.515625 0.42578125 0.49609375 0.4208984375 0.4895833333333333 0.41796875 0.4908854166666667 0.4189453125 0.4869791666666667 0.4169921875 0.4830729166666667 0.4189453125 0.4752604166666667 0.4169921875 0.4713541666666667 0.4140625 0.4283854166666667 0.4140625 0.41015625 0.4169921875 0.3971354166666667 0.4169921875 0.38671875 0.427734375 0.3515625 0.4638671875 0.3072916666666667 0.4716796875 0.2916666666666667 0.4990234375 0.2786458333333333 0.5234375 0.2760416666666667 0.5419921875 0.2799479166666667
0 0.4482421875 0.07942708333333333 0.4658203125 0.07942708333333333 0.46875 0.08203125 0.484375 0.08333333333333333 0.5087890625 0.1015625 0.525390625 0.12760416666666666 0.5322265625 0.15494791666666666 0.533203125 0.17708333333333334 0.52734375 0.22526041666666666 0.51953125 0.24869791666666666 0.5087890625 0.26171875 0.4765625 0.26953125 0.4609375 0.2760416666666667 0.4345703125 0.2734375 0.4248046875 0.2682291666666667 0.400390625 0.23177083333333334 0.3916015625 0.20442708333333334 0.3916015625 0.18229166666666666 0.3955078125 0.16796875 0.3955078125 0.15625 0.3994140625 0.14453125 0.4033203125 0.13932291666666666 0.412109375 0.11197916666666667 0.4189453125 0.09895833333333333 0.419921875 0.09114583333333333 0.423828125 0.0859375 0.447265625 0.07942708333333333
0 0.431640625 0.06770833333333333 0.439453125 0.06901041666666667 0.4453125 0.07421875 0.45703125 0.07421875 0.470703125 0.06901041666666667 0.484375 0.06770833333333333 0.490234375 0.07291666666666667 0.4912109375 0.08463541666666667 0.48046875 0.08203125 0.4482421875 0.08203125 0.4287109375 0.0859375 0.421875 0.09244791666666667 0.4072265625 0.12109375 0.404296875 0.11979166666666667 0.400390625 0.10546875 0.4013671875 0.08463541666666667 0.4140625 0.07291666666666667 0.4306640625 0.06770833333333333
0 0.6298828125 0.29296875 0.6435546875 0.2994791666666667 0.65234375 0.3098958333333333 0.6689453125 0.3203125 0.685546875 0.33984375 0.693359375 0.3567708333333333 0.69921875 0.390625 0.6923828125 0.4205729166666667 0.6826171875 0.4427083333333333 0.673828125 0.4544270833333333 0.6689453125 0.45703125 0.658203125 0.45703125 0.654296875 0.4466145833333333 0.6572265625 0.4283854166666667 0.6640625 0.41796875 0.6640625 0.4114583333333333 0.6669921875 0.41015625 0.669921875 0.4036458333333333 0.6689453125 0.3828125 0.6640625 0.3802083333333333 0.662109375 0.3828125 0.6435546875 0.3854166666666667 0.63671875 0.375 0.630859375 0.3580729166666667 0.6181640625 0.3463541666666667 0.6083984375 0.3229166666666667 0.59375 0.3059895833333333 0.5947265625 0.2981770833333333 0.60546875 0.2890625 0.62890625 0.29296875