0 0.5590277777777778 0.4205729166666667 0.6180555555555556 0.4361979166666667 0.6336805555555556 0.4440104166666667 0.6510416666666666 0.4596354166666667 0.6579861111111112 0.4765625 0.6579861111111112 0.4947916666666667 0.640625 0.5208333333333334 0.6336805555555556 0.5260416666666666 0.625 0.5286458333333334 0.6041666666666666 0.51953125 0.5659722222222222 0.5104166666666666 0.4809027777777778 0.5091145833333334 0.4791666666666667 0.5065104166666666 0.4774305555555556 0.4856770833333333 0.4826388888888889 0.4700520833333333 0.4913194444444444 0.4583333333333333 0.5052083333333334 0.4479166666666667 0.5243055555555556 0.4388020833333333 0.5434027777777778 0.4231770833333333 0.5572916666666666 0.4205729166666667
0 0.7586805555555556 0.5455729166666666 0.796875 0.5572916666666666 0.8229166666666666 0.5716145833333334 0.8368055555555556 0.6002604166666666 0.8385416666666666 0.6158854166666666 0.8506944444444444 0.6263020833333334 0.8489583333333334 0.6328125 0.8350694444444444 0.64453125 0.8211805555555556 0.6458333333333334 0.8090277777777778 0.6510416666666666 0.7777777777777778 0.6510416666666666 0.7621527777777778 0.64453125 0.7430555555555556 0.6471354166666666 0.7291666666666666 0.6432291666666666 0.7065972222222222 0.6328125 0.6909722222222222 0.6328125 0.6840277777777778 0.6276041666666666 0.6788194444444444 0.59765625 0.7048611111111112 0.5559895833333334 0.7170138888888888 0.546875 0.7395833333333334 0.5442708333333334 0.7569444444444444 0.5455729166666666
0 0.6510416666666666 0.6653645833333334 0.671875 0.6705729166666666 0.6805555555555556 0.6692708333333334 0.6927083333333334 0.6796875 0.7135416666666666 0.6861979166666666 0.7465277777777778 0.6888020833333334 0.7673611111111112 0.6940104166666666 0.7934027777777778 0.7044270833333334 0.7986111111111112 0.7044270833333334 0.8020833333333334 0.7057291666666666 0.8020833333333334 0.7096354166666666 0.8194444444444444 0.72265625 0.8350694444444444 0.7643229166666666 0.8368055555555556 0.78515625 0.828125 0.828125 0.8177083333333334 0.8463541666666666 0.8107638888888888 0.8658854166666666 0.8177083333333334 0.8723958333333334 0.8263888888888888 0.8763020833333334 0.8298611111111112 0.8893229166666666 0.8229166666666666 0.9036458333333334 0.8020833333333334 0.91796875 0.7847222222222222 0.9166666666666666 0.7291666666666666 0.8971354166666666 0.6736111111111112 0.88671875 0.6493055555555556 0.8776041666666666 0.6180555555555556 0.86328125 0.5885416666666666 0.83984375 0.5746527777777778 0.8229166666666666 0.5625 0.7955729166666666 0.5625 0.7721354166666666 0.5694444444444444 0.7565104166666666 0.5885416666666666 0.7369791666666666 0.59375 0.7096354166666666 0.5920138888888888 0.6953125 0.59375 0.6901041666666666 0.6076388888888888 0.6783854166666666 0.6319444444444444 0.6653645833333334 0.6354166666666666 0.6640625 0.6493055555555556 0.6653645833333334
0 0.4600694444444444 0.7486979166666666 0.4878472222222222 0.7578125 0.5225694444444444 0.7825520833333334 0.5381944444444444 0.8020833333333334 0.5503472222222222 0.8346354166666666 0.5503472222222222 0.8580729166666666 0.5434027777777778 0.88671875 0.546875 0.8893229166666666 0.5555555555555556 0.88671875 0.546875 0.8971354166666666 0.5347222222222222 0.9010416666666666 0.5243055555555556 0.9114583333333334 0.5138888888888888 0.9140625 0.4982638888888889 0.92578125 0.4826388888888889 0.93359375 0.4513888888888889 0.9427083333333334 0.4149305555555556 0.9453125 0.3802083333333333 0.9427083333333334 0.3559027777777778 0.9361979166666666 0.3368055555555556 0.9283854166666666 0.3194444444444444 0.9153645833333334 0.3072916666666667 0.9036458333333334 0.2881944444444444 0.8736979166666666 0.2829861111111111 0.859375 0.2829861111111111 0.8450520833333334 0.2881944444444444 0.8294270833333334 0.3038194444444444 0.8046875 0.3055555555555556 0.7981770833333334 0.3125 0.79296875 0.3177083333333333 0.78515625 0.3420138888888889 0.7682291666666666 0.3402777777777778 0.7513020833333334 0.3489583333333333 0.7513020833333334 0.359375 0.7591145833333334 0.3663194444444444 0.7591145833333334 0.3767361111111111 0.7513020833333334 0.3802083333333333 0.7526041666666666 0.3836805555555556 0.75 0.4045138888888889 0.7473958333333334 0.4409722222222222 0.74609375 0.4583333333333333 0.7486979166666666
0 0 0.7330729166666666 0.03819444444444445 0.7369791666666666 0.05381944444444445 0.7408854166666666 0.078125 0.7513020833333334 0.10243055555555555 0.7747395833333334 0.11805555555555555 0.7981770833333334 0.125 0.8255208333333334 0.125 0.8463541666666666 0.11805555555555555 0.8671875 0.11284722222222222 0.875 0.09895833333333333 0.8854166666666666 0.08506944444444445 0.90234375 0.078125 0.9075520833333334 0.059027777777777776 0.9153645833333334 0.034722222222222224 0.9205729166666666 0.024305555555555556 0.92578125 0 0.9283854166666666 0 0.734375
0 0.2552083333333333 0.6783854166666666 0.2864583333333333 0.6888020833333334 0.3072916666666667 0.703125 0.3211805555555556 0.72265625 0.328125 0.7408854166666666 0.3125 0.7604166666666666 0.3038194444444444 0.765625 0.296875 0.7669270833333334 0.2899305555555556 0.7734375 0.2829861111111111 0.78515625 0.2760416666666667 0.8059895833333334 0.265625 0.8216145833333334 0.265625 0.8307291666666666 0.2604166666666667 0.8346354166666666 0.24305555555555555 0.8385416666666666 0.2152777777777778 0.8385416666666666 0.1996527777777778 0.8346354166666666 0.17708333333333334 0.8255208333333334 0.16666666666666666 0.8255208333333334 0.16145833333333334 0.8203125 0.1597222222222222 0.8072916666666666 0.1527777777777778 0.7955729166666666 0.13020833333333334 0.7747395833333334 0.13020833333333334 0.7630208333333334 0.15104166666666666 0.7278645833333334 0.18055555555555555 0.6953125 0.19270833333333334 0.6861979166666666 0.22916666666666666 0.6770833333333334 0.2534722222222222 0.6783854166666666
0 0.3940972222222222 0.4856770833333333 0.4027777777777778 0.48828125 0.4131944444444444 0.49609375 0.4253472222222222 0.5 0.4427083333333333 0.51171875 0.4444444444444444 0.515625 0.4392361111111111 0.51953125 0.421875 0.5247395833333334 0.4114583333333333 0.53125 0.4045138888888889 0.54296875 0.3871527777777778 0.5559895833333334 0.3784722222222222 0.5677083333333334 0.3767361111111111 0.5859375 0.3715277777777778 0.6028645833333334 0.3715277777777778 0.6302083333333334 0.3680555555555556 0.6354166666666666 0.359375 0.6328125 0.328125 0.6341145833333334 0.3229166666666667 0.6302083333333334 0.3072916666666667 0.6263020833333334 0.2864583333333333 0.6171875 0.2708333333333333 0.6028645833333334 0.2638888888888889 0.5859375 0.2621527777777778 0.5625 0.2673611111111111 0.5442708333333334 0.2795138888888889 0.5338541666666666 0.2881944444444444 0.515625 0.3072916666666667 0.5013020833333334 0.3229166666666667 0.4947916666666667 0.3350694444444444 0.4869791666666667 0.359375 0.4869791666666667 0.3784722222222222 0.484375 0.3923611111111111 0.4856770833333333
0 0.24479166666666666 0.4583333333333333 0.2899305555555556 0.4700520833333333 0.3125 0.4895833333333333 0.3125 0.4947916666666667 0.2829861111111111 0.5169270833333334 0.2777777777777778 0.5286458333333334 0.2690972222222222 0.53515625 0.2638888888888889 0.54296875 0.2586805555555556 0.5611979166666666 0.2621527777777778 0.59375 0.2309027777777778 0.6067708333333334 0.2048611111111111 0.6119791666666666 0.1892361111111111 0.6119791666666666 0.16145833333333334 0.6067708333333334 0.1440972222222222 0.5963541666666666 0.1388888888888889 0.5872395833333334 0.1371527777777778 0.5755208333333334 0.13020833333333334 0.5598958333333334 0.13020833333333334 0.5377604166666666 0.1371527777777778 0.51953125 0.1423611111111111 0.5169270833333334 0.14930555555555555 0.5169270833333334 0.1753472222222222 0.49609375 0.18229166666666666 0.4947916666666667 0.1892361111111111 0.4973958333333333 0.19270833333333334 0.4947916666666667 0.19618055555555555 0.484375 0.20833333333333334 0.47265625 0.21180555555555555 0.4661458333333333 0.22916666666666666 0.4596354166666667 0.24305555555555555 0.4583333333333333
0 0.1753472222222222 0.6119791666666666 0.19444444444444445 0.6184895833333334 0.2204861111111111 0.6354166666666666 0.22743055555555555 0.6471354166666666 0.22916666666666666 0.6705729166666666 0.22569444444444445 0.6744791666666666 0.2152777777777778 0.6783854166666666 0.19791666666666666 0.6809895833333334 0.1875 0.6861979166666666 0.14930555555555555 0.7239583333333334 0.13541666666666666 0.7239583333333334 0.10416666666666667 0.7135416666666666 0.0763888888888889 0.6953125 0.06076388888888889 0.6901041666666666 0.057291666666666664 0.6861979166666666 0.057291666666666664 0.6796875 0.0642361111111111 0.6770833333333334 0.06944444444444445 0.6705729166666666 0.078125 0.6419270833333334 0.08506944444444445 0.6302083333333334 0.09722222222222222 0.6184895833333334 0.13020833333333334 0.609375 0.1736111111111111 0.6119791666666666
0 0.5486111111111112 0.5143229166666666 0.5746527777777778 0.515625 0.5989583333333334 0.5208333333333334 0.6267361111111112 0.53515625 0.6475694444444444 0.55078125 0.6614583333333334 0.5690104166666666 0.671875 0.58984375 0.6753472222222222 0.6002604166666666 0.6788194444444444 0.6315104166666666 0.6753472222222222 0.6393229166666666 0.6753472222222222 0.6575520833333334 0.671875 0.66015625 0.6631944444444444 0.6614583333333334 0.6545138888888888 0.6588541666666666 0.6371527777777778 0.6575520833333334 0.6128472222222222 0.671875 0.5902777777777778 0.6809895833333334 0.5850694444444444 0.69140625 0.5885416666666666 0.7096354166666666 0.5833333333333334 0.7213541666666666 0.5746527777777778 0.7291666666666666 0.5746527777777778 0.7369791666666666 0.5711805555555556 0.7447916666666666 0.5625 0.75 0.546875 0.75 0.53125 0.7526041666666666 0.4913194444444444 0.75 0.4565972222222222 0.7408854166666666 0.4375 0.7395833333333334 0.4131944444444444 0.7265625 0.3923611111111111 0.7083333333333334 0.3836805555555556 0.6953125 0.3854166666666667 0.6848958333333334 0.375 0.65625 0.3732638888888889 0.6432291666666666 0.3767361111111111 0.6276041666666666 0.3767361111111111 0.6002604166666666 0.3802083333333333 0.5846354166666666 0.3888888888888889 0.56640625 0.3888888888888889 0.5598958333333334 0.4253472222222222 0.5299479166666666 0.4565972222222222 0.5182291666666666 0.4791666666666667 0.5130208333333334 0.5295138888888888 0.51171875 0.546875 0.5143229166666666
0 0.4184027777777778 0.34375 0.4461805555555556 0.3619791666666667 0.484375 0.3776041666666667 0.4982638888888889 0.3893229166666667 0.5069444444444444 0.40625 0.5052083333333334 0.42578125 0.4895833333333333 0.44921875 0.4704861111111111 0.4635416666666667 0.4565972222222222 0.4700520833333333 0.4409722222222222 0.4739583333333333 0.40625 0.4674479166666667 0.3819444444444444 0.45703125 0.3680555555555556 0.4401041666666667 0.3663194444444444 0.4270833333333333 0.3628472222222222 0.4205729166666667 0.3628472222222222 0.4036458333333333 0.3663194444444444 0.3958333333333333 0.3819444444444444 0.3763020833333333 0.3940972222222222 0.3658854166666667 0.40625 0.3450520833333333 0.4166666666666667 0.34375
0 0.1996527777777778 0.8932291666666666 0.2152777777777778 0.8971354166666666 0.22916666666666666 0.9036458333333334 0.2534722222222222 0.9231770833333334 0.2638888888888889 0.9375 0.2743055555555556 0.9674479166666666 0.2899305555555556 0.9947916666666666 0.2881944444444444 0.9986979166666666 0.015625 0.9986979166666666 0.017361111111111112 0.9934895833333334 0.0625 0.9583333333333334 0.07465277777777778 0.9427083333333334 0.12152777777777778 0.9114583333333334 0.1371527777777778 0.9036458333333334 0.16493055555555555 0.89453125 0.19791666666666666 0.8932291666666666