0 0.9288194444444444 0.24088541666666666 0.9409722222222222 0.2421875 0.953125 0.24609375 0.9618055555555556 0.2526041666666667 0.9982638888888888 0.2708333333333333 0.9982638888888888 0.3619791666666667 0.9826388888888888 0.3658854166666667 0.9652777777777778 0.3619791666666667 0.9149305555555556 0.3645833333333333 0.8767361111111112 0.3723958333333333 0.8680555555555556 0.3763020833333333 0.8559027777777778 0.375 0.8385416666666666 0.3619791666666667 0.828125 0.3424479166666667 0.8263888888888888 0.3359375 0.828125 0.3255208333333333 0.8177083333333334 0.31640625 0.8211805555555556 0.3033854166666667 0.8298611111111112 0.2890625 0.8506944444444444 0.2708333333333333 0.8958333333333334 0.2565104166666667 0.9166666666666666 0.24348958333333334 0.9270833333333334 0.24088541666666666
0 0.4236111111111111 0.4166666666666667 0.4548611111111111 0.4244791666666667 0.46875 0.4309895833333333 0.484375 0.4440104166666667 0.4895833333333333 0.4518229166666667 0.4930555555555556 0.46484375 0.4930555555555556 0.5104166666666666 0.484375 0.5286458333333334 0.4739583333333333 0.5390625 0.4618055555555556 0.546875 0.4253472222222222 0.55859375 0.3993055555555556 0.55859375 0.3680555555555556 0.55078125 0.3246527777777778 0.5260416666666666 0.3055555555555556 0.5091145833333334 0.3038194444444444 0.5052083333333334 0.3038194444444444 0.48828125 0.3125 0.4622395833333333 0.3298611111111111 0.4401041666666667 0.3559027777777778 0.4231770833333333 0.3732638888888889 0.4166666666666667 0.3802083333333333 0.4153645833333333 0.421875 0.4166666666666667
0 0.84375 0.5911458333333334 0.8524305555555556 0.6015625 0.859375 0.60546875 0.9114583333333334 0.6106770833333334 0.9253472222222222 0.6158854166666666 0.9479166666666666 0.62890625 0.9635416666666666 0.6432291666666666 0.9756944444444444 0.66015625 0.9826388888888888 0.6848958333333334 0.9809027777777778 0.6953125 0.96875 0.72265625 0.9583333333333334 0.7408854166666666 0.9496527777777778 0.7473958333333334 0.9184027777777778 0.7643229166666666 0.9045138888888888 0.765625 0.8802083333333334 0.7760416666666666 0.8472222222222222 0.7799479166666666 0.8107638888888888 0.7760416666666666 0.78125 0.7643229166666666 0.765625 0.7526041666666666 0.7430555555555556 0.7252604166666666 0.7395833333333334 0.7174479166666666 0.7395833333333334 0.7057291666666666 0.7361111111111112 0.6940104166666666 0.7326388888888888 0.69140625 0.7222222222222222 0.69140625 0.7170138888888888 0.6888020833333334 0.7309027777777778 0.6653645833333334 0.7291666666666666 0.6471354166666666 0.7256944444444444 0.640625 0.7274305555555556 0.6341145833333334 0.734375 0.62890625 0.7795138888888888 0.6197916666666666 0.7881944444444444 0.6145833333333334 0.8038194444444444 0.6106770833333334 0.8194444444444444 0.6015625 0.8298611111111112 0.5924479166666666 0.8420138888888888 0.5911458333333334
0 0.9826388888888888 0.6373697916666666 0.034722222222222224 0.09244791666666667
0 0.2552083333333333 0.5794270833333334 0.2604166666666667 0.5794270833333334 0.2673611111111111 0.5859375 0.2864583333333333 0.5872395833333334 0.3125 0.5989583333333334 0.3385416666666667 0.5989583333333334 0.3715277777777778 0.6028645833333334 0.4114583333333333 0.6171875 0.4288194444444444 0.6263020833333334 0.4496527777777778 0.6432291666666666 0.4635416666666667 0.66015625 0.4756944444444444 0.6875 0.4756944444444444 0.7161458333333334 0.4722222222222222 0.7278645833333334 0.4652777777777778 0.7434895833333334 0.4496527777777778 0.7630208333333334 0.4131944444444444 0.7903645833333334 0.3975694444444444 0.7981770833333334 0.3697916666666667 0.8072916666666666 0.3576388888888889 0.81640625 0.3402777777777778 0.8151041666666666 0.3211805555555556 0.8190104166666666 0.3003472222222222 0.828125 0.2795138888888889 0.828125 0.2517361111111111 0.8203125 0.23958333333333334 0.8190104166666666 0.2361111111111111 0.81640625 0.1909722222222222 0.8046875 0.16145833333333334 0.7890625 0.1423611111111111 0.7747395833333334 0.13541666666666666 0.7669270833333334 0.1284722222222222 0.75390625 0.1232638888888889 0.7356770833333334 0.1232638888888889 0.7174479166666666 0.1371527777777778 0.69921875 0.1440972222222222 0.6822916666666666 0.1527777777777778 0.6744791666666666 0.15625 0.65625 0.1597222222222222 0.6510416666666666 0.18229166666666666 0.6354166666666666 0.18229166666666666 0.62890625 0.19270833333333334 0.625 0.2065972222222222 0.61328125 0.22395833333333334 0.6119791666666666 0.2378472222222222 0.6067708333333334 0.2482638888888889 0.60546875 0.2552083333333333 0.6002604166666666 0.2534722222222222 0.5885416666666666 0.2552083333333333 0.5807291666666666
0 0.9600694444444444 0.3658854166666667 0.9982638888888888 0.3736979166666667 0.9982638888888888 0.5859375 0.9756944444444444 0.5950520833333334 0.9288194444444444 0.6041666666666666 0.8732638888888888 0.6015625 0.859375 0.5963541666666666 0.8454861111111112 0.5872395833333334 0.8315972222222222 0.5859375 0.8159722222222222 0.578125 0.7986111111111112 0.5638020833333334 0.7881944444444444 0.5481770833333334 0.7829861111111112 0.5364583333333334 0.7847222222222222 0.5104166666666666 0.7899305555555556 0.4986979166666667 0.7916666666666666 0.4830729166666667 0.7899305555555556 0.47265625 0.796875 0.4609375 0.7986111111111112 0.4479166666666667 0.828125 0.4166666666666667 0.8333333333333334 0.40625 0.8524305555555556 0.3893229166666667 0.8576388888888888 0.3854166666666667 0.8836805555555556 0.375 0.9114583333333334 0.3684895833333333 0.9322916666666666 0.3658854166666667 0.9583333333333334 0.3658854166666667
0 0.4635416666666667 0.20703125 0.46875 0.21223958333333334 0.4826388888888889 0.20833333333333334 0.4965277777777778 0.20833333333333334 0.5138888888888888 0.21354166666666666 0.5555555555555556 0.21614583333333334 0.5642361111111112 0.22786458333333334 0.5868055555555556 0.24348958333333334 0.59375 0.2513020833333333 0.6111111111111112 0.2760416666666667 0.6163194444444444 0.2916666666666667 0.6163194444444444 0.3203125 0.609375 0.3463541666666667 0.5815972222222222 0.37890625 0.5607638888888888 0.3932291666666667 0.5381944444444444 0.4049479166666667 0.5034722222222222 0.4153645833333333 0.4670138888888889 0.421875 0.4565972222222222 0.421875 0.4340277777777778 0.4153645833333333 0.3993055555555556 0.4114583333333333 0.3871527777777778 0.4075520833333333 0.3784722222222222 0.4088541666666667 0.3732638888888889 0.4049479166666667 0.3732638888888889 0.3971354166666667 0.3645833333333333 0.3841145833333333 0.3559027777777778 0.3763020833333333 0.3524305555555556 0.375 0.3315972222222222 0.3776041666666667 0.3246527777777778 0.375 0.3246527777777778 0.3528645833333333 0.3298611111111111 0.34765625 0.3350694444444444 0.34765625 0.3385416666666667 0.3450520833333333 0.328125 0.3177083333333333 0.3298611111111111 0.2955729166666667 0.3506944444444444 0.2825520833333333 0.3680555555555556 0.265625 0.390625 0.2513020833333333 0.4184027777777778 0.23958333333333334 0.4618055555555556 0.20703125
0 0.6145833333333334 0.5208333333333334 0.6493055555555556 0.5286458333333334 0.6788194444444444 0.54296875 0.7065972222222222 0.56640625 0.7152777777777778 0.5794270833333334 0.7239583333333334 0.6015625 0.7239583333333334 0.6171875 0.7204861111111112 0.6328125 0.7013888888888888 0.6614583333333334 0.6666666666666666 0.6861979166666666 0.6458333333333334 0.6927083333333334 0.625 0.6953125 0.59375 0.6940104166666666 0.5607638888888888 0.6888020833333334 0.5520833333333334 0.6848958333333334 0.5434027777777778 0.6783854166666666 0.53125 0.6731770833333334 0.4982638888888889 0.6484375 0.4861111111111111 0.6328125 0.4826388888888889 0.62109375 0.484375 0.5833333333333334 0.4947916666666667 0.5651041666666666 0.5069444444444444 0.5520833333333334 0.53125 0.53515625 0.5520833333333334 0.5260416666666666 0.5711805555555556 0.5221354166666666 0.6128472222222222 0.5208333333333334
0 0.6145833333333334 0.7552083333333334 0.6684027777777778 0.765625 0.6961805555555556 0.7799479166666666 0.7065972222222222 0.7877604166666666 0.7239583333333334 0.8072916666666666 0.7378472222222222 0.8346354166666666 0.7361111111111112 0.86328125 0.71875 0.9140625 0.703125 0.9296875 0.6805555555555556 0.9466145833333334 0.6631944444444444 0.9544270833333334 0.6354166666666666 0.9609375 0.6006944444444444 0.95703125 0.5642361111111112 0.9427083333333334 0.5486111111111112 0.9322916666666666 0.5260416666666666 0.9140625 0.515625 0.8984375 0.5104166666666666 0.8893229166666666 0.5 0.8541666666666666 0.5034722222222222 0.8216145833333334 0.5086805555555556 0.8098958333333334 0.5277777777777778 0.7838541666666666 0.5503472222222222 0.76953125 0.578125 0.7591145833333334 0.5972222222222222 0.7552083333333334 0.6128472222222222 0.7552083333333334
0 0.65625 0.2903645833333333 0.6822916666666666 0.2955729166666667 0.6927083333333334 0.2955729166666667 0.7013888888888888 0.2903645833333333 0.7083333333333334 0.2903645833333333 0.7135416666666666 0.29296875 0.7309027777777778 0.2903645833333333 0.7395833333333334 0.29296875 0.7586805555555556 0.29296875 0.7829861111111112 0.2981770833333333 0.8055555555555556 0.3138020833333333 0.8072916666666666 0.3268229166666667 0.8194444444444444 0.3372395833333333 0.828125 0.3502604166666667 0.8368055555555556 0.3723958333333333 0.8315972222222222 0.3958333333333333 0.8211805555555556 0.4088541666666667 0.8194444444444444 0.4166666666666667 0.8125 0.4270833333333333 0.7881944444444444 0.4466145833333333 0.7847222222222222 0.4518229166666667 0.7899305555555556 0.4596354166666667 0.7864583333333334 0.46484375 0.7795138888888888 0.4700520833333333 0.7725694444444444 0.4713541666666667 0.765625 0.4700520833333333 0.7586805555555556 0.47265625 0.75 0.47265625 0.7378472222222222 0.4700520833333333 0.734375 0.4674479166666667 0.6822916666666666 0.4674479166666667 0.6631944444444444 0.4609375 0.640625 0.45703125 0.6059027777777778 0.43359375 0.59375 0.4192708333333333 0.5885416666666666 0.4075520833333333 0.5902777777777778 0.3802083333333333 0.6024305555555556 0.3619791666666667 0.6128472222222222 0.3515625 0.6163194444444444 0.3372395833333333 0.6232638888888888 0.3268229166666667 0.6319444444444444 0.3190104166666667 0.6423611111111112 0.3151041666666667 0.6475694444444444 0.30859375 0.6475694444444444 0.3059895833333333 0.6336805555555556 0.29296875 0.6475694444444444 0.2890625 0.6545138888888888 0.2903645833333333
0 0.7864583333333334 0.08984375 0.7899305555555556 0.09765625 0.796875 0.10286458333333333 0.796875 0.1171875 0.8003472222222222 0.12369791666666667 0.8055555555555556 0.12890625 0.8177083333333334 0.1328125 0.8142361111111112 0.14192708333333334 0.8211805555555556 0.15104166666666666 0.8263888888888888 0.1640625 0.8263888888888888 0.19140625 0.8177083333333334 0.20963541666666666 0.8090277777777778 0.22005208333333334 0.7777777777777778 0.24088541666666666 0.7447916666666666 0.2526041666666667 0.6892361111111112 0.2513020833333333 0.6684027777777778 0.24479166666666666 0.6631944444444444 0.24088541666666666 0.6597222222222222 0.23307291666666666 0.6493055555555556 0.22135416666666666 0.6388888888888888 0.1953125 0.6354166666666666 0.16666666666666666 0.6371527777777778 0.15755208333333334 0.6579861111111112 0.12890625 0.6770833333333334 0.1171875 0.6909722222222222 0.11328125 0.703125 0.10677083333333333 0.7239583333333334 0.10416666666666667 0.7447916666666666 0.09375 0.7534722222222222 0.09244791666666667 0.7673611111111112 0.0859375 0.7760416666666666 0.0859375 0.7847222222222222 0.08984375