0 0.53125 0.3111979166666667 0.5503472222222222 0.3190104166666667 0.5607638888888888 0.3268229166666667 0.5729166666666666 0.3424479166666667 0.5729166666666666 0.35546875 0.5694444444444444 0.3619791666666667 0.5555555555555556 0.375 0.5572916666666666 0.3841145833333333 0.5538194444444444 0.4036458333333333 0.5572916666666666 0.42578125 0.5555555555555556 0.4427083333333333 0.5399305555555556 0.4557291666666667 0.5121527777777778 0.46484375 0.484375 0.4635416666666667 0.4652777777777778 0.4557291666666667 0.4444444444444444 0.4401041666666667 0.4288194444444444 0.4166666666666667 0.40625 0.3932291666666667 0.4045138888888889 0.3802083333333333 0.4079861111111111 0.3697916666666667 0.4270833333333333 0.3580729166666667 0.4461805555555556 0.3268229166666667 0.46875 0.3125 0.4878472222222222 0.3072916666666667 0.5138888888888888 0.3072916666666667 0.5295138888888888 0.3111979166666667
0 0.3923611111111111 0.4361979166666667 0.4236111111111111 0.4401041666666667 0.4409722222222222 0.4466145833333333 0.4618055555555556 0.4583333333333333 0.4809027777777778 0.4778645833333333 0.4930555555555556 0.49609375 0.4965277777777778 0.5065104166666666 0.4947916666666667 0.5286458333333334 0.4774305555555556 0.5481770833333334 0.4635416666666667 0.5729166666666666 0.4444444444444444 0.5846354166666666 0.4305555555555556 0.5859375 0.4097222222222222 0.5950520833333334 0.4027777777777778 0.5950520833333334 0.3836805555555556 0.5885416666666666 0.3715277777777778 0.5872395833333334 0.3472222222222222 0.5885416666666666 0.3246527777777778 0.5807291666666666 0.3125 0.5716145833333334 0.2916666666666667 0.5442708333333334 0.2881944444444444 0.5130208333333334 0.2847222222222222 0.5065104166666666 0.2847222222222222 0.4973958333333333 0.2899305555555556 0.484375 0.3038194444444444 0.46875 0.3298611111111111 0.44921875 0.3628472222222222 0.4375 0.390625 0.4361979166666667
0 0.8628472222222222 0.4752604166666667 0.8854166666666666 0.484375 0.9201388888888888 0.4947916666666667 0.953125 0.5143229166666666 0.9704861111111112 0.5286458333333334 0.984375 0.5442708333333334 0.9913194444444444 0.5598958333333334 0.9930555555555556 0.5950520833333334 0.9861111111111112 0.6119791666666666 0.96875 0.6393229166666666 0.9548611111111112 0.65625 0.9270833333333334 0.6783854166666666 0.9079861111111112 0.6888020833333334 0.8767361111111112 0.6979166666666666 0.8506944444444444 0.703125 0.828125 0.7044270833333334 0.8194444444444444 0.7161458333333334 0.8125 0.7200520833333334 0.8038194444444444 0.7200520833333334 0.7847222222222222 0.7018229166666666 0.7847222222222222 0.69921875 0.75 0.6796875 0.7413194444444444 0.6731770833333334 0.7395833333333334 0.6666666666666666 0.7256944444444444 0.6575520833333334 0.71875 0.65625 0.7100694444444444 0.6510416666666666 0.6996527777777778 0.640625 0.6927083333333334 0.6315104166666666 0.6979166666666666 0.6223958333333334 0.6840277777777778 0.6028645833333334 0.6805555555555556 0.59375 0.6822916666666666 0.57421875 0.6927083333333334 0.5533854166666666 0.7048611111111112 0.5377604166666666 0.7413194444444444 0.50390625 0.7708333333333334 0.4856770833333333 0.8090277777777778 0.4752604166666667 0.8211805555555556 0.4752604166666667 0.8263888888888888 0.4778645833333333 0.84375 0.4778645833333333 0.8611111111111112 0.4752604166666667
0 0.3767361111111111 0.59375 0.3871527777777778 0.5950520833333334 0.40625 0.6015625 0.4565972222222222 0.6393229166666666 0.4722222222222222 0.640625 0.4895833333333333 0.6575520833333334 0.4913194444444444 0.6705729166666666 0.4809027777777778 0.6809895833333334 0.4704861111111111 0.6848958333333334 0.4635416666666667 0.6901041666666666 0.4461805555555556 0.7109375 0.4097222222222222 0.734375 0.3958333333333333 0.7421875 0.359375 0.7513020833333334 0.3385416666666667 0.7513020833333334 0.3090277777777778 0.7408854166666666 0.2777777777777778 0.7213541666666666 0.2690972222222222 0.7135416666666666 0.23958333333333334 0.69921875 0.22395833333333334 0.6875 0.2204861111111111 0.6822916666666666 0.2204861111111111 0.6744791666666666 0.2222222222222222 0.6653645833333334 0.2361111111111111 0.6536458333333334 0.2378472222222222 0.6471354166666666 0.24305555555555555 0.6432291666666666 0.2604166666666667 0.6419270833333334 0.265625 0.6393229166666666 0.2916666666666667 0.6106770833333334 0.3055555555555556 0.6002604166666666 0.3246527777777778 0.5911458333333334 0.3402777777777778 0.5911458333333334 0.3506944444444444 0.59375 0.375 0.59375
0 0.7291666666666666 0.703125 0.7534722222222222 0.7096354166666666 0.7795138888888888 0.7278645833333334 0.7986111111111112 0.7369791666666666 0.8003472222222222 0.7447916666666666 0.8142361111111112 0.765625 0.8194444444444444 0.7786458333333334 0.8211805555555556 0.8059895833333334 0.8125 0.83203125 0.7951388888888888 0.8502604166666666 0.7743055555555556 0.8567708333333334 0.7569444444444444 0.8580729166666666 0.7361111111111112 0.8697916666666666 0.7239583333333334 0.8723958333333334 0.7118055555555556 0.87109375 0.7118055555555556 0.859375 0.7083333333333334 0.8567708333333334 0.6961805555555556 0.85546875 0.6909722222222222 0.8515625 0.671875 0.8450520833333334 0.640625 0.8203125 0.6319444444444444 0.80859375 0.625 0.79296875 0.6215277777777778 0.7799479166666666 0.6215277777777778 0.7578125 0.6302083333333334 0.7408854166666666 0.6458333333333334 0.7239583333333334 0.6631944444444444 0.7109375 0.6875 0.703125 0.7274305555555556 0.703125
0 0.765625 0.2903645833333333 0.7899305555555556 0.2994791666666667 0.8125 0.3125 0.8385416666666666 0.33984375 0.8489583333333334 0.3567708333333333 0.8524305555555556 0.3671875 0.8541666666666666 0.37890625 0.8524305555555556 0.4140625 0.8385416666666666 0.4466145833333333 0.8194444444444444 0.4674479166666667 0.8038194444444444 0.46875 0.7725694444444444 0.4791666666666667 0.75 0.4934895833333333 0.7378472222222222 0.4986979166666667 0.7118055555555556 0.5026041666666666 0.7065972222222222 0.5013020833333334 0.6788194444444444 0.5026041666666666 0.6510416666666666 0.4986979166666667 0.6284722222222222 0.4895833333333333 0.6128472222222222 0.4869791666666667 0.5885416666666666 0.4700520833333333 0.5746527777777778 0.4557291666666667 0.5625 0.4322916666666667 0.5590277777777778 0.4140625 0.5625 0.3815104166666667 0.5833333333333334 0.3463541666666667 0.5920138888888888 0.33984375 0.5989583333333334 0.3307291666666667 0.6215277777777778 0.3216145833333333 0.6336805555555556 0.3125 0.6475694444444444 0.3059895833333333 0.6597222222222222 0.2955729166666667 0.7204861111111112 0.2994791666666667 0.7430555555555556 0.2981770833333333 0.7517361111111112 0.29296875 0.7638888888888888 0.2903645833333333
0 0.4184027777777778 0.21744791666666666 0.4322916666666667 0.22265625 0.4600694444444444 0.23958333333333334 0.4774305555555556 0.2760416666666667 0.484375 0.2955729166666667 0.484375 0.3033854166666667 0.4722222222222222 0.3072916666666667 0.4479166666666667 0.3216145833333333 0.4392361111111111 0.3307291666666667 0.4253472222222222 0.3528645833333333 0.4027777777777778 0.3619791666666667 0.3767361111111111 0.3619791666666667 0.3645833333333333 0.359375 0.3420138888888889 0.3502604166666667 0.328125 0.33984375 0.3229166666666667 0.3333333333333333 0.3177083333333333 0.3190104166666667 0.3159722222222222 0.3098958333333333 0.3177083333333333 0.2916666666666667 0.3142361111111111 0.2864583333333333 0.3072916666666667 0.2864583333333333 0.3125 0.2734375 0.2986111111111111 0.25 0.3038194444444444 0.2421875 0.3090277777777778 0.24088541666666666 0.3177083333333333 0.23307291666666666 0.3298611111111111 0.23958333333333334 0.3402777777777778 0.24088541666666666 0.3645833333333333 0.22526041666666666 0.3819444444444444 0.21744791666666666 0.3975694444444444 0.21484375 0.4166666666666667 0.21744791666666666
0 0.3194444444444444 0.34375 0.3350694444444444 0.3502604166666667 0.3663194444444444 0.3671875 0.3784722222222222 0.3776041666666667 0.3819444444444444 0.3776041666666667 0.3836805555555556 0.4244791666666667 0.3784722222222222 0.4322916666666667 0.3472222222222222 0.4375 0.3315972222222222 0.4440104166666667 0.2916666666666667 0.47265625 0.2690972222222222 0.4700520833333333 0.2517361111111111 0.46484375 0.24131944444444445 0.4596354166666667 0.22569444444444445 0.4466145833333333 0.2170138888888889 0.4322916666666667 0.2152777777777778 0.421875 0.2170138888888889 0.3828125 0.2309027777777778 0.36328125 0.25 0.3502604166666667 0.2743055555555556 0.3424479166666667 0.3038194444444444 0.3411458333333333 0.3177083333333333 0.34375
0 0.578125 0.515625 0.5989583333333334 0.5182291666666666 0.609375 0.5221354166666666 0.6336805555555556 0.5260416666666666 0.6388888888888888 0.53515625 0.6631944444444444 0.5598958333333334 0.6736111111111112 0.5807291666666666 0.6736111111111112 0.6106770833333334 0.6770833333333334 0.6263020833333334 0.6753472222222222 0.6458333333333334 0.6788194444444444 0.6497395833333334 0.6788194444444444 0.65625 0.6545138888888888 0.6614583333333334 0.6440972222222222 0.6705729166666666 0.625 0.6796875 0.6024305555555556 0.68359375 0.578125 0.68359375 0.5572916666666666 0.6809895833333334 0.5329861111111112 0.6731770833333334 0.5173611111111112 0.6653645833333334 0.5052083333333334 0.6627604166666666 0.4756944444444444 0.6341145833333334 0.4652777777777778 0.6080729166666666 0.4652777777777778 0.58984375 0.46875 0.5703125 0.484375 0.5455729166666666 0.4913194444444444 0.5390625 0.5052083333333334 0.5286458333333334 0.5243055555555556 0.5234375 0.5381944444444444 0.5169270833333334 0.5763888888888888 0.515625
0 0.5121527777777778 0.72265625 0.53125 0.7317708333333334 0.546875 0.7434895833333334 0.5642361111111112 0.765625 0.5694444444444444 0.7799479166666666 0.5711805555555556 0.81640625 0.5642361111111112 0.8346354166666666 0.5555555555555556 0.84765625 0.5329861111111112 0.8658854166666666 0.5086805555555556 0.8776041666666666 0.4791666666666667 0.8828125 0.4635416666666667 0.8828125 0.4357638888888889 0.8763020833333334 0.4149305555555556 0.8658854166666666 0.3993055555555556 0.8515625 0.3836805555555556 0.8177083333333334 0.3819444444444444 0.80078125 0.3836805555555556 0.7721354166666666 0.3975694444444444 0.7473958333333334 0.4427083333333333 0.7200520833333334 0.4496527777777778 0.7174479166666666 0.4826388888888889 0.7174479166666666 0.4982638888888889 0.71875 0.5104166666666666 0.72265625
0 0.7378472222222222 0 0.7934027777777778 0 0.8107638888888888 0.0234375 0.8107638888888888 0.03125 0.8142361111111112 0.037760416666666664 0.8142361111111112 0.04296875 0.8090277777777778 0.053385416666666664 0.8125 0.061197916666666664 0.8125 0.07161458333333333 0.7986111111111112 0.08854166666666667 0.7916666666666666 0.1015625 0.7725694444444444 0.12239583333333333 0.7326388888888888 0.14322916666666666 0.7361111111111112 0.16015625 0.734375 0.18880208333333334 0.7204861111111112 0.20963541666666666 0.7135416666666666 0.23307291666666666 0.6996527777777778 0.24348958333333334 0.6857638888888888 0.2591145833333333 0.6579861111111112 0.28125 0.6319444444444444 0.2877604166666667 0.6197916666666666 0.2877604166666667 0.5920138888888888 0.2981770833333333 0.5746527777777778 0.3020833333333333 0.5503472222222222 0.3033854166666667 0.53125 0.2994791666666667 0.5138888888888888 0.29296875 0.4809027777777778 0.2643229166666667 0.4722222222222222 0.24479166666666666 0.4739583333333333 0.2109375 0.4878472222222222 0.17838541666666666 0.5069444444444444 0.1484375 0.5277777777777778 0.12630208333333334 0.5503472222222222 0.11067708333333333 0.5694444444444444 0.10416666666666667 0.5850694444444444 0.09635416666666667 0.5885416666666666 0.09244791666666667 0.5954861111111112 0.09244791666666667 0.5972222222222222 0.09114583333333333 0.5954861111111112 0.08984375 0.5850694444444444 0.08854166666666667 0.6111111111111112 0.08723958333333333 0.6145833333333334 0.09244791666666667 0.65625 0.09114583333333333 0.6597222222222222 0.08854166666666667 0.6597222222222222 0.08203125 0.6666666666666666 0.07552083333333333 0.6875 0.018229166666666668 0.6961805555555556 0.016927083333333332 0.7048611111111112 0.022135416666666668 0.7118055555555556 0.022135416666666668 0.71875 0.018229166666666668 0.7239583333333334 0.018229166666666668 0.7326388888888888 0.010416666666666666 0.7326388888888888 0.006510416666666667 0.7378472222222222 0.0013020833333333333