0 0.7314453125 0.5494791666666666 0.748046875 0.5546875 0.7607421875 0.5638020833333334 0.7685546875 0.5651041666666666 0.77734375 0.5807291666666666 0.78515625 0.5872395833333334 0.8154296875 0.6236979166666666 0.8203125 0.640625 0.8193359375 0.6575520833333334 0.82421875 0.6614583333333334 0.8271484375 0.66796875 0.82421875 0.6848958333333334 0.8203125 0.6809895833333334 0.8193359375 0.6744791666666666 0.8134765625 0.6692708333333334 0.80859375 0.6796875 0.8046875 0.703125 0.791015625 0.7278645833333334 0.7744140625 0.74609375 0.759765625 0.7526041666666666 0.7314453125 0.7526041666666666 0.6923828125 0.73828125 0.681640625 0.7265625 0.677734375 0.7135416666666666 0.6630859375 0.6861979166666666 0.6552734375 0.66015625 0.6552734375 0.6302083333333334 0.658203125 0.6119791666666666 0.662109375 0.5989583333333334 0.6708984375 0.58203125 0.68359375 0.56640625 0.6962890625 0.5572916666666666 0.7158203125 0.5494791666666666 0.73046875 0.5494791666666666
0 0.6787109375 0.0234375 0.716796875 0.03515625 0.724609375 0.05859375 0.7265625 0.07942708333333333 0.724609375 0.12369791666666667 0.7138671875 0.15885416666666666 0.7099609375 0.16536458333333334 0.7060546875 0.16536458333333334 0.69921875 0.16015625 0.6884765625 0.16927083333333334 0.67578125 0.16796875 0.66796875 0.1640625 0.625 0.16796875 0.6171875 0.16145833333333334 0.6123046875 0.15364583333333334 0.609375 0.13671875 0.6103515625 0.1015625 0.6142578125 0.07291666666666667 0.6201171875 0.0546875 0.62890625 0.0390625 0.63671875 0.029947916666666668 0.642578125 0.02734375 0.6611328125 0.0234375 0.677734375 0.0234375
0 0.5654296875 0.5611979166666666 0.591796875 0.5690104166666666 0.607421875 0.5794270833333334 0.6201171875 0.59375 0.6298828125 0.6080729166666666 0.634765625 0.6197916666666666 0.6416015625 0.64453125 0.6435546875 0.66015625 0.6435546875 0.6861979166666666 0.6357421875 0.734375 0.62109375 0.7669270833333334 0.6083984375 0.7825520833333334 0.60546875 0.80078125 0.595703125 0.81640625 0.59375 0.828125 0.587890625 0.8372395833333334 0.587890625 0.84375 0.5849609375 0.8489583333333334 0.578125 0.83984375 0.5712890625 0.8229166666666666 0.5576171875 0.8177083333333334 0.54296875 0.8046875 0.5419921875 0.7890625 0.515625 0.7747395833333334 0.49609375 0.75 0.4814453125 0.7174479166666666 0.4775390625 0.6783854166666666 0.478515625 0.6653645833333334 0.4833984375 0.6510416666666666 0.4853515625 0.63671875 0.498046875 0.609375 0.51171875 0.5885416666666666 0.5302734375 0.5703125 0.564453125 0.5611979166666666
0 0.3662109375 0.5533854166666666 0.380859375 0.55859375 0.3955078125 0.5690104166666666 0.4052734375 0.578125 0.416015625 0.5950520833333334 0.4248046875 0.6158854166666666 0.4296875 0.6393229166666666 0.4267578125 0.6848958333333334 0.4189453125 0.7096354166666666 0.412109375 0.71875 0.4072265625 0.73046875 0.3955078125 0.7447916666666666 0.3662109375 0.7630208333333334 0.3310546875 0.7669270833333334 0.3193359375 0.7630208333333334 0.3056640625 0.75390625 0.28515625 0.7239583333333334 0.2802734375 0.7096354166666666 0.275390625 0.703125 0.26953125 0.6627604166666666 0.2705078125 0.62890625 0.27734375 0.6080729166666666 0.2861328125 0.5911458333333334 0.3056640625 0.56640625 0.3369140625 0.5533854166666666 0.365234375 0.5533854166666666
0 0.4462890625 0.1484375 0.45703125 0.15755208333333334 0.4814453125 0.16276041666666666 0.4931640625 0.17057291666666666 0.5009765625 0.1796875 0.5126953125 0.19921875 0.517578125 0.21875 0.5185546875 0.23828125 0.513671875 0.265625 0.5078125 0.2825520833333333 0.501953125 0.28515625 0.4931640625 0.2942708333333333 0.48046875 0.2942708333333333 0.4736328125 0.2903645833333333 0.4716796875 0.2994791666666667 0.47265625 0.3033854166666667 0.4697265625 0.30859375 0.443359375 0.3190104166666667 0.4287109375 0.31640625 0.3994140625 0.2916666666666667 0.38671875 0.2630208333333333 0.3837890625 0.23046875 0.388671875 0.20833333333333334 0.400390625 0.18489583333333334 0.41796875 0.1640625 0.4384765625 0.1484375 0.4453125 0.1484375
0 0.3681640625 0.0234375 0.3935546875 0.03515625 0.4013671875 0.04296875 0.421875 0.07421875 0.427734375 0.10286458333333333 0.427734375 0.13802083333333334 0.4228515625 0.15494791666666666 0.4091796875 0.16796875 0.3955078125 0.18619791666666666 0.390625 0.19661458333333334 0.3837890625 0.203125 0.3525390625 0.20052083333333334 0.328125 0.18489583333333334 0.3046875 0.14453125 0.2998046875 0.11848958333333333 0.30078125 0.08854166666666667 0.310546875 0.057291666666666664 0.3232421875 0.041666666666666664 0.3330078125 0.033854166666666664 0.3505859375 0.024739583333333332 0.3671875 0.0234375
0 0.171875 0.19010416666666666 0.19921875 0.19921875 0.2119140625 0.20963541666666666 0.224609375 0.21614583333333334 0.2294921875 0.22786458333333334 0.2705078125 0.23046875 0.28515625 0.23697916666666666 0.302734375 0.25 0.3134765625 0.26171875 0.3251953125 0.28125 0.33203125 0.2994791666666667 0.33984375 0.34375 0.33984375 0.36328125 0.3369140625 0.3736979166666667 0.337890625 0.4283854166666667 0.3310546875 0.4375 0.3271484375 0.4583333333333333 0.3134765625 0.4739583333333333 0.3076171875 0.48828125 0.306640625 0.5013020833333334 0.296875 0.50390625 0.2939453125 0.4947916666666667 0.2890625 0.4934895833333333 0.267578125 0.5052083333333334 0.234375 0.5013020833333334 0.2119140625 0.4830729166666667 0.18359375 0.4518229166666667 0.171875 0.43359375 0.1611328125 0.4075520833333333 0.15625 0.3828125 0.15625 0.35546875 0.158203125 0.3463541666666667 0.1572265625 0.3111979166666667 0.1474609375 0.2994791666666667 0.13671875 0.265625 0.14453125 0.26171875 0.15234375 0.24739583333333334 0.146484375 0.22135416666666666 0.1474609375 0.21484375 0.1533203125 0.20963541666666666 0.1494140625 0.19270833333333334 0.154296875 0.19010416666666666 0.1708984375 0.19010416666666666
0 0.6953125 0.16796875 0.7021484375 0.16666666666666666 0.7158203125 0.17578125 0.7333984375 0.17447916666666666 0.736328125 0.17708333333333334 0.744140625 0.1953125 0.74609375 0.21223958333333334 0.7509765625 0.22005208333333334 0.7529296875 0.22916666666666666 0.75 0.23177083333333334 0.744140625 0.22395833333333334 0.73828125 0.22395833333333334 0.7373046875 0.22916666666666666 0.7451171875 0.2578125 0.744140625 0.2721354166666667 0.740234375 0.28515625 0.7353515625 0.2916666666666667 0.7294921875 0.3111979166666667 0.7109375 0.3372395833333333 0.6845703125 0.3489583333333333 0.677734375 0.35546875 0.6640625 0.359375 0.6513671875 0.3723958333333333 0.64453125 0.3763020833333333 0.6259765625 0.3776041666666667 0.6103515625 0.3723958333333333 0.6025390625 0.3645833333333333 0.5986328125 0.35546875 0.6005859375 0.34765625 0.599609375 0.3372395833333333 0.5859375 0.33203125 0.58203125 0.3268229166666667 0.5791015625 0.31640625 0.56640625 0.296875 0.5615234375 0.265625 0.5625 0.2421875 0.56640625 0.21875 0.572265625 0.20703125 0.587890625 0.1875 0.6123046875 0.17578125 0.6396484375 0.17317708333333334 0.654296875 0.16796875 0.68359375 0.17317708333333334 0.69140625 0.17317708333333334 0.6953125 0.16927083333333334
0 0.5087890625 0.2890625 0.5224609375 0.3046875 0.5498046875 0.3138020833333333 0.5810546875 0.3372395833333333 0.5888671875 0.34765625 0.6025390625 0.375 0.6083984375 0.4075520833333333 0.60546875 0.4375 0.5947265625 0.4674479166666667 0.5732421875 0.4947916666666667 0.5390625 0.5182291666666666 0.5341796875 0.5247395833333334 0.529296875 0.5442708333333334 0.5205078125 0.5572916666666666 0.5185546875 0.5703125 0.5146484375 0.5755208333333334 0.5 0.5651041666666666 0.494140625 0.5572916666666666 0.4931640625 0.5494791666666666 0.49609375 0.5338541666666666 0.490234375 0.51953125 0.4833984375 0.515625 0.466796875 0.5130208333333334 0.4326171875 0.4921875 0.4267578125 0.4830729166666667 0.4248046875 0.46484375 0.421875 0.4557291666666667 0.412109375 0.4466145833333333 0.400390625 0.4309895833333333 0.3984375 0.4244791666666667 0.4052734375 0.3880208333333333 0.4169921875 0.359375 0.4296875 0.33984375 0.451171875 0.3203125 0.4716796875 0.3125 0.478515625 0.2994791666666667 0.4931640625 0.2981770833333333 0.5029296875 0.2890625 0.5078125 0.2890625
0 0.5732421875 0.0026041666666666665 0.5927734375 0.024739583333333332 0.60546875 0.048177083333333336 0.609375 0.08333333333333333 0.6064453125 0.11979166666666667 0.6005859375 0.140625 0.5810546875 0.171875 0.5576171875 0.18880208333333334 0.54296875 0.19401041666666666 0.5166015625 0.19270833333333334 0.4990234375 0.16796875 0.486328125 0.15755208333333334 0.4794921875 0.13932291666666666 0.4716796875 0.13020833333333334 0.4716796875 0.07161458333333333 0.4736328125 0.06380208333333333 0.4873046875 0.036458333333333336 0.48828125 0.026041666666666668 0.5048828125 0.00390625 0.5107421875 0.00390625 0.515625 0 0.5712890625 0 0.572265625 0.0026041666666666665
0 0.732421875 0.328125 0.73828125 0.3268229166666667 0.7451171875 0.33203125 0.7509765625 0.3528645833333333 0.7568359375 0.3619791666666667 0.7724609375 0.3776041666666667 0.7900390625 0.41796875 0.7900390625 0.4518229166666667 0.7802734375 0.4739583333333333 0.775390625 0.48046875 0.7685546875 0.4856770833333333 0.7587890625 0.4856770833333333 0.7421875 0.5052083333333334 0.7255859375 0.515625 0.7001953125 0.5182291666666666 0.685546875 0.5143229166666666 0.6787109375 0.5078125 0.6728515625 0.4908854166666667 0.6572265625 0.46875 0.65234375 0.42578125 0.6533203125 0.4010416666666667 0.6591796875 0.38671875 0.671875 0.3671875 0.6875 0.3515625 0.7021484375 0.3450520833333333 0.724609375 0.33984375 0.732421875 0.3294270833333333