0 0.396484375 0.6393229166666666 0.4111328125 0.6432291666666666 0.41796875 0.65234375 0.4296875 0.66015625 0.439453125 0.671875 0.44921875 0.6901041666666666 0.45703125 0.71875 0.455078125 0.7643229166666666 0.44921875 0.7864583333333334 0.435546875 0.8111979166666666 0.373046875 0.8489583333333334 0.3564453125 0.8541666666666666 0.349609375 0.8528645833333334 0.3212890625 0.8177083333333334 0.31640625 0.8072916666666666 0.30078125 0.76953125 0.2978515625 0.7434895833333334 0.298828125 0.7265625 0.302734375 0.7057291666666666 0.306640625 0.6966145833333334 0.3330078125 0.6627604166666666 0.3466796875 0.65234375 0.3583984375 0.6510416666666666 0.3701171875 0.640625 0.3955078125 0.6393229166666666
0 0.2099609375 0.3020833333333333 0.2177734375 0.3072916666666667 0.2294921875 0.3255208333333333 0.2373046875 0.33203125 0.251953125 0.3515625 0.2548828125 0.3580729166666667 0.2587890625 0.3736979166666667 0.259765625 0.4010416666666667 0.26171875 0.4075520833333333 0.26171875 0.4244791666666667 0.2587890625 0.4453125 0.251953125 0.4557291666666667 0.2451171875 0.4557291666666667 0.224609375 0.4479166666666667 0.19140625 0.4479166666666667 0.1787109375 0.4518229166666667 0.1728515625 0.4583333333333333 0.16796875 0.4700520833333333 0.16796875 0.4869791666666667 0.1630859375 0.4934895833333333 0.150390625 0.5026041666666666 0.134765625 0.4947916666666667 0.1220703125 0.484375 0.1083984375 0.4661458333333333 0.103515625 0.4544270833333333 0.09765625 0.4283854166666667 0.0986328125 0.3880208333333333 0.103515625 0.3645833333333333 0.109375 0.3541666666666667 0.13671875 0.3333333333333333 0.1435546875 0.32421875 0.1572265625 0.3138020833333333 0.171875 0.3059895833333333 0.2021484375 0.3059895833333333 0.208984375 0.3020833333333333
0 0.4326171875 0.4791666666666667 0.4375 0.484375 0.4462890625 0.4856770833333333 0.4619140625 0.4934895833333333 0.46875 0.4921875 0.4736328125 0.49609375 0.4912109375 0.5260416666666666 0.5 0.5546875 0.5009765625 0.5950520833333334 0.4970703125 0.61328125 0.46875 0.65234375 0.4462890625 0.66796875 0.4384765625 0.6666666666666666 0.4306640625 0.6575520833333334 0.419921875 0.6510416666666666 0.41015625 0.6393229166666666 0.4013671875 0.6380208333333334 0.3896484375 0.6315104166666666 0.376953125 0.6080729166666666 0.369140625 0.5794270833333334 0.3701171875 0.546875 0.3798828125 0.5221354166666666 0.39453125 0.50390625 0.4140625 0.4986979166666667 0.421875 0.4830729166666667 0.431640625 0.4791666666666667
0 0.529296875 0.3463541666666667 0.5478515625 0.35546875 0.5703125 0.3802083333333333 0.578125 0.39453125 0.5849609375 0.4153645833333333 0.5859375 0.4440104166666667 0.5810546875 0.4752604166666667 0.5673828125 0.5013020833333334 0.5517578125 0.51953125 0.5185546875 0.5338541666666666 0.498046875 0.5325520833333334 0.4736328125 0.4908854166666667 0.4638671875 0.4856770833333333 0.447265625 0.4661458333333333 0.44140625 0.4479166666666667 0.44140625 0.4270833333333333 0.4453125 0.4088541666666667 0.455078125 0.3828125 0.4609375 0.3723958333333333 0.47265625 0.359375 0.484375 0.3515625 0.498046875 0.3463541666666667 0.5283203125 0.3463541666666667
0 0.439453125 0.16796875 0.453125 0.17578125 0.4638671875 0.19010416666666666 0.4794921875 0.23046875 0.4833984375 0.24869791666666666 0.482421875 0.2682291666666667 0.4775390625 0.2903645833333333 0.46875 0.3098958333333333 0.4560546875 0.3229166666666667 0.4521484375 0.3177083333333333 0.44140625 0.28515625 0.416015625 0.25 0.3984375 0.23697916666666666 0.3701171875 0.22395833333333334 0.37109375 0.21354166666666666 0.375 0.203125 0.3828125 0.18880208333333334 0.3935546875 0.17708333333333334 0.4033203125 0.17057291666666666 0.41796875 0.16536458333333334 0.4384765625 0.16796875
0 0.85546875 0.48046875 0.8681640625 0.4869791666666667 0.87890625 0.49609375 0.900390625 0.5221354166666666 0.8994140625 0.5286458333333334 0.89453125 0.53515625 0.89453125 0.5403645833333334 0.8994140625 0.57421875 0.8994140625 0.5846354166666666 0.8955078125 0.6015625 0.9013671875 0.6106770833333334 0.9013671875 0.6158854166666666 0.8935546875 0.625 0.8818359375 0.6328125 0.8642578125 0.6341145833333334 0.8525390625 0.6380208333333334 0.8271484375 0.63671875 0.81640625 0.6276041666666666 0.8056640625 0.6223958333333334 0.791015625 0.60546875 0.7822265625 0.6002604166666666 0.763671875 0.5729166666666666 0.7607421875 0.55078125 0.751953125 0.54296875 0.7509765625 0.5377604166666666 0.75390625 0.5325520833333334 0.7607421875 0.5286458333333334 0.7822265625 0.50390625 0.7880859375 0.5 0.8212890625 0.4856770833333333 0.841796875 0.48046875 0.8544921875 0.48046875
0 0.2353515625 0.4583333333333333 0.2607421875 0.4661458333333333 0.2666015625 0.4752604166666667 0.29296875 0.49609375 0.306640625 0.5143229166666666 0.314453125 0.5286458333333334 0.3291015625 0.5729166666666666 0.3310546875 0.58203125 0.3310546875 0.6028645833333334 0.3271484375 0.6236979166666666 0.3125 0.66796875 0.3076171875 0.6783854166666666 0.2841796875 0.7083333333333334 0.2666015625 0.7239583333333334 0.24609375 0.7356770833333334 0.1962890625 0.74609375 0.1865234375 0.7421875 0.1728515625 0.7252604166666666 0.169921875 0.7252604166666666 0.1591796875 0.734375 0.1435546875 0.7330729166666666 0.1328125 0.7174479166666666 0.1318359375 0.7122395833333334 0.13671875 0.69921875 0.126953125 0.6783854166666666 0.126953125 0.6627604166666666 0.12109375 0.6458333333333334 0.119140625 0.6184895833333334 0.115234375 0.5989583333333334 0.115234375 0.5846354166666666 0.1201171875 0.5598958333333334 0.1279296875 0.5390625 0.1396484375 0.5208333333333334 0.1728515625 0.4869791666666667 0.171875 0.48046875 0.1748046875 0.4752604166666667 0.2041015625 0.46484375 0.234375 0.4583333333333333
0 0.6796875 0.3138020833333333 0.720703125 0.3307291666666667 0.7578125 0.3541666666666667 0.775390625 0.37109375 0.7861328125 0.3854166666666667 0.7919921875 0.3997395833333333 0.7978515625 0.4231770833333333 0.796875 0.4609375 0.7841796875 0.4986979166666667 0.759765625 0.5260416666666666 0.75 0.5325520833333334 0.7392578125 0.5494791666666666 0.7314453125 0.5546875 0.716796875 0.54296875 0.7001953125 0.5377604166666666 0.6650390625 0.5208333333333334 0.62890625 0.4895833333333333 0.6171875 0.4700520833333333 0.5986328125 0.4153645833333333 0.5986328125 0.4036458333333333 0.6044921875 0.3880208333333333 0.6064453125 0.3723958333333333 0.623046875 0.3411458333333333 0.638671875 0.3255208333333333 0.65234375 0.31640625 0.6650390625 0.3125 0.6787109375 0.3138020833333333
0 0.365234375 0.2265625 0.3857421875 0.23307291666666666 0.41015625 0.24739583333333334 0.4365234375 0.2799479166666667 0.4462890625 0.3033854166666667 0.453125 0.3268229166666667 0.455078125 0.3671875 0.453125 0.37890625 0.447265625 0.3919270833333333 0.4375 0.4244791666666667 0.4248046875 0.4453125 0.40234375 0.4635416666666667 0.3935546875 0.4752604166666667 0.3798828125 0.4830729166666667 0.3603515625 0.48828125 0.3369140625 0.4869791666666667 0.3134765625 0.4778645833333333 0.3037109375 0.4700520833333333 0.29296875 0.4544270833333333 0.279296875 0.4401041666666667 0.2763671875 0.4244791666666667 0.2685546875 0.4127604166666667 0.2646484375 0.4010416666666667 0.26171875 0.3515625 0.2705078125 0.30859375 0.27734375 0.2903645833333333 0.2763671875 0.28125 0.287109375 0.27734375 0.3076171875 0.2565104166666667 0.3134765625 0.2565104166666667 0.31640625 0.2526041666666667 0.3173828125 0.23307291666666666 0.3193359375 0.23046875 0.33984375 0.2265625 0.3642578125 0.2265625
0 0.5810546875 0.7109375 0.59375 0.71484375 0.611328125 0.7291666666666666 0.6376953125 0.7708333333333334 0.6474609375 0.7825520833333334 0.650390625 0.7903645833333334 0.650390625 0.8151041666666666 0.662109375 0.83203125 0.6630859375 0.8489583333333334 0.66796875 0.8606770833333334 0.6689453125 0.8736979166666666 0.6640625 0.875 0.6572265625 0.8815104166666666 0.650390625 0.8802083333333334 0.64453125 0.8841145833333334 0.6181640625 0.9375 0.611328125 0.9453125 0.5849609375 0.9609375 0.5576171875 0.96484375 0.54296875 0.9635416666666666 0.5244140625 0.953125 0.50390625 0.9270833333333334 0.4970703125 0.9088541666666666 0.490234375 0.8815104166666666 0.4853515625 0.8580729166666666 0.484375 0.8385416666666666 0.4775390625 0.8255208333333334 0.4775390625 0.81640625 0.4833984375 0.7994791666666666 0.490234375 0.7942708333333334 0.501953125 0.765625 0.513671875 0.74609375 0.52734375 0.7291666666666666 0.5400390625 0.7200520833333334 0.5625 0.7109375 0.580078125 0.7109375
0 0.6103515625 0.5208333333333334 0.6259765625 0.5234375 0.6416015625 0.53515625 0.6611328125 0.5546875 0.671875 0.5690104166666666 0.6865234375 0.5989583333333334 0.693359375 0.6393229166666666 0.6875 0.6796875 0.6806640625 0.6979166666666666 0.6474609375 0.7239583333333334 0.6220703125 0.73046875 0.615234375 0.7278645833333334 0.59765625 0.7135416666666666 0.580078125 0.70703125 0.572265625 0.70703125 0.5634765625 0.7005208333333334 0.5517578125 0.6848958333333334 0.544921875 0.6666666666666666 0.53515625 0.6497395833333334 0.53125 0.640625 0.5283203125 0.6184895833333334 0.5185546875 0.6028645833333334 0.51171875 0.5859375 0.5126953125 0.5794270833333334 0.517578125 0.578125 0.5322265625 0.56640625 0.537109375 0.5559895833333334 0.5458984375 0.55859375 0.57421875 0.5260416666666666 0.5927734375 0.5208333333333334 0.609375 0.5208333333333334
0 0.533203125 0.18880208333333334 0.541015625 0.19140625 0.552734375 0.20052083333333334 0.5693359375 0.203125 0.6083984375 0.22265625 0.6171875 0.23307291666666666 0.625 0.25390625 0.6279296875 0.26953125 0.6279296875 0.2825520833333333 0.6201171875 0.33203125 0.61328125 0.3515625 0.599609375 0.3776041666666667 0.5986328125 0.3841145833333333 0.5849609375 0.3919270833333333 0.552734375 0.35546875 0.5302734375 0.34375 0.5068359375 0.3411458333333333 0.49609375 0.32421875 0.4970703125 0.2890625 0.501953125 0.26953125 0.5087890625 0.25390625 0.51171875 0.234375 0.5126953125 0.20572916666666666 0.5166015625 0.1953125 0.5322265625 0.18880208333333334