0 0.8212890625 0 0.8310546875 0.024739583333333332 0.8359375 0.0625 0.8349609375 0.10026041666666667 0.8291015625 0.13151041666666666 0.8173828125 0.15625 0.8017578125 0.17447916666666666 0.783203125 0.18489583333333334 0.7548828125 0.19010416666666666 0.734375 0.19010416666666666 0.7255859375 0.1875 0.712890625 0.17317708333333334 0.705078125 0.15885416666666666 0.697265625 0.13671875 0.677734375 0.109375 0.67578125 0.09505208333333333 0.6787109375 0.07942708333333333 0.6796875 0.057291666666666664 0.6845703125 0.033854166666666664 0.7021484375 0 0.8203125 0
0 0.55078125 0 0.677734375 0 0.6748046875 0.010416666666666666 0.666015625 0.022135416666666668 0.6484375 0.036458333333333336 0.634765625 0.04296875 0.607421875 0.045572916666666664 0.5986328125 0.049479166666666664 0.5849609375 0.046875 0.5693359375 0.036458333333333336 0.5634765625 0.028645833333333332 0.55859375 0.016927083333333332 0.55078125 0.0078125 0.55078125 0.0013020833333333333
0 0.7587890625 0.3111979166666667 0.783203125 0.3190104166666667 0.7939453125 0.3255208333333333 0.8056640625 0.3372395833333333 0.8251953125 0.3658854166666667 0.83203125 0.3854166666666667 0.837890625 0.4153645833333333 0.837890625 0.4440104166666667 0.833984375 0.47265625 0.828125 0.4973958333333333 0.8232421875 0.5104166666666666 0.814453125 0.5247395833333334 0.8095703125 0.546875 0.8046875 0.5546875 0.796875 0.5768229166666666 0.7919921875 0.58203125 0.7802734375 0.5872395833333334 0.763671875 0.6002604166666666 0.7548828125 0.6028645833333334 0.736328125 0.6158854166666666 0.7099609375 0.625 0.681640625 0.625 0.671875 0.6223958333333334 0.654296875 0.609375 0.6474609375 0.6015625 0.6455078125 0.5651041666666666 0.638671875 0.5338541666666666 0.6318359375 0.5169270833333334 0.609375 0.48046875 0.6064453125 0.4635416666666667 0.6123046875 0.4283854166666667 0.6220703125 0.4036458333333333 0.650390625 0.359375 0.7041015625 0.31640625 0.7265625 0.3111979166666667 0.7578125 0.3111979166666667
0 0.8232421875 0.5677083333333334 0.8369140625 0.5729166666666666 0.8427734375 0.5794270833333334 0.845703125 0.58984375 0.8427734375 0.609375 0.845703125 0.6171875 0.8837890625 0.66796875 0.892578125 0.68359375 0.9033203125 0.71875 0.9052734375 0.7760416666666666 0.8974609375 0.796875 0.8876953125 0.8098958333333334 0.8525390625 0.8385416666666666 0.841796875 0.84375 0.8369140625 0.8515625 0.8349609375 0.87109375 0.83203125 0.8802083333333334 0.828125 0.88671875 0.8173828125 0.890625 0.802734375 0.8893229166666666 0.7822265625 0.8828125 0.7646484375 0.8697916666666666 0.763671875 0.8528645833333334 0.759765625 0.8372395833333334 0.7421875 0.81640625 0.7373046875 0.8033854166666666 0.73046875 0.796875 0.7216796875 0.7825520833333334 0.7119140625 0.7565104166666666 0.7099609375 0.7252604166666666 0.7109375 0.7083333333333334 0.716796875 0.6848958333333334 0.7333984375 0.65234375 0.751953125 0.62890625 0.7666015625 0.6184895833333334 0.78125 0.59765625 0.794921875 0.5872395833333334 0.8037109375 0.57421875 0.8134765625 0.5677083333333334 0.822265625 0.5677083333333334
0 0.2412109375 0.3372395833333333 0.251953125 0.3697916666666667 0.2646484375 0.3893229166666667 0.2763671875 0.3997395833333333 0.2802734375 0.4114583333333333 0.275390625 0.41796875 0.259765625 0.42578125 0.248046875 0.4388020833333333 0.236328125 0.4466145833333333 0.2314453125 0.453125 0.2216796875 0.4765625 0.208984375 0.4661458333333333 0.193359375 0.4453125 0.1943359375 0.4388020833333333 0.201171875 0.4283854166666667 0.2001953125 0.4127604166666667 0.1982421875 0.40625 0.1875 0.3893229166666667 0.1884765625 0.3736979166666667 0.181640625 0.36328125 0.181640625 0.359375 0.1865234375 0.3515625 0.2001953125 0.3411458333333333 0.2265625 0.3359375 0.240234375 0.3372395833333333
0 0.46875 0.3528645833333333 0.4912109375 0.3645833333333333 0.498046875 0.3606770833333333 0.5009765625 0.3619791666666667 0.5048828125 0.3763020833333333 0.5185546875 0.390625 0.5322265625 0.4166666666666667 0.5380859375 0.4361979166666667 0.5380859375 0.44921875 0.537109375 0.4518229166666667 0.5126953125 0.45703125 0.484375 0.4739583333333333 0.474609375 0.4869791666666667 0.4638671875 0.5104166666666666 0.4521484375 0.5520833333333334 0.4404296875 0.55078125 0.427734375 0.5377604166666666 0.4169921875 0.5091145833333334 0.396484375 0.47265625 0.3935546875 0.4635416666666667 0.392578125 0.4205729166666667 0.4033203125 0.3854166666666667 0.4130859375 0.3723958333333333 0.4208984375 0.3658854166666667 0.4443359375 0.3541666666666667 0.4521484375 0.3515625 0.4677734375 0.3528645833333333
0 0.4716796875 0.671875 0.513671875 0.7122395833333334 0.5322265625 0.7239583333333334 0.5478515625 0.73046875 0.568359375 0.7278645833333334 0.5908203125 0.7135416666666666 0.60546875 0.6979166666666666 0.6103515625 0.7005208333333334 0.6142578125 0.71484375 0.6142578125 0.7604166666666666 0.6044921875 0.7955729166666666 0.5751953125 0.8411458333333334 0.5498046875 0.8567708333333334 0.52734375 0.8567708333333334 0.4912109375 0.84765625 0.4775390625 0.8346354166666666 0.4599609375 0.8072916666666666 0.453125 0.77734375 0.447265625 0.7408854166666666 0.447265625 0.73046875 0.4609375 0.671875 0.4658203125 0.6666666666666666 0.470703125 0.671875
0 0.32421875 0.17317708333333334 0.3310546875 0.17447916666666666 0.361328125 0.22005208333333334 0.37109375 0.24088541666666666 0.384765625 0.2630208333333333 0.388671875 0.28125 0.3955078125 0.2955729166666667 0.3974609375 0.3059895833333333 0.396484375 0.3203125 0.375 0.3697916666666667 0.3603515625 0.39453125 0.3564453125 0.4075520833333333 0.3486328125 0.4127604166666667 0.318359375 0.40625 0.283203125 0.4049479166666667 0.2646484375 0.3854166666666667 0.2548828125 0.3684895833333333 0.2470703125 0.3489583333333333 0.24609375 0.3372395833333333 0.2392578125 0.3098958333333333 0.23828125 0.26953125 0.2578125 0.21354166666666666 0.283203125 0.18359375 0.30078125 0.17578125 0.3232421875 0.17317708333333334
0 0.33203125 0.4153645833333333 0.357421875 0.4270833333333333 0.3876953125 0.4635416666666667 0.390625 0.47265625 0.408203125 0.5 0.421875 0.5325520833333334 0.4287109375 0.57421875 0.4287109375 0.6002604166666666 0.4365234375 0.6119791666666666 0.4384765625 0.6119791666666666 0.439453125 0.6223958333333334 0.439453125 0.6380208333333334 0.4345703125 0.63671875 0.4365234375 0.6341145833333334 0.435546875 0.6315104166666666 0.431640625 0.6315104166666666 0.4296875 0.6354166666666666 0.4248046875 0.6354166666666666 0.3974609375 0.6796875 0.380859375 0.6953125 0.357421875 0.70703125 0.3369140625 0.70703125 0.318359375 0.703125 0.29296875 0.6796875 0.279296875 0.6640625 0.2392578125 0.6080729166666666 0.224609375 0.578125 0.216796875 0.5481770833333334 0.216796875 0.52734375 0.2197265625 0.5 0.2236328125 0.4895833333333333 0.2275390625 0.4661458333333333 0.2373046875 0.44921875 0.248046875 0.44140625 0.2568359375 0.4309895833333333 0.2822265625 0.4153645833333333 0.2958984375 0.4114583333333333 0.318359375 0.4114583333333333 0.3310546875 0.4153645833333333
0 0.640625 0.10546875 0.658203125 0.11197916666666667 0.6689453125 0.11197916666666667 0.6748046875 0.11588541666666667 0.6962890625 0.14713541666666666 0.7177734375 0.19140625 0.7197265625 0.22916666666666666 0.71875 0.25390625 0.7138671875 0.28125 0.7021484375 0.3111979166666667 0.6650390625 0.33984375 0.6435546875 0.3606770833333333 0.6171875 0.375 0.611328125 0.375 0.587890625 0.35546875 0.578125 0.3489583333333333 0.568359375 0.3463541666666667 0.5625 0.3411458333333333 0.556640625 0.32421875 0.5458984375 0.3111979166666667 0.5361328125 0.2942708333333333 0.5263671875 0.2526041666666667 0.525390625 0.23307291666666666 0.5419921875 0.171875 0.5556640625 0.14192708333333334 0.560546875 0.13541666666666666 0.5810546875 0.11588541666666667 0.6005859375 0.10546875 0.6181640625 0.1015625 0.6396484375 0.10546875
0 0.56640625 0.45703125 0.5849609375 0.4661458333333333 0.603515625 0.4830729166666667 0.615234375 0.4973958333333333 0.630859375 0.5234375 0.634765625 0.5325520833333334 0.6416015625 0.56640625 0.642578125 0.6041666666666666 0.6396484375 0.625 0.6337890625 0.6471354166666666 0.623046875 0.6731770833333334 0.607421875 0.6953125 0.6025390625 0.6979166666666666 0.5927734375 0.7096354166666666 0.5703125 0.7239583333333334 0.55859375 0.7265625 0.5380859375 0.7239583333333334 0.5205078125 0.7135416666666666 0.501953125 0.69921875 0.4853515625 0.6809895833333334 0.46875 0.66796875 0.4658203125 0.6536458333333334 0.4580078125 0.6354166666666666 0.453125 0.59375 0.455078125 0.5559895833333334 0.4599609375 0.5299479166666666 0.466796875 0.5091145833333334 0.4765625 0.4895833333333333 0.484375 0.4791666666666667 0.498046875 0.46875 0.5185546875 0.4583333333333333 0.53515625 0.45703125 0.5458984375 0.453125 0.5654296875 0.45703125
0 0.458984375 0.0013020833333333333 0.4775390625 0.00390625 0.5146484375 0.024739583333333332 0.5322265625 0.046875 0.5439453125 0.057291666666666664 0.5478515625 0.07161458333333333 0.552734375 0.078125 0.5712890625 0.08723958333333333 0.572265625 0.10807291666666667 0.5703125 0.11979166666666667 0.564453125 0.12109375 0.55859375 0.12760416666666666 0.5380859375 0.16927083333333334 0.5224609375 0.23177083333333334 0.513671875 0.24479166666666666 0.50390625 0.25390625 0.4833984375 0.265625 0.4677734375 0.26953125 0.4501953125 0.26953125 0.439453125 0.2760416666666667 0.4228515625 0.2747395833333333 0.4013671875 0.2669270833333333 0.3896484375 0.2578125 0.3759765625 0.23958333333333334 0.3681640625 0.22135416666666666 0.3515625 0.19270833333333334 0.34375 0.14713541666666666 0.34375 0.10546875 0.3486328125 0.07291666666666667 0.353515625 0.05859375 0.3662109375 0.037760416666666664 0.376953125 0.024739583333333332 0.390625 0.015625 0.4150390625 0.005208333333333333 0.439453125 0.0013020833333333333 0.4580078125 0.0013020833333333333