0 0.7099609375 0.5872395833333334 0.73046875 0.5989583333333334 0.7421875 0.609375 0.7626953125 0.6354166666666666 0.7900390625 0.6901041666666666 0.7978515625 0.7265625 0.8115234375 0.7369791666666666 0.8076171875 0.7565104166666666 0.8076171875 0.7682291666666666 0.81640625 0.78125 0.8173828125 0.7903645833333334 0.8076171875 0.80078125 0.798828125 0.8203125 0.802734375 0.8411458333333334 0.7919921875 0.8515625 0.7880859375 0.8411458333333334 0.779296875 0.8346354166666666 0.7626953125 0.8489583333333334 0.748046875 0.85546875 0.7001953125 0.8489583333333334 0.66796875 0.8307291666666666 0.642578125 0.7942708333333334 0.6318359375 0.7747395833333334 0.623046875 0.7721354166666666 0.615234375 0.7643229166666666 0.60546875 0.7356770833333334 0.60546875 0.7044270833333334 0.607421875 0.6966145833333334 0.6103515625 0.6888020833333334 0.6162109375 0.6822916666666666 0.6162109375 0.6744791666666666 0.6357421875 0.62890625 0.650390625 0.609375 0.6591796875 0.6015625 0.689453125 0.5872395833333334 0.708984375 0.5872395833333334
0 0.8837890625 0.5846354166666666 0.8916015625 0.58984375 0.9150390625 0.6263020833333334 0.9287109375 0.6692708333333334 0.9306640625 0.69140625 0.9296875 0.7018229166666666 0.9189453125 0.7265625 0.91015625 0.7369791666666666 0.8837890625 0.75390625 0.8564453125 0.7630208333333334 0.833984375 0.76171875 0.8251953125 0.7578125 0.8173828125 0.7486979166666666 0.814453125 0.734375 0.802734375 0.72265625 0.794921875 0.6953125 0.7861328125 0.6744791666666666 0.7822265625 0.66015625 0.7822265625 0.6419270833333334 0.7880859375 0.6236979166666666 0.80078125 0.6067708333333334 0.833984375 0.5859375 0.853515625 0.5807291666666666 0.8701171875 0.5807291666666666 0.8828125 0.5846354166666666
0 0.60546875 0.78515625 0.6201171875 0.7890625 0.6455078125 0.8059895833333334 0.6552734375 0.81640625 0.6650390625 0.83984375 0.6796875 0.8580729166666666 0.6865234375 0.859375 0.6904296875 0.8684895833333334 0.69140625 0.8776041666666666 0.689453125 0.8828125 0.6767578125 0.8971354166666666 0.67578125 0.92578125 0.6728515625 0.9453125 0.6650390625 0.96484375 0.650390625 0.9869791666666666 0.640625 0.9947916666666666 0.6318359375 0.99609375 0.6298828125 0.9986979166666666 0.6044921875 0.9986979166666666 0.6025390625 0.99609375 0.5859375 0.9908854166666666 0.576171875 0.9830729166666666 0.576171875 0.9700520833333334 0.5595703125 0.953125 0.541015625 0.9283854166666666 0.53515625 0.9166666666666666 0.5322265625 0.875 0.541015625 0.859375 0.5419921875 0.8450520833333334 0.5478515625 0.8229166666666666 0.5595703125 0.80859375 0.5751953125 0.796875 0.5927734375 0.7877604166666666 0.6044921875 0.7864583333333334
0 0.3046875 0.41796875 0.330078125 0.4283854166666667 0.3408203125 0.4388020833333333 0.3515625 0.4544270833333333 0.357421875 0.4661458333333333 0.365234375 0.4908854166666667 0.3681640625 0.5104166666666666 0.3681640625 0.5364583333333334 0.3662109375 0.5494791666666666 0.3583984375 0.5703125 0.3408203125 0.59765625 0.3232421875 0.61328125 0.314453125 0.6171875 0.2958984375 0.6197916666666666 0.271484375 0.6197916666666666 0.2607421875 0.6171875 0.248046875 0.609375 0.2353515625 0.59765625 0.22265625 0.5807291666666666 0.2119140625 0.5598958333333334 0.20703125 0.5416666666666666 0.20703125 0.5260416666666666 0.2109375 0.4921875 0.234375 0.4479166666666667 0.2578125 0.4270833333333333 0.2744140625 0.41796875 0.3037109375 0.41796875
0 0.357421875 0.6692708333333334 0.3759765625 0.6731770833333334 0.390625 0.6809895833333334 0.408203125 0.6979166666666666 0.4208984375 0.71484375 0.431640625 0.73828125 0.43359375 0.7838541666666666 0.4287109375 0.8138020833333334 0.4228515625 0.8307291666666666 0.412109375 0.8502604166666666 0.3955078125 0.8723958333333334 0.3759765625 0.88671875 0.3408203125 0.8984375 0.3056640625 0.8958333333333334 0.2802734375 0.8854166666666666 0.267578125 0.88671875 0.2470703125 0.8763020833333334 0.2392578125 0.8763020833333334 0.23828125 0.87109375 0.244140625 0.8567708333333334 0.248046875 0.83203125 0.2568359375 0.82421875 0.25390625 0.796875 0.2548828125 0.7604166666666666 0.259765625 0.7408854166666666 0.26953125 0.7174479166666666 0.2783203125 0.7044270833333334 0.2900390625 0.6927083333333334 0.3193359375 0.6731770833333334 0.33203125 0.6692708333333334 0.3564453125 0.6692708333333334
0 0.826171875 0.4049479166666667 0.830078125 0.40625 0.8359375 0.41796875 0.849609375 0.4270833333333333 0.8583984375 0.4388020833333333 0.8671875 0.45703125 0.873046875 0.484375 0.87109375 0.5286458333333334 0.8583984375 0.5598958333333334 0.84765625 0.5716145833333334 0.8369140625 0.5807291666666666 0.7978515625 0.5989583333333334 0.7841796875 0.5989583333333334 0.7607421875 0.5924479166666666 0.73046875 0.5703125 0.71875 0.5533854166666666 0.7119140625 0.5338541666666666 0.7080078125 0.5143229166666666 0.703125 0.5065104166666666 0.703125 0.5 0.712890625 0.4765625 0.7158203125 0.4596354166666667 0.7236328125 0.4375 0.728515625 0.4309895833333333 0.765625 0.40625 0.8017578125 0.4049479166666667 0.806640625 0.3997395833333333 0.8251953125 0.4049479166666667
0 0.54296875 0.11848958333333333 0.5458984375 0.11979166666666667 0.5537109375 0.1328125 0.5576171875 0.15364583333333334 0.5634765625 0.16796875 0.5625 0.1953125 0.564453125 0.19921875 0.564453125 0.20963541666666666 0.5576171875 0.22265625 0.546875 0.23567708333333334 0.5537109375 0.265625 0.546875 0.3125 0.5322265625 0.3463541666666667 0.509765625 0.3776041666666667 0.4853515625 0.3932291666666667 0.4697265625 0.40625 0.466796875 0.4114583333333333 0.462890625 0.4127604166666667 0.458984375 0.4192708333333333 0.4560546875 0.4205729166666667 0.4501953125 0.4127604166666667 0.431640625 0.4153645833333333 0.41015625 0.4036458333333333 0.4033203125 0.3958333333333333 0.396484375 0.3958333333333333 0.390625 0.3919270833333333 0.3720703125 0.3697916666666667 0.3642578125 0.34765625 0.3623046875 0.3346354166666667 0.3681640625 0.28515625 0.376953125 0.2526041666666667 0.3818359375 0.24088541666666666 0.404296875 0.20703125 0.4208984375 0.19140625 0.4423828125 0.1796875 0.470703125 0.17447916666666666 0.4755859375 0.16927083333333334 0.4921875 0.13932291666666666 0.501953125 0.14713541666666666 0.5107421875 0.14713541666666666 0.525390625 0.12890625 0.5380859375 0.1328125 0.54296875 0.11979166666666667
0 0.4443359375 0.8802083333333334 0.4638671875 0.8893229166666666 0.4873046875 0.9140625 0.5048828125 0.9518229166666666 0.509765625 0.97265625 0.509765625 0.9986979166666666 0.3505859375 0.9986979166666666 0.3505859375 0.9713541666666666 0.3525390625 0.9583333333333334 0.3623046875 0.9283854166666666 0.369140625 0.91796875 0.388671875 0.8971354166666666 0.4052734375 0.8854166666666666 0.4248046875 0.8802083333333334 0.443359375 0.8802083333333334
0 0.541015625 0.4752604166666667 0.5498046875 0.48046875 0.5615234375 0.4908854166666667 0.5673828125 0.5 0.57421875 0.50390625 0.5771484375 0.51171875 0.59375 0.5325520833333334 0.5947265625 0.5442708333333334 0.6025390625 0.5625 0.607421875 0.5807291666666666 0.611328125 0.60546875 0.611328125 0.625 0.6083984375 0.6510416666666666 0.603515625 0.6640625 0.60546875 0.6731770833333334 0.6083984375 0.67578125 0.5986328125 0.6783854166666666 0.5859375 0.70703125 0.5732421875 0.7213541666666666 0.5634765625 0.7278645833333334 0.5361328125 0.734375 0.5224609375 0.734375 0.505859375 0.73046875 0.4794921875 0.7135416666666666 0.4560546875 0.6888020833333334 0.4453125 0.6888020833333334 0.4296875 0.6783854166666666 0.427734375 0.6666666666666666 0.4326171875 0.6614583333333334 0.431640625 0.6575520833333334 0.4345703125 0.6510416666666666 0.4345703125 0.63671875 0.431640625 0.6171875 0.4267578125 0.6067708333333334 0.423828125 0.5911458333333334 0.423828125 0.5338541666666666 0.4248046875 0.53125 0.431640625 0.53125 0.4580078125 0.49609375 0.4609375 0.4895833333333333 0.458984375 0.48046875 0.4599609375 0.4765625 0.466796875 0.4700520833333333 0.4892578125 0.4661458333333333 0.515625 0.4661458333333333 0.52734375 0.46875 0.5400390625 0.4752604166666667
0 0.646484375 0.3736979166666667 0.6650390625 0.3815104166666667 0.6806640625 0.3919270833333333 0.685546875 0.3984375 0.689453125 0.4153645833333333 0.701171875 0.4479166666666667 0.703125 0.4713541666666667 0.7001953125 0.49609375 0.6953125 0.5104166666666666 0.6748046875 0.53515625 0.654296875 0.5455729166666666 0.626953125 0.5442708333333334 0.6162109375 0.5390625 0.6044921875 0.52734375 0.5966796875 0.5260416666666666 0.5908203125 0.5208333333333334 0.583984375 0.51171875 0.5810546875 0.50390625 0.5810546875 0.4947916666666667 0.5732421875 0.4895833333333333 0.568359375 0.4739583333333333 0.5673828125 0.4622395833333333 0.5673828125 0.4361979166666667 0.5703125 0.4166666666666667 0.578125 0.3997395833333333 0.5888671875 0.38671875 0.59765625 0.3776041666666667 0.6083984375 0.3736979166666667 0.6455078125 0.3736979166666667
0 0.6953125 0.21354166666666666 0.7041015625 0.21484375 0.7177734375 0.22265625 0.734375 0.23697916666666666 0.7431640625 0.24869791666666666 0.7529296875 0.28515625 0.7548828125 0.3190104166666667 0.7431640625 0.3515625 0.734375 0.36328125 0.724609375 0.3736979166666667 0.70703125 0.38671875 0.6884765625 0.3919270833333333 0.6826171875 0.390625 0.658203125 0.3736979166666667 0.6396484375 0.3684895833333333 0.6298828125 0.3619791666666667 0.62109375 0.3294270833333333 0.6201171875 0.3059895833333333 0.6328125 0.26171875 0.650390625 0.23567708333333334 0.6728515625 0.21875 0.6943359375 0.21354166666666666