0 0.34765625 0.24088541666666666 0.359375 0.24739583333333334 0.3828125 0.2734375 0.3955078125 0.2916666666666667 0.400390625 0.3033854166666667 0.4033203125 0.3177083333333333 0.4033203125 0.3359375 0.3994140625 0.3515625 0.3525390625 0.3307291666666667 0.3359375 0.3307291666666667 0.310546875 0.3359375 0.2939453125 0.3424479166666667 0.2861328125 0.3489583333333333 0.2822265625 0.3450520833333333 0.2783203125 0.3255208333333333 0.279296875 0.3046875 0.283203125 0.2864583333333333 0.2958984375 0.26171875 0.3037109375 0.2526041666666667 0.3193359375 0.24348958333333334 0.328125 0.24088541666666666 0.3466796875 0.24088541666666666
0 0.7060546875 0.6236979166666666 0.751953125 0.64453125 0.7685546875 0.671875 0.7802734375 0.6770833333333334 0.791015625 0.6953125 0.7900390625 0.7044270833333334 0.783203125 0.7239583333333334 0.783203125 0.7486979166666666 0.77734375 0.7447916666666666 0.7744140625 0.74609375 0.7744140625 0.78125 0.7705078125 0.7955729166666666 0.7626953125 0.8125 0.7529296875 0.8255208333333334 0.740234375 0.8359375 0.724609375 0.8424479166666666 0.693359375 0.8411458333333334 0.6640625 0.8177083333333334 0.6552734375 0.8033854166666666 0.6455078125 0.79296875 0.6337890625 0.7877604166666666 0.623046875 0.7877604166666666 0.6162109375 0.7799479166666666 0.6142578125 0.7734375 0.615234375 0.7565104166666666 0.619140625 0.7526041666666666 0.626953125 0.7526041666666666 0.630859375 0.7473958333333334 0.6337890625 0.7278645833333334 0.634765625 0.6901041666666666 0.640625 0.6666666666666666 0.6474609375 0.6510416666666666 0.6669921875 0.6302083333333334 0.685546875 0.6223958333333334 0.705078125 0.6236979166666666
0 0.5146484375 0.3502604166666667 0.5302734375 0.35546875 0.5400390625 0.3619791666666667 0.556640625 0.3815104166666667 0.564453125 0.3971354166666667 0.5712890625 0.4283854166666667 0.5703125 0.453125 0.560546875 0.4921875 0.548828125 0.5091145833333334 0.5322265625 0.5221354166666666 0.5234375 0.5221354166666666 0.513671875 0.5169270833333334 0.49609375 0.5130208333333334 0.46875 0.5143229166666666 0.458984375 0.5091145833333334 0.4453125 0.48828125 0.4375 0.44921875 0.4375 0.4231770833333333 0.443359375 0.3958333333333333 0.4482421875 0.3854166666666667 0.4599609375 0.3697916666666667 0.4765625 0.35546875 0.48828125 0.3502604166666667 0.513671875 0.3502604166666667
0 0.517578125 0.5234375 0.5283203125 0.53125 0.5400390625 0.5442708333333334 0.552734375 0.5677083333333334 0.5595703125 0.6028645833333334 0.55859375 0.6315104166666666 0.5498046875 0.65625 0.537109375 0.67578125 0.533203125 0.6783854166666666 0.517578125 0.6770833333333334 0.4912109375 0.6888020833333334 0.484375 0.6875 0.4697265625 0.6783854166666666 0.4580078125 0.66796875 0.447265625 0.6536458333333334 0.4365234375 0.6263020833333334 0.4345703125 0.6106770833333334 0.435546875 0.5989583333333334 0.4423828125 0.57421875 0.4541015625 0.5572916666666666 0.4638671875 0.5260416666666666 0.466796875 0.5247395833333334 0.4697265625 0.5286458333333334 0.4736328125 0.5286458333333334 0.4931640625 0.51953125 0.5166015625 0.5234375
0 0.185546875 0.5182291666666666 0.19140625 0.5247395833333334 0.2060546875 0.5221354166666666 0.2236328125 0.5247395833333334 0.25 0.5403645833333334 0.2685546875 0.56640625 0.2705078125 0.5755208333333334 0.279296875 0.58984375 0.279296875 0.59375 0.29296875 0.6263020833333334 0.29296875 0.62890625 0.287109375 0.6328125 0.27734375 0.6341145833333334 0.2568359375 0.6510416666666666 0.2412109375 0.66015625 0.2314453125 0.6744791666666666 0.216796875 0.6848958333333334 0.20703125 0.6966145833333334 0.205078125 0.7005208333333334 0.2060546875 0.7109375 0.2099609375 0.7135416666666666 0.2314453125 0.7135416666666666 0.2333984375 0.7213541666666666 0.23046875 0.73046875 0.2255859375 0.7369791666666666 0.1884765625 0.7486979166666666 0.1767578125 0.7486979166666666 0.158203125 0.7421875 0.13671875 0.7200520833333334 0.11328125 0.6888020833333334 0.1142578125 0.66015625 0.109375 0.6497395833333334 0.1171875 0.6067708333333334 0.1259765625 0.5885416666666666 0.1376953125 0.57421875 0.140625 0.5546875 0.1669921875 0.5338541666666666 0.169921875 0.5299479166666666 0.173828125 0.515625 0.1845703125 0.5182291666666666
0 0.333984375 0.6341145833333334 0.35546875 0.63671875 0.3798828125 0.6471354166666666 0.40234375 0.6666666666666666 0.4169921875 0.6848958333333334 0.42578125 0.7083333333333334 0.4296875 0.7291666666666666 0.4306640625 0.7890625 0.4267578125 0.8177083333333334 0.421875 0.8346354166666666 0.3916015625 0.8893229166666666 0.3759765625 0.90625 0.365234375 0.9244791666666666 0.3447265625 0.921875 0.3369140625 0.9296875 0.3310546875 0.94140625 0.3173828125 0.94921875 0.3037109375 0.9453125 0.3017578125 0.94140625 0.3017578125 0.9322916666666666 0.3056640625 0.9244791666666666 0.2890625 0.91015625 0.275390625 0.9036458333333334 0.2646484375 0.8932291666666666 0.2548828125 0.8736979166666666 0.232421875 0.8450520833333334 0.2265625 0.8268229166666666 0.224609375 0.7799479166666666 0.2265625 0.7604166666666666 0.232421875 0.73828125 0.24609375 0.7096354166666666 0.2392578125 0.7057291666666666 0.2392578125 0.703125 0.2548828125 0.6848958333333334 0.2587890625 0.6770833333333334 0.2587890625 0.6731770833333334 0.2548828125 0.6666666666666666 0.2578125 0.66015625 0.2568359375 0.6575520833333334 0.271484375 0.64453125 0.279296875 0.640625 0.2890625 0.640625 0.3095703125 0.6328125 0.3330078125 0.6341145833333334
0 0.669921875 0.4479166666666667 0.6982421875 0.4700520833333333 0.720703125 0.4986979166666667 0.7294921875 0.5234375 0.732421875 0.5377604166666666 0.732421875 0.5546875 0.7255859375 0.5794270833333334 0.7099609375 0.60546875 0.697265625 0.6158854166666666 0.6826171875 0.6184895833333334 0.6640625 0.6263020833333334 0.6396484375 0.6263020833333334 0.6220703125 0.62109375 0.6005859375 0.6028645833333334 0.587890625 0.5859375 0.5712890625 0.5768229166666666 0.5693359375 0.5638020833333334 0.5673828125 0.5611979166666666 0.5634765625 0.5638020833333334 0.560546875 0.5598958333333334 0.568359375 0.5403645833333334 0.5791015625 0.5338541666666666 0.580078125 0.5182291666666666 0.5849609375 0.4947916666666667 0.60546875 0.46484375 0.625 0.44921875 0.6357421875 0.4466145833333333 0.6689453125 0.4479166666666667
0 0.6787109375 0.23697916666666666 0.6982421875 0.24479166666666666 0.728515625 0.2747395833333333 0.7294921875 0.2890625 0.7373046875 0.3111979166666667 0.7392578125 0.3359375 0.7353515625 0.3580729166666667 0.724609375 0.3828125 0.712890625 0.3958333333333333 0.703125 0.4114583333333333 0.6962890625 0.4153645833333333 0.6767578125 0.4153645833333333 0.658203125 0.42578125 0.61328125 0.41796875 0.583984375 0.3971354166666667 0.5771484375 0.3854166666666667 0.5595703125 0.3684895833333333 0.5546875 0.359375 0.5546875 0.3528645833333333 0.5517578125 0.34765625 0.5517578125 0.3033854166666667 0.5537109375 0.2916666666666667 0.55859375 0.2838541666666667 0.56640625 0.2604166666666667 0.5849609375 0.24088541666666666 0.6015625 0.23567708333333334 0.623046875 0.23307291666666666 0.6650390625 0.23307291666666666 0.677734375 0.23697916666666666
0 0.80859375 0.2890625 0.8251953125 0.296875 0.826171875 0.3033854166666667 0.82421875 0.3138020833333333 0.8427734375 0.34375 0.8427734375 0.359375 0.8515625 0.36328125 0.853515625 0.37109375 0.8427734375 0.390625 0.833984375 0.3958333333333333 0.8232421875 0.4075520833333333 0.7900390625 0.4244791666666667 0.7734375 0.4244791666666667 0.748046875 0.41796875 0.7314453125 0.4075520833333333 0.724609375 0.3971354166666667 0.724609375 0.38671875 0.73828125 0.3580729166666667 0.744140625 0.3255208333333333 0.76953125 0.29296875 0.779296875 0.2864583333333333 0.8076171875 0.2890625
0 0.5263671875 0.6796875 0.5322265625 0.68359375 0.5400390625 0.68359375 0.5615234375 0.6953125 0.58203125 0.71875 0.58984375 0.7330729166666666 0.5947265625 0.7473958333333334 0.599609375 0.7890625 0.5986328125 0.796875 0.5927734375 0.8059895833333334 0.5849609375 0.8255208333333334 0.5615234375 0.8502604166666666 0.5498046875 0.8763020833333334 0.5361328125 0.8919270833333334 0.5107421875 0.88671875 0.478515625 0.8606770833333334 0.458984375 0.8333333333333334 0.4501953125 0.80078125 0.4501953125 0.78125 0.4560546875 0.7447916666666666 0.4736328125 0.7096354166666666 0.4931640625 0.69140625 0.5146484375 0.6809895833333334 0.525390625 0.6796875
0 0.5068359375 0.19791666666666666 0.5185546875 0.20572916666666666 0.5302734375 0.22005208333333334 0.5400390625 0.24869791666666666 0.546875 0.3046875 0.5390625 0.3424479166666667 0.533203125 0.3502604166666667 0.5126953125 0.3463541666666667 0.490234375 0.3463541666666667 0.4775390625 0.3515625 0.45703125 0.3671875 0.451171875 0.3658854166666667 0.44140625 0.3528645833333333 0.435546875 0.3489583333333333 0.4267578125 0.3307291666666667 0.421875 0.30859375 0.4228515625 0.2734375 0.41796875 0.26171875 0.412109375 0.22395833333333334 0.421875 0.20833333333333334 0.4267578125 0.20572916666666666 0.4443359375 0.20572916666666666 0.4560546875 0.20052083333333334 0.47265625 0.20052083333333334 0.48828125 0.19661458333333334 0.505859375 0.19791666666666666
0 0.3515625 0.3346354166666667 0.3857421875 0.34765625 0.400390625 0.3606770833333333 0.41796875 0.38671875 0.4326171875 0.4270833333333333 0.43359375 0.4752604166666667 0.4306640625 0.4986979166666667 0.4248046875 0.51953125 0.408203125 0.5533854166666666 0.3935546875 0.5729166666666666 0.3779296875 0.5885416666666666 0.3623046875 0.6002604166666666 0.345703125 0.60546875 0.328125 0.60546875 0.30859375 0.5963541666666666 0.2919921875 0.5833333333333334 0.2646484375 0.5533854166666666 0.25390625 0.5169270833333334 0.2490234375 0.5065104166666666 0.25 0.4869791666666667 0.24609375 0.4661458333333333 0.23828125 0.4544270833333333 0.23828125 0.4505208333333333 0.244140625 0.4427083333333333 0.248046875 0.4296875 0.255859375 0.42578125 0.2646484375 0.4049479166666667 0.2705078125 0.3971354166666667 0.271484375 0.3893229166666667 0.267578125 0.37890625 0.2685546875 0.3723958333333333 0.28515625 0.3541666666666667 0.2919921875 0.34765625 0.306640625 0.33984375 0.328125 0.3346354166666667 0.3505859375 0.3346354166666667