0 0 0.17057291666666666 0.03515625 0.16927083333333334 0.0595703125 0.17447916666666666 0.083984375 0.1875 0.10546875 0.20703125 0.1240234375 0.234375 0.1279296875 0.24479166666666666 0.140625 0.2643229166666667 0.158203125 0.2825520833333333 0.1630859375 0.3072916666666667 0.1689453125 0.3216145833333333 0.171875 0.33984375 0.18359375 0.37890625 0.1826171875 0.3984375 0.1796875 0.4036458333333333 0.181640625 0.41015625 0.1787109375 0.4153645833333333 0.169921875 0.4192708333333333 0.169921875 0.4283854166666667 0.1669921875 0.4361979166666667 0.1689453125 0.4427083333333333 0.16796875 0.4479166666666667 0.146484375 0.4895833333333333 0.123046875 0.5 0.0830078125 0.5338541666666666 0.052734375 0.5494791666666666 0.02734375 0.5533854166666666 0 0.5481770833333334 0 0.4713541666666667 0.001953125 0.4700520833333333 0 0.4674479166666667 0 0.171875
0 0.7041015625 0.4947916666666667 0.7236328125 0.5013020833333334 0.744140625 0.5143229166666666 0.7548828125 0.5182291666666666 0.7734375 0.53515625 0.787109375 0.5520833333333334 0.798828125 0.5716145833333334 0.8115234375 0.6028645833333334 0.8173828125 0.6380208333333334 0.81640625 0.6536458333333334 0.814453125 0.66796875 0.8056640625 0.6966145833333334 0.7978515625 0.7122395833333334 0.7763671875 0.7408854166666666 0.703125 0.78515625 0.6884765625 0.7864583333333334 0.677734375 0.7825520833333334 0.66796875 0.796875 0.6484375 0.7942708333333334 0.638671875 0.7903645833333334 0.634765625 0.78515625 0.634765625 0.7799479166666666 0.6298828125 0.7760416666666666 0.62890625 0.765625 0.6298828125 0.7630208333333334 0.638671875 0.7604166666666666 0.642578125 0.7552083333333334 0.6435546875 0.75 0.6416015625 0.7447916666666666 0.6357421875 0.7369791666666666 0.6162109375 0.7252604166666666 0.591796875 0.6809895833333334 0.619140625 0.6393229166666666 0.62109375 0.6276041666666666 0.62890625 0.6080729166666666 0.6357421875 0.58203125 0.63671875 0.5520833333333334 0.640625 0.5455729166666666 0.6474609375 0.5442708333333334 0.646484375 0.5208333333333334 0.6484375 0.51171875 0.6572265625 0.50390625 0.6767578125 0.4947916666666667 0.703125 0.4947916666666667
0 0.9462890625 0.44921875 0.9716796875 0.4609375 0.9765625 0.4661458333333333 0.986328125 0.484375 0.9921875 0.5 0.99609375 0.5260416666666666 0.9990234375 0.5286458333333334 0.9990234375 0.5768229166666666 0.9970703125 0.578125 0.9833984375 0.6302083333333334 0.97265625 0.65625 0.9677734375 0.6848958333333334 0.9619140625 0.69921875 0.9619140625 0.71875 0.9677734375 0.7369791666666666 0.9677734375 0.7434895833333334 0.9521484375 0.7825520833333334 0.943359375 0.796875 0.9423828125 0.8033854166666666 0.91796875 0.8098958333333334 0.900390625 0.8111979166666666 0.8857421875 0.8111979166666666 0.869140625 0.8072916666666666 0.8447265625 0.7942708333333334 0.8310546875 0.7838541666666666 0.8095703125 0.75 0.802734375 0.73046875 0.802734375 0.7161458333333334 0.814453125 0.6888020833333334 0.81640625 0.671875 0.822265625 0.6484375 0.818359375 0.5924479166666666 0.8251953125 0.57421875 0.826171875 0.55859375 0.830078125 0.5416666666666666 0.8359375 0.5325520833333334 0.8427734375 0.51171875 0.8583984375 0.4908854166666667 0.86328125 0.48046875 0.8837890625 0.46484375 0.8916015625 0.4635416666666667 0.921875 0.4479166666666667 0.9453125 0.44921875
0 0.515625 0.7278645833333334 0.5244140625 0.73046875 0.537109375 0.7395833333333334 0.56640625 0.7838541666666666 0.5791015625 0.7877604166666666 0.58203125 0.79296875 0.587890625 0.7955729166666666 0.595703125 0.8072916666666666 0.59375 0.8111979166666666 0.587890625 0.8125 0.5859375 0.81640625 0.587890625 0.8372395833333334 0.59765625 0.8802083333333334 0.59765625 0.8893229166666666 0.5888671875 0.9088541666666666 0.5869140625 0.9283854166666666 0.5751953125 0.9518229166666666 0.5546875 0.98046875 0.53515625 0.9947916666666666 0.5234375 0.9986979166666666 0.4609375 0.9986979166666666 0.44921875 0.9921875 0.4228515625 0.9635416666666666 0.4091796875 0.94140625 0.3994140625 0.9153645833333334 0.3974609375 0.8736979166666666 0.3994140625 0.8619791666666666 0.4033203125 0.8541666666666666 0.4208984375 0.828125 0.4228515625 0.8138020833333334 0.431640625 0.78125 0.44140625 0.76953125 0.453125 0.7473958333333334 0.470703125 0.7434895833333334 0.482421875 0.7330729166666666 0.4970703125 0.7265625 0.5146484375 0.7278645833333334
0 0.3076171875 0.49609375 0.333984375 0.5130208333333334 0.3623046875 0.5416666666666666 0.3740234375 0.5559895833333334 0.390625 0.5859375 0.40234375 0.625 0.408203125 0.6302083333333334 0.41796875 0.6263020833333334 0.419921875 0.6419270833333334 0.4248046875 0.6471354166666666 0.431640625 0.6653645833333334 0.4375 0.6640625 0.4482421875 0.6744791666666666 0.453125 0.671875 0.4560546875 0.6770833333333334 0.453125 0.7239583333333334 0.44921875 0.7408854166666666 0.4423828125 0.7578125 0.4287109375 0.77734375 0.421875 0.8046875 0.4189453125 0.8098958333333334 0.4169921875 0.8268229166666666 0.3701171875 0.8971354166666666 0.314453125 0.9440104166666666 0.2890625 0.9583333333333334 0.26171875 0.96484375 0.2275390625 0.9622395833333334 0.203125 0.953125 0.1826171875 0.94140625 0.166015625 0.9270833333333334 0.146484375 0.9049479166666666 0.1123046875 0.8580729166666666 0.09375 0.8177083333333334 0.0810546875 0.7734375 0.076171875 0.69921875 0.0771484375 0.6744791666666666 0.08984375 0.6236979166666666 0.1025390625 0.6041666666666666 0.1142578125 0.5911458333333334 0.10546875 0.5690104166666666 0.10546875 0.55078125 0.1181640625 0.546875 0.1328125 0.5338541666666666 0.142578125 0.5208333333333334 0.150390625 0.5169270833333334 0.1611328125 0.515625 0.1640625 0.51953125 0.1708984375 0.5221354166666666 0.1767578125 0.5143229166666666 0.1826171875 0.5130208333333334 0.201171875 0.5013020833333334 0.2138671875 0.4973958333333333 0.2490234375 0.4986979166666667 0.2861328125 0.4934895833333333 0.30078125 0.4934895833333333 0.306640625 0.49609375
0 0.7958984375 0.7486979166666666 0.8251953125 0.7890625 0.830078125 0.8072916666666666 0.84765625 0.8424479166666666 0.8515625 0.8567708333333334 0.8486328125 0.8841145833333334 0.841796875 0.9088541666666666 0.8359375 0.9205729166666666 0.828125 0.9557291666666666 0.8203125 0.9739583333333334 0.80078125 0.9817708333333334 0.7939453125 0.9817708333333334 0.7919921875 0.9791666666666666 0.7919921875 0.953125 0.8037109375 0.9348958333333334 0.8037109375 0.8997395833333334 0.8017578125 0.88671875 0.7998046875 0.8802083333333334 0.7890625 0.8658854166666666 0.75390625 0.7877604166666666 0.75390625 0.7799479166666666 0.7568359375 0.7721354166666666 0.7744140625 0.7473958333333334 0.783203125 0.7434895833333334 0.794921875 0.7486979166666666
0 0.3095703125 0.029947916666666668 0.3310546875 0.036458333333333336 0.3544921875 0.048177083333333336 0.3798828125 0.053385416666666664 0.3916015625 0.052083333333333336 0.3974609375 0.04296875 0.4091796875 0.0390625 0.435546875 0.0390625 0.4423828125 0.041666666666666664 0.4560546875 0.055989583333333336 0.466796875 0.078125 0.466796875 0.12890625 0.45703125 0.19010416666666666 0.4580078125 0.21744791666666666 0.455078125 0.24348958333333334 0.4560546875 0.27734375 0.4462890625 0.3151041666666667 0.4287109375 0.3528645833333333 0.4072265625 0.3802083333333333 0.38671875 0.39453125 0.3642578125 0.4049479166666667 0.330078125 0.4127604166666667 0.3095703125 0.4127604166666667 0.2890625 0.4088541666666667 0.240234375 0.3932291666666667 0.2080078125 0.3932291666666667 0.193359375 0.37890625 0.1865234375 0.359375 0.1875 0.3463541666666667 0.1953125 0.3385416666666667 0.197265625 0.3203125 0.1923828125 0.2981770833333333 0.1904296875 0.2708333333333333 0.1826171875 0.234375 0.1845703125 0.17447916666666666 0.1875 0.14973958333333334 0.19921875 0.10286458333333333 0.212890625 0.07161458333333333 0.2333984375 0.045572916666666664 0.2509765625 0.03515625 0.2705078125 0.028645833333333332 0.291015625 0.02734375 0.30859375 0.029947916666666668
0 0.6396484375 0 0.9326171875 0 0.9375 0.010416666666666666 0.953125 0.029947916666666668 0.94921875 0.06770833333333333 0.9423828125 0.0859375 0.935546875 0.11588541666666667 0.9189453125 0.15104166666666666 0.890625 0.19791666666666666 0.857421875 0.23046875 0.8291015625 0.24869791666666666 0.8017578125 0.2591145833333333 0.771484375 0.2604166666666667 0.732421875 0.2526041666666667 0.7119140625 0.24479166666666666 0.705078125 0.23958333333333334 0.705078125 0.22526041666666666 0.7119140625 0.21354166666666666 0.7158203125 0.1875 0.7177734375 0.18489583333333334 0.728515625 0.18619791666666666 0.734375 0.1796875 0.736328125 0.16145833333333334 0.734375 0.14453125 0.73046875 0.13541666666666666 0.724609375 0.13020833333333334 0.716796875 0.12890625 0.7021484375 0.10807291666666667 0.6884765625 0.07421875 0.6669921875 0.04296875 0.6630859375 0.032552083333333336 0.6396484375 0.018229166666666668 0.6396484375 0.0013020833333333333
0 0.9326171875 0.16015625 0.962890625 0.17057291666666666 0.9677734375 0.17447916666666666 0.9736328125 0.18489583333333334 0.9775390625 0.2109375 0.982421875 0.22395833333333334 0.9912109375 0.2630208333333333 0.9912109375 0.3125 0.982421875 0.3372395833333333 0.962890625 0.36328125 0.935546875 0.3841145833333333 0.908203125 0.3932291666666667 0.8935546875 0.3919270833333333 0.8818359375 0.3854166666666667 0.8798828125 0.3776041666666667 0.87890625 0.3515625 0.8671875 0.3203125 0.84765625 0.2903645833333333 0.8291015625 0.2721354166666667 0.8251953125 0.2604166666666667 0.83203125 0.2513020833333333 0.861328125 0.23177083333333334 0.884765625 0.20833333333333334 0.892578125 0.19921875 0.91796875 0.15885416666666666 0.923828125 0.15755208333333334 0.931640625 0.16015625
0 0.494140625 0.35546875 0.5205078125 0.3619791666666667 0.544921875 0.359375 0.5625 0.3671875 0.6005859375 0.4140625 0.6279296875 0.4752604166666667 0.630859375 0.4869791666666667 0.6337890625 0.5299479166666666 0.6318359375 0.5755208333333334 0.6240234375 0.6119791666666666 0.62109375 0.6158854166666666 0.6162109375 0.6354166666666666 0.5986328125 0.6627604166666666 0.5810546875 0.68359375 0.5458984375 0.703125 0.51953125 0.7096354166666666 0.494140625 0.7096354166666666 0.4833984375 0.70703125 0.4697265625 0.7005208333333334 0.4609375 0.6927083333333334 0.4609375 0.6588541666666666 0.458984375 0.65625 0.451171875 0.6549479166666666 0.4462890625 0.6575520833333334 0.435546875 0.6575520833333334 0.431640625 0.6419270833333334 0.4248046875 0.6354166666666666 0.4228515625 0.6236979166666666 0.4111328125 0.609375 0.404296875 0.60546875 0.396484375 0.5833333333333334 0.3896484375 0.57421875 0.3837890625 0.55078125 0.3837890625 0.5078125 0.390625 0.4713541666666667 0.4013671875 0.44140625 0.4208984375 0.40625 0.439453125 0.3828125 0.46875 0.3619791666666667 0.4931640625 0.3567708333333333
0 0.6103515625 0.006510416666666667 0.6240234375 0.014322916666666666 0.6328125 0.0234375 0.646484375 0.032552083333333336 0.6572265625 0.036458333333333336 0.662109375 0.045572916666666664 0.6767578125 0.0625 0.6865234375 0.08072916666666667 0.6982421875 0.11197916666666667 0.6982421875 0.13020833333333334 0.705078125 0.15104166666666666 0.705078125 0.16276041666666666 0.7080078125 0.16796875 0.7080078125 0.1875 0.705078125 0.19921875 0.705078125 0.20963541666666666 0.6923828125 0.2604166666666667 0.685546875 0.2760416666666667 0.6748046875 0.2955729166666667 0.65625 0.3177083333333333 0.63671875 0.33203125 0.6103515625 0.3450520833333333 0.59375 0.3489583333333333 0.5478515625 0.3463541666666667 0.5322265625 0.3541666666666667 0.5185546875 0.3528645833333333 0.5087890625 0.34765625 0.501953125 0.3385416666666667 0.462890625 0.2643229166666667 0.462890625 0.23177083333333334 0.46484375 0.2265625 0.462890625 0.21484375 0.462890625 0.19140625 0.4658203125 0.16145833333333334 0.4697265625 0.14192708333333334 0.4736328125 0.13671875 0.4716796875 0.078125 0.4658203125 0.0625 0.4658203125 0.055989583333333336 0.4755859375 0.0390625 0.4912109375 0.0234375 0.5166015625 0.005208333333333333 0.5283203125 0 0.595703125 0 0.5966796875 0.0026041666666666665 0.609375 0.006510416666666667
0 0.80078125 0.265625 0.8271484375 0.27734375 0.8427734375 0.2916666666666667 0.857421875 0.3098958333333333 0.87109375 0.3359375 0.875 0.34765625 0.8779296875 0.3684895833333333 0.8779296875 0.390625 0.8740234375 0.4270833333333333 0.8583984375 0.4700520833333333 0.8271484375 0.5104166666666666 0.7998046875 0.5247395833333334 0.787109375 0.5286458333333334 0.771484375 0.5260416666666666 0.7412109375 0.5013020833333334 0.7294921875 0.4986979166666667 0.7177734375 0.4895833333333333 0.689453125 0.4739583333333333 0.6796875 0.4622395833333333 0.6767578125 0.4479166666666667 0.6796875 0.4205729166666667 0.6875 0.3828125 0.6875 0.3463541666666667 0.697265625 0.31640625 0.716796875 0.29296875 0.744140625 0.2760416666666667 0.7685546875 0.2669270833333333 0.7998046875 0.265625