0 0.8836805555555556 0.22265625 0.9010416666666666 0.23046875 0.9131944444444444 0.23177083333333334 0.9322916666666666 0.23958333333333334 0.9635416666666666 0.2591145833333333 0.9739583333333334 0.2721354166666667 0.9826388888888888 0.2903645833333333 0.9826388888888888 0.3046875 0.9774305555555556 0.3229166666666667 0.9600694444444444 0.3385416666666667 0.9409722222222222 0.3450520833333333 0.8802083333333334 0.3411458333333333 0.8663194444444444 0.34375 0.8524305555555556 0.34375 0.8003472222222222 0.35546875 0.7847222222222222 0.35546875 0.765625 0.33203125 0.7604166666666666 0.31640625 0.7604166666666666 0.2916666666666667 0.7638888888888888 0.2799479166666667 0.7690972222222222 0.2721354166666667 0.7829861111111112 0.26171875 0.8003472222222222 0.25390625 0.8090277777777778 0.24739583333333334 0.8315972222222222 0.23958333333333334 0.8524305555555556 0.22135416666666666 0.8715277777777778 0.22005208333333334 0.8819444444444444 0.22265625
0 0.3263888888888889 0.4401041666666667 0.3645833333333333 0.4453125 0.3819444444444444 0.453125 0.3958333333333333 0.4622395833333333 0.4027777777777778 0.47265625 0.4079861111111111 0.4895833333333333 0.4079861111111111 0.5013020833333334 0.4149305555555556 0.5130208333333334 0.4131944444444444 0.5377604166666666 0.40625 0.5481770833333334 0.390625 0.5638020833333334 0.3802083333333333 0.5703125 0.3680555555555556 0.5755208333333334 0.3472222222222222 0.5807291666666666 0.3229166666666667 0.5807291666666666 0.3107638888888889 0.578125 0.2760416666666667 0.5651041666666666 0.24479166666666666 0.5455729166666666 0.2361111111111111 0.5338541666666666 0.2326388888888889 0.5208333333333334 0.2326388888888889 0.5104166666666666 0.2378472222222222 0.4908854166666667 0.24305555555555555 0.4791666666666667 0.2586805555555556 0.4596354166666667 0.2847222222222222 0.4453125 0.296875 0.44140625 0.3072916666666667 0.4388020833333333 0.3246527777777778 0.4401041666666667
0 0.7934027777777778 0.609375 0.859375 0.6145833333333334 0.8784722222222222 0.6184895833333334 0.8940972222222222 0.625 0.9322916666666666 0.6510416666666666 0.9496527777777778 0.6744791666666666 0.9548611111111112 0.6927083333333334 0.9548611111111112 0.7161458333333334 0.9513888888888888 0.7369791666666666 0.9392361111111112 0.7486979166666666 0.9357638888888888 0.7565104166666666 0.9253472222222222 0.7682291666666666 0.9184027777777778 0.7734375 0.9010416666666666 0.7799479166666666 0.8802083333333334 0.79296875 0.8628472222222222 0.7994791666666666 0.8263888888888888 0.8059895833333334 0.7725694444444444 0.8046875 0.75 0.7981770833333334 0.7222222222222222 0.7838541666666666 0.7100694444444444 0.7747395833333334 0.6892361111111112 0.7473958333333334 0.6805555555555556 0.7252604166666666 0.6736111111111112 0.6901041666666666 0.6701388888888888 0.6888020833333334 0.6649305555555556 0.69140625 0.6527777777777778 0.703125 0.6440972222222222 0.703125 0.6440972222222222 0.69921875 0.6493055555555556 0.6953125 0.65625 0.6796875 0.6493055555555556 0.65625 0.6510416666666666 0.64453125 0.6545138888888888 0.6419270833333334 0.671875 0.63671875 0.703125 0.6328125 0.7222222222222222 0.6223958333333334 0.7430555555555556 0.62109375 0.7760416666666666 0.59765625 0.78125 0.59765625 0.7916666666666666 0.609375
0 0.9947916666666666 0.5885416666666666 0.9982638888888888 0.58984375 0.9982638888888888 0.6901041666666666 0.9861111111111112 0.6822916666666666 0.9670138888888888 0.6588541666666666 0.9600694444444444 0.6302083333333334 0.9600694444444444 0.6158854166666666 0.9722222222222222 0.59765625 0.9930555555555556 0.5885416666666666
0 0.5677083333333334 0.7799479166666666 0.5798611111111112 0.78125 0.59375 0.7864583333333334 0.6319444444444444 0.80859375 0.65625 0.8307291666666666 0.6736111111111112 0.8671875 0.6736111111111112 0.8802083333333334 0.6684027777777778 0.890625 0.6649305555555556 0.9114583333333334 0.6493055555555556 0.94921875 0.6302083333333334 0.9700520833333334 0.6111111111111112 0.984375 0.5850694444444444 0.9986979166666666 0.5295138888888888 0.9986979166666666 0.5277777777777778 0.99609375 0.5121527777777778 0.9908854166666666 0.4826388888888889 0.9739583333333334 0.4618055555555556 0.9583333333333334 0.4565972222222222 0.9505208333333334 0.4444444444444444 0.9401041666666666 0.4461805555555556 0.9348958333333334 0.4444444444444444 0.9270833333333334 0.4375 0.91015625 0.4322916666666667 0.88671875 0.4322916666666667 0.8580729166666666 0.4357638888888889 0.84765625 0.4548611111111111 0.81640625 0.4635416666666667 0.8072916666666666 0.4739583333333333 0.7994791666666666 0.515625 0.78125 0.5277777777777778 0.7786458333333334 0.5659722222222222 0.7799479166666666
0 0.22916666666666666 0.6145833333333334 0.2534722222222222 0.6171875 0.2951388888888889 0.6276041666666666 0.3159722222222222 0.6354166666666666 0.3645833333333333 0.6692708333333334 0.3819444444444444 0.6953125 0.390625 0.7213541666666666 0.390625 0.7421875 0.3802083333333333 0.765625 0.3680555555555556 0.7825520833333334 0.3559027777777778 0.7942708333333334 0.3350694444444444 0.80859375 0.3090277777777778 0.8190104166666666 0.3003472222222222 0.8255208333333334 0.2934027777777778 0.8372395833333334 0.2881944444444444 0.8372395833333334 0.2795138888888889 0.8307291666666666 0.2743055555555556 0.8307291666666666 0.2465277777777778 0.8372395833333334 0.2048611111111111 0.83984375 0.19444444444444445 0.8424479166666666 0.17708333333333334 0.8424479166666666 0.1527777777777778 0.8333333333333334 0.140625 0.83203125 0.1111111111111111 0.8190104166666666 0.08854166666666667 0.8046875 0.07465277777777778 0.7994791666666666 0.06076388888888889 0.7890625 0.04861111111111111 0.7747395833333334 0.03993055555555555 0.75390625 0.046875 0.72265625 0.052083333333333336 0.7161458333333334 0.05555555555555555 0.703125 0.07118055555555555 0.6809895833333334 0.0954861111111111 0.6575520833333334 0.09895833333333333 0.6497395833333334 0.11458333333333333 0.63671875 0.1232638888888889 0.6328125 0.140625 0.6328125 0.18229166666666666 0.6197916666666666 0.19444444444444445 0.6197916666666666 0.21180555555555555 0.6145833333333334 0.22743055555555555 0.6145833333333334
0 0.8993055555555556 0.3450520833333333 0.9114583333333334 0.34765625 0.9427083333333334 0.3489583333333333 0.9600694444444444 0.35546875 0.9756944444444444 0.3580729166666667 0.9982638888888888 0.3671875 0.9982638888888888 0.5651041666666666 0.9930555555555556 0.5690104166666666 0.9930555555555556 0.5755208333333334 0.9704861111111112 0.58984375 0.9409722222222222 0.6015625 0.9010416666666666 0.609375 0.8697916666666666 0.609375 0.8541666666666666 0.6067708333333334 0.8402777777777778 0.6080729166666666 0.8298611111111112 0.60546875 0.8177083333333334 0.60546875 0.8038194444444444 0.6015625 0.7743055555555556 0.5885416666666666 0.75 0.57421875 0.7291666666666666 0.5520833333333334 0.7222222222222222 0.5403645833333334 0.7256944444444444 0.5078125 0.71875 0.4947916666666667 0.71875 0.48046875 0.7135416666666666 0.4661458333333333 0.7239583333333334 0.43359375 0.7447916666666666 0.4010416666666667 0.7795138888888888 0.3697916666666667 0.8003472222222222 0.359375 0.8194444444444444 0.3541666666666667 0.828125 0.3541666666666667 0.8454861111111112 0.3489583333333333 0.8697916666666666 0.34765625 0.8784722222222222 0.3450520833333333 0.8975694444444444 0.3450520833333333
0 0.4427083333333333 0.23697916666666666 0.4774305555555556 0.2565104166666667 0.5069444444444444 0.28515625 0.5208333333333334 0.3072916666666667 0.5208333333333334 0.3268229166666667 0.5069444444444444 0.34765625 0.5034722222222222 0.3684895833333333 0.4965277777777778 0.3841145833333333 0.4826388888888889 0.3997395833333333 0.4513888888888889 0.4231770833333333 0.4236111111111111 0.43359375 0.3819444444444444 0.4427083333333333 0.3663194444444444 0.4427083333333333 0.3072916666666667 0.43359375 0.2986111111111111 0.4348958333333333 0.2934027777777778 0.4309895833333333 0.2795138888888889 0.40625 0.2760416666666667 0.4036458333333333 0.2638888888888889 0.40625 0.2604166666666667 0.4010416666666667 0.2569444444444444 0.3919270833333333 0.2569444444444444 0.3802083333333333 0.23958333333333334 0.3515625 0.2378472222222222 0.3411458333333333 0.24131944444444445 0.3346354166666667 0.2569444444444444 0.3229166666666667 0.265625 0.3098958333333333 0.2725694444444444 0.3072916666666667 0.2864583333333333 0.3072916666666667 0.3263888888888889 0.2786458333333333 0.3298611111111111 0.265625 0.3559027777777778 0.24088541666666666 0.3784722222222222 0.23697916666666666 0.4131944444444444 0.23567708333333334 0.4409722222222222 0.23697916666666666
0 0.53125 0.5325520833333334 0.5451388888888888 0.5338541666666666 0.5850694444444444 0.5455729166666666 0.6163194444444444 0.5651041666666666 0.6371527777777778 0.5872395833333334 0.6440972222222222 0.6028645833333334 0.6475694444444444 0.62109375 0.6475694444444444 0.6302083333333334 0.6423611111111112 0.6419270833333334 0.640625 0.65625 0.6284722222222222 0.6744791666666666 0.609375 0.6927083333333334 0.59375 0.703125 0.578125 0.7096354166666666 0.5607638888888888 0.7135416666666666 0.5225694444444444 0.7135416666666666 0.4791666666666667 0.7044270833333334 0.4340277777777778 0.671875 0.421875 0.66015625 0.4097222222222222 0.6341145833333334 0.4079861111111111 0.60546875 0.4114583333333333 0.59375 0.4201388888888889 0.5755208333333334 0.4340277777777778 0.5611979166666666 0.4496527777777778 0.5494791666666666 0.4774305555555556 0.5377604166666666 0.5 0.5338541666666666 0.5295138888888888 0.5325520833333334
0 0.6319444444444444 0.2903645833333333 0.6336805555555556 0.2916666666666667 0.6736111111111112 0.2903645833333333 0.6840277777777778 0.29296875 0.703125 0.3020833333333333 0.7170138888888888 0.3033854166666667 0.7291666666666666 0.3138020833333333 0.7326388888888888 0.3294270833333333 0.7517361111111112 0.3580729166666667 0.7517361111111112 0.375 0.7482638888888888 0.3815104166666667 0.7361111111111112 0.3958333333333333 0.7274305555555556 0.4166666666666667 0.7013888888888888 0.4479166666666667 0.703125 0.4622395833333333 0.6996527777777778 0.4661458333333333 0.6753472222222222 0.4752604166666667 0.6423611111111112 0.47265625 0.6006944444444444 0.4739583333333333 0.5677083333333334 0.4674479166666667 0.5416666666666666 0.4557291666666667 0.5208333333333334 0.4401041666666667 0.5121527777777778 0.4309895833333333 0.5052083333333334 0.4140625 0.5034722222222222 0.40625 0.5052083333333334 0.3828125 0.5104166666666666 0.3736979166666667 0.515625 0.3515625 0.5277777777777778 0.3333333333333333 0.5434027777777778 0.32421875 0.5590277777777778 0.3072916666666667 0.5642361111111112 0.3046875 0.5711805555555556 0.3020833333333333 0.5815972222222222 0.3020833333333333 0.59375 0.2942708333333333 0.6041666666666666 0.2916666666666667 0.6302083333333334 0.2903645833333333
0 0.6614583333333334 0.0859375 0.6822916666666666 0.09635416666666667 0.6892361111111112 0.11197916666666667 0.6979166666666666 0.11848958333333333 0.7118055555555556 0.12369791666666667 0.7152777777777778 0.13151041666666666 0.7361111111111112 0.15234375 0.7413194444444444 0.16145833333333334 0.7413194444444444 0.1875 0.734375 0.20572916666666666 0.7256944444444444 0.22005208333333334 0.6979166666666666 0.24348958333333334 0.6753472222222222 0.25390625 0.6336805555555556 0.2604166666666667 0.6232638888888888 0.2604166666666667 0.5989583333333334 0.25390625 0.5711805555555556 0.23307291666666666 0.5503472222222222 0.20572916666666666 0.546875 0.19010416666666666 0.546875 0.16536458333333334 0.5572916666666666 0.14583333333333334 0.5694444444444444 0.13411458333333334 0.5920138888888888 0.11979166666666667 0.6232638888888888 0.10546875 0.6475694444444444 0.0859375 0.6597222222222222 0.0859375