0 0.5399305555555556 0.3098958333333333 0.5555555555555556 0.31640625 0.5711805555555556 0.3346354166666667 0.5885416666666666 0.3489583333333333 0.5920138888888888 0.3580729166666667 0.5798611111111112 0.3645833333333333 0.5746527777777778 0.3684895833333333 0.5711805555555556 0.3763020833333333 0.5659722222222222 0.3802083333333333 0.5538194444444444 0.3841145833333333 0.5434027777777778 0.39453125 0.5329861111111112 0.4322916666666667 0.5347222222222222 0.4557291666666667 0.5277777777777778 0.4700520833333333 0.5208333333333334 0.4739583333333333 0.515625 0.4739583333333333 0.5069444444444444 0.4674479166666667 0.4913194444444444 0.4635416666666667 0.484375 0.4635416666666667 0.4704861111111111 0.4700520833333333 0.4600694444444444 0.4622395833333333 0.4340277777777778 0.4544270833333333 0.40625 0.4388020833333333 0.3993055555555556 0.4296875 0.3923611111111111 0.4127604166666667 0.3923611111111111 0.38671875 0.4045138888888889 0.3606770833333333 0.4045138888888889 0.3541666666666667 0.4201388888888889 0.3372395833333333 0.4461805555555556 0.3216145833333333 0.4774305555555556 0.30859375 0.5277777777777778 0.3072916666666667 0.5381944444444444 0.3098958333333333
0 0.3767361111111111 0.5052083333333334 0.40625 0.5104166666666666 0.4375 0.5221354166666666 0.4565972222222222 0.5377604166666666 0.4652777777777778 0.5494791666666666 0.4739583333333333 0.5677083333333334 0.4739583333333333 0.5807291666666666 0.4704861111111111 0.5924479166666666 0.4513888888888889 0.6015625 0.4479166666666667 0.6080729166666666 0.4496527777777778 0.6158854166666666 0.4461805555555556 0.6276041666666666 0.4322916666666667 0.6484375 0.4288194444444444 0.6510416666666666 0.4114583333333333 0.6536458333333334 0.390625 0.66015625 0.3628472222222222 0.66015625 0.3506944444444444 0.6575520833333334 0.3315972222222222 0.6497395833333334 0.3177083333333333 0.6471354166666666 0.2847222222222222 0.6002604166666666 0.2864583333333333 0.5690104166666666 0.2934027777777778 0.55078125 0.3072916666666667 0.5325520833333334 0.3385416666666667 0.51171875 0.359375 0.5065104166666666 0.375 0.5052083333333334
0 0.8663194444444444 0.51171875 0.8958333333333334 0.5299479166666666 0.9131944444444444 0.53515625 0.9409722222222222 0.5377604166666666 0.9809027777777778 0.5533854166666666 0.9913194444444444 0.55859375 0.9965277777777778 0.5651041666666666 0.9982638888888888 0.6731770833333334 0.9947916666666666 0.6809895833333334 0.9809027777777778 0.6966145833333334 0.9826388888888888 0.7135416666666666 0.9791666666666666 0.7200520833333334 0.9548611111111112 0.7356770833333334 0.9375 0.7356770833333334 0.90625 0.7239583333333334 0.8628472222222222 0.71484375 0.828125 0.7018229166666666 0.8194444444444444 0.7005208333333334 0.8055555555555556 0.6940104166666666 0.7708333333333334 0.66796875 0.75 0.63671875 0.7465277777777778 0.6223958333333334 0.7482638888888888 0.6119791666666666 0.7708333333333334 0.578125 0.7829861111111112 0.5520833333333334 0.8020833333333334 0.5260416666666666 0.8263888888888888 0.51171875 0.8368055555555556 0.5104166666666666 0.8645833333333334 0.51171875
0 0.11284722222222222 0.5572916666666666 0.1684027777777778 0.5638020833333334 0.1996527777777778 0.5768229166666666 0.234375 0.6041666666666666 0.2517361111111111 0.62890625 0.2569444444444444 0.6419270833333334 0.2586805555555556 0.66796875 0.2534722222222222 0.6822916666666666 0.2465277777777778 0.69140625 0.22743055555555555 0.7109375 0.21006944444444445 0.7239583333333334 0.18229166666666666 0.734375 0.1684027777777778 0.7473958333333334 0.16145833333333334 0.7408854166666666 0.14583333333333334 0.7434895833333334 0.12152777777777778 0.7434895833333334 0.0798611111111111 0.73828125 0.027777777777777776 0.7135416666666666 0 0.6861979166666666 0 0.6184895833333334 0.008680555555555556 0.60546875 0.034722222222222224 0.5885416666666666 0.03819444444444445 0.5807291666666666 0.059027777777777776 0.5611979166666666 0.0763888888888889 0.5572916666666666 0.09375 0.5559895833333334 0.1111111111111111 0.5572916666666666
0 0.6996527777777778 0.3463541666666667 0.7274305555555556 0.3489583333333333 0.7430555555555556 0.35546875 0.7725694444444444 0.3567708333333333 0.7916666666666666 0.36328125 0.8211805555555556 0.3880208333333333 0.8385416666666666 0.40625 0.8524305555555556 0.4283854166666667 0.8559027777777778 0.4440104166666667 0.8541666666666666 0.47265625 0.84375 0.5 0.8333333333333334 0.5052083333333334 0.8177083333333334 0.5091145833333334 0.7881944444444444 0.52734375 0.7847222222222222 0.5377604166666666 0.7690972222222222 0.5625 0.7552083333333334 0.5755208333333334 0.7239583333333334 0.5859375 0.703125 0.5885416666666666 0.6753472222222222 0.5846354166666666 0.6614583333333334 0.5846354166666666 0.6319444444444444 0.5768229166666666 0.6128472222222222 0.57421875 0.5885416666666666 0.56640625 0.5729166666666666 0.5572916666666666 0.5555555555555556 0.5442708333333334 0.5486111111111112 0.53515625 0.5434027777777778 0.5078125 0.5347222222222222 0.484375 0.5347222222222222 0.46875 0.5399305555555556 0.4609375 0.5381944444444444 0.4375 0.5451388888888888 0.4140625 0.5451388888888888 0.4049479166666667 0.5503472222222222 0.3919270833333333 0.5572916666666666 0.38671875 0.5659722222222222 0.3854166666666667 0.5902777777777778 0.3658854166666667 0.6076388888888888 0.3580729166666667 0.6302083333333334 0.3541666666666667 0.6493055555555556 0.34765625 0.6979166666666666 0.3463541666666667
0 0.3732638888888889 0.27734375 0.3958333333333333 0.28515625 0.4097222222222222 0.2955729166666667 0.4236111111111111 0.3190104166666667 0.4236111111111111 0.3294270833333333 0.3940972222222222 0.3580729166666667 0.3940972222222222 0.3723958333333333 0.3888888888888889 0.3841145833333333 0.3871527777777778 0.40234375 0.3836805555555556 0.4088541666666667 0.3628472222222222 0.421875 0.3402777777777778 0.4296875 0.328125 0.4322916666666667 0.3090277777777778 0.4322916666666667 0.2986111111111111 0.4348958333333333 0.2604166666666667 0.4283854166666667 0.2482638888888889 0.421875 0.2326388888888889 0.4075520833333333 0.22916666666666666 0.40234375 0.22743055555555555 0.3919270833333333 0.21875 0.37890625 0.21875 0.3658854166666667 0.22743055555555555 0.35546875 0.22916666666666666 0.33984375 0.2361111111111111 0.3346354166666667 0.2482638888888889 0.3307291666666667 0.2621527777777778 0.3203125 0.3072916666666667 0.2786458333333333 0.3194444444444444 0.2734375 0.328125 0.2734375 0.3420138888888889 0.26953125 0.3611111111111111 0.26953125 0.3715277777777778 0.27734375
0 0.2847222222222222 0.4361979166666667 0.2986111111111111 0.4388020833333333 0.3072916666666667 0.4440104166666667 0.3229166666666667 0.45703125 0.3333333333333333 0.4752604166666667 0.3333333333333333 0.5078125 0.328125 0.5143229166666666 0.3038194444444444 0.53125 0.2916666666666667 0.546875 0.2881944444444444 0.5481770833333334 0.25 0.546875 0.2361111111111111 0.54296875 0.2065972222222222 0.5299479166666666 0.1892361111111111 0.5169270833333334 0.17881944444444445 0.5143229166666666 0.1736111111111111 0.5091145833333334 0.17881944444444445 0.4986979166666667 0.17881944444444445 0.4830729166666667 0.18229166666666666 0.47265625 0.2013888888888889 0.44140625 0.22743055555555555 0.43359375 0.24131944444444445 0.4322916666666667 0.2638888888888889 0.4322916666666667 0.2829861111111111 0.4361979166666667
0 0.9375 0.39453125 0.9670138888888888 0.3997395833333333 0.9878472222222222 0.4075520833333333 0.9982638888888888 0.4153645833333333 0.9982638888888888 0.4921875 0.9704861111111112 0.4973958333333333 0.9461805555555556 0.4973958333333333 0.9288194444444444 0.4947916666666667 0.9184027777777778 0.4908854166666667 0.8923611111111112 0.4908854166666667 0.8611111111111112 0.4765625 0.8628472222222222 0.4453125 0.859375 0.4283854166666667 0.8628472222222222 0.4205729166666667 0.8836805555555556 0.4036458333333333 0.8975694444444444 0.3971354166666667 0.9097222222222222 0.39453125 0.9357638888888888 0.39453125
0 0.4097222222222222 0.51171875 0.4357638888888889 0.5208333333333334 0.4496527777777778 0.53125 0.4618055555555556 0.5442708333333334 0.4739583333333333 0.5677083333333334 0.4722222222222222 0.5833333333333334 0.4739583333333333 0.59375 0.4895833333333333 0.5924479166666666 0.5086805555555556 0.5794270833333334 0.5138888888888888 0.578125 0.5190972222222222 0.578125 0.5329861111111112 0.5846354166666666 0.5381944444444444 0.5846354166666666 0.5520833333333334 0.57421875 0.5694444444444444 0.56640625 0.5746527777777778 0.5677083333333334 0.5798611111111112 0.57421875 0.5711805555555556 0.58203125 0.5572916666666666 0.5872395833333334 0.5381944444444444 0.58984375 0.5121527777777778 0.6028645833333334 0.484375 0.6276041666666666 0.4722222222222222 0.6471354166666666 0.4635416666666667 0.6536458333333334 0.453125 0.65625 0.4427083333333333 0.65625 0.4322916666666667 0.65234375 0.4236111111111111 0.65234375 0.4149305555555556 0.6549479166666666 0.40625 0.6549479166666666 0.3923611111111111 0.66015625 0.3611111111111111 0.66015625 0.3350694444444444 0.6510416666666666 0.3159722222222222 0.6471354166666666 0.3107638888888889 0.6354166666666666 0.2847222222222222 0.6002604166666666 0.2847222222222222 0.5755208333333334 0.2916666666666667 0.5546875 0.2986111111111111 0.54296875 0.3090277777777778 0.53125 0.3333333333333333 0.5143229166666666 0.3524305555555556 0.5078125 0.3697916666666667 0.5052083333333334 0.3958333333333333 0.5078125 0.4079861111111111 0.51171875
0 0.6267361111111112 0.58203125 0.6371527777777778 0.5833333333333334 0.6649305555555556 0.5924479166666666 0.703125 0.6197916666666666 0.7083333333333334 0.6263020833333334 0.71875 0.6497395833333334 0.7204861111111112 0.6822916666666666 0.7152777777777778 0.69921875 0.7152777777777778 0.7096354166666666 0.7118055555555556 0.7161458333333334 0.6822916666666666 0.73828125 0.6475694444444444 0.7526041666666666 0.609375 0.7591145833333334 0.5642361111111112 0.7578125 0.5277777777777778 0.7486979166666666 0.5121527777777778 0.7408854166666666 0.4895833333333333 0.72265625 0.4791666666666667 0.7083333333333334 0.4704861111111111 0.6875 0.4704861111111111 0.6692708333333334 0.4739583333333333 0.6549479166666666 0.4861111111111111 0.6328125 0.5034722222222222 0.61328125 0.515625 0.6041666666666666 0.5347222222222222 0.5950520833333334 0.5642361111111112 0.5885416666666666 0.5815972222222222 0.58203125 0.5902777777777778 0.5807291666666666 0.625 0.58203125
0 0.5520833333333334 0.14453125 0.5815972222222222 0.16796875 0.6006944444444444 0.17708333333333334 0.6215277777777778 0.19140625 0.6302083333333334 0.20182291666666666 0.6354166666666666 0.21875 0.6319444444444444 0.24348958333333334 0.6197916666666666 0.26171875 0.5868055555555556 0.2838541666666667 0.5538194444444444 0.2942708333333333 0.5434027777777778 0.29296875 0.5329861111111112 0.2877604166666667 0.515625 0.2838541666666667 0.4930555555555556 0.2734375 0.4791666666666667 0.2565104166666667 0.4722222222222222 0.23177083333333334 0.4722222222222222 0.21354166666666666 0.4774305555555556 0.203125 0.4982638888888889 0.18098958333333334 0.5225694444444444 0.16276041666666666 0.5347222222222222 0.1484375 0.5416666666666666 0.14453125 0.5503472222222222 0.14453125
0 0.7291666666666666 0.24739583333333334 0.7378472222222222 0.2526041666666667 0.7586805555555556 0.2552083333333333 0.7881944444444444 0.2682291666666667 0.8038194444444444 0.27734375 0.8177083333333334 0.2916666666666667 0.8211805555555556 0.3020833333333333 0.8194444444444444 0.3203125 0.8072916666666666 0.3424479166666667 0.7934027777777778 0.35546875 0.78125 0.35546875 0.7725694444444444 0.3528645833333333 0.7447916666666666 0.3502604166666667 0.7326388888888888 0.3463541666666667 0.703125 0.34375 0.6319444444444444 0.3463541666666667 0.6267361111111112 0.3411458333333333 0.625 0.3372395833333333 0.6267361111111112 0.3098958333333333 0.6302083333333334 0.30078125 0.640625 0.2864583333333333 0.671875 0.2669270833333333 0.6822916666666666 0.2630208333333333 0.703125 0.24739583333333334 0.7065972222222222 0.24609375 0.7274305555555556 0.24739583333333334
0 0.3541666666666667 0.7135416666666666 0.3958333333333333 0.7239583333333334 0.4201388888888889 0.7395833333333334 0.4288194444444444 0.7513020833333334 0.4548611111111111 0.8033854166666666 0.4635416666666667 0.8111979166666666 0.4704861111111111 0.80859375 0.4774305555555556 0.8098958333333334 0.4809027777777778 0.8177083333333334 0.4809027777777778 0.8268229166666666 0.4704861111111111 0.83203125 0.4583333333333333 0.8307291666666666 0.4513888888888889 0.83203125 0.4427083333333333 0.8411458333333334 0.4184027777777778 0.859375 0.4079861111111111 0.875 0.3871527777777778 0.890625 0.375 0.8958333333333334 0.3506944444444444 0.9010416666666666 0.3125 0.9010416666666666 0.296875 0.8971354166666666 0.2847222222222222 0.890625 0.2638888888888889 0.8736979166666666 0.2586805555555556 0.8658854166666666 0.2552083333333333 0.86328125 0.2482638888888889 0.86328125 0.24131944444444445 0.8567708333333334 0.2378472222222222 0.8515625 0.23958333333333334 0.82421875 0.2361111111111111 0.8216145833333334 0.2204861111111111 0.8216145833333334 0.21875 0.8138020833333334 0.2222222222222222 0.8059895833333334 0.2309027777777778 0.7981770833333334 0.23958333333333334 0.7838541666666666 0.2552083333333333 0.7708333333333334 0.2604166666666667 0.76171875 0.2777777777777778 0.7421875 0.3090277777777778 0.72265625 0.3246527777777778 0.7174479166666666 0.3524305555555556 0.7135416666666666