0 0.7119140625 0.40625 0.7451171875 0.4270833333333333 0.7666015625 0.44921875 0.779296875 0.4752604166666667 0.78515625 0.5091145833333334 0.78515625 0.5364583333333334 0.7724609375 0.5807291666666666 0.7568359375 0.6015625 0.724609375 0.6171875 0.7001953125 0.6171875 0.685546875 0.6106770833333334 0.6796875 0.6106770833333334 0.65625 0.5885416666666666 0.6396484375 0.5559895833333334 0.6357421875 0.51953125 0.6279296875 0.4947916666666667 0.6279296875 0.4817708333333333 0.6337890625 0.44921875 0.638671875 0.4361979166666667 0.6494140625 0.421875 0.6611328125 0.4127604166666667 0.6796875 0.4049479166666667 0.7021484375 0.40234375 0.7109375 0.40625
0 0.72265625 0.11979166666666667 0.744140625 0.125 0.7607421875 0.13411458333333334 0.783203125 0.13932291666666666 0.8203125 0.1640625 0.828125 0.1796875 0.845703125 0.203125 0.8486328125 0.21223958333333334 0.84765625 0.22395833333333334 0.849609375 0.2265625 0.853515625 0.2552083333333333 0.8525390625 0.2682291666666667 0.845703125 0.2994791666666667 0.83203125 0.32421875 0.8212890625 0.3333333333333333 0.8095703125 0.3489583333333333 0.779296875 0.3645833333333333 0.7421875 0.3606770833333333 0.7353515625 0.3671875 0.7255859375 0.3684895833333333 0.7197265625 0.3671875 0.71484375 0.35546875 0.70703125 0.34765625 0.6943359375 0.3424479166666667 0.6796875 0.3294270833333333 0.6572265625 0.3020833333333333 0.6474609375 0.2825520833333333 0.6337890625 0.2721354166666667 0.6318359375 0.2643229166666667 0.630859375 0.21223958333333334 0.6337890625 0.17838541666666666 0.6416015625 0.16666666666666666 0.6494140625 0.16145833333333334 0.666015625 0.13802083333333334 0.6923828125 0.11848958333333333 0.7216796875 0.11979166666666667
0 0.486328125 0.1953125 0.5126953125 0.20182291666666666 0.537109375 0.21223958333333334 0.5615234375 0.234375 0.5771484375 0.26171875 0.5888671875 0.2916666666666667 0.5966796875 0.3333333333333333 0.5966796875 0.35546875 0.59375 0.375 0.58203125 0.4114583333333333 0.5732421875 0.4283854166666667 0.5751953125 0.4361979166666667 0.57421875 0.44140625 0.564453125 0.4440104166666667 0.5576171875 0.44921875 0.5400390625 0.453125 0.5302734375 0.4596354166666667 0.5146484375 0.4596354166666667 0.5048828125 0.46484375 0.4951171875 0.4869791666666667 0.4873046875 0.4973958333333333 0.4853515625 0.5052083333333334 0.48046875 0.5104166666666666 0.4775390625 0.50390625 0.4765625 0.4856770833333333 0.4736328125 0.4830729166666667 0.4580078125 0.4791666666666667 0.4453125 0.4817708333333333 0.4365234375 0.4661458333333333 0.4267578125 0.4557291666666667 0.404296875 0.46484375 0.4013671875 0.46484375 0.3984375 0.4609375 0.396484375 0.4466145833333333 0.3935546875 0.44140625 0.3935546875 0.4309895833333333 0.4033203125 0.4192708333333333 0.4033203125 0.4153645833333333 0.392578125 0.390625 0.390625 0.3424479166666667 0.392578125 0.3346354166666667 0.392578125 0.3059895833333333 0.404296875 0.2747395833333333 0.4150390625 0.2578125 0.4501953125 0.22265625 0.451171875 0.21875 0.4443359375 0.20442708333333334 0.4443359375 0.19921875 0.44921875 0.1953125 0.4853515625 0.1953125
0 0.419921875 0.059895833333333336 0.4365234375 0.07291666666666667 0.453125 0.09505208333333333 0.4599609375 0.11458333333333333 0.4599609375 0.16145833333333334 0.455078125 0.18619791666666666 0.4404296875 0.19791666666666666 0.431640625 0.23307291666666666 0.419921875 0.24739583333333334 0.4072265625 0.25390625 0.390625 0.25390625 0.369140625 0.25 0.3525390625 0.24088541666666666 0.3427734375 0.22916666666666666 0.33203125 0.20703125 0.328125 0.18880208333333334 0.3271484375 0.16796875 0.3232421875 0.15364583333333334 0.32421875 0.125 0.328125 0.09375 0.3310546875 0.08333333333333333 0.3349609375 0.07942708333333333 0.34765625 0.07161458333333333 0.3857421875 0.05859375 0.4189453125 0.059895833333333336
0 0.673828125 0.6432291666666666 0.6875 0.6471354166666666 0.7119140625 0.6822916666666666 0.73046875 0.6861979166666666 0.7392578125 0.7018229166666666 0.76171875 0.72265625 0.7763671875 0.7473958333333334 0.779296875 0.7786458333333334 0.7822265625 0.78515625 0.779296875 0.7981770833333334 0.7802734375 0.81640625 0.775390625 0.8619791666666666 0.7685546875 0.87890625 0.7373046875 0.9192708333333334 0.708984375 0.9322916666666666 0.66015625 0.93359375 0.6591796875 0.9361979166666666 0.6611328125 0.9401041666666666 0.66796875 0.9453125 0.6669921875 0.94921875 0.654296875 0.94140625 0.6484375 0.9270833333333334 0.642578125 0.9192708333333334 0.6181640625 0.8984375 0.5986328125 0.87109375 0.5869140625 0.8411458333333334 0.58203125 0.8111979166666666 0.5830078125 0.7591145833333334 0.587890625 0.7421875 0.59765625 0.72265625 0.615234375 0.7005208333333334 0.6533203125 0.6796875 0.6748046875 0.6770833333333334 0.677734375 0.66796875 0.673828125 0.64453125
0 0.509765625 0.6770833333333334 0.537109375 0.6953125 0.5498046875 0.7083333333333334 0.5673828125 0.7330729166666666 0.578125 0.765625 0.5771484375 0.8046875 0.5703125 0.828125 0.5673828125 0.8346354166666666 0.5400390625 0.8684895833333334 0.5322265625 0.8919270833333334 0.529296875 0.89453125 0.515625 0.8932291666666666 0.4990234375 0.88671875 0.490234375 0.88671875 0.4580078125 0.87109375 0.44140625 0.8515625 0.4287109375 0.828125 0.4189453125 0.8255208333333334 0.4150390625 0.8203125 0.4052734375 0.796875 0.41015625 0.78125 0.421875 0.7708333333333334 0.42578125 0.7473958333333334 0.4296875 0.7369791666666666 0.44921875 0.7109375 0.486328125 0.6770833333333334 0.5087890625 0.6770833333333334
0 0.36328125 0.4700520833333333 0.3896484375 0.4765625 0.3935546875 0.48828125 0.40625 0.5026041666666666 0.431640625 0.5104166666666666 0.44921875 0.5221354166666666 0.470703125 0.5520833333333334 0.478515625 0.5872395833333334 0.4794921875 0.6145833333333334 0.4775390625 0.6315104166666666 0.4716796875 0.66015625 0.4638671875 0.6809895833333334 0.439453125 0.7161458333333334 0.4287109375 0.7265625 0.41796875 0.734375 0.400390625 0.7408854166666666 0.3828125 0.7408854166666666 0.3642578125 0.7356770833333334 0.34765625 0.7252604166666666 0.333984375 0.7200520833333334 0.3037109375 0.6822916666666666 0.2890625 0.6341145833333334 0.2880859375 0.6119791666666666 0.2900390625 0.6028645833333334 0.3046875 0.5690104166666666 0.3076171875 0.55078125 0.318359375 0.5338541666666666 0.3232421875 0.5169270833333334 0.3232421875 0.5078125 0.3359375 0.484375 0.349609375 0.47265625 0.3623046875 0.4700520833333333
0 0.2626953125 0.2578125 0.30078125 0.27734375 0.3212890625 0.2994791666666667 0.3388671875 0.3255208333333333 0.3544921875 0.3645833333333333 0.3623046875 0.41796875 0.35546875 0.4622395833333333 0.3330078125 0.4817708333333333 0.3193359375 0.5052083333333334 0.314453125 0.5221354166666666 0.3076171875 0.53515625 0.2998046875 0.54296875 0.279296875 0.5533854166666666 0.275390625 0.5598958333333334 0.275390625 0.5703125 0.2685546875 0.5768229166666666 0.2646484375 0.5768229166666666 0.2587890625 0.5651041666666666 0.2236328125 0.5690104166666666 0.1962890625 0.56640625 0.1689453125 0.5559895833333334 0.1533203125 0.5442708333333334 0.1435546875 0.53515625 0.1162109375 0.4973958333333333 0.111328125 0.47265625 0.1015625 0.44140625 0.099609375 0.4192708333333333 0.099609375 0.40234375 0.1025390625 0.390625 0.1123046875 0.3684895833333333 0.1240234375 0.3541666666666667 0.1279296875 0.33203125 0.1357421875 0.31640625 0.1484375 0.3020833333333333 0.150390625 0.2890625 0.1572265625 0.2890625 0.1748046875 0.27734375 0.1865234375 0.2786458333333333 0.208984375 0.2747395833333333 0.2158203125 0.2591145833333333 0.2236328125 0.2552083333333333 0.26171875 0.2578125
0 0.19921875 0.06510416666666667 0.19921875 0.08072916666666667 0.2041015625 0.09244791666666667 0.216796875 0.09114583333333333 0.2314453125 0.08463541666666667 0.2626953125 0.08203125 0.2900390625 0.09375 0.30078125 0.10286458333333333 0.3173828125 0.1484375 0.322265625 0.16927083333333334 0.326171875 0.26171875 0.328125 0.2708333333333333 0.337890625 0.28125 0.337890625 0.2890625 0.328125 0.2955729166666667 0.3193359375 0.29296875 0.302734375 0.2747395833333333 0.2763671875 0.2591145833333333 0.251953125 0.2526041666666667 0.2333984375 0.2526041666666667 0.2255859375 0.24869791666666666 0.2197265625 0.25 0.212890625 0.2578125 0.2099609375 0.2682291666666667 0.1923828125 0.2747395833333333 0.18359375 0.2721354166666667 0.1767578125 0.2669270833333333 0.166015625 0.23958333333333334 0.1630859375 0.22265625 0.1630859375 0.20182291666666666 0.1708984375 0.16276041666666666 0.1708984375 0.15104166666666666 0.1806640625 0.11067708333333333 0.1826171875 0.08723958333333333 0.185546875 0.07682291666666667 0.1923828125 0.06770833333333333 0.1982421875 0.06510416666666667
0 0.7216796875 0.11979166666666667 0.744140625 0.125 0.7646484375 0.13541666666666666 0.7802734375 0.13802083333333334 0.8212890625 0.1640625 0.828125 0.17838541666666666 0.8525390625 0.20703125 0.853515625 0.22005208333333334 0.849609375 0.23046875 0.85546875 0.26171875 0.8740234375 0.24739583333333334 0.884765625 0.24609375 0.9013671875 0.25390625 0.921875 0.2734375 0.9140625 0.2903645833333333 0.912109375 0.3020833333333333 0.9208984375 0.3268229166666667 0.9228515625 0.3463541666666667 0.92578125 0.3541666666666667 0.9248046875 0.3645833333333333 0.904296875 0.37890625 0.8896484375 0.37890625 0.87109375 0.38671875 0.8603515625 0.3841145833333333 0.8525390625 0.3763020833333333 0.814453125 0.3515625 0.796875 0.3541666666666667 0.779296875 0.3645833333333333 0.7421875 0.3606770833333333 0.7333984375 0.3684895833333333 0.7197265625 0.3684895833333333 0.7099609375 0.3502604166666667 0.6982421875 0.3450520833333333 0.6806640625 0.3307291666666667 0.671875 0.3177083333333333 0.6572265625 0.3020833333333333 0.65234375 0.2890625 0.6474609375 0.2825520833333333 0.6328125 0.2734375 0.6279296875 0.26171875 0.6279296875 0.2552083333333333 0.6318359375 0.24869791666666666 0.630859375 0.20833333333333334 0.6337890625 0.17838541666666666 0.6357421875 0.17447916666666666 0.650390625 0.16015625 0.6669921875 0.13671875 0.6875 0.12109375 0.693359375 0.11848958333333333 0.720703125 0.11979166666666667
0 0.5634765625 0.453125 0.578125 0.4544270833333333 0.5888671875 0.4583333333333333 0.6015625 0.4661458333333333 0.6162109375 0.4830729166666667 0.630859375 0.51171875 0.634765625 0.5325520833333334 0.634765625 0.5533854166666666 0.638671875 0.5677083333333334 0.638671875 0.6080729166666666 0.6171875 0.66015625 0.611328125 0.66796875 0.587890625 0.6861979166666666 0.5751953125 0.6927083333333334 0.5634765625 0.6953125 0.548828125 0.6940104166666666 0.537109375 0.6888020833333334 0.509765625 0.66796875 0.49609375 0.6510416666666666 0.4892578125 0.6354166666666666 0.4833984375 0.61328125 0.4814453125 0.5729166666666666 0.4775390625 0.5481770833333334 0.4775390625 0.5325520833333334 0.4794921875 0.5260416666666666 0.5078125 0.48828125 0.5166015625 0.4830729166666667 0.52734375 0.4661458333333333 0.541015625 0.45703125 0.5625 0.453125
0 0.8857421875 0.24479166666666666 0.900390625 0.2526041666666667 0.923828125 0.2734375 0.9228515625 0.2786458333333333 0.9150390625 0.2890625 0.9130859375 0.3020833333333333 0.9208984375 0.3229166666666667 0.9228515625 0.34375 0.92578125 0.3515625 0.92578125 0.36328125 0.9072265625 0.37890625 0.888671875 0.3802083333333333 0.8798828125 0.38671875 0.8642578125 0.38671875 0.8583984375 0.3841145833333333 0.84765625 0.3736979166666667 0.837890625 0.3697916666666667 0.8125 0.3489583333333333 0.8271484375 0.3346354166666667 0.8447265625 0.3059895833333333 0.8505859375 0.2916666666666667 0.8583984375 0.2591145833333333 0.87109375 0.24739583333333334 0.884765625 0.24479166666666666
0 0.541015625 0.046875 0.5615234375 0.0546875 0.57421875 0.06510416666666667 0.595703125 0.109375 0.6005859375 0.125 0.6162109375 0.15494791666666666 0.6162109375 0.16276041666666666 0.61328125 0.17057291666666666 0.583984375 0.19661458333333334 0.576171875 0.21223958333333334 0.5625 0.2265625 0.5556640625 0.22395833333333334 0.54296875 0.2109375 0.51953125 0.19921875 0.4765625 0.18880208333333334 0.4736328125 0.18619791666666666 0.4658203125 0.16145833333333334 0.46484375 0.11067708333333333 0.4765625 0.08072916666666667 0.498046875 0.055989583333333336 0.5185546875 0.048177083333333336 0.5400390625 0.046875