0 0.4091796875 0.4973958333333333 0.4248046875 0.5026041666666666 0.4404296875 0.5143229166666666 0.435546875 0.5442708333333334 0.439453125 0.55078125 0.44921875 0.55859375 0.462890625 0.5651041666666666 0.474609375 0.5651041666666666 0.482421875 0.5598958333333334 0.50390625 0.5598958333333334 0.5126953125 0.5651041666666666 0.5205078125 0.5651041666666666 0.5244140625 0.5598958333333334 0.52734375 0.5625 0.5263671875 0.5924479166666666 0.51953125 0.625 0.5048828125 0.6614583333333334 0.4951171875 0.67578125 0.4814453125 0.6888020833333334 0.4638671875 0.6953125 0.43359375 0.6940104166666666 0.412109375 0.68359375 0.3935546875 0.6861979166666666 0.3798828125 0.6783854166666666 0.3701171875 0.66796875 0.3662109375 0.66015625 0.3642578125 0.63671875 0.3720703125 0.6145833333333334 0.3701171875 0.5846354166666666 0.3720703125 0.54296875 0.3779296875 0.52734375 0.390625 0.5104166666666666 0.408203125 0.4973958333333333
0 0.841796875 0.4947916666666667 0.8828125 0.5182291666666666 0.9111328125 0.5572916666666666 0.91796875 0.5716145833333334 0.92578125 0.60546875 0.927734375 0.6302083333333334 0.9296875 0.6354166666666666 0.9296875 0.6536458333333334 0.9248046875 0.69921875 0.91796875 0.7239583333333334 0.90234375 0.7552083333333334 0.8740234375 0.7903645833333334 0.8447265625 0.8098958333333334 0.818359375 0.81640625 0.78515625 0.81640625 0.73828125 0.7760416666666666 0.7265625 0.7604166666666666 0.7216796875 0.7486979166666666 0.7197265625 0.7369791666666666 0.7109375 0.7239583333333334 0.697265625 0.6953125 0.6962890625 0.6888020833333334 0.701171875 0.6744791666666666 0.6943359375 0.66796875 0.69140625 0.6419270833333334 0.6953125 0.6197916666666666 0.708984375 0.57421875 0.72265625 0.5455729166666666 0.7548828125 0.5325520833333334 0.765625 0.5234375 0.78515625 0.4973958333333333 0.7880859375 0.49609375 0.8154296875 0.4908854166666667 0.830078125 0.4908854166666667 0.8408203125 0.4947916666666667
0 0.7998046875 0.8190104166666666 0.8251953125 0.8190104166666666 0.8349609375 0.81640625 0.87109375 0.7955729166666666 0.8818359375 0.78515625 0.91015625 0.7473958333333334 0.9169921875 0.7291666666666666 0.921875 0.7252604166666666 0.9326171875 0.7552083333333334 0.931640625 0.7760416666666666 0.9189453125 0.8125 0.8974609375 0.8385416666666666 0.89453125 0.8567708333333334 0.8896484375 0.8658854166666666 0.88671875 0.8684895833333334 0.87109375 0.8671875 0.8017578125 0.8372395833333334 0.791015625 0.8307291666666666 0.7861328125 0.82421875 0.7890625 0.8190104166666666 0.798828125 0.8203125
0 0.5361328125 0.6731770833333334 0.5390625 0.6744791666666666 0.5546875 0.6979166666666666 0.5791015625 0.7200520833333334 0.5986328125 0.7265625 0.6435546875 0.7265625 0.64453125 0.76171875 0.638671875 0.78125 0.623046875 0.7955729166666666 0.5966796875 0.8098958333333334 0.54296875 0.7994791666666666 0.5380859375 0.7877604166666666 0.525390625 0.7760416666666666 0.525390625 0.7408854166666666 0.521484375 0.7057291666666666 0.5263671875 0.6875 0.53515625 0.6744791666666666
0 0.4892578125 0.6940104166666666 0.517578125 0.7096354166666666 0.5224609375 0.7408854166666666 0.5224609375 0.78125 0.525390625 0.7890625 0.5302734375 0.7903645833333334 0.53515625 0.7955729166666666 0.5361328125 0.80859375 0.5234375 0.8255208333333334 0.5 0.8346354166666666 0.47265625 0.8385416666666666 0.462890625 0.8489583333333334 0.4599609375 0.8567708333333334 0.4560546875 0.8528645833333334 0.4521484375 0.8580729166666666 0.439453125 0.8580729166666666 0.4248046875 0.8528645833333334 0.4169921875 0.85546875 0.40234375 0.85546875 0.38671875 0.8515625 0.3779296875 0.8450520833333334 0.3720703125 0.8385416666666666 0.361328125 0.81640625 0.3564453125 0.7890625 0.357421875 0.7669270833333334 0.3662109375 0.7486979166666666 0.3916015625 0.71484375 0.400390625 0.70703125 0.41015625 0.7057291666666666 0.41796875 0.7109375 0.4228515625 0.7109375 0.4443359375 0.6979166666666666 0.4658203125 0.69921875 0.4775390625 0.6940104166666666 0.48828125 0.6940104166666666
0 0.6259765625 0.4947916666666667 0.66015625 0.5390625 0.673828125 0.5638020833333334 0.6806640625 0.5651041666666666 0.6923828125 0.5611979166666666 0.6962890625 0.5651041666666666 0.69921875 0.5768229166666666 0.69921875 0.5924479166666666 0.6904296875 0.6158854166666666 0.689453125 0.6341145833333334 0.6865234375 0.6471354166666666 0.689453125 0.6614583333333334 0.6884765625 0.6744791666666666 0.6767578125 0.6953125 0.6689453125 0.7044270833333334 0.65234375 0.7174479166666666 0.6328125 0.7252604166666666 0.619140625 0.72265625 0.5986328125 0.7239583333333334 0.5849609375 0.7200520833333334 0.5712890625 0.7122395833333334 0.552734375 0.6927083333333334 0.5380859375 0.6705729166666666 0.525390625 0.6315104166666666 0.525390625 0.6145833333333334 0.5322265625 0.5729166666666666 0.5419921875 0.5442708333333334 0.5478515625 0.5377604166666666 0.5810546875 0.5247395833333334 0.6083984375 0.4947916666666667 0.625 0.4947916666666667
0 0.70703125 0.3046875 0.7216796875 0.3111979166666667 0.732421875 0.3125 0.7548828125 0.3346354166666667 0.759765625 0.35546875 0.7822265625 0.39453125 0.787109375 0.4075520833333333 0.791015625 0.4231770833333333 0.791015625 0.4674479166666667 0.779296875 0.4986979166666667 0.7587890625 0.5247395833333334 0.744140625 0.5338541666666666 0.732421875 0.5377604166666666 0.69921875 0.5403645833333334 0.6943359375 0.54296875 0.689453125 0.5520833333333334 0.6826171875 0.5546875 0.671875 0.55078125 0.6630859375 0.5377604166666666 0.6591796875 0.52734375 0.6435546875 0.51171875 0.6298828125 0.4908854166666667 0.623046875 0.4739583333333333 0.6181640625 0.4544270833333333 0.615234375 0.4296875 0.623046875 0.3854166666666667 0.646484375 0.3489583333333333 0.65234375 0.3411458333333333 0.6796875 0.3268229166666667 0.68359375 0.3177083333333333 0.693359375 0.30859375 0.7060546875 0.3046875
0 0.3974609375 0.2604166666666667 0.4072265625 0.2643229166666667 0.416015625 0.2760416666666667 0.4248046875 0.28125 0.435546875 0.2955729166666667 0.462890625 0.29296875 0.5048828125 0.2981770833333333 0.5224609375 0.3072916666666667 0.529296875 0.3072916666666667 0.55078125 0.31640625 0.5625 0.3255208333333333 0.58984375 0.3580729166666667 0.60546875 0.3932291666666667 0.6123046875 0.4231770833333333 0.6123046875 0.4596354166666667 0.6083984375 0.48046875 0.603515625 0.4908854166666667 0.5908203125 0.5091145833333334 0.576171875 0.5221354166666666 0.533203125 0.5416666666666666 0.517578125 0.5442708333333334 0.5146484375 0.5481770833333334 0.5146484375 0.5520833333333334 0.517578125 0.5559895833333334 0.515625 0.5598958333333334 0.4931640625 0.5533854166666666 0.4755859375 0.5572916666666666 0.4619140625 0.5572916666666666 0.4453125 0.5494791666666666 0.4404296875 0.5416666666666666 0.4443359375 0.5143229166666666 0.4150390625 0.4869791666666667 0.3984375 0.4661458333333333 0.390625 0.43359375 0.384765625 0.41796875 0.3837890625 0.4049479166666667 0.3759765625 0.38671875 0.3779296875 0.3697916666666667 0.3759765625 0.3671875 0.36328125 0.3658854166666667 0.3583984375 0.35546875 0.3583984375 0.34375 0.3671875 0.3294270833333333 0.3828125 0.31640625 0.400390625 0.3059895833333333 0.3994140625 0.296875 0.3896484375 0.2877604166666667 0.38671875 0.2747395833333333 0.3828125 0.26953125 0.3828125 0.2669270833333333 0.3876953125 0.26171875 0.396484375 0.2604166666666667
0 0.6953125 0.7044270833333334 0.6982421875 0.7239583333333334 0.7060546875 0.7252604166666666 0.7138671875 0.7356770833333334 0.7275390625 0.7669270833333334 0.7392578125 0.78125 0.7470703125 0.7864583333333334 0.7568359375 0.7994791666666666 0.76953125 0.80859375 0.771484375 0.8125 0.7685546875 0.8385416666666666 0.76171875 0.85546875 0.751953125 0.8671875 0.734375 0.8736979166666666 0.712890625 0.8736979166666666 0.689453125 0.8619791666666666 0.6748046875 0.8489583333333334 0.6572265625 0.82421875 0.6533203125 0.8151041666666666 0.6494140625 0.7916666666666666 0.6513671875 0.7708333333333334 0.65625 0.75 0.677734375 0.7096354166666666 0.69140625 0.7018229166666666 0.6943359375 0.7044270833333334
0 0.6435546875 0.7838541666666666 0.646484375 0.7890625 0.6533203125 0.8216145833333334 0.6728515625 0.8502604166666666 0.6748046875 0.85546875 0.673828125 0.86328125 0.66796875 0.8802083333333334 0.658203125 0.89453125 0.6357421875 0.9075520833333334 0.619140625 0.91015625 0.5869140625 0.9075520833333334 0.5771484375 0.8997395833333334 0.5732421875 0.890625 0.5556640625 0.8645833333333334 0.5517578125 0.8541666666666666 0.5478515625 0.828125 0.548828125 0.80859375 0.5517578125 0.8046875 0.5576171875 0.8046875 0.5986328125 0.8125 0.6240234375 0.7981770833333334 0.6396484375 0.7838541666666666 0.642578125 0.7838541666666666
0 0.54296875 0.81640625 0.552734375 0.8619791666666666 0.5712890625 0.8919270833333334 0.5751953125 0.90234375 0.5849609375 0.9127604166666666 0.5810546875 0.9244791666666666 0.57421875 0.93359375 0.5615234375 0.9440104166666666 0.5537109375 0.9466145833333334 0.53515625 0.9453125 0.51171875 0.9348958333333334 0.4990234375 0.9205729166666666 0.4873046875 0.9114583333333334 0.474609375 0.8932291666666666 0.4765625 0.8763020833333334 0.48828125 0.8658854166666666 0.494140625 0.85546875 0.4970703125 0.8450520833333334 0.501953125 0.8385416666666666 0.5205078125 0.83203125 0.53125 0.8229166666666666 0.5419921875 0.8177083333333334