0 0.8232421875 0.3059895833333333 0.8408203125 0.3098958333333333 0.8701171875 0.3424479166666667 0.8798828125 0.37109375 0.880859375 0.4127604166666667 0.8720703125 0.4427083333333333 0.8623046875 0.4609375 0.8515625 0.46875 0.8115234375 0.4856770833333333 0.775390625 0.4830729166666667 0.7548828125 0.4739583333333333 0.7490234375 0.46875 0.73828125 0.4544270833333333 0.7275390625 0.4348958333333333 0.724609375 0.4153645833333333 0.724609375 0.3984375 0.7314453125 0.3684895833333333 0.7421875 0.34375 0.7509765625 0.33203125 0.78125 0.3125 0.8095703125 0.3098958333333333 0.822265625 0.3059895833333333
0 0.5 0.7565104166666666 0.5205078125 0.7643229166666666 0.5302734375 0.7708333333333334 0.5498046875 0.7981770833333334 0.556640625 0.8125 0.5625 0.8346354166666666 0.5634765625 0.8671875 0.556640625 0.9140625 0.5498046875 0.93359375 0.53515625 0.9557291666666666 0.5166015625 0.97265625 0.51171875 0.9908854166666666 0.498046875 0.9947916666666666 0.4931640625 0.9934895833333334 0.490234375 0.984375 0.4638671875 0.98046875 0.453125 0.9752604166666666 0.4375 0.9622395833333334 0.4248046875 0.9453125 0.4189453125 0.9322916666666666 0.412109375 0.9075520833333334 0.4111328125 0.85546875 0.4150390625 0.8307291666666666 0.419921875 0.81640625 0.431640625 0.8033854166666666 0.4375 0.7916666666666666 0.4541015625 0.7708333333333334 0.4619140625 0.7630208333333334 0.474609375 0.7565104166666666 0.4990234375 0.7565104166666666
0 0.7412109375 0.4791666666666667 0.755859375 0.4869791666666667 0.76953125 0.5 0.7841796875 0.51953125 0.806640625 0.5559895833333334 0.818359375 0.6002604166666666 0.822265625 0.60546875 0.830078125 0.609375 0.8330078125 0.6145833333333334 0.83203125 0.6328125 0.83984375 0.6549479166666666 0.837890625 0.6640625 0.830078125 0.6783854166666666 0.810546875 0.6940104166666666 0.796875 0.7122395833333334 0.78515625 0.7200520833333334 0.7734375 0.72265625 0.7275390625 0.7174479166666666 0.708984375 0.7057291666666666 0.6787109375 0.6614583333333334 0.671875 0.66015625 0.6513671875 0.6484375 0.64453125 0.6354166666666666 0.6416015625 0.62109375 0.6416015625 0.6015625 0.6455078125 0.5794270833333334 0.6513671875 0.5677083333333334 0.654296875 0.5442708333333334 0.666015625 0.5221354166666666 0.6865234375 0.4973958333333333 0.701171875 0.4856770833333333 0.7177734375 0.4791666666666667 0.740234375 0.4791666666666667
0 0.890625 0.4752604166666667 0.900390625 0.4817708333333333 0.9228515625 0.5169270833333334 0.9306640625 0.5390625 0.935546875 0.57421875 0.9296875 0.59375 0.916015625 0.61328125 0.896484375 0.6276041666666666 0.876953125 0.6354166666666666 0.861328125 0.6341145833333334 0.853515625 0.6302083333333334 0.8349609375 0.6067708333333334 0.8232421875 0.59765625 0.8173828125 0.5846354166666666 0.8095703125 0.5546875 0.7958984375 0.5260416666666666 0.7958984375 0.5208333333333334 0.8046875 0.5091145833333334 0.8115234375 0.4947916666666667 0.8349609375 0.48046875 0.8544921875 0.4739583333333333 0.8896484375 0.4752604166666667
0 0.6513671875 0.6653645833333334 0.6748046875 0.6744791666666666 0.6865234375 0.68359375 0.70703125 0.7161458333333334 0.7158203125 0.7252604166666666 0.7236328125 0.7291666666666666 0.7265625 0.734375 0.7255859375 0.7421875 0.712890625 0.76171875 0.7119140625 0.796875 0.7060546875 0.8190104166666666 0.7001953125 0.83203125 0.6875 0.8489583333333334 0.66796875 0.8606770833333334 0.6533203125 0.8606770833333334 0.640625 0.85546875 0.6337890625 0.8502604166666666 0.623046875 0.8333333333333334 0.607421875 0.8216145833333334 0.59765625 0.8203125 0.591796875 0.81640625 0.578125 0.7942708333333334 0.5751953125 0.7760416666666666 0.5751953125 0.7513020833333334 0.583984375 0.73046875 0.587890625 0.7083333333333334 0.59375 0.6966145833333334 0.6083984375 0.6809895833333334 0.625 0.6705729166666666 0.634765625 0.6666666666666666 0.650390625 0.6653645833333334
0 0.345703125 0.31640625 0.3671875 0.3294270833333333 0.3837890625 0.3528645833333333 0.3896484375 0.375 0.4033203125 0.40625 0.4033203125 0.4388020833333333 0.4013671875 0.4505208333333333 0.3955078125 0.46484375 0.3837890625 0.48828125 0.3740234375 0.5013020833333334 0.35546875 0.5143229166666666 0.33984375 0.5182291666666666 0.3125 0.5143229166666666 0.2900390625 0.5052083333333334 0.2763671875 0.4947916666666667 0.25390625 0.4622395833333333 0.2490234375 0.44921875 0.24609375 0.4283854166666667 0.25 0.3919270833333333 0.263671875 0.3606770833333333 0.2724609375 0.34765625 0.2939453125 0.328125 0.3095703125 0.3190104166666667 0.318359375 0.31640625 0.3447265625 0.31640625
0 0.427734375 0.56640625 0.455078125 0.58203125 0.4775390625 0.6184895833333334 0.4814453125 0.6471354166666666 0.48046875 0.6875 0.4775390625 0.69921875 0.4677734375 0.7213541666666666 0.447265625 0.7473958333333334 0.419921875 0.765625 0.396484375 0.7747395833333334 0.3525390625 0.7734375 0.330078125 0.765625 0.3212890625 0.765625 0.3115234375 0.7565104166666666 0.3134765625 0.7513020833333334 0.306640625 0.7473958333333334 0.30078125 0.734375 0.302734375 0.72265625 0.310546875 0.7109375 0.3115234375 0.7044270833333334 0.310546875 0.6380208333333334 0.31640625 0.6197916666666666 0.3291015625 0.5989583333333334 0.345703125 0.578125 0.359375 0.5677083333333334 0.3828125 0.5611979166666666 0.412109375 0.5625 0.4267578125 0.56640625
0 0.5625 0.3645833333333333 0.5888671875 0.3776041666666667 0.6025390625 0.3932291666666667 0.6123046875 0.39453125 0.630859375 0.4205729166666667 0.6328125 0.4244791666666667 0.6357421875 0.4518229166666667 0.6455078125 0.4908854166666667 0.6435546875 0.5416666666666666 0.6357421875 0.5677083333333334 0.623046875 0.5950520833333334 0.619140625 0.6015625 0.607421875 0.6106770833333334 0.5791015625 0.6184895833333334 0.5576171875 0.6184895833333334 0.54296875 0.61328125 0.529296875 0.60546875 0.4931640625 0.57421875 0.4873046875 0.5625 0.48046875 0.5559895833333334 0.4814453125 0.52734375 0.4677734375 0.4830729166666667 0.4658203125 0.4361979166666667 0.4736328125 0.4244791666666667 0.486328125 0.4114583333333333 0.4931640625 0.3984375 0.4951171875 0.3932291666666667 0.4951171875 0.37890625 0.4990234375 0.37109375 0.5341796875 0.36328125 0.5615234375 0.3645833333333333
0 0.5576171875 0.032552083333333336 0.5615234375 0.036458333333333336 0.5673828125 0.05078125 0.5712890625 0.07421875 0.5703125 0.10677083333333333 0.5673828125 0.109375 0.5634765625 0.09895833333333333 0.5576171875 0.1015625 0.5625 0.10677083333333333 0.5625 0.11067708333333333 0.5654296875 0.11328125 0.5693359375 0.125 0.578125 0.16927083333333334 0.578125 0.20052083333333334 0.57421875 0.21744791666666666 0.5625 0.2421875 0.5478515625 0.26171875 0.5185546875 0.2916666666666667 0.505859375 0.2994791666666667 0.498046875 0.3098958333333333 0.4873046875 0.3190104166666667 0.470703125 0.3190104166666667 0.462890625 0.3216145833333333 0.431640625 0.3190104166666667 0.41796875 0.3138020833333333 0.396484375 0.2734375 0.3916015625 0.2604166666666667 0.388671875 0.24739583333333334 0.388671875 0.23307291666666666 0.392578125 0.21744791666666666 0.3955078125 0.1875 0.404296875 0.15755208333333334 0.423828125 0.12109375 0.4423828125 0.09895833333333333 0.4501953125 0.09375 0.4619140625 0.09114583333333333 0.474609375 0.07942708333333333 0.48828125 0.07552083333333333 0.494140625 0.0625 0.5009765625 0.053385416666666664 0.5107421875 0.052083333333333336 0.521484375 0.055989583333333336 0.533203125 0.049479166666666664 0.5400390625 0.040364583333333336 0.556640625 0.032552083333333336
0 0.6748046875 0.2760416666666667 0.6845703125 0.2799479166666667 0.7099609375 0.296875 0.712890625 0.3059895833333333 0.71484375 0.328125 0.724609375 0.3645833333333333 0.720703125 0.4036458333333333 0.7138671875 0.41796875 0.7001953125 0.43359375 0.6787109375 0.4453125 0.666015625 0.4453125 0.642578125 0.4361979166666667 0.6357421875 0.4205729166666667 0.6220703125 0.4036458333333333 0.6201171875 0.3893229166666667 0.6162109375 0.3854166666666667 0.6064453125 0.3854166666666667 0.6015625 0.3815104166666667 0.59765625 0.3723958333333333 0.595703125 0.34375 0.5966796875 0.3307291666666667 0.603515625 0.3111979166666667 0.6142578125 0.2903645833333333 0.6220703125 0.28125 0.6337890625 0.2747395833333333 0.650390625 0.2721354166666667 0.673828125 0.2760416666666667
0 0.720703125 0.12760416666666666 0.7373046875 0.13802083333333334 0.75 0.15104166666666666 0.7587890625 0.1640625 0.7666015625 0.19921875 0.7666015625 0.22135416666666666 0.7578125 0.2565104166666667 0.740234375 0.2760416666666667 0.71875 0.2916666666666667 0.7119140625 0.2916666666666667 0.677734375 0.2721354166666667 0.6533203125 0.265625 0.6484375 0.2591145833333333 0.642578125 0.24088541666666666 0.640625 0.21354166666666666 0.6474609375 0.18619791666666666 0.654296875 0.16796875 0.669921875 0.14583333333333334 0.6875 0.13151041666666666 0.69921875 0.12760416666666666 0.7197265625 0.12760416666666666