0 0.4111328125 0.75390625 0.419921875 0.7565104166666666 0.4306640625 0.76953125 0.45703125 0.7682291666666666 0.4794921875 0.7747395833333334 0.4990234375 0.7916666666666666 0.5107421875 0.8098958333333334 0.5205078125 0.8541666666666666 0.5224609375 0.8723958333333334 0.521484375 0.9036458333333334 0.51171875 0.9505208333333334 0.5107421875 0.9778645833333334 0.50390625 0.9947916666666666 0.4931640625 0.9986979166666666 0.4765625 0.9986979166666666 0.474609375 0.99609375 0.470703125 0.9986979166666666 0.396484375 0.9986979166666666 0.375 0.9778645833333334 0.361328125 0.9596354166666666 0.34765625 0.9296875 0.3447265625 0.9127604166666666 0.345703125 0.88671875 0.35546875 0.8489583333333334 0.35546875 0.8424479166666666 0.3623046875 0.828125 0.365234375 0.8151041666666666 0.365234375 0.8020833333333334 0.37109375 0.7825520833333334 0.38671875 0.7578125 0.41015625 0.75390625
0 0.263671875 0.421875 0.2861328125 0.4296875 0.3076171875 0.4661458333333333 0.3115234375 0.4765625 0.3125 0.4947916666666667 0.3046875 0.51953125 0.2998046875 0.5546875 0.2880859375 0.5729166666666666 0.2705078125 0.5846354166666666 0.248046875 0.5885416666666666 0.2412109375 0.59375 0.232421875 0.609375 0.2138671875 0.6171875 0.19921875 0.609375 0.18359375 0.5885416666666666 0.17578125 0.5677083333333334 0.173828125 0.5455729166666666 0.1767578125 0.5221354166666666 0.1767578125 0.4986979166666667 0.181640625 0.4765625 0.1826171875 0.44140625 0.185546875 0.4322916666666667 0.19140625 0.4270833333333333 0.197265625 0.44140625 0.2109375 0.4427083333333333 0.2373046875 0.42578125 0.2626953125 0.421875
0 0.4013671875 0.3671875 0.4189453125 0.3815104166666667 0.431640625 0.3997395833333333 0.439453125 0.4453125 0.4375 0.4635416666666667 0.43359375 0.4661458333333333 0.4228515625 0.4544270833333333 0.3955078125 0.4401041666666667 0.3798828125 0.4361979166666667 0.3642578125 0.4361979166666667 0.3369140625 0.45703125 0.3203125 0.4778645833333333 0.3173828125 0.4765625 0.3125 0.4622395833333333 0.3125 0.4453125 0.3154296875 0.4348958333333333 0.3154296875 0.4049479166666667 0.3173828125 0.3984375 0.3515625 0.375 0.365234375 0.3684895833333333 0.3779296875 0.3645833333333333 0.392578125 0.3645833333333333 0.400390625 0.3671875
0 0.2958984375 0.58984375 0.3115234375 0.6015625 0.3291015625 0.6080729166666666 0.3486328125 0.6236979166666666 0.361328125 0.63671875 0.373046875 0.6536458333333334 0.380859375 0.67578125 0.3857421875 0.7018229166666666 0.3857421875 0.7421875 0.3837890625 0.7526041666666666 0.375 0.7643229166666666 0.3671875 0.7799479166666666 0.3564453125 0.8138020833333334 0.3408203125 0.8359375 0.3251953125 0.8515625 0.32421875 0.8619791666666666 0.3193359375 0.875 0.3056640625 0.8671875 0.2939453125 0.8736979166666666 0.265625 0.8828125 0.2373046875 0.8828125 0.2138671875 0.8776041666666666 0.1953125 0.8658854166666666 0.177734375 0.8502604166666666 0.16796875 0.8372395833333334 0.166015625 0.8268229166666666 0.15234375 0.7916666666666666 0.146484375 0.7643229166666666 0.15234375 0.73828125 0.162109375 0.7161458333333334 0.1640625 0.6875 0.19140625 0.63671875 0.2060546875 0.6236979166666666 0.212890625 0.6236979166666666 0.236328125 0.6119791666666666 0.240234375 0.6002604166666666 0.244140625 0.5950520833333334 0.2607421875 0.58984375 0.294921875 0.58984375
0 0.6552734375 0.4348958333333333 0.6640625 0.4401041666666667 0.671875 0.4401041666666667 0.6796875 0.4440104166666667 0.708984375 0.4505208333333333 0.7265625 0.4622395833333333 0.7490234375 0.49609375 0.7578125 0.5247395833333334 0.7587890625 0.5598958333333334 0.7548828125 0.5807291666666666 0.73046875 0.62890625 0.7412109375 0.6393229166666666 0.744140625 0.6471354166666666 0.744140625 0.65234375 0.7392578125 0.66015625 0.732421875 0.6653645833333334 0.720703125 0.6666666666666666 0.6884765625 0.6549479166666666 0.6708984375 0.6536458333333334 0.6435546875 0.6705729166666666 0.6328125 0.66796875 0.60546875 0.6510416666666666 0.5791015625 0.6197916666666666 0.572265625 0.5963541666666666 0.57421875 0.53125 0.576171875 0.5221354166666666 0.5712890625 0.51171875 0.5712890625 0.5052083333333334 0.5966796875 0.4661458333333333 0.630859375 0.4388020833333333 0.646484375 0.43359375 0.654296875 0.4348958333333333
0 0.716796875 0.3216145833333333 0.736328125 0.3268229166666667 0.759765625 0.33984375 0.7822265625 0.3658854166666667 0.7890625 0.3697916666666667 0.79296875 0.37890625 0.79296875 0.3932291666666667 0.798828125 0.4088541666666667 0.7978515625 0.453125 0.794921875 0.46875 0.787109375 0.4908854166666667 0.779296875 0.5026041666666666 0.76171875 0.5169270833333334 0.7568359375 0.5143229166666666 0.7509765625 0.4947916666666667 0.734375 0.4713541666666667 0.7314453125 0.4622395833333333 0.7275390625 0.45703125 0.7138671875 0.4479166666666667 0.712890625 0.4453125 0.72265625 0.4322916666666667 0.7158203125 0.4231770833333333 0.693359375 0.4166666666666667 0.6630859375 0.4166666666666667 0.6552734375 0.4283854166666667 0.638671875 0.4309895833333333 0.623046875 0.4401041666666667 0.609375 0.4518229166666667 0.6044921875 0.453125 0.5986328125 0.4453125 0.59765625 0.43359375 0.5908203125 0.4140625 0.591796875 0.38671875 0.6015625 0.3776041666666667 0.6123046875 0.3515625 0.625 0.3346354166666667 0.6611328125 0.3203125 0.7158203125 0.3216145833333333
0 0.8330078125 0.3841145833333333 0.8525390625 0.3893229166666667 0.865234375 0.3984375 0.861328125 0.41796875 0.876953125 0.4427083333333333 0.8798828125 0.4622395833333333 0.884765625 0.47265625 0.8837890625 0.4778645833333333 0.873046875 0.4921875 0.8583984375 0.4973958333333333 0.8466796875 0.5078125 0.837890625 0.5104166666666666 0.8251953125 0.5091145833333334 0.8203125 0.5052083333333334 0.8017578125 0.5013020833333334 0.7890625 0.4947916666666667 0.7998046875 0.4518229166666667 0.802734375 0.4309895833333333 0.802734375 0.4049479166666667 0.8173828125 0.38671875 0.83203125 0.3841145833333333
0 0.744140625 0.6080729166666666 0.7490234375 0.6067708333333334 0.7548828125 0.6106770833333334 0.76953125 0.62890625 0.7841796875 0.66015625 0.787109375 0.6783854166666666 0.787109375 0.7083333333333334 0.783203125 0.734375 0.7724609375 0.7552083333333334 0.7529296875 0.7747395833333334 0.734375 0.7838541666666666 0.71484375 0.78515625 0.7041015625 0.7838541666666666 0.6796875 0.76953125 0.666015625 0.75390625 0.66015625 0.73828125 0.642578125 0.7109375 0.6357421875 0.6927083333333334 0.63671875 0.6744791666666666 0.6435546875 0.6875 0.6474609375 0.6875 0.65234375 0.6796875 0.6513671875 0.671875 0.65625 0.66796875 0.66796875 0.6705729166666666 0.673828125 0.6640625 0.6845703125 0.6653645833333334 0.6923828125 0.6614583333333334 0.7099609375 0.6666666666666666 0.71875 0.671875 0.720703125 0.67578125 0.7216796875 0.6731770833333334 0.7353515625 0.6666666666666666 0.7470703125 0.6536458333333334 0.7470703125 0.6458333333333334 0.744140625 0.63671875 0.736328125 0.6276041666666666 0.7373046875 0.6197916666666666 0.744140625 0.609375
0 0.498046875 0.4661458333333333 0.5185546875 0.46875 0.5322265625 0.4778645833333333 0.5537109375 0.49609375 0.5673828125 0.515625 0.5712890625 0.52734375 0.568359375 0.5924479166666666 0.5751953125 0.62109375 0.583984375 0.6341145833333334 0.583984375 0.6432291666666666 0.57421875 0.6744791666666666 0.5673828125 0.6848958333333334 0.56640625 0.69140625 0.556640625 0.6979166666666666 0.5390625 0.6940104166666666 0.5302734375 0.7018229166666666 0.5283203125 0.70703125 0.525390625 0.7044270833333334 0.517578125 0.7109375 0.5107421875 0.7200520833333334 0.5087890625 0.7265625 0.501953125 0.7317708333333334 0.4765625 0.7330729166666666 0.4560546875 0.7200520833333334 0.453125 0.7252604166666666 0.4384765625 0.7356770833333334 0.4326171875 0.7330729166666666 0.4248046875 0.7174479166666666 0.4248046875 0.7057291666666666 0.4345703125 0.69921875 0.421875 0.6822916666666666 0.41796875 0.67578125 0.4169921875 0.66796875 0.4140625 0.6653645833333334 0.4140625 0.6549479166666666 0.4111328125 0.6497395833333334 0.408203125 0.6276041666666666 0.4150390625 0.6223958333333334 0.4248046875 0.6197916666666666 0.427734375 0.6236979166666666 0.4287109375 0.6341145833333334 0.4306640625 0.6263020833333334 0.4365234375 0.6197916666666666 0.4326171875 0.6158854166666666 0.4375 0.61328125 0.4384765625 0.6080729166666666 0.443359375 0.60546875 0.4404296875 0.6015625 0.443359375 0.6015625 0.4462890625 0.5963541666666666 0.453125 0.5950520833333334 0.44921875 0.5872395833333334 0.45703125 0.5807291666666666 0.45703125 0.5677083333333334 0.453125 0.5533854166666666 0.4560546875 0.5260416666666666 0.455078125 0.5091145833333334 0.447265625 0.484375 0.44140625 0.4739583333333333 0.46484375 0.4661458333333333 0.4970703125 0.4661458333333333
0 0.6083984375 0.6927083333333334 0.634765625 0.70703125 0.6533203125 0.7330729166666666 0.671875 0.7721354166666666 0.669921875 0.7799479166666666 0.6708984375 0.8411458333333334 0.6650390625 0.8567708333333334 0.65625 0.8919270833333334 0.6337890625 0.9166666666666666 0.6220703125 0.9244791666666666 0.6103515625 0.9283854166666666 0.5830078125 0.9270833333333334 0.5673828125 0.921875 0.5390625 0.89453125 0.5244140625 0.8541666666666666 0.513671875 0.7890625 0.5146484375 0.7643229166666666 0.5205078125 0.7526041666666666 0.5263671875 0.7473958333333334 0.52734375 0.73828125 0.5341796875 0.7291666666666666 0.5322265625 0.72265625 0.5361328125 0.7096354166666666 0.5439453125 0.7109375 0.5703125 0.6953125 0.5791015625 0.6927083333333334 0.607421875 0.6927083333333334
0 0.5185546875 0.3229166666666667 0.525390625 0.3268229166666667 0.552734375 0.36328125 0.5576171875 0.3763020833333333 0.578125 0.4049479166666667 0.578125 0.4114583333333333 0.5751953125 0.4192708333333333 0.5595703125 0.43359375 0.541015625 0.4635416666666667 0.533203125 0.4700520833333333 0.52734375 0.4700520833333333 0.51953125 0.46484375 0.4580078125 0.4622395833333333 0.447265625 0.4479166666666667 0.4443359375 0.4401041666666667 0.4345703125 0.3958333333333333 0.4375 0.3776041666666667 0.4443359375 0.359375 0.46484375 0.3333333333333333 0.48046875 0.32421875 0.4931640625 0.3203125 0.509765625 0.3203125 0.517578125 0.3229166666666667
0 0.3759765625 0.4375 0.4013671875 0.4440104166666667 0.4248046875 0.4583333333333333 0.4453125 0.4869791666666667 0.453125 0.51171875 0.453125 0.5338541666666666 0.4501953125 0.54296875 0.44921875 0.5638020833333334 0.4462890625 0.5703125 0.4296875 0.5911458333333334 0.4248046875 0.6028645833333334 0.4140625 0.6171875 0.3857421875 0.62890625 0.3671875 0.62890625 0.3525390625 0.6223958333333334 0.3212890625 0.5950520833333334 0.3173828125 0.59765625 0.310546875 0.5950520833333334 0.30078125 0.5859375 0.2958984375 0.5768229166666666 0.2978515625 0.56640625 0.3056640625 0.5572916666666666 0.3056640625 0.53125 0.3115234375 0.515625 0.31640625 0.4908854166666667 0.3232421875 0.4765625 0.3369140625 0.4583333333333333 0.353515625 0.4453125 0.3662109375 0.4375 0.375 0.4375