0 0.6440972222222222 0.22786458333333334 0.65625 0.23046875 0.6875 0.24609375 0.6979166666666666 0.25390625 0.7239583333333334 0.28125 0.734375 0.3072916666666667 0.734375 0.3229166666666667 0.7309027777777778 0.3359375 0.7222222222222222 0.3502604166666667 0.7100694444444444 0.36328125 0.6857638888888888 0.3802083333333333 0.6649305555555556 0.3854166666666667 0.6493055555555556 0.3932291666666667 0.6423611111111112 0.3932291666666667 0.6302083333333334 0.3893229166666667 0.6145833333333334 0.3893229166666667 0.5972222222222222 0.3854166666666667 0.5885416666666666 0.3854166666666667 0.5590277777777778 0.3763020833333333 0.5399305555555556 0.3619791666666667 0.5295138888888888 0.3463541666666667 0.5173611111111112 0.3372395833333333 0.5086805555555556 0.3203125 0.5052083333333334 0.3059895833333333 0.5052083333333334 0.29296875 0.5104166666666666 0.2747395833333333 0.5208333333333334 0.2604166666666667 0.53125 0.2526041666666667 0.5538194444444444 0.24088541666666666 0.5902777777777778 0.22916666666666666 0.6111111111111112 0.2265625 0.6423611111111112 0.22786458333333334
0 0.4253472222222222 0.4661458333333333 0.453125 0.4739583333333333 0.4618055555555556 0.4830729166666667 0.46875 0.484375 0.4739583333333333 0.48828125 0.4756944444444444 0.4908854166666667 0.4670138888888889 0.4934895833333333 0.4722222222222222 0.4986979166666667 0.4930555555555556 0.5052083333333334 0.5138888888888888 0.5182291666666666 0.5295138888888888 0.5364583333333334 0.5329861111111112 0.5481770833333334 0.5329861111111112 0.5677083333333334 0.5295138888888888 0.578125 0.5190972222222222 0.5963541666666666 0.5138888888888888 0.6002604166666666 0.5086805555555556 0.6028645833333334 0.4895833333333333 0.6028645833333334 0.4739583333333333 0.5989583333333334 0.4548611111111111 0.5989583333333334 0.4392361111111111 0.6106770833333334 0.4114583333333333 0.6067708333333334 0.3888888888888889 0.5950520833333334 0.3680555555555556 0.578125 0.359375 0.55859375 0.359375 0.546875 0.3645833333333333 0.5377604166666666 0.3680555555555556 0.5221354166666666 0.3784722222222222 0.51171875 0.3871527777777778 0.5052083333333334 0.3923611111111111 0.50390625 0.3923611111111111 0.5013020833333334 0.40625 0.4973958333333333 0.4010416666666667 0.4934895833333333 0.3958333333333333 0.49609375 0.3836805555555556 0.4934895833333333 0.3802083333333333 0.4908854166666667 0.3802083333333333 0.484375 0.3836805555555556 0.4778645833333333 0.3975694444444444 0.47265625 0.4045138888888889 0.4661458333333333 0.4114583333333333 0.4635416666666667 0.4236111111111111 0.4661458333333333
0 0.4791666666666667 0.6041666666666666 0.5086805555555556 0.6119791666666666 0.5451388888888888 0.63671875 0.5729166666666666 0.6653645833333334 0.5798611111111112 0.6809895833333334 0.578125 0.71875 0.5711805555555556 0.7330729166666666 0.5451388888888888 0.7513020833333334 0.5034722222222222 0.7643229166666666 0.4652777777777778 0.7643229166666666 0.4409722222222222 0.7565104166666666 0.421875 0.75390625 0.3940972222222222 0.734375 0.390625 0.7330729166666666 0.3802083333333333 0.7369791666666666 0.375 0.7317708333333334 0.3680555555555556 0.7135416666666666 0.3697916666666667 0.7096354166666666 0.3784722222222222 0.7057291666666666 0.3767361111111111 0.6796875 0.3854166666666667 0.6510416666666666 0.3923611111111111 0.6419270833333334 0.4045138888888889 0.6328125 0.4184027777777778 0.6263020833333334 0.4392361111111111 0.62109375 0.4461805555555556 0.6158854166666666 0.4496527777777778 0.6067708333333334 0.4583333333333333 0.6041666666666666 0.4774305555555556 0.6041666666666666
0 0.4496527777777778 0.3203125 0.4913194444444444 0.33984375 0.5069444444444444 0.3528645833333333 0.5138888888888888 0.3684895833333333 0.5138888888888888 0.3893229166666667 0.5086805555555556 0.4036458333333333 0.46875 0.4375 0.4496527777777778 0.4505208333333333 0.4409722222222222 0.4505208333333333 0.4305555555555556 0.4466145833333333 0.4166666666666667 0.4322916666666667 0.4027777777777778 0.4309895833333333 0.4027777777777778 0.4270833333333333 0.3819444444444444 0.4127604166666667 0.3732638888888889 0.4036458333333333 0.3663194444444444 0.3841145833333333 0.3715277777777778 0.359375 0.3854166666666667 0.34375 0.3993055555555556 0.3333333333333333 0.4201388888888889 0.32421875 0.4288194444444444 0.3229166666666667 0.4322916666666667 0.3203125 0.4479166666666667 0.3203125
0 0.2760416666666667 0.26953125 0.3211805555555556 0.2877604166666667 0.3420138888888889 0.3033854166666667 0.3559027777777778 0.3216145833333333 0.3628472222222222 0.3372395833333333 0.3663194444444444 0.36328125 0.3611111111111111 0.3841145833333333 0.3541666666666667 0.3958333333333333 0.34375 0.40625 0.3211805555555556 0.41796875 0.2847222222222222 0.4166666666666667 0.2621527777777778 0.4231770833333333 0.23958333333333334 0.4231770833333333 0.21354166666666666 0.4166666666666667 0.1875 0.4049479166666667 0.1701388888888889 0.3919270833333333 0.1579861111111111 0.37890625 0.14583333333333334 0.359375 0.1423611111111111 0.3268229166666667 0.14583333333333334 0.3151041666666667 0.1527777777777778 0.3059895833333333 0.1840277777777778 0.28515625 0.2013888888888889 0.27734375 0.21006944444444445 0.2760416666666667 0.21875 0.2682291666666667 0.24131944444444445 0.2682291666666667 0.2517361111111111 0.2721354166666667 0.2621527777777778 0.26953125 0.2743055555555556 0.26953125
0 0.3055555555555556 0.4205729166666667 0.3194444444444444 0.4244791666666667 0.3246527777777778 0.4296875 0.34375 0.4348958333333333 0.3628472222222222 0.44921875 0.3732638888888889 0.46484375 0.375 0.4921875 0.3697916666666667 0.5065104166666666 0.3611111111111111 0.51953125 0.3611111111111111 0.53515625 0.3559027777777778 0.54296875 0.2986111111111111 0.5494791666666666 0.2725694444444444 0.5481770833333334 0.22916666666666666 0.5377604166666666 0.21875 0.5325520833333334 0.2065972222222222 0.5169270833333334 0.2013888888888889 0.5052083333333334 0.2013888888888889 0.4830729166666667 0.20833333333333334 0.46875 0.21875 0.4583333333333333 0.2222222222222222 0.4505208333333333 0.2361111111111111 0.4375 0.2517361111111111 0.4296875 0.2690972222222222 0.4270833333333333 0.28125 0.421875 0.3038194444444444 0.4205729166666667
0 0.2378472222222222 0.54296875 0.24479166666666666 0.5455729166666666 0.2534722222222222 0.5455729166666666 0.2743055555555556 0.5533854166666666 0.3125 0.5559895833333334 0.3246527777777778 0.55859375 0.34375 0.5729166666666666 0.3576388888888889 0.59765625 0.3576388888888889 0.6276041666666666 0.3541666666666667 0.6380208333333334 0.3454861111111111 0.6471354166666666 0.328125 0.6744791666666666 0.3142361111111111 0.6731770833333334 0.2777777777777778 0.6744791666666666 0.24131944444444445 0.6705729166666666 0.2222222222222222 0.6653645833333334 0.19444444444444445 0.6471354166666666 0.1875 0.6328125 0.1875 0.6158854166666666 0.19270833333333334 0.6015625 0.203125 0.5846354166666666 0.203125 0.5638020833333334 0.2170138888888889 0.5494791666666666 0.22743055555555555 0.54296875 0.2361111111111111 0.54296875
0 0.5642361111111112 0.3984375 0.5868055555555556 0.40234375 0.6076388888888888 0.4114583333333333 0.6197916666666666 0.4205729166666667 0.6302083333333334 0.4401041666666667 0.6302083333333334 0.4739583333333333 0.6284722222222222 0.48046875 0.6163194444444444 0.4895833333333333 0.6197916666666666 0.5026041666666666 0.6076388888888888 0.51171875 0.5954861111111112 0.5143229166666666 0.5850694444444444 0.5104166666666666 0.5763888888888888 0.5104166666666666 0.5694444444444444 0.515625 0.5538194444444444 0.5182291666666666 0.5277777777777778 0.5169270833333334 0.5173611111111112 0.5143229166666666 0.4913194444444444 0.5013020833333334 0.4861111111111111 0.4973958333333333 0.4826388888888889 0.4895833333333333 0.4704861111111111 0.4791666666666667 0.46875 0.4557291666666667 0.4722222222222222 0.4453125 0.484375 0.4283854166666667 0.5034722222222222 0.4127604166666667 0.5347222222222222 0.4010416666666667 0.5625 0.3984375
0 0.4288194444444444 0.21484375 0.4496527777777778 0.22265625 0.4704861111111111 0.24088541666666666 0.4774305555555556 0.2578125 0.4756944444444444 0.2825520833333333 0.4670138888888889 0.2981770833333333 0.4496527777777778 0.3138020833333333 0.3958333333333333 0.3307291666666667 0.3732638888888889 0.3294270833333333 0.3576388888888889 0.3203125 0.3472222222222222 0.3046875 0.3229166666666667 0.2838541666666667 0.3246527777777778 0.2630208333333333 0.3368055555555556 0.24348958333333334 0.3506944444444444 0.23307291666666666 0.375 0.22005208333333334 0.3958333333333333 0.21354166666666666 0.4270833333333333 0.21484375
0 0.7534722222222222 0.3671875 0.7690972222222222 0.37109375 0.7951388888888888 0.3919270833333333 0.8038194444444444 0.4036458333333333 0.8055555555555556 0.4127604166666667 0.8107638888888888 0.421875 0.8072916666666666 0.42578125 0.796875 0.4205729166666667 0.7881944444444444 0.421875 0.7829861111111112 0.4270833333333333 0.7847222222222222 0.4296875 0.7829861111111112 0.4361979166666667 0.7621527777777778 0.4309895833333333 0.7204861111111112 0.4244791666666667 0.7100694444444444 0.4270833333333333 0.6770833333333334 0.42578125 0.6684027777777778 0.4231770833333333 0.6614583333333334 0.4153645833333333 0.65625 0.4036458333333333 0.65625 0.3971354166666667 0.6649305555555556 0.3893229166666667 0.6927083333333334 0.3815104166666667 0.7118055555555556 0.3671875 0.7361111111111112 0.3684895833333333 0.7517361111111112 0.3671875
0 0.6388888888888888 0.5455729166666666 0.6597222222222222 0.5559895833333334 0.6736111111111112 0.56640625 0.6805555555555556 0.5755208333333334 0.6840277777777778 0.5833333333333334 0.6822916666666666 0.61328125 0.6770833333333334 0.6223958333333334 0.6510416666666666 0.6380208333333334 0.6371527777777778 0.6419270833333334 0.6111111111111112 0.64453125 0.5989583333333334 0.64453125 0.5920138888888888 0.6419270833333334 0.5815972222222222 0.6328125 0.5694444444444444 0.6276041666666666 0.5555555555555556 0.6158854166666666 0.5451388888888888 0.59375 0.5434027777777778 0.5859375 0.5451388888888888 0.57421875 0.5503472222222222 0.5638020833333334 0.5607638888888888 0.5559895833333334 0.5885416666666666 0.5455729166666666 0.6163194444444444 0.5416666666666666 0.6284722222222222 0.5416666666666666 0.6371527777777778 0.5455729166666666
0 0.3420138888888889 0.6783854166666666 0.3472222222222222 0.6861979166666666 0.3489583333333333 0.6953125 0.3611111111111111 0.7122395833333334 0.3611111111111111 0.7252604166666666 0.3645833333333333 0.7369791666666666 0.3645833333333333 0.76171875 0.3559027777777778 0.7760416666666666 0.3385416666666667 0.7890625 0.328125 0.7942708333333334 0.3020833333333333 0.80078125 0.2465277777777778 0.7981770833333334 0.2326388888888889 0.79296875 0.2222222222222222 0.7578125 0.21354166666666666 0.7486979166666666 0.21354166666666666 0.73046875 0.2204861111111111 0.7161458333333334 0.24131944444444445 0.69921875 0.2881944444444444 0.68359375 0.3055555555555556 0.6809895833333334 0.3315972222222222 0.6809895833333334 0.3350694444444444 0.6783854166666666 0.3402777777777778 0.6783854166666666