0 0.3975694444444444 0.4752604166666667 0.40625 0.4791666666666667 0.4201388888888889 0.48046875 0.4305555555555556 0.484375 0.4322916666666667 0.48828125 0.4496527777777778 0.4973958333333333 0.453125 0.5013020833333334 0.4479166666666667 0.50390625 0.4496527777777778 0.5078125 0.46875 0.5143229166666666 0.4930555555555556 0.53125 0.5 0.5403645833333334 0.5069444444444444 0.5611979166666666 0.5017361111111112 0.5846354166666666 0.4913194444444444 0.6002604166666666 0.484375 0.60546875 0.4722222222222222 0.6067708333333334 0.4479166666666667 0.6028645833333334 0.4340277777777778 0.6028645833333334 0.4166666666666667 0.61328125 0.4010416666666667 0.61328125 0.375 0.6028645833333334 0.3524305555555556 0.5872395833333334 0.3402777777777778 0.56640625 0.3402777777777778 0.5559895833333334 0.3472222222222222 0.5338541666666666 0.359375 0.51953125 0.3732638888888889 0.5078125 0.3680555555555556 0.5026041666666666 0.3628472222222222 0.50390625 0.3611111111111111 0.5026041666666666 0.3611111111111111 0.4908854166666667 0.3819444444444444 0.48046875 0.3854166666666667 0.4765625 0.3958333333333333 0.4752604166666667
0 0.4479166666666667 0.6067708333333334 0.4670138888888889 0.609375 0.4791666666666667 0.61328125 0.5190972222222222 0.640625 0.5399305555555556 0.6627604166666666 0.546875 0.67578125 0.5486111111111112 0.6848958333333334 0.546875 0.71484375 0.5381944444444444 0.73046875 0.5190972222222222 0.7447916666666666 0.4756944444444444 0.7591145833333334 0.4427083333333333 0.7591145833333334 0.421875 0.7526041666666666 0.4010416666666667 0.75 0.3715277777777778 0.7291666666666666 0.359375 0.7317708333333334 0.3541666666666667 0.7265625 0.3489583333333333 0.7122395833333334 0.3506944444444444 0.70703125 0.3576388888888889 0.7018229166666666 0.3559027777777778 0.6875 0.3611111111111111 0.6731770833333334 0.3628472222222222 0.6575520833333334 0.3697916666666667 0.6458333333333334 0.3819444444444444 0.6354166666666666 0.4045138888888889 0.625 0.4166666666666667 0.6223958333333334 0.4288194444444444 0.609375 0.4375 0.6067708333333334 0.4461805555555556 0.6067708333333334
0 0.4427083333333333 0.3463541666666667 0.4635416666666667 0.35546875 0.4774305555555556 0.3658854166666667 0.4861111111111111 0.37890625 0.4895833333333333 0.3971354166666667 0.484375 0.4140625 0.4791666666666667 0.421875 0.4670138888888889 0.4296875 0.4444444444444444 0.4505208333333333 0.4322916666666667 0.4596354166666667 0.4253472222222222 0.4622395833333333 0.4166666666666667 0.4622395833333333 0.4079861111111111 0.4583333333333333 0.4027777777777778 0.4505208333333333 0.3958333333333333 0.4453125 0.3819444444444444 0.4440104166666667 0.3819444444444444 0.4388020833333333 0.3784722222222222 0.4348958333333333 0.3663194444444444 0.4283854166666667 0.3506944444444444 0.41015625 0.3489583333333333 0.3919270833333333 0.3559027777777778 0.37109375 0.3611111111111111 0.3645833333333333 0.3802083333333333 0.3502604166666667 0.4149305555555556 0.3385416666666667 0.4340277777777778 0.3411458333333333 0.4409722222222222 0.3463541666666667
0 0.22743055555555555 0.2890625 0.2361111111111111 0.2916666666666667 0.2586805555555556 0.2916666666666667 0.2760416666666667 0.2955729166666667 0.3038194444444444 0.30859375 0.328125 0.328125 0.3350694444444444 0.3372395833333333 0.3420138888888889 0.3489583333333333 0.3472222222222222 0.3658854166666667 0.3472222222222222 0.3841145833333333 0.3402777777777778 0.4049479166666667 0.3315972222222222 0.4153645833333333 0.3211805555555556 0.4231770833333333 0.3020833333333333 0.4309895833333333 0.2725694444444444 0.4296875 0.25 0.4361979166666667 0.2222222222222222 0.4348958333333333 0.17881944444444445 0.4192708333333333 0.16319444444444445 0.4075520833333333 0.14930555555555555 0.3932291666666667 0.1371527777777778 0.3723958333333333 0.13368055555555555 0.3567708333333333 0.13368055555555555 0.3463541666666667 0.1388888888888889 0.33203125 0.16666666666666666 0.3098958333333333 0.20833333333333334 0.2903645833333333 0.22569444444444445 0.2890625
0 0.2881944444444444 0.43359375 0.3003472222222222 0.4361979166666667 0.3107638888888889 0.4427083333333333 0.3263888888888889 0.4479166666666667 0.3472222222222222 0.46484375 0.3559027777777778 0.4791666666666667 0.3559027777777778 0.5026041666666666 0.34375 0.52734375 0.3420138888888889 0.54296875 0.3385416666666667 0.5494791666666666 0.328125 0.5520833333333334 0.2951388888888889 0.5533854166666666 0.2864583333333333 0.5559895833333334 0.2569444444444444 0.5546875 0.24131944444444445 0.5494791666666666 0.22395833333333334 0.5494791666666666 0.2170138888888889 0.546875 0.1996527777777778 0.53125 0.1909722222222222 0.5104166666666666 0.1909722222222222 0.4921875 0.19444444444444445 0.4830729166666667 0.2152777777777778 0.45703125 0.2361111111111111 0.4440104166666667 0.2569444444444444 0.44140625 0.2690972222222222 0.4348958333333333 0.2864583333333333 0.43359375
0 0.2309027777777778 0.5520833333333334 0.2517361111111111 0.5559895833333334 0.2604166666666667 0.5598958333333334 0.2743055555555556 0.5598958333333334 0.28125 0.5625 0.3003472222222222 0.5638020833333334 0.3090277777777778 0.56640625 0.3246527777777778 0.5768229166666666 0.3350694444444444 0.5911458333333334 0.3385416666666667 0.6015625 0.3385416666666667 0.6328125 0.3350694444444444 0.640625 0.3229166666666667 0.6549479166666666 0.3177083333333333 0.66796875 0.3107638888888889 0.6744791666666666 0.2482638888888889 0.6731770833333334 0.2222222222222222 0.6692708333333334 0.2013888888888889 0.6614583333333334 0.18055555555555555 0.64453125 0.17708333333333334 0.6354166666666666 0.17708333333333334 0.6184895833333334 0.18055555555555555 0.6080729166666666 0.19444444444444445 0.5872395833333334 0.19270833333333334 0.5690104166666666 0.19618055555555555 0.5638020833333334 0.21354166666666666 0.5520833333333334 0.22916666666666666 0.5520833333333334
0 0.5451388888888888 0.4140625 0.5590277777777778 0.41796875 0.578125 0.4270833333333333 0.5920138888888888 0.4401041666666667 0.5972222222222222 0.4505208333333333 0.5972222222222222 0.484375 0.59375 0.4921875 0.5850694444444444 0.4986979166666667 0.5833333333333334 0.51171875 0.5729166666666666 0.5208333333333334 0.5625 0.5221354166666666 0.5503472222222222 0.5182291666666666 0.5399305555555556 0.5234375 0.5260416666666666 0.5247395833333334 0.5 0.5247395833333334 0.4895833333333333 0.5221354166666666 0.4670138888888889 0.5104166666666666 0.4461805555555556 0.4895833333333333 0.4444444444444444 0.46875 0.4479166666666667 0.4583333333333333 0.4583333333333333 0.4427083333333333 0.4791666666666667 0.42578125 0.5034722222222222 0.4166666666666667 0.5173611111111112 0.4140625 0.5434027777777778 0.4140625
0 0.609375 0.2513020833333333 0.6232638888888888 0.25390625 0.6458333333333334 0.2643229166666667 0.671875 0.28515625 0.6909722222222222 0.3098958333333333 0.6979166666666666 0.3346354166666667 0.6909722222222222 0.3567708333333333 0.6770833333333334 0.3763020833333333 0.6666666666666666 0.3828125 0.6631944444444444 0.3828125 0.6510416666666666 0.39453125 0.6267361111111112 0.40234375 0.6180555555555556 0.4075520833333333 0.6076388888888888 0.4075520833333333 0.5989583333333334 0.4049479166666667 0.578125 0.4049479166666667 0.5295138888888888 0.3919270833333333 0.5104166666666666 0.3776041666666667 0.5034722222222222 0.3645833333333333 0.4930555555555556 0.3580729166666667 0.4809027777777778 0.3346354166666667 0.4791666666666667 0.3229166666666667 0.4809027777777778 0.3046875 0.4895833333333333 0.2877604166666667 0.5017361111111112 0.27734375 0.5225694444444444 0.265625 0.5625 0.2526041666666667 0.6076388888888888 0.2513020833333333
0 0.4027777777777778 0.23697916666666666 0.4305555555555556 0.24739583333333334 0.4444444444444444 0.2604166666666667 0.453125 0.2747395833333333 0.4548611111111111 0.2825520833333333 0.453125 0.2994791666666667 0.4392361111111111 0.3229166666666667 0.4270833333333333 0.33203125 0.3732638888888889 0.3489583333333333 0.3506944444444444 0.3450520833333333 0.3385416666666667 0.3372395833333333 0.3263888888888889 0.3216145833333333 0.3090277777777778 0.3072916666666667 0.3072916666666667 0.2903645833333333 0.3107638888888889 0.2799479166666667 0.3211805555555556 0.2643229166666667 0.3472222222222222 0.24739583333333334 0.3715277777777778 0.23828125 0.4010416666666667 0.23697916666666666
0 0.6979166666666666 0.3828125 0.6996527777777778 0.3841145833333333 0.7100694444444444 0.3828125 0.7291666666666666 0.38671875 0.7534722222222222 0.40625 0.7604166666666666 0.4153645833333333 0.7690972222222222 0.4361979166666667 0.7673611111111112 0.4388020833333333 0.7621527777777778 0.4388020833333333 0.7552083333333334 0.4348958333333333 0.7447916666666666 0.4361979166666667 0.7413194444444444 0.4388020833333333 0.7395833333333334 0.44921875 0.6944444444444444 0.4401041666666667 0.640625 0.4388020833333333 0.6319444444444444 0.43359375 0.6284722222222222 0.4283854166666667 0.625 0.4192708333333333 0.625 0.4088541666666667 0.6284722222222222 0.40625 0.6493055555555556 0.3997395833333333 0.6631944444444444 0.38671875 0.6770833333333334 0.3828125 0.6961805555555556 0.3828125
0 0.5972222222222222 0.5481770833333334 0.6215277777777778 0.5598958333333334 0.640625 0.57421875 0.6475694444444444 0.5859375 0.6458333333333334 0.6158854166666666 0.640625 0.625 0.6145833333333334 0.640625 0.5798611111111112 0.6458333333333334 0.5694444444444444 0.6458333333333334 0.5607638888888888 0.6432291666666666 0.53125 0.6223958333333334 0.5225694444444444 0.6119791666666666 0.5173611111111112 0.6002604166666666 0.5173611111111112 0.5807291666666666 0.5243055555555556 0.56640625 0.5451388888888888 0.5559895833333334 0.5694444444444444 0.5494791666666666 0.5954861111111112 0.5481770833333334
0 0.3194444444444444 0.6783854166666666 0.3246527777777778 0.6809895833333334 0.3298611111111111 0.6953125 0.3420138888888889 0.7096354166666666 0.3472222222222222 0.7317708333333334 0.3454861111111111 0.7578125 0.3350694444444444 0.7721354166666666 0.3125 0.7864583333333334 0.2916666666666667 0.79296875 0.2586805555555556 0.79296875 0.22743055555555555 0.7903645833333334 0.2222222222222222 0.7890625 0.21875 0.78515625 0.21180555555555555 0.7578125 0.2013888888888889 0.7434895833333334 0.2013888888888889 0.73046875 0.2048611111111111 0.7200520833333334 0.21354166666666666 0.7083333333333334 0.22743055555555555 0.6979166666666666 0.2604166666666667 0.6861979166666666 0.2725694444444444 0.6848958333333334 0.2847222222222222 0.6809895833333334 0.3177083333333333 0.6796875