0 0.9990234375 0.2786458333333333 0.9990234375 0.328125 0.9970703125 0.3294270833333333 0.9970703125 0.3346354166666667 0.9990234375 0.3359375 0.9990234375 0.4401041666666667 0.99609375 0.44140625 0.99609375 0.4453125 0.9990234375 0.4479166666666667 0.9990234375 0.64453125 0.9970703125 0.6458333333333334 0.9970703125 0.6510416666666666 0.9990234375 0.65234375 0.9990234375 0.75 0.994140625 0.7513020833333334 0.9619140625 0.7447916666666666 0.9111328125 0.7239583333333334 0.9033203125 0.7174479166666666 0.8935546875 0.7044270833333334 0.87109375 0.6848958333333334 0.86328125 0.6796875 0.84765625 0.6783854166666666 0.83984375 0.671875 0.8369140625 0.6666666666666666 0.8349609375 0.65234375 0.8232421875 0.609375 0.826171875 0.5846354166666666 0.818359375 0.5416666666666666 0.7890625 0.5104166666666666 0.76953125 0.5104166666666666 0.7646484375 0.5078125 0.763671875 0.4986979166666667 0.7646484375 0.484375 0.771484375 0.4674479166666667 0.775390625 0.44140625 0.779296875 0.4361979166666667 0.7998046875 0.42578125 0.8154296875 0.4283854166666667 0.8212890625 0.4361979166666667 0.82421875 0.4361979166666667 0.828125 0.4309895833333333 0.8359375 0.3971354166666667 0.8408203125 0.38671875 0.837890625 0.3802083333333333 0.8330078125 0.3815104166666667 0.8271484375 0.37890625 0.826171875 0.3723958333333333 0.8291015625 0.36328125 0.8583984375 0.34765625 0.8623046875 0.34765625 0.869140625 0.3385416666666667 0.8759765625 0.3372395833333333 0.90234375 0.3151041666666667 0.931640625 0.296875 0.9892578125 0.2786458333333333 0.998046875 0.2786458333333333
0 0.7197265625 0.53125 0.73828125 0.5325520833333334 0.7548828125 0.5403645833333334 0.7763671875 0.5598958333333334 0.787109375 0.56640625 0.794921875 0.5755208333333334 0.794921875 0.5859375 0.80078125 0.5963541666666666 0.81640625 0.6393229166666666 0.8212890625 0.6588541666666666 0.822265625 0.671875 0.826171875 0.68359375 0.828125 0.7018229166666666 0.8271484375 0.7408854166666666 0.818359375 0.78515625 0.8076171875 0.8138020833333334 0.7724609375 0.875 0.76171875 0.8776041666666666 0.7431640625 0.8919270833333334 0.7294921875 0.8984375 0.7021484375 0.90625 0.6708984375 0.9049479166666666 0.65234375 0.9010416666666666 0.6328125 0.8932291666666666 0.6201171875 0.8828125 0.6171875 0.875 0.607421875 0.8619791666666666 0.5927734375 0.84765625 0.56640625 0.7981770833333334 0.5546875 0.7669270833333334 0.548828125 0.7330729166666666 0.546875 0.66796875 0.556640625 0.6106770833333334 0.560546875 0.6041666666666666 0.564453125 0.6028645833333334 0.5830078125 0.6067708333333334 0.5986328125 0.60546875 0.607421875 0.5989583333333334 0.62109375 0.59375 0.6630859375 0.56640625 0.6748046875 0.5520833333333334 0.689453125 0.5390625 0.7021484375 0.53515625 0.70703125 0.5299479166666666 0.71875 0.53125
0 0.8623046875 0.6901041666666666 0.8828125 0.7005208333333334 0.9052734375 0.7252604166666666 0.927734375 0.73828125 0.9423828125 0.7408854166666666 0.9580078125 0.7486979166666666 0.9814453125 0.7513020833333334 0.9990234375 0.7578125 0.9990234375 0.9244791666666666 0.9921875 0.93359375 0.9658203125 0.94921875 0.9560546875 0.9596354166666666 0.9365234375 0.9635416666666666 0.912109375 0.9609375 0.900390625 0.9505208333333334 0.88671875 0.9453125 0.8544921875 0.921875 0.8408203125 0.9049479166666666 0.837890625 0.8958333333333334 0.8310546875 0.8893229166666666 0.8173828125 0.85546875 0.814453125 0.8216145833333334 0.8271484375 0.7877604166666666 0.828125 0.7721354166666666 0.8310546875 0.7552083333333334 0.8349609375 0.7473958333333334 0.8349609375 0.7408854166666666 0.8369140625 0.7408854166666666 0.841796875 0.7317708333333334 0.8388671875 0.7135416666666666 0.841796875 0.7122395833333334 0.845703125 0.7044270833333334 0.845703125 0.6979166666666666 0.8515625 0.6966145833333334 0.85546875 0.69140625 0.861328125 0.69140625
0 0.5625 0.9075520833333334 0.5771484375 0.9205729166666666 0.595703125 0.9518229166666666 0.6025390625 0.9778645833333334 0.6005859375 0.9986979166666666 0.46484375 0.9986979166666666 0.4765625 0.9739583333333334 0.490234375 0.9518229166666666 0.50390625 0.9427083333333334 0.5263671875 0.9401041666666666 0.53515625 0.9296875 0.5380859375 0.9192708333333334 0.5419921875 0.9140625 0.55078125 0.9075520833333334 0.5615234375 0.9075520833333334
0 0.216796875 0.5572916666666666 0.244140625 0.57421875 0.2548828125 0.57421875 0.2734375 0.5677083333333334 0.28515625 0.5677083333333334 0.2900390625 0.5703125 0.3095703125 0.5911458333333334 0.3154296875 0.6015625 0.3271484375 0.6328125 0.3291015625 0.6432291666666666 0.3271484375 0.66015625 0.3076171875 0.6966145833333334 0.30078125 0.71875 0.2998046875 0.765625 0.2978515625 0.7708333333333334 0.2861328125 0.7864583333333334 0.2734375 0.7942708333333334 0.240234375 0.8072916666666666 0.2236328125 0.8059895833333334 0.2119140625 0.796875 0.203125 0.78515625 0.185546875 0.7721354166666666 0.1767578125 0.7526041666666666 0.16015625 0.73046875 0.154296875 0.7096354166666666 0.1396484375 0.6875 0.1376953125 0.6796875 0.1396484375 0.6575520833333334 0.13671875 0.65234375 0.134765625 0.6380208333333334 0.1474609375 0.6106770833333334 0.166015625 0.5846354166666666 0.1884765625 0.5638020833333334 0.203125 0.5572916666666666 0.2158203125 0.5572916666666666
0 0.79296875 0.8528645833333334 0.798828125 0.84765625 0.806640625 0.8463541666666666 0.8251953125 0.8919270833333334 0.8349609375 0.9036458333333334 0.853515625 0.93359375 0.8544921875 0.94921875 0.8486328125 0.9908854166666666 0.845703125 0.9986979166666666 0.6826171875 0.9986979166666666 0.681640625 0.99609375 0.6787109375 0.9986979166666666 0.67578125 0.99609375 0.6669921875 0.9986979166666666 0.6142578125 0.9986979166666666 0.611328125 0.9947916666666666 0.6123046875 0.9908854166666666 0.6171875 0.98828125 0.6240234375 0.9661458333333334 0.6220703125 0.94921875 0.623046875 0.92578125 0.62109375 0.91796875 0.623046875 0.9114583333333334 0.6220703125 0.9075520833333334 0.6259765625 0.9010416666666666 0.634765625 0.8997395833333334 0.662109375 0.9088541666666666 0.685546875 0.9127604166666666 0.703125 0.9127604166666666 0.7275390625 0.90625 0.7431640625 0.8997395833333334 0.759765625 0.8880208333333334 0.7724609375 0.8854166666666666 0.787109375 0.8658854166666666 0.79296875 0.8541666666666666
0 0.201171875 0 0.2236328125 0 0.2255859375 0.0026041666666666665 0.23046875 0 0.2490234375 0 0.2509765625 0.0026041666666666665 0.2607421875 0.00390625 0.27734375 0.0026041666666666665 0.279296875 0 0.306640625 0 0.30859375 0.015625 0.3076171875 0.033854166666666664 0.3037109375 0.049479166666666664 0.2978515625 0.0625 0.296875 0.07682291666666667 0.2900390625 0.0859375 0.2939453125 0.09635416666666667 0.30078125 0.10546875 0.3115234375 0.11848958333333333 0.3212890625 0.12630208333333334 0.3251953125 0.13411458333333334 0.3291015625 0.13541666666666666 0.330078125 0.14453125 0.3271484375 0.15885416666666666 0.3291015625 0.16927083333333334 0.34375 0.20833333333333334 0.3525390625 0.22395833333333334 0.353515625 0.23046875 0.36328125 0.24088541666666666 0.3583984375 0.24739583333333334 0.3603515625 0.2643229166666667 0.3583984375 0.28125 0.365234375 0.3020833333333333 0.3642578125 0.3580729166666667 0.3662109375 0.3645833333333333 0.365234375 0.3997395833333333 0.357421875 0.4453125 0.3466796875 0.48046875 0.328125 0.5169270833333334 0.2998046875 0.5481770833333334 0.2744140625 0.5625 0.25390625 0.5677083333333334 0.2412109375 0.56640625 0.2021484375 0.5377604166666666 0.1923828125 0.5338541666666666 0.1708984375 0.5078125 0.15234375 0.4921875 0.13671875 0.47265625 0.1181640625 0.4596354166666667 0.1142578125 0.4544270833333333 0.109375 0.4388020833333333 0.10546875 0.4348958333333333 0.1005859375 0.4153645833333333 0.0888671875 0.3997395833333333 0.0712890625 0.3697916666666667 0.068359375 0.34375 0.0595703125 0.3268229166666667 0.0576171875 0.3046875 0.064453125 0.27734375 0.060546875 0.2669270833333333 0.056640625 0.23307291666666666 0.0576171875 0.1953125 0.0546875 0.15494791666666666 0.05859375 0.13020833333333334 0.076171875 0.09895833333333333 0.08203125 0.09114583333333333 0.0947265625 0.08203125 0.1044921875 0.06770833333333333 0.126953125 0.057291666666666664 0.146484375 0.044270833333333336 0.189453125 0.029947916666666668 0.197265625 0.03125 0.2021484375 0.028645833333333332 0.2060546875 0.022135416666666668 0.2119140625 0.020833333333333332 0.2119140625 0.016927083333333332 0.1982421875 0.00390625 0.201171875 0.0013020833333333333
0 0.4287109375 0.9049479166666666 0.443359375 0.9075520833333334 0.4501953125 0.9140625 0.451171875 0.9401041666666666 0.4619140625 0.9557291666666666 0.4658203125 0.9700520833333334 0.4658203125 0.98046875 0.4619140625 0.9947916666666666 0.458984375 0.9986979166666666 0.3046875 0.9986979166666666 0.3056640625 0.9791666666666666 0.30859375 0.9700520833333334 0.3173828125 0.9661458333333334 0.330078125 0.9674479166666666 0.34765625 0.9622395833333334 0.376953125 0.9348958333333334 0.3896484375 0.9153645833333334 0.3955078125 0.91015625 0.3994140625 0.9075520833333334 0.427734375 0.9049479166666666
0 0.451171875 0.6002604166666666 0.474609375 0.60546875 0.509765625 0.6197916666666666 0.5322265625 0.6354166666666666 0.5400390625 0.64453125 0.5419921875 0.6510416666666666 0.541015625 0.67578125 0.544921875 0.7369791666666666 0.55078125 0.7682291666666666 0.55859375 0.7890625 0.560546875 0.8138020833333334 0.564453125 0.8216145833333334 0.564453125 0.828125 0.568359375 0.8411458333333334 0.572265625 0.84375 0.5810546875 0.84375 0.5849609375 0.8502604166666666 0.583984375 0.8541666666666666 0.5771484375 0.8541666666666666 0.57421875 0.8580729166666666 0.572265625 0.8671875 0.5673828125 0.8645833333333334 0.564453125 0.8658854166666666 0.5673828125 0.8723958333333334 0.5732421875 0.875 0.572265625 0.8776041666666666 0.5634765625 0.8802083333333334 0.5537109375 0.8723958333333334 0.546875 0.8932291666666666 0.5302734375 0.9114583333333334 0.5146484375 0.91796875 0.50390625 0.9153645833333334 0.474609375 0.93359375 0.46875 0.9322916666666666 0.4580078125 0.921875 0.45703125 0.90625 0.4541015625 0.90234375 0.427734375 0.8958333333333334 0.41015625 0.8971354166666666 0.4052734375 0.89453125 0.4033203125 0.8880208333333334 0.3955078125 0.8802083333333334 0.357421875 0.8684895833333334 0.341796875 0.8567708333333334 0.3310546875 0.8541666666666666 0.3271484375 0.84765625 0.3271484375 0.84375 0.3330078125 0.84375 0.337890625 0.8346354166666666 0.328125 0.8255208333333334 0.3251953125 0.8307291666666666 0.32421875 0.8385416666666666 0.3173828125 0.828125 0.310546875 0.8098958333333334 0.3037109375 0.7708333333333334 0.3046875 0.7265625 0.30859375 0.7057291666666666 0.333984375 0.6588541666666666 0.3486328125 0.6393229166666666 0.3701171875 0.6171875 0.3876953125 0.6067708333333334 0.423828125 0.6002604166666666 0.4501953125 0.6002604166666666
0 0.6025390625 0.18229166666666666 0.6318359375 0.19270833333333334 0.650390625 0.20442708333333334 0.67578125 0.22786458333333334 0.6923828125 0.2513020833333333 0.708984375 0.2786458333333333 0.7158203125 0.296875 0.72265625 0.3268229166666667 0.7275390625 0.33984375 0.7314453125 0.3645833333333333 0.7314453125 0.3815104166666667 0.7294921875 0.41796875 0.7236328125 0.4583333333333333 0.70703125 0.4973958333333333 0.6962890625 0.515625 0.6708984375 0.5481770833333334 0.6513671875 0.5677083333333334 0.619140625 0.58984375 0.599609375 0.5989583333333334 0.5859375 0.6015625 0.564453125 0.5989583333333334 0.5302734375 0.5859375 0.5068359375 0.5677083333333334 0.4853515625 0.5442708333333334 0.46484375 0.5078125 0.451171875 0.4674479166666667 0.4423828125 0.4270833333333333 0.4404296875 0.38671875 0.447265625 0.3333333333333333 0.4609375 0.2864583333333333 0.478515625 0.24869791666666666 0.4912109375 0.23046875 0.515625 0.20572916666666666 0.5302734375 0.19401041666666666 0.54296875 0.1875 0.572265625 0.18098958333333334 0.6015625 0.18229166666666666
0 0.2958984375 0.7864583333333334 0.298828125 0.7890625 0.30859375 0.8203125 0.314453125 0.8307291666666666 0.322265625 0.8528645833333334 0.326171875 0.8580729166666666 0.3349609375 0.8645833333333334 0.3466796875 0.8684895833333334 0.3564453125 0.8802083333333334 0.376953125 0.88671875 0.3896484375 0.88671875 0.390625 0.8932291666666666 0.380859375 0.921875 0.36328125 0.9440104166666666 0.3515625 0.953125 0.3359375 0.9609375 0.30859375 0.9609375 0.287109375 0.9557291666666666 0.26171875 0.9466145833333334 0.2451171875 0.9322916666666666 0.232421875 0.9088541666666666 0.224609375 0.88671875 0.2197265625 0.8528645833333334 0.2197265625 0.81640625 0.22265625 0.8125 0.2431640625 0.8111979166666666 0.265625 0.8033854166666666 0.279296875 0.796875 0.2890625 0.7890625 0.294921875 0.7877604166666666