0 0.4809027777777778 0.2903645833333333 0.5086805555555556 0.2942708333333333 0.5277777777777778 0.3033854166666667 0.5451388888888888 0.3177083333333333 0.5503472222222222 0.328125 0.5590277777777778 0.3372395833333333 0.5607638888888888 0.34765625 0.5555555555555556 0.3541666666666667 0.5486111111111112 0.3567708333333333 0.5138888888888888 0.3815104166666667 0.5034722222222222 0.38671875 0.5017361111111112 0.3932291666666667 0.4809027777777778 0.4244791666666667 0.4756944444444444 0.4440104166666667 0.4756944444444444 0.4544270833333333 0.4704861111111111 0.4583333333333333 0.4565972222222222 0.4609375 0.4322916666666667 0.4609375 0.4184027777777778 0.45703125 0.4079861111111111 0.4518229166666667 0.3888888888888889 0.4348958333333333 0.3802083333333333 0.421875 0.3715277777777778 0.4010416666666667 0.3715277777777778 0.3854166666666667 0.3645833333333333 0.3502604166666667 0.3680555555555556 0.3450520833333333 0.3802083333333333 0.3359375 0.3975694444444444 0.3268229166666667 0.4305555555555556 0.3020833333333333 0.4583333333333333 0.2916666666666667 0.4791666666666667 0.2903645833333333
0 0.6111111111111112 0.578125 0.6302083333333334 0.5768229166666666 0.6493055555555556 0.5703125 0.6666666666666666 0.5677083333333334 0.7118055555555556 0.56640625 0.7170138888888888 0.5677083333333334 0.7274305555555556 0.5768229166666666 0.7621527777777778 0.5859375 0.8072916666666666 0.6171875 0.828125 0.6354166666666666 0.8420138888888888 0.6575520833333334 0.8559027777777778 0.69921875 0.8541666666666666 0.7291666666666666 0.8350694444444444 0.7591145833333334 0.8142361111111112 0.7760416666666666 0.7864583333333334 0.7942708333333334 0.7638888888888888 0.8046875 0.7291666666666666 0.8151041666666666 0.6996527777777778 0.8190104166666666 0.6475694444444444 0.8177083333333334 0.6336805555555556 0.81640625 0.6215277777777778 0.8125 0.5989583333333334 0.81640625 0.5850694444444444 0.81640625 0.5815972222222222 0.8072916666666666 0.5711805555555556 0.7994791666666666 0.5520833333333334 0.79296875 0.5434027777777778 0.7864583333333334 0.5347222222222222 0.7721354166666666 0.5260416666666666 0.7630208333333334 0.5243055555555556 0.7578125 0.5260416666666666 0.7486979166666666 0.5329861111111112 0.7434895833333334 0.5277777777777778 0.73828125 0.5190972222222222 0.7161458333333334 0.5208333333333334 0.6966145833333334 0.5173611111111112 0.6848958333333334 0.5173611111111112 0.6588541666666666 0.5260416666666666 0.6393229166666666 0.5416666666666666 0.62109375 0.5642361111111112 0.60546875 0.5868055555555556 0.5950520833333334 0.6111111111111112 0.5794270833333334
0 0.2864583333333333 0.2721354166666667 0.3038194444444444 0.2760416666666667 0.3211805555555556 0.2838541666666667 0.3541666666666667 0.3177083333333333 0.359375 0.3268229166666667 0.3611111111111111 0.3372395833333333 0.3611111111111111 0.3697916666666667 0.3524305555555556 0.3841145833333333 0.3350694444444444 0.39453125 0.2829861111111111 0.3919270833333333 0.2517361111111111 0.3971354166666667 0.2361111111111111 0.4036458333333333 0.22743055555555555 0.4036458333333333 0.21354166666666666 0.3984375 0.19618055555555555 0.38671875 0.1840277777777778 0.3671875 0.18055555555555555 0.3567708333333333 0.18229166666666666 0.3372395833333333 0.1909722222222222 0.3216145833333333 0.19791666666666666 0.2994791666666667 0.21006944444444445 0.2877604166666667 0.22395833333333334 0.2799479166666667 0.24479166666666666 0.2734375 0.2847222222222222 0.2721354166666667
0 0.5 0.7630208333333334 0.5208333333333334 0.7682291666666666 0.5295138888888888 0.7747395833333334 0.5416666666666666 0.7916666666666666 0.5572916666666666 0.8020833333333334 0.5642361111111112 0.8125 0.5729166666666666 0.8424479166666666 0.5729166666666666 0.8671875 0.5694444444444444 0.8802083333333334 0.5607638888888888 0.8958333333333334 0.5364583333333334 0.9244791666666666 0.5190972222222222 0.9348958333333334 0.5 0.94140625 0.4513888888888889 0.9361979166666666 0.4444444444444444 0.94140625 0.4201388888888889 0.9453125 0.40625 0.9427083333333334 0.4045138888888889 0.9322916666666666 0.4114583333333333 0.9244791666666666 0.3923611111111111 0.9127604166666666 0.3888888888888889 0.90625 0.3767361111111111 0.8958333333333334 0.3680555555555556 0.8723958333333334 0.3645833333333333 0.859375 0.3645833333333333 0.8372395833333334 0.375 0.80859375 0.3854166666666667 0.7955729166666666 0.3993055555555556 0.78515625 0.4236111111111111 0.7721354166666666 0.4461805555555556 0.7630208333333334 0.4618055555555556 0.7604166666666666 0.484375 0.7604166666666666 0.4982638888888889 0.7630208333333334
0 0.6736111111111112 0.3359375 0.7118055555555556 0.3463541666666667 0.7274305555555556 0.34765625 0.7395833333333334 0.3528645833333333 0.7465277777777778 0.3528645833333333 0.7517361111111112 0.3567708333333333 0.7604166666666666 0.35546875 0.7673611111111112 0.3502604166666667 0.7725694444444444 0.3502604166666667 0.7795138888888888 0.3541666666666667 0.8055555555555556 0.3815104166666667 0.8211805555555556 0.40625 0.8298611111111112 0.4388020833333333 0.8298611111111112 0.4557291666666667 0.8229166666666666 0.4817708333333333 0.8107638888888888 0.5026041666666666 0.7847222222222222 0.53125 0.7586805555555556 0.5494791666666666 0.7291666666666666 0.5625 0.7100694444444444 0.5598958333333334 0.6892361111111112 0.5598958333333334 0.6631944444444444 0.5625 0.6336805555555556 0.5690104166666666 0.6163194444444444 0.5690104166666666 0.6076388888888888 0.56640625 0.5815972222222222 0.56640625 0.5746527777777778 0.5598958333333334 0.5607638888888888 0.5559895833333334 0.5364583333333334 0.54296875 0.5121527777777778 0.5234375 0.5034722222222222 0.515625 0.4861111111111111 0.4869791666666667 0.4809027777777778 0.4635416666666667 0.4809027777777778 0.4401041666666667 0.4861111111111111 0.421875 0.5052083333333334 0.39453125 0.5503472222222222 0.3606770833333333 0.5677083333333334 0.3528645833333333 0.5763888888888888 0.3515625 0.5885416666666666 0.3450520833333333 0.6076388888888888 0.3424479166666667 0.6215277777777778 0.3372395833333333 0.640625 0.3333333333333333 0.65625 0.3268229166666667 0.6614583333333334 0.3268229166666667 0.671875 0.3359375
0 0.2048611111111111 0.54296875 0.2170138888888889 0.55078125 0.2326388888888889 0.5533854166666666 0.2482638888888889 0.5598958333333334 0.2621527777777778 0.57421875 0.2881944444444444 0.5950520833333334 0.2916666666666667 0.6067708333333334 0.2986111111111111 0.61328125 0.2986111111111111 0.6184895833333334 0.3020833333333333 0.6223958333333334 0.3038194444444444 0.63671875 0.3003472222222222 0.65625 0.3055555555555556 0.6666666666666666 0.2517361111111111 0.6953125 0.22569444444444445 0.703125 0.21875 0.703125 0.19791666666666666 0.7083333333333334 0.16493055555555555 0.7083333333333334 0.14930555555555555 0.7057291666666666 0.13020833333333334 0.6979166666666666 0.1111111111111111 0.6861979166666666 0.10069444444444445 0.6744791666666666 0.09722222222222222 0.6653645833333334 0.09027777777777778 0.6588541666666666 0.0763888888888889 0.6341145833333334 0.0625 0.6223958333333334 0.05381944444444445 0.60546875 0.05381944444444445 0.5963541666666666 0.05555555555555555 0.5924479166666666 0.0642361111111111 0.5859375 0.0763888888888889 0.58203125 0.08854166666666667 0.5729166666666666 0.1111111111111111 0.5755208333333334 0.1579861111111111 0.55078125 0.171875 0.5455729166666666 0.19618055555555555 0.5416666666666666 0.203125 0.54296875
0 0.9288194444444444 0 0.9861111111111112 0 0.9913194444444444 0.005208333333333333 0.9965277777777778 0.03515625 0.9947916666666666 0.06901041666666667 0.9826388888888888 0.08333333333333333 0.9809027777777778 0.1015625 0.9270833333333334 0.140625 0.9027777777777778 0.15494791666666666 0.8645833333333334 0.16276041666666666 0.828125 0.18619791666666666 0.8125 0.21614583333333334 0.7881944444444444 0.23958333333333334 0.7777777777777778 0.2565104166666667 0.7534722222222222 0.2682291666666667 0.7326388888888888 0.2838541666666667 0.6996527777777778 0.2981770833333333 0.6579861111111112 0.3046875 0.6319444444444444 0.3046875 0.6267361111111112 0.3020833333333333 0.6111111111111112 0.3033854166666667 0.5694444444444444 0.296875 0.5520833333333334 0.28515625 0.546875 0.2838541666666667 0.5295138888888888 0.2708333333333333 0.5173611111111112 0.24088541666666666 0.5138888888888888 0.22135416666666666 0.515625 0.20963541666666666 0.5260416666666666 0.19010416666666666 0.5451388888888888 0.16536458333333334 0.5868055555555556 0.125 0.6319444444444444 0.09505208333333333 0.6684027777777778 0.08333333333333333 0.7065972222222222 0.07942708333333333 0.7083333333333334 0.07682291666666667 0.703125 0.07421875 0.7065972222222222 0.07291666666666667 0.7204861111111112 0.07291666666666667 0.734375 0.08333333333333333 0.7673611111111112 0.08984375 0.7847222222222222 0.09765625 0.7934027777777778 0.09895833333333333 0.8055555555555556 0.08333333333333333 0.8298611111111112 0.06380208333333333 0.8454861111111112 0.040364583333333336 0.859375 0.026041666666666668 0.8732638888888888 0.006510416666666667 0.8784722222222222 0.006510416666666667 0.8923611111111112 0.018229166666666668 0.9010416666666666 0.018229166666666668 0.9184027777777778 0.013020833333333334 0.9288194444444444 0.0013020833333333333
0 0.4479166666666667 0.16536458333333334 0.4600694444444444 0.16796875 0.4861111111111111 0.1796875 0.5 0.19270833333333334 0.5069444444444444 0.20442708333333334 0.5086805555555556 0.20963541666666666 0.5069444444444444 0.2799479166666667 0.5017361111111112 0.2877604166666667 0.4618055555555556 0.2877604166666667 0.4513888888888889 0.2903645833333333 0.4288194444444444 0.2994791666666667 0.3993055555555556 0.3190104166666667 0.3854166666666667 0.3216145833333333 0.3732638888888889 0.3216145833333333 0.3645833333333333 0.3177083333333333 0.3402777777777778 0.2994791666666667 0.3263888888888889 0.2786458333333333 0.3229166666666667 0.265625 0.3229166666666667 0.24609375 0.3298611111111111 0.23177083333333334 0.3298611111111111 0.21354166666666666 0.3350694444444444 0.203125 0.3315972222222222 0.18489583333333334 0.3350694444444444 0.18489583333333334 0.3368055555555556 0.18880208333333334 0.3420138888888889 0.19140625 0.3454861111111111 0.19140625 0.3489583333333333 0.1875 0.3541666666666667 0.19270833333333334 0.3576388888888889 0.19270833333333334 0.3628472222222222 0.18880208333333334 0.359375 0.18489583333333334 0.3611111111111111 0.18229166666666666 0.3645833333333333 0.1875 0.3715277777777778 0.18359375 0.3732638888888889 0.18098958333333334 0.3715277777777778 0.17838541666666666 0.3784722222222222 0.17838541666666666 0.3888888888888889 0.17317708333333334 0.4184027777777778 0.16666666666666666 0.4461805555555556 0.16536458333333334
0 0.4375 0.52734375 0.4600694444444444 0.53125 0.4774305555555556 0.5377604166666666 0.5069444444444444 0.5559895833333334 0.5225694444444444 0.5794270833333334 0.5260416666666666 0.6223958333333334 0.5121527777777778 0.65234375 0.5121527777777778 0.69140625 0.4965277777777778 0.7044270833333334 0.4878472222222222 0.7044270833333334 0.4739583333333333 0.7122395833333334 0.4618055555555556 0.7122395833333334 0.4409722222222222 0.7174479166666666 0.4253472222222222 0.71875 0.3993055555555556 0.71484375 0.3697916666666667 0.703125 0.3402777777777778 0.68359375 0.3159722222222222 0.6588541666666666 0.3125 0.6510416666666666 0.3107638888888889 0.625 0.3125 0.6015625 0.3194444444444444 0.5846354166666666 0.34375 0.5533854166666666 0.359375 0.5416666666666666 0.3854166666666667 0.53125 0.4079861111111111 0.5260416666666666 0.4357638888888889 0.52734375
0 0.3072916666666667 0.3958333333333333 0.3263888888888889 0.3984375 0.3385416666666667 0.40234375 0.3697916666666667 0.4192708333333333 0.4010416666666667 0.453125 0.4097222222222222 0.4713541666666667 0.4097222222222222 0.4986979166666667 0.4027777777777778 0.515625 0.3975694444444444 0.5221354166666666 0.3836805555555556 0.5260416666666666 0.3541666666666667 0.5403645833333334 0.3263888888888889 0.5638020833333334 0.2777777777777778 0.5625 0.2378472222222222 0.55078125 0.22743055555555555 0.5455729166666666 0.2204861111111111 0.5455729166666666 0.21354166666666666 0.54296875 0.2013888888888889 0.5325520833333334 0.19444444444444445 0.5208333333333334 0.19270833333333334 0.5091145833333334 0.1840277777777778 0.5013020833333334 0.1840277777777778 0.4921875 0.1892361111111111 0.484375 0.1892361111111111 0.4713541666666667 0.19270833333333334 0.4622395833333333 0.19270833333333334 0.4518229166666667 0.1892361111111111 0.4440104166666667 0.19618055555555555 0.43359375 0.2013888888888889 0.4296875 0.2065972222222222 0.4296875 0.22916666666666666 0.41015625 0.2482638888888889 0.40234375 0.2760416666666667 0.3958333333333333 0.3055555555555556 0.3958333333333333
0 0.2951388888888889 0.7057291666666666 0.3020833333333333 0.7083333333333334 0.3159722222222222 0.7200520833333334 0.3368055555555556 0.7486979166666666 0.34375 0.76953125 0.3420138888888889 0.8098958333333334 0.3211805555555556 0.8346354166666666 0.2916666666666667 0.8567708333333334 0.2760416666666667 0.86328125 0.2465277777777778 0.87109375 0.20833333333333334 0.87109375 0.1909722222222222 0.8671875 0.171875 0.859375 0.1527777777777778 0.8450520833333334 0.14583333333333334 0.83203125 0.140625 0.8111979166666666 0.14583333333333334 0.7747395833333334 0.16666666666666666 0.7356770833333334 0.1736111111111111 0.7278645833333334 0.1909722222222222 0.7161458333333334 0.2065972222222222 0.7109375 0.24131944444444445 0.7044270833333334 0.2934027777777778 0.7057291666666666