0 0.7373046875 0.2565104166666667 0.7861328125 0.2799479166666667 0.798828125 0.28125 0.8125 0.2942708333333333 0.8271484375 0.3020833333333333 0.8330078125 0.30859375 0.8388671875 0.3098958333333333 0.845703125 0.3216145833333333 0.8466796875 0.3346354166666667 0.8515625 0.34375 0.8525390625 0.3502604166666667 0.8662109375 0.375 0.86328125 0.38671875 0.86328125 0.42578125 0.8525390625 0.4518229166666667 0.837890625 0.4674479166666667 0.8291015625 0.48046875 0.8232421875 0.484375 0.8134765625 0.4895833333333333 0.7861328125 0.4947916666666667 0.7822265625 0.4934895833333333 0.7822265625 0.48828125 0.7900390625 0.4661458333333333 0.7958984375 0.4375 0.7958984375 0.40625 0.7919921875 0.3841145833333333 0.7880859375 0.3763020833333333 0.7880859375 0.3606770833333333 0.76953125 0.3372395833333333 0.7431640625 0.3177083333333333 0.70703125 0.2994791666666667 0.67578125 0.29296875 0.673828125 0.2903645833333333 0.677734375 0.2825520833333333 0.703125 0.2604166666666667 0.716796875 0.2552083333333333 0.736328125 0.2565104166666667
0 0.685546875 0.2981770833333333 0.70703125 0.3033854166666667 0.748046875 0.32421875 0.763671875 0.3359375 0.7802734375 0.3567708333333333 0.79296875 0.40234375 0.7939453125 0.4270833333333333 0.791015625 0.4518229166666667 0.7802734375 0.4869791666666667 0.7763671875 0.49609375 0.759765625 0.515625 0.7392578125 0.53125 0.734375 0.5455729166666666 0.7373046875 0.5677083333333334 0.7314453125 0.57421875 0.716796875 0.57421875 0.703125 0.5677083333333334 0.6923828125 0.56640625 0.6767578125 0.5533854166666666 0.662109375 0.5494791666666666 0.640625 0.5390625 0.6328125 0.53125 0.6259765625 0.5325520833333334 0.623046875 0.5247395833333334 0.61328125 0.515625 0.59375 0.4856770833333333 0.5830078125 0.4518229166666667 0.5830078125 0.4127604166666667 0.5859375 0.3984375 0.591796875 0.3841145833333333 0.6005859375 0.37109375 0.60546875 0.3541666666666667 0.6162109375 0.3359375 0.623046875 0.3294270833333333 0.6279296875 0.3190104166666667 0.6357421875 0.3177083333333333 0.6591796875 0.2994791666666667 0.6708984375 0.296875 0.6845703125 0.2981770833333333
0 0.5009765625 0.2578125 0.5205078125 0.26171875 0.556640625 0.2786458333333333 0.5654296875 0.28515625 0.5869140625 0.3151041666666667 0.595703125 0.3346354166666667 0.6005859375 0.3502604166666667 0.599609375 0.3619791666666667 0.5849609375 0.3919270833333333 0.5791015625 0.41796875 0.5791015625 0.4479166666666667 0.587890625 0.4765625 0.5849609375 0.4895833333333333 0.5673828125 0.51171875 0.5546875 0.5208333333333334 0.5283203125 0.5234375 0.5244140625 0.5208333333333334 0.5205078125 0.51171875 0.515625 0.5065104166666666 0.5087890625 0.5065104166666666 0.5048828125 0.5091145833333334 0.501953125 0.515625 0.49609375 0.5169270833333334 0.4921875 0.5221354166666666 0.494140625 0.5247395833333334 0.4912109375 0.5260416666666666 0.4873046875 0.5338541666666666 0.4765625 0.5364583333333334 0.4736328125 0.5260416666666666 0.4677734375 0.5286458333333334 0.4423828125 0.52734375 0.439453125 0.5182291666666666 0.4248046875 0.4921875 0.412109375 0.4986979166666667 0.3974609375 0.4973958333333333 0.3955078125 0.46875 0.3994140625 0.4596354166666667 0.412109375 0.4544270833333333 0.4111328125 0.4453125 0.404296875 0.4270833333333333 0.40625 0.40234375 0.4091796875 0.3958333333333333 0.4150390625 0.390625 0.41015625 0.3854166666666667 0.412109375 0.35546875 0.4443359375 0.34375 0.45703125 0.3359375 0.4677734375 0.32421875 0.474609375 0.3216145833333333 0.4892578125 0.296875 0.49609375 0.2760416666666667 0.4970703125 0.2669270833333333 0.5009765625 0.2591145833333333
0 0.2685546875 0.059895833333333336 0.2763671875 0.07161458333333333 0.2890625 0.078125 0.3203125 0.08463541666666667 0.3359375 0.09244791666666667 0.3486328125 0.10286458333333333 0.361328125 0.12630208333333334 0.36328125 0.14322916666666666 0.3623046875 0.15364583333333334 0.3564453125 0.16666666666666666 0.3369140625 0.19401041666666666 0.333984375 0.20833333333333334 0.3271484375 0.21484375 0.3193359375 0.21744791666666666 0.3134765625 0.234375 0.2978515625 0.22135416666666666 0.2646484375 0.20182291666666666 0.2568359375 0.20182291666666666 0.2451171875 0.21744791666666666 0.224609375 0.21744791666666666 0.212890625 0.21484375 0.208984375 0.20963541666666666 0.20703125 0.20182291666666666 0.2080078125 0.17708333333333334 0.2138671875 0.15234375 0.228515625 0.12890625 0.23046875 0.11588541666666667 0.25 0.08072916666666667 0.2568359375 0.0625 0.26171875 0.05859375 0.267578125 0.059895833333333336
0 0.4501953125 0.11197916666666667 0.474609375 0.12109375 0.4990234375 0.15234375 0.5078125 0.18229166666666666 0.5078125 0.19921875 0.5048828125 0.21354166666666666 0.498046875 0.23046875 0.4833984375 0.1875 0.47265625 0.17057291666666666 0.455078125 0.14973958333333334 0.431640625 0.13411458333333334 0.396484375 0.13020833333333334 0.4013671875 0.11979166666666667 0.4091796875 0.11458333333333333 0.435546875 0.11067708333333333 0.44921875 0.11197916666666667
0 0.8974609375 0.4231770833333333 0.904296875 0.4270833333333333 0.9296875 0.4596354166666667 0.9287109375 0.46484375 0.9189453125 0.48046875 0.9228515625 0.5143229166666666 0.9228515625 0.5247395833333334 0.919921875 0.5325520833333334 0.923828125 0.5403645833333334 0.923828125 0.546875 0.9189453125 0.5533854166666666 0.9052734375 0.5598958333333334 0.8857421875 0.5598958333333334 0.8798828125 0.5625 0.8701171875 0.5625 0.8583984375 0.5572916666666666 0.845703125 0.5390625 0.8359375 0.5325520833333334 0.82421875 0.51953125 0.8017578125 0.5052083333333334 0.7978515625 0.5013020833333334 0.796875 0.49609375 0.8212890625 0.4895833333333333 0.8291015625 0.4830729166666667 0.8369140625 0.4700520833333333 0.8486328125 0.4596354166666667 0.8583984375 0.4466145833333333 0.8671875 0.4283854166666667 0.88671875 0.421875 0.896484375 0.4231770833333333
0 0.353515625 0.45703125 0.365234375 0.4635416666666667 0.375 0.4752604166666667 0.38671875 0.5065104166666666 0.396484375 0.515625 0.4140625 0.5247395833333334 0.431640625 0.5442708333333334 0.4345703125 0.5533854166666666 0.4404296875 0.5611979166666666 0.447265625 0.5859375 0.4462890625 0.6263020833333334 0.443359375 0.6419270833333334 0.4345703125 0.66796875 0.4208984375 0.7005208333333334 0.3994140625 0.7317708333333334 0.396484375 0.7408854166666666 0.39453125 0.7708333333333334 0.388671875 0.7786458333333334 0.3798828125 0.7825520833333334 0.369140625 0.7916666666666666 0.36328125 0.7916666666666666 0.3515625 0.7825520833333334 0.3291015625 0.7552083333333334 0.296875 0.7278645833333334 0.2822265625 0.7044270833333334 0.2734375 0.7018229166666666 0.2666015625 0.6953125 0.2509765625 0.6536458333333334 0.24609375 0.6263020833333334 0.24609375 0.5911458333333334 0.251953125 0.5690104166666666 0.259765625 0.5559895833333334 0.2763671875 0.5364583333333334 0.28125 0.51953125 0.287109375 0.51171875 0.2978515625 0.5052083333333334 0.306640625 0.484375 0.306640625 0.4765625 0.328125 0.4596354166666667 0.3525390625 0.45703125
0 0.2685546875 0.20833333333333334 0.3037109375 0.23046875 0.3232421875 0.25390625 0.341796875 0.2825520833333333 0.3603515625 0.3294270833333333 0.3662109375 0.3606770833333333 0.3662109375 0.3932291666666667 0.361328125 0.42578125 0.3515625 0.44921875 0.3330078125 0.453125 0.318359375 0.4596354166666667 0.302734375 0.4752604166666667 0.2998046875 0.4869791666666667 0.2763671875 0.5182291666666666 0.26953125 0.5221354166666666 0.25 0.5247395833333334 0.244140625 0.5364583333333334 0.2392578125 0.5338541666666666 0.234375 0.5403645833333334 0.2333984375 0.5286458333333334 0.23046875 0.5260416666666666 0.1953125 0.5208333333333334 0.1640625 0.50390625 0.1396484375 0.48046875 0.1259765625 0.4609375 0.10546875 0.40625 0.10546875 0.3333333333333333 0.1083984375 0.3151041666666667 0.1181640625 0.2955729166666667 0.166015625 0.23697916666666666 0.1884765625 0.22786458333333334 0.19140625 0.22265625 0.2177734375 0.22135416666666666 0.234375 0.22265625 0.2412109375 0.2265625 0.251953125 0.21223958333333334 0.2587890625 0.20833333333333334 0.267578125 0.20833333333333334
0 0.6357421875 0.5390625 0.6748046875 0.55859375 0.6923828125 0.5716145833333334 0.7080078125 0.57421875 0.7197265625 0.5794270833333334 0.73046875 0.5794270833333334 0.7373046875 0.5755208333333334 0.74609375 0.5598958333333334 0.7509765625 0.5598958333333334 0.7568359375 0.56640625 0.7626953125 0.58203125 0.7666015625 0.6119791666666666 0.767578125 0.6432291666666666 0.7646484375 0.6627604166666666 0.75390625 0.6888020833333334 0.740234375 0.7096354166666666 0.7255859375 0.7200520833333334 0.70703125 0.7252604166666666 0.6806640625 0.7239583333333334 0.6494140625 0.70703125 0.640625 0.6979166666666666 0.638671875 0.6848958333333334 0.623046875 0.66796875 0.6240234375 0.6536458333333334 0.6201171875 0.640625 0.6201171875 0.6276041666666666 0.6142578125 0.59375 0.6103515625 0.58203125 0.6103515625 0.5703125 0.615234375 0.55078125 0.6220703125 0.5364583333333334 0.634765625 0.5390625
0 0.4404296875 0.140625 0.4599609375 0.15625 0.470703125 0.16927083333333334 0.484375 0.19270833333333334 0.4951171875 0.22916666666666666 0.4951171875 0.2630208333333333 0.4921875 0.27734375 0.484375 0.296875 0.46875 0.3203125 0.4462890625 0.3385416666666667 0.4296875 0.3450520833333333 0.412109375 0.34765625 0.396484375 0.3450520833333333 0.380859375 0.3385416666666667 0.365234375 0.3255208333333333 0.34375 0.27734375 0.33984375 0.25390625 0.3369140625 0.24869791666666666 0.3359375 0.24088541666666666 0.3291015625 0.23307291666666666 0.3291015625 0.22526041666666666 0.33984375 0.21223958333333334 0.3369140625 0.20572916666666666 0.337890625 0.19791666666666666 0.3505859375 0.18229166666666666 0.3525390625 0.17578125 0.3603515625 0.16796875 0.3662109375 0.15755208333333334 0.3779296875 0.15494791666666666 0.38671875 0.14973958333333334 0.3955078125 0.13671875 0.3984375 0.13541666666666666 0.4228515625 0.13411458333333334 0.439453125 0.140625
0 0.56640625 0.5325520833333334 0.578125 0.5403645833333334 0.5908203125 0.5533854166666666 0.6064453125 0.5807291666666666 0.6171875 0.6276041666666666 0.6162109375 0.65625 0.60546875 0.69921875 0.603515625 0.71484375 0.5966796875 0.73046875 0.5771484375 0.7578125 0.5546875 0.7721354166666666 0.5400390625 0.77734375 0.51953125 0.77734375 0.5087890625 0.7747395833333334 0.4873046875 0.7630208333333334 0.4765625 0.7526041666666666 0.4619140625 0.73046875 0.4501953125 0.7005208333333334 0.4462890625 0.68359375 0.4453125 0.6536458333333334 0.45703125 0.578125 0.462890625 0.5625 0.47265625 0.5481770833333334 0.52734375 0.52734375 0.548828125 0.5260416666666666 0.5654296875 0.5325520833333334
0 0.5810546875 0.1484375 0.599609375 0.15494791666666666 0.6142578125 0.16666666666666666 0.62109375 0.17578125 0.6357421875 0.22265625 0.6376953125 0.24088541666666666 0.646484375 0.2721354166666667 0.6455078125 0.2825520833333333 0.63671875 0.2916666666666667 0.6328125 0.2942708333333333 0.6162109375 0.2955729166666667 0.60546875 0.3072916666666667 0.59765625 0.3111979166666667 0.5849609375 0.3059895833333333 0.572265625 0.2864583333333333 0.5576171875 0.2747395833333333 0.513671875 0.25390625 0.5107421875 0.2513020833333333 0.5078125 0.23828125 0.513671875 0.19140625 0.5185546875 0.1796875 0.53125 0.16145833333333334 0.54296875 0.15234375 0.5546875 0.14713541666666666 0.580078125 0.1484375