0 0.841796875 0.078125 0.8623046875 0.09505208333333333 0.8642578125 0.1015625 0.869140625 0.10677083333333333 0.8828125 0.11328125 0.8984375 0.125 0.9150390625 0.15104166666666666 0.919921875 0.16666666666666666 0.921875 0.18489583333333334 0.9208984375 0.20182291666666666 0.916015625 0.22395833333333334 0.900390625 0.2578125 0.841796875 0.3020833333333333 0.8291015625 0.296875 0.7998046875 0.296875 0.7939453125 0.29296875 0.7607421875 0.2513020833333333 0.7490234375 0.2265625 0.7451171875 0.20963541666666666 0.7470703125 0.16666666666666666 0.7607421875 0.13802083333333334 0.787109375 0.11067708333333333 0.79296875 0.1015625 0.8095703125 0.09505208333333333 0.8134765625 0.0859375 0.8271484375 0.08463541666666667 0.8408203125 0.078125
0 0.716796875 0.4895833333333333 0.7490234375 0.5 0.798828125 0.54296875 0.814453125 0.5625 0.8388671875 0.6041666666666666 0.8486328125 0.60546875 0.853515625 0.609375 0.857421875 0.6484375 0.8603515625 0.65234375 0.87109375 0.6575520833333334 0.8759765625 0.6653645833333334 0.8759765625 0.67578125 0.8681640625 0.6927083333333334 0.8681640625 0.7135416666666666 0.8779296875 0.73046875 0.8779296875 0.7369791666666666 0.8662109375 0.7591145833333334 0.86328125 0.7591145833333334 0.8564453125 0.7526041666666666 0.83984375 0.75390625 0.8232421875 0.7786458333333334 0.8173828125 0.7825520833333334 0.80078125 0.7903645833333334 0.79296875 0.7903645833333334 0.7783203125 0.7955729166666666 0.7587890625 0.8046875 0.748046875 0.8046875 0.7060546875 0.7942708333333334 0.6826171875 0.7786458333333334 0.669921875 0.765625 0.6572265625 0.7473958333333334 0.6533203125 0.7486979166666666 0.6533203125 0.7565104166666666 0.650390625 0.7604166666666666 0.6455078125 0.7578125 0.63671875 0.7447916666666666 0.626953125 0.7161458333333334 0.6083984375 0.6484375 0.61328125 0.5846354166666666 0.6298828125 0.54296875 0.6357421875 0.5338541666666666 0.6533203125 0.51171875 0.6748046875 0.4934895833333333 0.6904296875 0.48828125 0.7158203125 0.4895833333333333
0 0.5458984375 0.21875 0.5546875 0.22265625 0.5625 0.23828125 0.5830078125 0.2630208333333333 0.5849609375 0.2734375 0.5927734375 0.2890625 0.5927734375 0.3203125 0.5888671875 0.33203125 0.5830078125 0.3411458333333333 0.5791015625 0.3580729166666667 0.580078125 0.3658854166666667 0.5771484375 0.37890625 0.564453125 0.3971354166666667 0.5556640625 0.3984375 0.5458984375 0.4088541666666667 0.5361328125 0.4036458333333333 0.494140625 0.3697916666666667 0.455078125 0.35546875 0.4521484375 0.3515625 0.4453125 0.3177083333333333 0.4453125 0.2877604166666667 0.4482421875 0.2721354166666667 0.4619140625 0.24348958333333334 0.474609375 0.22916666666666666 0.4873046875 0.22005208333333334 0.501953125 0.21484375 0.5224609375 0.21484375 0.53125 0.21875 0.544921875 0.21875
0 0.470703125 0.36328125 0.4931640625 0.3723958333333333 0.5029296875 0.37890625 0.5283203125 0.4010416666666667 0.5478515625 0.4231770833333333 0.552734375 0.4388020833333333 0.560546875 0.4453125 0.5654296875 0.4544270833333333 0.5810546875 0.5130208333333334 0.580078125 0.5690104166666666 0.5712890625 0.6015625 0.5634765625 0.6015625 0.556640625 0.6067708333333334 0.5361328125 0.6328125 0.5322265625 0.6315104166666666 0.509765625 0.63671875 0.4970703125 0.64453125 0.48046875 0.6497395833333334 0.4423828125 0.6471354166666666 0.4306640625 0.6341145833333334 0.419921875 0.6276041666666666 0.412109375 0.6276041666666666 0.4072265625 0.6328125 0.4072265625 0.6393229166666666 0.40234375 0.6432291666666666 0.3935546875 0.6302083333333334 0.3935546875 0.6041666666666666 0.373046875 0.55859375 0.365234375 0.53515625 0.357421875 0.4986979166666667 0.357421875 0.4583333333333333 0.359375 0.4440104166666667 0.3662109375 0.4205729166666667 0.3798828125 0.3958333333333333 0.3984375 0.3763020833333333 0.41015625 0.3684895833333333 0.4267578125 0.3619791666666667 0.4619140625 0.3606770833333333 0.4697265625 0.36328125
0 0.8369140625 0.3046875 0.8515625 0.3229166666666667 0.8720703125 0.3567708333333333 0.8759765625 0.3697916666666667 0.8818359375 0.40625 0.888671875 0.4166666666666667 0.8896484375 0.4361979166666667 0.884765625 0.4609375 0.8759765625 0.4765625 0.8505859375 0.5013020833333334 0.8388671875 0.5091145833333334 0.8212890625 0.515625 0.7998046875 0.515625 0.7841796875 0.51171875 0.76953125 0.5052083333333334 0.7568359375 0.4947916666666667 0.744140625 0.4791666666666667 0.7353515625 0.4622395833333333 0.7265625 0.4361979166666667 0.7255859375 0.4205729166666667 0.7353515625 0.36328125 0.7431640625 0.3450520833333333 0.76171875 0.3203125 0.7919921875 0.3020833333333333 0.8310546875 0.30078125 0.8359375 0.3046875
0 0.568359375 0.6106770833333334 0.5810546875 0.6158854166666666 0.5888671875 0.6315104166666666 0.599609375 0.64453125 0.6064453125 0.6614583333333334 0.611328125 0.6848958333333334 0.6181640625 0.7005208333333334 0.62109375 0.71484375 0.6298828125 0.7356770833333334 0.6298828125 0.7395833333333334 0.6484375 0.77734375 0.650390625 0.8033854166666666 0.6494140625 0.83203125 0.6455078125 0.8541666666666666 0.63671875 0.8763020833333334 0.6181640625 0.9049479166666666 0.5966796875 0.91796875 0.572265625 0.9270833333333334 0.560546875 0.9388020833333334 0.55078125 0.953125 0.541015625 0.9518229166666666 0.5185546875 0.9348958333333334 0.5126953125 0.93359375 0.4990234375 0.9140625 0.4912109375 0.9088541666666666 0.4775390625 0.8893229166666666 0.4677734375 0.8802083333333334 0.4501953125 0.8463541666666666 0.44140625 0.8411458333333334 0.43359375 0.8255208333333334 0.43359375 0.8203125 0.4384765625 0.8098958333333334 0.4384765625 0.7734375 0.4306640625 0.7682291666666666 0.41796875 0.76953125 0.4169921875 0.7643229166666666 0.421875 0.7486979166666666 0.4375 0.7552083333333334 0.4404296875 0.7526041666666666 0.44140625 0.7265625 0.4462890625 0.71875 0.4580078125 0.6861979166666666 0.4775390625 0.66015625 0.509765625 0.6419270833333334 0.525390625 0.6380208333333334 0.5537109375 0.6393229166666666 0.5556640625 0.6354166666666666 0.552734375 0.6315104166666666 0.552734375 0.62109375 0.560546875 0.6106770833333334 0.5673828125 0.6106770833333334
0 0.3515625 0.37890625 0.361328125 0.3854166666666667 0.373046875 0.3984375 0.373046875 0.40234375 0.3623046875 0.4231770833333333 0.3544921875 0.4596354166666667 0.35546875 0.5026041666666666 0.369140625 0.5611979166666666 0.361328125 0.56640625 0.3408203125 0.5703125 0.3232421875 0.5703125 0.3134765625 0.5677083333333334 0.296875 0.55859375 0.283203125 0.546875 0.267578125 0.5247395833333334 0.259765625 0.5078125 0.2529296875 0.4778645833333333 0.2529296875 0.4557291666666667 0.2626953125 0.4166666666666667 0.2685546875 0.4049479166666667 0.2841796875 0.3893229166666667 0.3095703125 0.3802083333333333 0.3505859375 0.37890625
0 0.38671875 0.17447916666666666 0.404296875 0.18359375 0.427734375 0.20572916666666666 0.447265625 0.23697916666666666 0.451171875 0.24739583333333334 0.4423828125 0.2903645833333333 0.4423828125 0.3307291666666667 0.4345703125 0.3424479166666667 0.431640625 0.3515625 0.4267578125 0.3567708333333333 0.4130859375 0.3619791666666667 0.3876953125 0.37890625 0.3720703125 0.3763020833333333 0.3564453125 0.3697916666666667 0.337890625 0.3489583333333333 0.322265625 0.3385416666666667 0.3125 0.32421875 0.2998046875 0.31640625 0.291015625 0.2994791666666667 0.291015625 0.2916666666666667 0.302734375 0.2513020833333333 0.30859375 0.2421875 0.3134765625 0.22395833333333334 0.3359375 0.18489583333333334 0.34375 0.17708333333333334 0.3564453125 0.17317708333333334 0.3759765625 0.171875 0.3857421875 0.17447916666666666
0 0.66796875 0.28125 0.677734375 0.2864583333333333 0.70703125 0.28515625 0.716796875 0.2981770833333333 0.716796875 0.30859375 0.7099609375 0.3098958333333333 0.70703125 0.3138020833333333 0.7119140625 0.328125 0.7216796875 0.3463541666666667 0.7265625 0.3763020833333333 0.724609375 0.4010416666666667 0.7099609375 0.4388020833333333 0.689453125 0.45703125 0.6708984375 0.4661458333333333 0.6123046875 0.4622395833333333 0.6005859375 0.4453125 0.59765625 0.4375 0.59765625 0.4283854166666667 0.583984375 0.36328125 0.5859375 0.3515625 0.6005859375 0.3111979166666667 0.61328125 0.2955729166666667 0.626953125 0.2877604166666667 0.6435546875 0.28515625 0.6533203125 0.2799479166666667 0.6669921875 0.28125
0 0.4794921875 0 0.55078125 0 0.552734375 0.0026041666666666665 0.5634765625 0.0026041666666666665 0.5751953125 0.022135416666666668 0.58203125 0.04296875 0.5849609375 0.0625 0.5849609375 0.07942708333333333 0.587890625 0.08723958333333333 0.587890625 0.1015625 0.5859375 0.10807291666666667 0.568359375 0.14713541666666666 0.5673828125 0.16927083333333334 0.5595703125 0.17578125 0.5478515625 0.19270833333333334 0.5234375 0.20833333333333334 0.501953125 0.20963541666666666 0.4892578125 0.21354166666666666 0.4638671875 0.22916666666666666 0.455078125 0.22916666666666666 0.4462890625 0.22395833333333334 0.4248046875 0.19661458333333334 0.4111328125 0.18489583333333334 0.4033203125 0.17447916666666666 0.3974609375 0.15104166666666666 0.4052734375 0.11979166666666667 0.4248046875 0.07682291666666667 0.4443359375 0.041666666666666664 0.462890625 0.018229166666666668 0.4658203125 0.01171875 0.4794921875 0.0013020833333333333
0 0.5654296875 0 0.6220703125 0 0.6171875 0.04296875 0.6025390625 0.07291666666666667 0.591796875 0.08463541666666667 0.5869140625 0.07682291666666667 0.5869140625 0.059895833333333336 0.580078125 0.029947916666666668 0.5654296875 0.0013020833333333333
0 0.689453125 0.08203125 0.7138671875 0.09375 0.724609375 0.1015625 0.7353515625 0.11848958333333333 0.744140625 0.15364583333333334 0.7421875 0.18359375 0.7373046875 0.20572916666666666 0.720703125 0.23958333333333334 0.7119140625 0.2526041666666667 0.7080078125 0.2669270833333333 0.705078125 0.2708333333333333 0.6943359375 0.2760416666666667 0.6767578125 0.2760416666666667 0.6494140625 0.26953125 0.6396484375 0.2721354166666667 0.61328125 0.2565104166666667 0.6044921875 0.24609375 0.5947265625 0.2265625 0.5859375 0.1953125 0.5869140625 0.17708333333333334 0.5947265625 0.15364583333333334 0.6201171875 0.11067708333333333 0.65625 0.0859375 0.6884765625 0.08203125