0 0.12109375 0.21223958333333334 0.125 0.21484375 0.158203125 0.21614583333333334 0.17578125 0.22265625 0.1884765625 0.23046875 0.2060546875 0.24609375 0.216796875 0.2604166666666667 0.2353515625 0.2786458333333333 0.23828125 0.2877604166666667 0.248046875 0.30078125 0.2509765625 0.3098958333333333 0.2509765625 0.3190104166666667 0.2470703125 0.3255208333333333 0.2421875 0.328125 0.2138671875 0.3294270833333333 0.2021484375 0.3359375 0.1904296875 0.3372395833333333 0.18359375 0.3424479166666667 0.181640625 0.3450520833333333 0.1845703125 0.3489583333333333 0.185546875 0.3645833333333333 0.1826171875 0.3697916666666667 0.185546875 0.3723958333333333 0.173828125 0.375 0.1669921875 0.3841145833333333 0.1640625 0.3828125 0.16015625 0.3697916666666667 0.162109375 0.3658854166666667 0.16796875 0.3658854166666667 0.1728515625 0.3619791666666667 0.171875 0.35546875 0.177734375 0.3489583333333333 0.17578125 0.34375 0.1708984375 0.3424479166666667 0.1484375 0.34765625 0.1328125 0.3606770833333333 0.123046875 0.3645833333333333 0.12109375 0.3671875 0.1201171875 0.37890625 0.1298828125 0.3984375 0.1416015625 0.3997395833333333 0.1484375 0.3919270833333333 0.154296875 0.390625 0.1572265625 0.3958333333333333 0.1572265625 0.4010416666666667 0.14453125 0.4322916666666667 0.126953125 0.4622395833333333 0.123046875 0.4752604166666667 0.11328125 0.4947916666666667 0.10546875 0.4947916666666667 0.087890625 0.4869791666666667 0.072265625 0.4765625 0.052734375 0.4557291666666667 0.0439453125 0.43359375 0.0263671875 0.3997395833333333 0.0263671875 0.359375 0.0205078125 0.3411458333333333 0.0205078125 0.33203125 0.02734375 0.31640625 0.0283203125 0.3046875 0.033203125 0.2942708333333333 0.048828125 0.27734375 0.0732421875 0.2421875 0.091796875 0.2265625 0.10546875 0.20963541666666666 0.1162109375 0.20963541666666666 0.1201171875 0.21223958333333334
0 0.5322265625 0.2786458333333333 0.55078125 0.28515625 0.5595703125 0.2916666666666667 0.576171875 0.3111979166666667 0.587890625 0.33203125 0.587890625 0.3463541666666667 0.5947265625 0.3580729166666667 0.60546875 0.40234375 0.60546875 0.41796875 0.6025390625 0.43359375 0.595703125 0.4505208333333333 0.587890625 0.4583333333333333 0.5712890625 0.44921875 0.564453125 0.4361979166666667 0.5615234375 0.4361979166666667 0.5546875 0.4296875 0.5322265625 0.4296875 0.5224609375 0.4427083333333333 0.5 0.4505208333333333 0.48046875 0.4700520833333333 0.4755859375 0.4700520833333333 0.462890625 0.4596354166666667 0.4482421875 0.4348958333333333 0.4384765625 0.3971354166666667 0.4384765625 0.3763020833333333 0.4423828125 0.3528645833333333 0.451171875 0.3333333333333333 0.462890625 0.3177083333333333 0.478515625 0.3020833333333333 0.478515625 0.2903645833333333 0.4833984375 0.28125 0.4873046875 0.2786458333333333 0.53125 0.2786458333333333
0 0.6767578125 0.0625 0.6875 0.06510416666666667 0.6904296875 0.06901041666666667 0.6630859375 0.08984375 0.6484375 0.10546875 0.6376953125 0.12760416666666666 0.6357421875 0.13671875 0.6201171875 0.17317708333333334 0.6142578125 0.16666666666666666 0.611328125 0.15494791666666666 0.611328125 0.14453125 0.615234375 0.13020833333333334 0.6220703125 0.11848958333333333 0.62890625 0.09895833333333333 0.6455078125 0.07682291666666667 0.6630859375 0.06380208333333333 0.67578125 0.0625
0 0.8134765625 0.4127604166666667 0.8515625 0.4322916666666667 0.8662109375 0.4427083333333333 0.8876953125 0.46875 0.9111328125 0.4791666666666667 0.916015625 0.48828125 0.935546875 0.51171875 0.931640625 0.515625 0.93359375 0.52734375 0.9248046875 0.53125 0.9140625 0.5494791666666666 0.9150390625 0.5559895833333334 0.9248046875 0.578125 0.9248046875 0.5911458333333334 0.9189453125 0.6002604166666666 0.9140625 0.5963541666666666 0.91015625 0.5989583333333334 0.9091796875 0.6263020833333334 0.900390625 0.6588541666666666 0.88671875 0.6822916666666666 0.869140625 0.69921875 0.8486328125 0.7109375 0.826171875 0.7174479166666666 0.8173828125 0.7174479166666666 0.791015625 0.7044270833333334 0.78125 0.7044270833333334 0.7705078125 0.7005208333333334 0.7412109375 0.6770833333333334 0.712890625 0.66015625 0.7021484375 0.6575520833333334 0.69140625 0.66015625 0.6787109375 0.6588541666666666 0.669921875 0.6458333333333334 0.669921875 0.62890625 0.671875 0.6197916666666666 0.6767578125 0.6145833333333334 0.6845703125 0.61328125 0.6904296875 0.60546875 0.6953125 0.5924479166666666 0.7001953125 0.56640625 0.7021484375 0.5182291666666666 0.705078125 0.4986979166666667 0.7080078125 0.484375 0.7197265625 0.45703125 0.7412109375 0.4309895833333333 0.7607421875 0.4166666666666667 0.7763671875 0.41015625 0.80078125 0.41015625 0.8125 0.4127604166666667
0 0.5361328125 0.12890625 0.5703125 0.13671875 0.5966796875 0.15364583333333334 0.6123046875 0.17447916666666666 0.626953125 0.20703125 0.6318359375 0.23177083333333334 0.6318359375 0.2513020833333333 0.626953125 0.2890625 0.6123046875 0.3190104166666667 0.595703125 0.3359375 0.591796875 0.3333333333333333 0.572265625 0.30078125 0.5576171875 0.2864583333333333 0.546875 0.2799479166666667 0.525390625 0.2747395833333333 0.4970703125 0.2734375 0.484375 0.2760416666666667 0.4736328125 0.2877604166666667 0.4697265625 0.28515625 0.46484375 0.2604166666666667 0.4638671875 0.21614583333333334 0.466796875 0.19140625 0.47265625 0.17708333333333334 0.49609375 0.14713541666666666 0.5224609375 0.12890625 0.53515625 0.12890625
0 0.2998046875 0.3268229166666667 0.3037109375 0.3424479166666667 0.314453125 0.34375 0.330078125 0.3515625 0.3505859375 0.3658854166666667 0.3740234375 0.3893229166666667 0.38671875 0.4036458333333333 0.4013671875 0.4309895833333333 0.408203125 0.4518229166666667 0.416015625 0.48828125 0.4169921875 0.5299479166666666 0.4130859375 0.5677083333333334 0.3984375 0.625 0.3779296875 0.6653645833333334 0.359375 0.69140625 0.328125 0.7174479166666666 0.302734375 0.7291666666666666 0.30078125 0.7317708333333334 0.2998046875 0.7473958333333334 0.2939453125 0.7552083333333334 0.2890625 0.75390625 0.28125 0.7317708333333334 0.27734375 0.7291666666666666 0.2548828125 0.7265625 0.248046875 0.7317708333333334 0.2373046875 0.7486979166666666 0.2275390625 0.7591145833333334 0.220703125 0.7578125 0.20703125 0.7434895833333334 0.1982421875 0.7408854166666666 0.1943359375 0.7356770833333334 0.1923828125 0.7174479166666666 0.19921875 0.6953125 0.1923828125 0.6861979166666666 0.173828125 0.67578125 0.15234375 0.6432291666666666 0.1474609375 0.62109375 0.13671875 0.5989583333333334 0.1357421875 0.5885416666666666 0.12890625 0.578125 0.119140625 0.5559895833333334 0.1181640625 0.5299479166666666 0.1220703125 0.48828125 0.1357421875 0.4557291666666667 0.1494140625 0.4322916666666667 0.1689453125 0.4192708333333333 0.16796875 0.4153645833333333 0.1640625 0.4140625 0.171875 0.4036458333333333 0.1708984375 0.3971354166666667 0.1875 0.3854166666666667 0.2197265625 0.3463541666666667 0.2265625 0.3463541666666667 0.232421875 0.3385416666666667 0.23828125 0.3385416666666667 0.2431640625 0.3346354166666667 0.251953125 0.3346354166666667 0.26171875 0.3307291666666667 0.287109375 0.3307291666666667 0.2919921875 0.3268229166666667 0.298828125 0.3268229166666667
0 0.369140625 0.055989583333333336 0.3818359375 0.061197916666666664 0.39453125 0.07552083333333333 0.408203125 0.0859375 0.4296875 0.11458333333333333 0.447265625 0.15364583333333334 0.4599609375 0.19661458333333334 0.4541015625 0.2760416666666667 0.4482421875 0.296875 0.439453125 0.3111979166666667 0.439453125 0.31640625 0.4423828125 0.3216145833333333 0.43359375 0.3255208333333333 0.4267578125 0.33203125 0.423828125 0.3424479166666667 0.41015625 0.3658854166666667 0.3828125 0.3841145833333333 0.375 0.3841145833333333 0.333984375 0.3489583333333333 0.30859375 0.3359375 0.30078125 0.3216145833333333 0.294921875 0.3203125 0.2822265625 0.3255208333333333 0.275390625 0.32421875 0.265625 0.3138020833333333 0.2587890625 0.30078125 0.2333984375 0.265625 0.2294921875 0.25 0.23046875 0.21354166666666666 0.228515625 0.19140625 0.2236328125 0.17447916666666666 0.2236328125 0.16796875 0.23046875 0.16666666666666666 0.2353515625 0.16015625 0.2431640625 0.14453125 0.25390625 0.13151041666666666 0.2587890625 0.11588541666666667 0.2734375 0.09505208333333333 0.2734375 0.0859375 0.2705078125 0.078125 0.2744140625 0.07161458333333333 0.291015625 0.0625 0.3271484375 0.052083333333333336 0.3681640625 0.055989583333333336
0 0.7578125 0.0390625 0.7705078125 0.0546875 0.7802734375 0.059895833333333336 0.7890625 0.06901041666666667 0.826171875 0.08984375 0.830078125 0.09635416666666667 0.8310546875 0.109375 0.837890625 0.13020833333333334 0.83984375 0.17057291666666666 0.8359375 0.19010416666666666 0.8291015625 0.20572916666666666 0.8115234375 0.23046875 0.806640625 0.2421875 0.796875 0.24869791666666666 0.7890625 0.24609375 0.7666015625 0.23046875 0.74609375 0.22786458333333334 0.708984375 0.23177083333333334 0.671875 0.24348958333333334 0.658203125 0.24088541666666666 0.6416015625 0.22786458333333334 0.63671875 0.22135416666666666 0.6171875 0.1640625 0.6142578125 0.14453125 0.615234375 0.13802083333333334 0.626953125 0.10807291666666667 0.640625 0.08463541666666667 0.6630859375 0.06770833333333333 0.677734375 0.06770833333333333 0.6787109375 0.07161458333333333 0.6875 0.07291666666666667 0.701171875 0.06510416666666667 0.708984375 0.057291666666666664 0.7216796875 0.055989583333333336 0.73046875 0.049479166666666664 0.73828125 0.048177083333333336 0.75 0.0390625 0.7568359375 0.0390625
0 0.94140625 0.14973958333333334 0.9453125 0.15234375 0.9443359375 0.16145833333333334 0.9404296875 0.17057291666666666 0.94140625 0.17578125 0.9541015625 0.19270833333333334 0.96875 0.203125 0.9697265625 0.22395833333333334 0.9833984375 0.22135416666666666 0.984375 0.23046875 0.9716796875 0.2578125 0.9609375 0.2682291666666667 0.9482421875 0.2864583333333333 0.9248046875 0.3033854166666667 0.9150390625 0.3046875 0.9052734375 0.3125 0.8876953125 0.3125 0.8603515625 0.3072916666666667 0.8291015625 0.29296875 0.8173828125 0.2838541666666667 0.8076171875 0.2708333333333333 0.8056640625 0.265625 0.8056640625 0.2552083333333333 0.8125 0.234375 0.8291015625 0.21223958333333334 0.8369140625 0.19270833333333334 0.8583984375 0.16666666666666666 0.87109375 0.15494791666666666 0.87890625 0.15104166666666666 0.8955078125 0.1484375 0.9404296875 0.14973958333333334
0 0.5380859375 0.4348958333333333 0.5537109375 0.4348958333333333 0.5634765625 0.4427083333333333 0.568359375 0.4505208333333333 0.59375 0.4661458333333333 0.60546875 0.4765625 0.6279296875 0.5026041666666666 0.64453125 0.5455729166666666 0.6494140625 0.59765625 0.6474609375 0.6184895833333334 0.623046875 0.65625 0.6162109375 0.6731770833333334 0.5927734375 0.7005208333333334 0.5693359375 0.75 0.5615234375 0.7591145833333334 0.5517578125 0.765625 0.5458984375 0.7643229166666666 0.537109375 0.7578125 0.5146484375 0.7278645833333334 0.51171875 0.71875 0.4736328125 0.6901041666666666 0.4580078125 0.6705729166666666 0.4384765625 0.6276041666666666 0.4345703125 0.6002604166666666 0.4345703125 0.5768229166666666 0.44140625 0.54296875 0.45703125 0.5078125 0.49609375 0.45703125 0.5048828125 0.4518229166666667 0.51953125 0.4479166666666667 0.529296875 0.4375 0.537109375 0.4348958333333333
0 0.37890625 0.033854166666666664 0.392578125 0.041666666666666664 0.4091796875 0.061197916666666664 0.4140625 0.07291666666666667 0.4306640625 0.10026041666666667 0.435546875 0.11197916666666667 0.435546875 0.12109375 0.408203125 0.08463541666666667 0.3916015625 0.07161458333333333 0.3818359375 0.059895833333333336 0.36328125 0.053385416666666664 0.3486328125 0.053385416666666664 0.330078125 0.049479166666666664 0.3369140625 0.0390625 0.3486328125 0.032552083333333336 0.3662109375 0.03125 0.3779296875 0.033854166666666664
0 0.5654296875 0.0078125 0.5849609375 0.026041666666666668 0.5927734375 0.037760416666666664 0.5986328125 0.053385416666666664 0.60546875 0.09505208333333333 0.603515625 0.140625 0.6015625 0.14973958333333334 0.591796875 0.14713541666666666 0.572265625 0.13411458333333334 0.556640625 0.12890625 0.5244140625 0.125 0.51953125 0.12630208333333334 0.51171875 0.13411458333333334 0.4892578125 0.1484375 0.4736328125 0.16796875 0.4677734375 0.16145833333333334 0.4638671875 0.14192708333333334 0.4638671875 0.11848958333333333 0.4677734375 0.09505208333333333 0.4599609375 0.040364583333333336 0.4599609375 0.033854166666666664 0.4638671875 0.022135416666666668 0.4755859375 0.013020833333333334 0.513671875 0.018229166666666668 0.5361328125 0.010416666666666666 0.564453125 0.0078125
0 0.7646484375 0.23567708333333334 0.796875 0.2630208333333333 0.8046875 0.2786458333333333 0.8212890625 0.2981770833333333 0.8330078125 0.3177083333333333 0.8369140625 0.328125 0.8369140625 0.3489583333333333 0.8408203125 0.3645833333333333 0.83984375 0.3802083333333333 0.828125 0.4140625 0.8076171875 0.4075520833333333 0.7783203125 0.40625 0.7685546875 0.4088541666666667 0.748046875 0.4205729166666667 0.72265625 0.4466145833333333 0.70703125 0.4765625 0.7021484375 0.4817708333333333 0.6884765625 0.4765625 0.6767578125 0.4635416666666667 0.6669921875 0.4479166666666667 0.658203125 0.4244791666666667 0.646484375 0.4049479166666667 0.64453125 0.3932291666666667 0.6455078125 0.38671875 0.6376953125 0.3541666666666667 0.63671875 0.33984375 0.6416015625 0.32421875 0.6474609375 0.3138020833333333 0.6572265625 0.27734375 0.666015625 0.26171875 0.66796875 0.25390625 0.671875 0.25 0.703125 0.23697916666666666 0.763671875 0.23567708333333334