0 0.6611328125 0.4309895833333333 0.685546875 0.4479166666666667 0.697265625 0.4622395833333333 0.7099609375 0.4830729166666667 0.71875 0.5143229166666666 0.71875 0.5598958333333334 0.7099609375 0.5911458333333334 0.7119140625 0.5950520833333334 0.70703125 0.6002604166666666 0.6943359375 0.625 0.6962890625 0.6315104166666666 0.6953125 0.6354166666666666 0.6904296875 0.6380208333333334 0.6796875 0.6380208333333334 0.6708984375 0.6471354166666666 0.654296875 0.6575520833333334 0.6240234375 0.6627604166666666 0.595703125 0.6588541666666666 0.5751953125 0.6471354166666666 0.5703125 0.6419270833333334 0.55859375 0.5846354166666666 0.5478515625 0.5520833333333334 0.5400390625 0.5403645833333334 0.5400390625 0.53125 0.5458984375 0.5130208333333334 0.544921875 0.48828125 0.5712890625 0.4583333333333333 0.5888671875 0.4466145833333333 0.6240234375 0.4440104166666667 0.63671875 0.4388020833333333 0.6474609375 0.4309895833333333 0.66015625 0.4309895833333333
0 0.61328125 0.2578125 0.6455078125 0.2786458333333333 0.671875 0.3072916666666667 0.68359375 0.32421875 0.6904296875 0.3450520833333333 0.697265625 0.35546875 0.7001953125 0.3776041666666667 0.69921875 0.4127604166666667 0.697265625 0.4231770833333333 0.703125 0.4505208333333333 0.6962890625 0.4557291666666667 0.68359375 0.4401041666666667 0.67578125 0.4348958333333333 0.650390625 0.42578125 0.6494140625 0.4166666666666667 0.642578125 0.4075520833333333 0.638671875 0.3958333333333333 0.623046875 0.375 0.6083984375 0.3294270833333333 0.6044921875 0.30078125 0.5869140625 0.2630208333333333 0.5888671875 0.2578125 0.59375 0.2552083333333333 0.6123046875 0.2578125
0 0.419921875 0.3411458333333333 0.4384765625 0.3463541666666667 0.4462890625 0.3541666666666667 0.44921875 0.36328125 0.4482421875 0.3893229166666667 0.4501953125 0.4036458333333333 0.4580078125 0.4244791666666667 0.4697265625 0.4440104166666667 0.470703125 0.44921875 0.466796875 0.46875 0.455078125 0.4830729166666667 0.44921875 0.4856770833333333 0.4423828125 0.4830729166666667 0.4326171875 0.4895833333333333 0.419921875 0.4895833333333333 0.4130859375 0.4921875 0.3994140625 0.4908854166666667 0.3994140625 0.4869791666666667 0.412109375 0.4557291666666667 0.4140625 0.421875 0.41015625 0.3932291666666667 0.40234375 0.3723958333333333 0.39453125 0.359375 0.39453125 0.35546875 0.4111328125 0.3424479166666667 0.4189453125 0.3411458333333333
0 0.548828125 0.23307291666666666 0.5712890625 0.24739583333333334 0.5859375 0.265625 0.5927734375 0.28515625 0.6025390625 0.3033854166666667 0.6064453125 0.3333333333333333 0.62109375 0.3763020833333333 0.6337890625 0.3932291666666667 0.6376953125 0.4049479166666667 0.64453125 0.4140625 0.646484375 0.4205729166666667 0.642578125 0.4283854166666667 0.6298828125 0.4375 0.5888671875 0.44140625 0.578125 0.4466145833333333 0.5556640625 0.4635416666666667 0.544921875 0.4661458333333333 0.505859375 0.4635416666666667 0.4921875 0.45703125 0.4736328125 0.4427083333333333 0.4599609375 0.4205729166666667 0.4541015625 0.40234375 0.4521484375 0.3880208333333333 0.4521484375 0.3541666666666667 0.4560546875 0.3255208333333333 0.46484375 0.296875 0.46875 0.2864583333333333 0.4814453125 0.2669270833333333 0.501953125 0.24739583333333334 0.5205078125 0.23697916666666666 0.5322265625 0.23177083333333334 0.5478515625 0.23307291666666666
0 0.78125 0.3997395833333333 0.806640625 0.4140625 0.822265625 0.4309895833333333 0.8349609375 0.4609375 0.84765625 0.4765625 0.8486328125 0.4947916666666667 0.845703125 0.5013020833333334 0.837890625 0.4986979166666667 0.833984375 0.5013020833333334 0.833984375 0.5078125 0.8271484375 0.5286458333333334 0.8173828125 0.5455729166666666 0.8056640625 0.5598958333333334 0.7919921875 0.56640625 0.767578125 0.5716145833333334 0.75390625 0.5703125 0.7373046875 0.55078125 0.7265625 0.546875 0.7177734375 0.4934895833333333 0.708984375 0.4752604166666667 0.708984375 0.4661458333333333 0.7265625 0.42578125 0.7373046875 0.4127604166666667 0.7451171875 0.40625 0.7548828125 0.40234375 0.7802734375 0.3997395833333333
0 0.208984375 0.4205729166666667 0.2109375 0.421875 0.2138671875 0.43359375 0.21484375 0.4713541666666667 0.21875 0.48046875 0.24609375 0.5182291666666666 0.2724609375 0.5390625 0.279296875 0.5455729166666666 0.28125 0.55078125 0.2744140625 0.5794270833333334 0.26171875 0.6028645833333334 0.25 0.6184895833333334 0.2275390625 0.6341145833333334 0.197265625 0.6393229166666666 0.177734375 0.63671875 0.1630859375 0.6315104166666666 0.1474609375 0.6197916666666666 0.1328125 0.6028645833333334 0.1181640625 0.58203125 0.1123046875 0.5677083333333334 0.1064453125 0.5416666666666666 0.1064453125 0.5182291666666666 0.119140625 0.4661458333333333 0.1220703125 0.4583333333333333 0.130859375 0.4479166666666667 0.1748046875 0.421875 0.2080078125 0.4205729166666667
0 0.2265625 0.3776041666666667 0.2197265625 0.3515625 0.2197265625 0.3268229166666667 0.2236328125 0.3111979166666667 0.2294921875 0.2981770833333333 0.2373046875 0.2877604166666667 0.248046875 0.28125 0.2529296875 0.2747395833333333 0.2548828125 0.2591145833333333 0.263671875 0.24609375 0.2666015625 0.23567708333333334 0.2744140625 0.22526041666666666 0.27734375 0.21354166666666666 0.2861328125 0.20572916666666666 0.29296875 0.20572916666666666 0.2978515625 0.21875 0.2978515625 0.27734375 0.3037109375 0.3111979166666667 0.2919921875 0.3177083333333333 0.2763671875 0.3346354166666667 0.2666015625 0.3385416666666667 0.2421875 0.3658854166666667 0.2275390625 0.3776041666666667
0 0.318359375 0.3177083333333333 0.3623046875 0.3372395833333333 0.3896484375 0.3580729166666667 0.3994140625 0.37109375 0.408203125 0.3932291666666667 0.412109375 0.421875 0.412109375 0.4388020833333333 0.4091796875 0.4583333333333333 0.39453125 0.48828125 0.375 0.4986979166666667 0.3291015625 0.5364583333333334 0.3076171875 0.5455729166666666 0.2900390625 0.54296875 0.271484375 0.5338541666666666 0.248046875 0.515625 0.2333984375 0.4973958333333333 0.21875 0.47265625 0.2158203125 0.41796875 0.228515625 0.3828125 0.259765625 0.3489583333333333 0.26953125 0.33984375 0.2822265625 0.3333333333333333 0.29296875 0.3203125 0.3017578125 0.31640625 0.3173828125 0.3177083333333333
0 0.3173828125 0.125 0.32421875 0.13541666666666666 0.3369140625 0.13151041666666666 0.3701171875 0.1328125 0.3837890625 0.13541666666666666 0.390625 0.140625 0.41015625 0.1484375 0.435546875 0.17317708333333334 0.44921875 0.19791666666666666 0.453125 0.21875 0.453125 0.2526041666666667 0.4453125 0.27734375 0.4052734375 0.3385416666666667 0.3896484375 0.3450520833333333 0.3798828125 0.34375 0.337890625 0.32421875 0.326171875 0.31640625 0.3095703125 0.3111979166666667 0.3046875 0.3020833333333333 0.2998046875 0.2760416666666667 0.30078125 0.21354166666666666 0.2978515625 0.20182291666666666 0.2978515625 0.18489583333333334 0.3017578125 0.15234375 0.3017578125 0.140625 0.2998046875 0.13541666666666666 0.306640625 0.13932291666666666 0.31640625 0.125
0 0.474609375 0.4739583333333333 0.4921875 0.4869791666666667 0.5126953125 0.5065104166666666 0.5361328125 0.5403645833333334 0.55078125 0.5703125 0.55859375 0.5963541666666666 0.564453125 0.62890625 0.5654296875 0.6705729166666666 0.5625 0.6940104166666666 0.552734375 0.73046875 0.5400390625 0.7591145833333334 0.525390625 0.78125 0.5126953125 0.79296875 0.484375 0.8125 0.46484375 0.8190104166666666 0.44140625 0.8203125 0.4140625 0.81640625 0.4111328125 0.82421875 0.3984375 0.8346354166666666 0.3935546875 0.8346354166666666 0.3935546875 0.8268229166666666 0.396484375 0.8216145833333334 0.396484375 0.8125 0.3935546875 0.80859375 0.380859375 0.8046875 0.3564453125 0.7864583333333334 0.3447265625 0.7734375 0.326171875 0.74609375 0.32421875 0.7369791666666666 0.3125 0.7096354166666666 0.306640625 0.6796875 0.3046875 0.6380208333333334 0.3076171875 0.625 0.30859375 0.6041666666666666 0.3173828125 0.5703125 0.32421875 0.5598958333333334 0.3271484375 0.546875 0.373046875 0.5052083333333334 0.3857421875 0.4973958333333333 0.392578125 0.49609375 0.416015625 0.49609375 0.4208984375 0.4934895833333333 0.4423828125 0.49609375 0.451171875 0.4908854166666667 0.466796875 0.4739583333333333 0.4736328125 0.4739583333333333
0 0.4921875 0.2109375 0.5185546875 0.22135416666666666 0.5263671875 0.2265625 0.52734375 0.23046875 0.4990234375 0.24739583333333334 0.486328125 0.2591145833333333 0.470703125 0.2786458333333333 0.4609375 0.30078125 0.44921875 0.3463541666666667 0.419921875 0.3385416666666667 0.41796875 0.3346354166666667 0.4208984375 0.3229166666666667 0.4384765625 0.2890625 0.447265625 0.2786458333333333 0.455078125 0.2526041666666667 0.4560546875 0.21875 0.4609375 0.21354166666666666 0.4677734375 0.2109375 0.4912109375 0.2109375