0 0.828125 0.203125 0.8486328125 0.20963541666666666 0.8759765625 0.22786458333333334 0.9189453125 0.23697916666666666 0.921875 0.23958333333333334 0.921875 0.24348958333333334 0.9169921875 0.2643229166666667 0.8955078125 0.3020833333333333 0.888671875 0.3203125 0.8818359375 0.3489583333333333 0.869140625 0.375 0.8603515625 0.38671875 0.84375 0.4010416666666667 0.8251953125 0.4088541666666667 0.8125 0.40625 0.798828125 0.3854166666666667 0.7763671875 0.3580729166666667 0.7490234375 0.33984375 0.71875 0.3346354166666667 0.7177734375 0.3229166666666667 0.7236328125 0.3020833333333333 0.7294921875 0.26171875 0.73828125 0.23697916666666666 0.744140625 0.2265625 0.75390625 0.21875 0.791015625 0.203125 0.8271484375 0.203125
0 0.73046875 0.3411458333333333 0.751953125 0.3463541666666667 0.7763671875 0.3645833333333333 0.7978515625 0.390625 0.8076171875 0.4088541666666667 0.8212890625 0.4270833333333333 0.83203125 0.4466145833333333 0.8359375 0.4596354166666667 0.8310546875 0.5234375 0.8212890625 0.5625 0.814453125 0.578125 0.80078125 0.6028645833333334 0.7861328125 0.6184895833333334 0.7734375 0.6276041666666666 0.74609375 0.63671875 0.72265625 0.63671875 0.697265625 0.6302083333333334 0.689453125 0.6223958333333334 0.6689453125 0.5859375 0.6708984375 0.5729166666666666 0.6806640625 0.5533854166666666 0.6943359375 0.5104166666666666 0.6953125 0.4947916666666667 0.701171875 0.4661458333333333 0.6953125 0.3515625 0.6982421875 0.3450520833333333 0.70703125 0.3411458333333333 0.7294921875 0.3411458333333333
0 0.40234375 0 0.4853515625 0 0.4853515625 0.0078125 0.474609375 0.032552083333333336 0.4736328125 0.041666666666666664 0.466796875 0.053385416666666664 0.451171875 0.06640625 0.4296875 0.07291666666666667 0.4150390625 0.07161458333333333 0.4072265625 0.06640625 0.40625 0.020833333333333332 0.40234375 0.0013020833333333333
0 0.2529296875 0.4700520833333333 0.2802734375 0.4817708333333333 0.2900390625 0.4895833333333333 0.3212890625 0.4908854166666667 0.3232421875 0.4973958333333333 0.322265625 0.5026041666666666 0.3330078125 0.5104166666666666 0.3837890625 0.5104166666666666 0.390625 0.515625 0.3974609375 0.515625 0.4111328125 0.5260416666666666 0.4111328125 0.5325520833333334 0.4150390625 0.5403645833333334 0.435546875 0.5546875 0.4404296875 0.5611979166666666 0.44921875 0.58984375 0.44921875 0.5989583333333334 0.4462890625 0.609375 0.447265625 0.6302083333333334 0.4443359375 0.6497395833333334 0.4453125 0.6536458333333334 0.4404296875 0.6549479166666666 0.43359375 0.6627604166666666 0.419921875 0.69140625 0.419921875 0.70703125 0.412109375 0.765625 0.4130859375 0.7890625 0.400390625 0.8450520833333334 0.3876953125 0.8763020833333334 0.38671875 0.8984375 0.384765625 0.9036458333333334 0.37890625 0.9049479166666666 0.373046875 0.90234375 0.365234375 0.9114583333333334 0.3603515625 0.9244791666666666 0.3310546875 0.9401041666666666 0.2626953125 0.9583333333333334 0.2216796875 0.95703125 0.17578125 0.9466145833333334 0.1435546875 0.9322916666666666 0.125 0.9192708333333334 0.11328125 0.9140625 0.1083984375 0.9166666666666666 0.1103515625 0.9296875 0.10546875 0.9401041666666666 0.0947265625 0.9453125 0.078125 0.9453125 0.06640625 0.9388020833333334 0.0576171875 0.9296875 0.0439453125 0.9075520833333334 0.0322265625 0.8932291666666666 0.0400390625 0.8489583333333334 0.044921875 0.8359375 0.0556640625 0.7916666666666666 0.0537109375 0.7369791666666666 0.0556640625 0.7083333333333334 0.0595703125 0.6901041666666666 0.0634765625 0.65234375 0.0810546875 0.6015625 0.087890625 0.5872395833333334 0.1259765625 0.5299479166666666 0.1513671875 0.50390625 0.171875 0.4869791666666667 0.185546875 0.4791666666666667 0.205078125 0.47265625 0.23828125 0.46875 0.251953125 0.4700520833333333
0 0.181640625 0 0.3291015625 0 0.3310546875 0.0026041666666666665 0.3369140625 0 0.3994140625 0 0.404296875 0.020833333333333332 0.4052734375 0.036458333333333336 0.40234375 0.07161458333333333 0.388671875 0.10416666666666667 0.3857421875 0.11588541666666667 0.3779296875 0.13151041666666666 0.3759765625 0.14322916666666666 0.3671875 0.15234375 0.337890625 0.16666666666666666 0.3271484375 0.18098958333333334 0.310546875 0.18359375 0.2998046875 0.17447916666666666 0.2958984375 0.16796875 0.294921875 0.16015625 0.2978515625 0.15104166666666666 0.298828125 0.13020833333333334 0.296875 0.12369791666666667 0.2890625 0.11328125 0.275390625 0.10286458333333333 0.26171875 0.09635416666666667 0.2509765625 0.10286458333333333 0.2373046875 0.10286458333333333 0.2158203125 0.07942708333333333 0.189453125 0.06380208333333333 0.177734375 0.059895833333333336 0.173828125 0.036458333333333336 0.173828125 0.024739583333333332 0.181640625 0.0013020833333333333
0 0.00390625 0 0.091796875 0 0.091796875 0.024739583333333332 0.0888671875 0.036458333333333336 0.0712890625 0.07682291666666667 0.0458984375 0.10286458333333333 0.0322265625 0.12369791666666667 0.021484375 0.13411458333333334 0.0185546875 0.13151041666666666 0.0185546875 0.13671875 0.015625 0.13932291666666666 0.0087890625 0.13932291666666666 0.005859375 0.14322916666666666 0 0.14322916666666666 0 0.0026041666666666665 0.00390625 0.0013020833333333333
0 0.5146484375 0.17057291666666666 0.5517578125 0.17447916666666666 0.5693359375 0.18229166666666666 0.591796875 0.18359375 0.6064453125 0.1953125 0.62890625 0.20833333333333334 0.63671875 0.22265625 0.646484375 0.22526041666666666 0.6591796875 0.24869791666666666 0.66796875 0.2591145833333333 0.6787109375 0.2864583333333333 0.69140625 0.3359375 0.6943359375 0.3802083333333333 0.6943359375 0.4127604166666667 0.6904296875 0.44140625 0.69140625 0.4635416666666667 0.6943359375 0.4700520833333333 0.6923828125 0.4986979166666667 0.6796875 0.5442708333333334 0.6630859375 0.5807291666666666 0.6337890625 0.6184895833333334 0.6005859375 0.64453125 0.587890625 0.6497395833333334 0.5634765625 0.6666666666666666 0.515625 0.67578125 0.5087890625 0.6744791666666666 0.5029296875 0.6692708333333334 0.4931640625 0.671875 0.46875 0.671875 0.458984375 0.66796875 0.4541015625 0.65234375 0.4541015625 0.63671875 0.4560546875 0.62890625 0.4619140625 0.6263020833333334 0.462890625 0.6223958333333334 0.458984375 0.6184895833333334 0.45703125 0.6119791666666666 0.4560546875 0.5911458333333334 0.4482421875 0.5651041666666666 0.44140625 0.5520833333333334 0.4306640625 0.5416666666666666 0.42578125 0.5234375 0.4208984375 0.51953125 0.41796875 0.5130208333333334 0.4013671875 0.5052083333333334 0.3994140625 0.49609375 0.3955078125 0.4921875 0.38671875 0.49609375 0.3720703125 0.49609375 0.36328125 0.5013020833333334 0.3505859375 0.5026041666666666 0.333984375 0.4908854166666667 0.32421875 0.48046875 0.3125 0.4778645833333333 0.30859375 0.4739583333333333 0.3095703125 0.4596354166666667 0.3017578125 0.4466145833333333 0.298828125 0.4296875 0.298828125 0.35546875 0.2998046875 0.3450520833333333 0.3056640625 0.328125 0.3076171875 0.3098958333333333 0.3173828125 0.2864583333333333 0.3515625 0.234375 0.3720703125 0.21484375 0.40625 0.20442708333333334 0.4248046875 0.19270833333333334 0.443359375 0.18489583333333334 0.46484375 0.17838541666666666 0.513671875 0.17057291666666666
0 0.568359375 0.67578125 0.5869140625 0.6875 0.6123046875 0.6953125 0.634765625 0.7057291666666666 0.6533203125 0.7174479166666666 0.6591796875 0.7252604166666666 0.666015625 0.75 0.66796875 0.8151041666666666 0.650390625 0.8776041666666666 0.6396484375 0.8932291666666666 0.63671875 0.9036458333333334 0.62890625 0.91796875 0.5712890625 0.94921875 0.5546875 0.94921875 0.5322265625 0.97265625 0.521484375 0.96875 0.5009765625 0.9466145833333334 0.5 0.9231770833333334 0.4892578125 0.8997395833333334 0.4853515625 0.8802083333333334 0.486328125 0.84765625 0.4951171875 0.8151041666666666 0.4951171875 0.8098958333333334 0.4912109375 0.8046875 0.4892578125 0.796875 0.4892578125 0.7825520833333334 0.4931640625 0.7669270833333334 0.5078125 0.73046875 0.5078125 0.7057291666666666 0.5146484375 0.6848958333333334 0.541015625 0.67578125 0.5673828125 0.67578125
0 0.5888671875 0.045572916666666664 0.609375 0.055989583333333336 0.6162109375 0.06640625 0.62109375 0.06901041666666667 0.6357421875 0.07161458333333333 0.6513671875 0.078125 0.6572265625 0.0859375 0.6650390625 0.09114583333333333 0.671875 0.1015625 0.6748046875 0.1015625 0.6806640625 0.10807291666666667 0.689453125 0.125 0.69140625 0.13932291666666666 0.6943359375 0.14192708333333334 0.693359375 0.14713541666666666 0.6982421875 0.171875 0.703125 0.17838541666666666 0.7060546875 0.17838541666666666 0.7080078125 0.18489583333333334 0.708984375 0.21484375 0.7021484375 0.23307291666666666 0.6904296875 0.25 0.6884765625 0.2708333333333333 0.681640625 0.27734375 0.6748046875 0.2682291666666667 0.6728515625 0.2565104166666667 0.6630859375 0.24479166666666666 0.650390625 0.22395833333333334 0.646484375 0.21354166666666666 0.6298828125 0.20182291666666666 0.6171875 0.19661458333333334 0.599609375 0.18229166666666666 0.5888671875 0.17708333333333334 0.5712890625 0.17708333333333334 0.5439453125 0.16796875 0.4794921875 0.16796875 0.474609375 0.1640625 0.48046875 0.13020833333333334 0.4921875 0.09375 0.51171875 0.06770833333333333 0.5458984375 0.05078125 0.5546875 0.05078125 0.576171875 0.044270833333333336 0.587890625 0.045572916666666664
0 0.4931640625 0 0.68359375 0 0.689453125 0.0078125 0.7001953125 0.0078125 0.7138671875 0.014322916666666666 0.716796875 0.018229166666666668 0.7197265625 0.03125 0.7177734375 0.036458333333333336 0.71875 0.04296875 0.7138671875 0.052083333333333336 0.7099609375 0.0859375 0.7060546875 0.10286458333333333 0.7021484375 0.11067708333333333 0.6923828125 0.1171875 0.6884765625 0.11458333333333333 0.673828125 0.09375 0.6484375 0.07291666666666667 0.640625 0.06901041666666667 0.619140625 0.06510416666666667 0.607421875 0.05078125 0.5849609375 0.041666666666666664 0.5712890625 0.041666666666666664 0.54296875 0.048177083333333336 0.5263671875 0.057291666666666664 0.5146484375 0.05859375 0.5009765625 0.032552083333333336 0.4931640625 0.0013020833333333333
0 0.150390625 0.0546875 0.158203125 0.06380208333333333 0.1806640625 0.07291666666666667 0.1923828125 0.07421875 0.2138671875 0.0859375 0.234375 0.10677083333333333 0.2412109375 0.11848958333333333 0.25 0.13020833333333334 0.25390625 0.13151041666666666 0.267578125 0.15104166666666666 0.26953125 0.1640625 0.28125 0.18229166666666666 0.2822265625 0.18880208333333334 0.2890625 0.20182291666666666 0.294921875 0.22395833333333334 0.2998046875 0.2643229166666667 0.2998046875 0.29296875 0.29296875 0.34375 0.2861328125 0.37109375 0.248046875 0.4283854166666667 0.2333984375 0.4401041666666667 0.2177734375 0.4596354166666667 0.1611328125 0.4856770833333333 0.1201171875 0.4791666666666667 0.11328125 0.4752604166666667 0.091796875 0.4713541666666667 0.08984375 0.4739583333333333 0.0908203125 0.4791666666666667 0.1005859375 0.4921875 0.126953125 0.50390625 0.1328125 0.5091145833333334 0.1328125 0.51171875 0.1220703125 0.51171875 0.1083984375 0.5078125 0.0849609375 0.4921875 0.0634765625 0.4661458333333333 0.056640625 0.44921875 0.052734375 0.4453125 0.0517578125 0.4348958333333333 0.025390625 0.3997395833333333 0.0068359375 0.35546875 0.001953125 0.3268229166666667 0 0.3255208333333333 0 0.23046875 0.001953125 0.22916666666666666 0.005859375 0.19010416666666666 0.0146484375 0.16015625 0.0498046875 0.10546875 0.0712890625 0.08463541666666667 0.1201171875 0.0546875 0.1494140625 0.0546875