0 0 0.022135416666666668 0.0078125 0.040364583333333336 0.0078125 0.05078125 0.009765625 0.055989583333333336 0.01953125 0.0703125 0.0263671875 0.11588541666666667 0.0361328125 0.13411458333333334 0.0439453125 0.16145833333333334 0.056640625 0.1875 0.0615234375 0.21223958333333334 0.0615234375 0.2265625 0.0556640625 0.24739583333333334 0.0380859375 0.2877604166666667 0.0244140625 0.3059895833333333 0.0048828125 0.3216145833333333 0 0.3229166666666667 0 0.0234375
0 0.763671875 0.24739583333333334 0.7802734375 0.2513020833333333 0.8017578125 0.2630208333333333 0.810546875 0.2799479166666667 0.8330078125 0.2981770833333333 0.861328125 0.3424479166666667 0.873046875 0.35546875 0.8896484375 0.39453125 0.896484375 0.4192708333333333 0.900390625 0.4869791666666667 0.8935546875 0.5325520833333334 0.8828125 0.5768229166666666 0.8720703125 0.5989583333333334 0.8681640625 0.6171875 0.84765625 0.6575520833333334 0.841796875 0.6731770833333334 0.8193359375 0.7044270833333334 0.79296875 0.7265625 0.7744140625 0.734375 0.7353515625 0.7395833333333334 0.69921875 0.7356770833333334 0.6806640625 0.7213541666666666 0.6669921875 0.7174479166666666 0.6474609375 0.70703125 0.6328125 0.6927083333333334 0.6220703125 0.6783854166666666 0.615234375 0.6640625 0.59765625 0.6471354166666666 0.5908203125 0.6328125 0.587890625 0.6119791666666666 0.5751953125 0.5638020833333334 0.5712890625 0.5260416666666666 0.572265625 0.49609375 0.5703125 0.4596354166666667 0.5849609375 0.4088541666666667 0.59375 0.3932291666666667 0.6103515625 0.3723958333333333 0.619140625 0.3372395833333333 0.6474609375 0.2981770833333333 0.681640625 0.2682291666666667 0.6982421875 0.2578125 0.7412109375 0.24609375 0.7626953125 0.24739583333333334
0 0.3212890625 0 0.5361328125 0 0.525390625 0.015625 0.5126953125 0.02734375 0.4775390625 0.053385416666666664 0.43359375 0.06901041666666667 0.408203125 0.07421875 0.38671875 0.07161458333333333 0.353515625 0.05078125 0.3349609375 0.029947916666666668 0.3212890625 0.006510416666666667 0.3212890625 0.0013020833333333333
0 0 0.4817708333333333 0.00390625 0.484375 0.009765625 0.4973958333333333 0.0224609375 0.51171875 0.041015625 0.546875 0.0439453125 0.5598958333333334 0.0576171875 0.5924479166666666 0.06640625 0.625 0.06640625 0.6731770833333334 0.0615234375 0.71484375 0.0283203125 0.7994791666666666 0.015625 0.8203125 0.0048828125 0.8346354166666666 0 0.8372395833333334 0 0.4830729166666667
0 0.599609375 0.65625 0.6416015625 0.7096354166666666 0.66796875 0.72265625 0.6865234375 0.73828125 0.689453125 0.7434895833333334 0.693359375 0.7669270833333334 0.705078125 0.7981770833333334 0.70703125 0.8098958333333334 0.70703125 0.8359375 0.6826171875 0.8971354166666666 0.6552734375 0.94140625 0.6357421875 0.9583333333333334 0.6318359375 0.9583333333333334 0.62890625 0.9505208333333334 0.619140625 0.9375 0.6044921875 0.94921875 0.595703125 0.953125 0.58984375 0.9518229166666666 0.587890625 0.9440104166666666 0.5869140625 0.90234375 0.58203125 0.8802083333333334 0.576171875 0.8307291666666666 0.56640625 0.8125 0.556640625 0.76171875 0.5556640625 0.7408854166666666 0.552734375 0.7265625 0.552734375 0.7109375 0.5556640625 0.7018229166666666 0.5771484375 0.671875 0.5810546875 0.6627604166666666 0.591796875 0.65625 0.5986328125 0.65625
0 0.2548828125 0.2265625 0.2666015625 0.2421875 0.2841796875 0.2513020833333333 0.2919921875 0.25 0.296875 0.2421875 0.302734375 0.24739583333333334 0.3076171875 0.2877604166666667 0.3056640625 0.3059895833333333 0.3017578125 0.3190104166666667 0.3046875 0.33984375 0.3095703125 0.35546875 0.3095703125 0.3645833333333333 0.296875 0.3893229166666667 0.2958984375 0.4075520833333333 0.2880859375 0.4348958333333333 0.279296875 0.4375 0.2734375 0.4296875 0.2666015625 0.4127604166666667 0.263671875 0.4114583333333333 0.263671875 0.4166666666666667 0.2666015625 0.4205729166666667 0.2685546875 0.4401041666666667 0.265625 0.5013020833333334 0.2509765625 0.5533854166666666 0.23828125 0.58203125 0.23046875 0.5924479166666666 0.2197265625 0.6002604166666666 0.2021484375 0.6184895833333334 0.18359375 0.62890625 0.1611328125 0.6341145833333334 0.1328125 0.6341145833333334 0.1123046875 0.6276041666666666 0.0732421875 0.5989583333333334 0.056640625 0.5755208333333334 0.0458984375 0.5481770833333334 0.041015625 0.5286458333333334 0.03125 0.5182291666666666 0.0205078125 0.5 0.01171875 0.46484375 0.0107421875 0.4375 0.0166015625 0.4088541666666667 0.0166015625 0.3854166666666667 0.0205078125 0.3567708333333333 0.029296875 0.328125 0.0458984375 0.30078125 0.0634765625 0.2799479166666667 0.0849609375 0.2630208333333333 0.115234375 0.2513020833333333 0.1376953125 0.25 0.1640625 0.2552083333333333 0.1708984375 0.2591145833333333 0.177734375 0.2591145833333333 0.1806640625 0.2513020833333333 0.18359375 0.2513020833333333 0.19921875 0.2578125 0.2119140625 0.2682291666666667 0.2197265625 0.2669270833333333 0.2275390625 0.2708333333333333 0.2314453125 0.2682291666666667 0.216796875 0.24739583333333334 0.2138671875 0.234375 0.21484375 0.22786458333333334 0.22265625 0.22265625 0.2421875 0.22005208333333334 0.2490234375 0.22005208333333334 0.25390625 0.2265625
0 0 0 0.162109375 0 0.1640625 0.0026041666666666665 0.1689453125 0.0026041666666666665 0.1708984375 0 0.216796875 0 0.2177734375 0.0026041666666666665 0.2236328125 0.00390625 0.2373046875 0.00390625 0.2412109375 0 0.3076171875 0 0.31640625 0.020833333333333332 0.3154296875 0.026041666666666668 0.310546875 0.032552083333333336 0.314453125 0.08463541666666667 0.3037109375 0.13151041666666666 0.2900390625 0.16796875 0.2646484375 0.19921875 0.25390625 0.20833333333333334 0.2265625 0.21484375 0.2021484375 0.22916666666666666 0.18359375 0.23177083333333334 0.1455078125 0.22916666666666666 0.12890625 0.23307291666666666 0.1025390625 0.24609375 0.0859375 0.24609375 0.0771484375 0.23828125 0.06640625 0.1953125 0.0498046875 0.15885416666666666 0.03125 0.109375 0.0283203125 0.09895833333333333 0.0244140625 0.06510416666666667 0.0087890625 0.029947916666666668 0.0107421875 0.018229166666666668 0.0048828125 0.010416666666666666 0 0.009114583333333334 0 0.0013020833333333333
0 0.5537109375 0 0.5908203125 0 0.5927734375 0.0026041666666666665 0.6005859375 0.0026041666666666665 0.6015625 0 0.671875 0 0.6748046875 0.0026041666666666665 0.6953125 0.0026041666666666665 0.69921875 0 0.8017578125 0 0.8046875 0.014322916666666666 0.8046875 0.057291666666666664 0.8037109375 0.07161458333333333 0.7998046875 0.08723958333333333 0.7900390625 0.11458333333333333 0.77734375 0.13802083333333334 0.7685546875 0.14973958333333334 0.7451171875 0.17317708333333334 0.7080078125 0.19010416666666666 0.6962890625 0.19270833333333334 0.66015625 0.19140625 0.623046875 0.171875 0.6123046875 0.1484375 0.5966796875 0.13020833333333334 0.560546875 0.078125 0.5537109375 0.048177083333333336 0.5537109375 0.0013020833333333333
0 0.41796875 0.37109375 0.43359375 0.375 0.4501953125 0.3828125 0.47265625 0.3984375 0.4931640625 0.4205729166666667 0.5146484375 0.453125 0.52734375 0.4830729166666667 0.537109375 0.5221354166666666 0.537109375 0.5651041666666666 0.5322265625 0.60546875 0.521484375 0.6328125 0.501953125 0.6614583333333334 0.4921875 0.6705729166666666 0.478515625 0.6796875 0.46484375 0.6848958333333334 0.451171875 0.6966145833333334 0.439453125 0.69921875 0.4287109375 0.7096354166666666 0.419921875 0.7135416666666666 0.4091796875 0.7135416666666666 0.3818359375 0.703125 0.3779296875 0.7083333333333334 0.376953125 0.7239583333333334 0.3740234375 0.7330729166666666 0.3642578125 0.73046875 0.359375 0.73828125 0.3583984375 0.7252604166666666 0.3544921875 0.71875 0.3251953125 0.7109375 0.3125 0.6927083333333334 0.3203125 0.6796875 0.322265625 0.66015625 0.318359375 0.6458333333333334 0.3125 0.640625 0.306640625 0.6393229166666666 0.318359375 0.625 0.2978515625 0.6002604166666666 0.28125 0.5638020833333334 0.275390625 0.5338541666666666 0.275390625 0.4908854166666667 0.2822265625 0.4596354166666667 0.2998046875 0.4166666666666667 0.3291015625 0.3854166666666667 0.345703125 0.375 0.37109375 0.3684895833333333 0.4013671875 0.3684895833333333 0.4169921875 0.37109375
0 0.494140625 0.061197916666666664 0.521484375 0.06770833333333333 0.537109375 0.07421875 0.5498046875 0.08333333333333333 0.5673828125 0.1015625 0.5888671875 0.12630208333333334 0.6103515625 0.15625 0.6162109375 0.1953125 0.6162109375 0.20572916666666666 0.6083984375 0.21875 0.6064453125 0.2578125 0.599609375 0.2916666666666667 0.591796875 0.3177083333333333 0.5849609375 0.33203125 0.56640625 0.3580729166666667 0.5458984375 0.3763020833333333 0.5234375 0.38671875 0.5029296875 0.3919270833333333 0.4755859375 0.3919270833333333 0.4404296875 0.3723958333333333 0.4189453125 0.3567708333333333 0.3623046875 0.3359375 0.349609375 0.3203125 0.3466796875 0.3125 0.3466796875 0.2786458333333333 0.353515625 0.26953125 0.3681640625 0.24088541666666666 0.3662109375 0.22916666666666666 0.3701171875 0.22526041666666666 0.376953125 0.20572916666666666 0.3798828125 0.17578125 0.384765625 0.15234375 0.39453125 0.125 0.400390625 0.11458333333333333 0.4189453125 0.08854166666666667 0.435546875 0.07421875 0.46484375 0.0625 0.4931640625 0.061197916666666664
0 0.2109375 0.6549479166666666 0.2314453125 0.66015625 0.2587890625 0.68359375 0.275390625 0.703125 0.283203125 0.7005208333333334 0.2900390625 0.7057291666666666 0.2998046875 0.72265625 0.3037109375 0.7369791666666666 0.3125 0.75390625 0.3125 0.79296875 0.30859375 0.8098958333333334 0.298828125 0.8255208333333334 0.29296875 0.83984375 0.2890625 0.8619791666666666 0.2822265625 0.8828125 0.2724609375 0.9010416666666666 0.2578125 0.921875 0.2373046875 0.9309895833333334 0.2197265625 0.9440104166666666 0.1884765625 0.9557291666666666 0.1572265625 0.9427083333333334 0.1416015625 0.9322916666666666 0.1162109375 0.9088541666666666 0.1064453125 0.89453125 0.0859375 0.875 0.0771484375 0.8736979166666666 0.0703125 0.8763020833333334 0.064453125 0.8658854166666666 0.0625 0.8424479166666666 0.0693359375 0.8294270833333334 0.0732421875 0.8268229166666666 0.0830078125 0.8268229166666666 0.0966796875 0.80859375 0.0986328125 0.8020833333333334 0.09765625 0.7682291666666666 0.1015625 0.7434895833333334 0.109375 0.7200520833333334 0.119140625 0.7044270833333334 0.140625 0.6822916666666666 0.1669921875 0.6614583333333334 0.1787109375 0.66015625 0.19140625 0.6549479166666666 0.2099609375 0.6549479166666666