0 0.751953125 0.5377604166666666 0.76953125 0.5494791666666666 0.779296875 0.56640625 0.7880859375 0.5924479166666666 0.7900390625 0.6223958333333334 0.7841796875 0.6471354166666666 0.7666015625 0.6731770833333334 0.7578125 0.6783854166666666 0.73046875 0.6861979166666666 0.7138671875 0.6848958333333334 0.703125 0.6809895833333334 0.6923828125 0.6744791666666666 0.685546875 0.6653645833333334 0.673828125 0.6354166666666666 0.671875 0.5911458333333334 0.673828125 0.5807291666666666 0.6806640625 0.5638020833333334 0.69921875 0.5455729166666666 0.7265625 0.53515625 0.7431640625 0.53515625 0.7509765625 0.5377604166666666
0 0.724609375 0.3736979166666667 0.73828125 0.375 0.7529296875 0.3828125 0.76953125 0.40625 0.7783203125 0.4283854166666667 0.78125 0.4453125 0.78125 0.4622395833333333 0.7724609375 0.49609375 0.7568359375 0.5182291666666666 0.7392578125 0.5286458333333334 0.7109375 0.5338541666666666 0.689453125 0.5325520833333334 0.6640625 0.5143229166666666 0.650390625 0.4947916666666667 0.646484375 0.484375 0.642578125 0.4453125 0.640625 0.4427083333333333 0.6357421875 0.4427083333333333 0.6328125 0.4388020833333333 0.6533203125 0.4127604166666667 0.6630859375 0.390625 0.66796875 0.3841145833333333 0.681640625 0.3763020833333333 0.701171875 0.37109375 0.7236328125 0.3736979166666667
0 0.30078125 0.4778645833333333 0.3310546875 0.4869791666666667 0.3486328125 0.50390625 0.357421875 0.515625 0.3662109375 0.5338541666666666 0.369140625 0.5494791666666666 0.369140625 0.56640625 0.3623046875 0.5963541666666666 0.3525390625 0.6158854166666666 0.3359375 0.6315104166666666 0.314453125 0.6432291666666666 0.2998046875 0.6471354166666666 0.2744140625 0.6471354166666666 0.255859375 0.6393229166666666 0.2236328125 0.6197916666666666 0.212890625 0.6028645833333334 0.21484375 0.59375 0.2138671875 0.5794270833333334 0.2216796875 0.5677083333333334 0.224609375 0.5325520833333334 0.2314453125 0.5182291666666666 0.2490234375 0.49609375 0.2685546875 0.4817708333333333 0.2744140625 0.4791666666666667 0.2998046875 0.4778645833333333
0 0.306640625 0.2669270833333333 0.3203125 0.2734375 0.3388671875 0.2903645833333333 0.349609375 0.3125 0.3564453125 0.3424479166666667 0.35546875 0.3776041666666667 0.3525390625 0.390625 0.3466796875 0.40234375 0.3271484375 0.4231770833333333 0.310546875 0.43359375 0.28515625 0.4322916666666667 0.271484375 0.4283854166666667 0.2607421875 0.421875 0.2529296875 0.41015625 0.2431640625 0.4036458333333333 0.236328125 0.39453125 0.2265625 0.3684895833333333 0.224609375 0.35546875 0.2255859375 0.3372395833333333 0.2314453125 0.3138020833333333 0.25390625 0.2838541666666667 0.2802734375 0.2682291666666667 0.2919921875 0.265625 0.3056640625 0.2669270833333333
0 0.681640625 0.18489583333333334 0.6962890625 0.19401041666666666 0.7158203125 0.22135416666666666 0.7236328125 0.2578125 0.72265625 0.2721354166666667 0.728515625 0.2825520833333333 0.7294921875 0.2890625 0.7236328125 0.2994791666666667 0.7138671875 0.3072916666666667 0.69921875 0.3255208333333333 0.669921875 0.33984375 0.6376953125 0.3359375 0.6171875 0.3098958333333333 0.6064453125 0.2760416666666667 0.6044921875 0.24739583333333334 0.6123046875 0.22395833333333334 0.623046875 0.20963541666666666 0.6328125 0.20703125 0.6435546875 0.19401041666666666 0.65625 0.18619791666666666 0.6806640625 0.18489583333333334
0 0.6142578125 0.5026041666666666 0.6328125 0.5182291666666666 0.64453125 0.53515625 0.654296875 0.5546875 0.666015625 0.5963541666666666 0.66796875 0.63671875 0.669921875 0.6432291666666666 0.6669921875 0.6640625 0.658203125 0.6940104166666666 0.6494140625 0.7057291666666666 0.650390625 0.7239583333333334 0.6376953125 0.7330729166666666 0.6337890625 0.7291666666666666 0.6337890625 0.7122395833333334 0.6123046875 0.71875 0.599609375 0.71875 0.55859375 0.69921875 0.541015625 0.6809895833333334 0.5283203125 0.65234375 0.5234375 0.6315104166666666 0.5146484375 0.6223958333333334 0.51171875 0.61328125 0.51171875 0.5833333333333334 0.5146484375 0.5625 0.5234375 0.5455729166666666 0.54296875 0.51953125 0.5771484375 0.5013020833333334 0.607421875 0.5 0.61328125 0.5026041666666666
0 0.4384765625 0.3515625 0.4453125 0.35546875 0.4599609375 0.3541666666666667 0.4814453125 0.3606770833333333 0.5 0.375 0.513671875 0.3932291666666667 0.5224609375 0.4114583333333333 0.53515625 0.4544270833333333 0.5361328125 0.4856770833333333 0.5322265625 0.5091145833333334 0.5263671875 0.5247395833333334 0.517578125 0.53515625 0.5146484375 0.5481770833333334 0.5078125 0.5481770833333334 0.494140625 0.5677083333333334 0.478515625 0.5755208333333334 0.4482421875 0.57421875 0.427734375 0.5638020833333334 0.41015625 0.546875 0.3828125 0.5065104166666666 0.384765625 0.48828125 0.3828125 0.4388020833333333 0.38671875 0.42578125 0.3896484375 0.39453125 0.3935546875 0.390625 0.3994140625 0.390625 0.4072265625 0.3815104166666667 0.4267578125 0.3684895833333333 0.431640625 0.3619791666666667 0.4326171875 0.3541666666666667 0.4375 0.3515625
0 0.49609375 0.6302083333333334 0.509765625 0.6380208333333334 0.52734375 0.6588541666666666 0.5400390625 0.6979166666666666 0.54296875 0.7174479166666666 0.53515625 0.7265625 0.533203125 0.7408854166666666 0.5234375 0.765625 0.5078125 0.7825520833333334 0.4912109375 0.79296875 0.478515625 0.79296875 0.443359375 0.7721354166666666 0.4384765625 0.765625 0.435546875 0.7604166666666666 0.4345703125 0.74609375 0.431640625 0.7369791666666666 0.4287109375 0.7018229166666666 0.43359375 0.6744791666666666 0.443359375 0.65234375 0.4521484375 0.640625 0.46484375 0.6328125 0.4951171875 0.6302083333333334
0 0.533203125 0.06901041666666667 0.5419921875 0.078125 0.5517578125 0.07942708333333333 0.564453125 0.06510416666666667 0.57421875 0.06901041666666667 0.5771484375 0.0625 0.5810546875 0.059895833333333336 0.5888671875 0.08072916666666667 0.58984375 0.11979166666666667 0.5810546875 0.15364583333333334 0.5703125 0.16145833333333334 0.5673828125 0.16666666666666666 0.55859375 0.171875 0.5537109375 0.16796875 0.5517578125 0.15885416666666666 0.548828125 0.15755208333333334 0.548828125 0.16927083333333334 0.5517578125 0.17447916666666666 0.548828125 0.203125 0.54296875 0.21484375 0.5361328125 0.23697916666666666 0.5205078125 0.26171875 0.5078125 0.27734375 0.494140625 0.2877604166666667 0.455078125 0.2994791666666667 0.427734375 0.2981770833333333 0.408203125 0.2825520833333333 0.38671875 0.25 0.3828125 0.23046875 0.3828125 0.2109375 0.38671875 0.203125 0.390625 0.18359375 0.3994140625 0.1640625 0.4140625 0.140625 0.4345703125 0.11458333333333333 0.4462890625 0.10546875 0.4677734375 0.10026041666666667 0.4775390625 0.09375 0.490234375 0.09505208333333333 0.49609375 0.1015625 0.509765625 0.10286458333333333 0.5146484375 0.09114583333333333 0.5322265625 0.0703125
0 0.58984375 0.3059895833333333 0.6142578125 0.31640625 0.6259765625 0.3268229166666667 0.63671875 0.34375 0.6435546875 0.3671875 0.6435546875 0.4010416666666667 0.63671875 0.4244791666666667 0.6220703125 0.4466145833333333 0.6142578125 0.453125 0.5986328125 0.4596354166666667 0.5751953125 0.45703125 0.560546875 0.44921875 0.548828125 0.4348958333333333 0.5419921875 0.421875 0.5361328125 0.40625 0.53125 0.3828125 0.5322265625 0.3502604166666667 0.5419921875 0.3268229166666667 0.5556640625 0.3125 0.56640625 0.3059895833333333 0.5888671875 0.3059895833333333
0 0.337890625 0.6536458333333334 0.361328125 0.6627604166666666 0.373046875 0.67578125 0.380859375 0.6888020833333334 0.3857421875 0.69921875 0.3916015625 0.7252604166666666 0.3896484375 0.7552083333333334 0.380859375 0.7838541666666666 0.373046875 0.7981770833333334 0.359375 0.8151041666666666 0.3447265625 0.8255208333333334 0.3173828125 0.8294270833333334 0.3095703125 0.8359375 0.3017578125 0.8359375 0.2919921875 0.8307291666666666 0.2919921875 0.8229166666666666 0.279296875 0.8111979166666666 0.2666015625 0.79296875 0.2626953125 0.7669270833333334 0.2666015625 0.7239583333333334 0.2724609375 0.703125 0.2822265625 0.6809895833333334 0.2880859375 0.6731770833333334 0.3115234375 0.65625 0.3369140625 0.6536458333333334