0 0.716796875 0.23046875 0.7431640625 0.24609375 0.7529296875 0.2565104166666667 0.7666015625 0.2799479166666667 0.7734375 0.3072916666666667 0.7734375 0.3229166666666667 0.76953125 0.3359375 0.7626953125 0.3489583333333333 0.7607421875 0.3619791666666667 0.75390625 0.3736979166666667 0.7529296875 0.3802083333333333 0.7265625 0.3841145833333333 0.720703125 0.3828125 0.720703125 0.37890625 0.7294921875 0.3567708333333333 0.7333984375 0.33203125 0.7333984375 0.3151041666666667 0.7294921875 0.2942708333333333 0.7216796875 0.2721354166666667 0.712890625 0.2591145833333333 0.6845703125 0.23697916666666666 0.6845703125 0.23307291666666666 0.689453125 0.23046875 0.7158203125 0.23046875
0 0.7666015625 0.3919270833333333 0.7880859375 0.4036458333333333 0.8095703125 0.4244791666666667 0.8212890625 0.4479166666666667 0.8251953125 0.4635416666666667 0.826171875 0.4947916666666667 0.8173828125 0.52734375 0.8095703125 0.54296875 0.80078125 0.5546875 0.7841796875 0.5677083333333334 0.755859375 0.578125 0.734375 0.5768229166666666 0.7099609375 0.5677083333333334 0.6953125 0.55859375 0.6806640625 0.5442708333333334 0.6669921875 0.5221354166666666 0.6611328125 0.4973958333333333 0.6611328125 0.4700520833333333 0.6650390625 0.44921875 0.673828125 0.4296875 0.681640625 0.4205729166666667 0.7080078125 0.3997395833333333 0.716796875 0.3893229166666667 0.7451171875 0.3854166666666667 0.765625 0.3919270833333333
0 0.5283203125 0.33984375 0.546875 0.3450520833333333 0.568359375 0.3567708333333333 0.5791015625 0.3658854166666667 0.609375 0.4140625 0.61328125 0.4361979166666667 0.62109375 0.4583333333333333 0.62109375 0.4661458333333333 0.619140625 0.48828125 0.611328125 0.5208333333333334 0.6005859375 0.5390625 0.5869140625 0.5546875 0.5830078125 0.5638020833333334 0.5830078125 0.5729166666666666 0.591796875 0.5807291666666666 0.591796875 0.5833333333333334 0.5849609375 0.5885416666666666 0.5810546875 0.5859375 0.578125 0.5924479166666666 0.5703125 0.5924479166666666 0.5576171875 0.6080729166666666 0.5458984375 0.6080729166666666 0.529296875 0.62890625 0.5263671875 0.6393229166666666 0.5205078125 0.6419270833333334 0.51171875 0.640625 0.50390625 0.62109375 0.4951171875 0.6184895833333334 0.484375 0.6197916666666666 0.466796875 0.6080729166666666 0.447265625 0.5885416666666666 0.4345703125 0.5690104166666666 0.4208984375 0.5364583333333334 0.4140625 0.5065104166666666 0.4130859375 0.4830729166666667 0.4189453125 0.44140625 0.4423828125 0.3958333333333333 0.45703125 0.3776041666666667 0.4794921875 0.3567708333333333 0.509765625 0.3411458333333333 0.52734375 0.33984375
0 0.85546875 0.38671875 0.8837890625 0.4036458333333333 0.90234375 0.4296875 0.9150390625 0.4609375 0.9189453125 0.484375 0.927734375 0.515625 0.927734375 0.5221354166666666 0.9189453125 0.5390625 0.91015625 0.578125 0.8994140625 0.6041666666666666 0.875 0.6276041666666666 0.849609375 0.640625 0.83203125 0.640625 0.8017578125 0.625 0.7822265625 0.6041666666666666 0.775390625 0.5911458333333334 0.7734375 0.5807291666666666 0.775390625 0.5768229166666666 0.798828125 0.5598958333333334 0.8125 0.54296875 0.826171875 0.5078125 0.8291015625 0.48828125 0.828125 0.4596354166666667 0.8154296875 0.4283854166666667 0.8046875 0.4140625 0.8056640625 0.4010416666666667 0.8125 0.3919270833333333 0.8193359375 0.3880208333333333 0.8310546875 0.3854166666666667 0.8544921875 0.38671875
0 0.404296875 0.34765625 0.423828125 0.3489583333333333 0.435546875 0.3606770833333333 0.4453125 0.3619791666666667 0.4521484375 0.3671875 0.45703125 0.3671875 0.462890625 0.3606770833333333 0.46875 0.3619791666666667 0.4326171875 0.40625 0.4287109375 0.41796875 0.416015625 0.44140625 0.4130859375 0.4661458333333333 0.41015625 0.4700520833333333 0.404296875 0.4674479166666667 0.3935546875 0.4505208333333333 0.3876953125 0.4348958333333333 0.3837890625 0.4166666666666667 0.384765625 0.4114583333333333 0.390625 0.4088541666666667 0.39453125 0.40234375 0.3984375 0.3723958333333333 0.4052734375 0.3645833333333333 0.404296875 0.3489583333333333
0 0.6181640625 0.4166666666666667 0.640625 0.4244791666666667 0.6728515625 0.4244791666666667 0.662109375 0.4505208333333333 0.6572265625 0.4791666666666667 0.6591796875 0.4986979166666667 0.66796875 0.5338541666666666 0.6640625 0.5390625 0.640625 0.546875 0.615234375 0.5455729166666666 0.6083984375 0.5403645833333334 0.6083984375 0.53515625 0.6123046875 0.5299479166666666 0.6162109375 0.5169270833333334 0.6240234375 0.4635416666666667 0.615234375 0.4283854166666667 0.615234375 0.41796875 0.6171875 0.4166666666666667
0 0.541015625 0.2760416666666667 0.564453125 0.2877604166666667 0.5751953125 0.2994791666666667 0.5791015625 0.3098958333333333 0.578125 0.3411458333333333 0.576171875 0.3502604166666667 0.5625 0.3515625 0.5556640625 0.3463541666666667 0.5341796875 0.3385416666666667 0.515625 0.3372395833333333 0.474609375 0.3567708333333333 0.4658203125 0.35546875 0.4658203125 0.3489583333333333 0.470703125 0.3216145833333333 0.4765625 0.3098958333333333 0.486328125 0.3033854166666667 0.5078125 0.2825520833333333 0.5400390625 0.2760416666666667
0 0.701171875 0.5690104166666666 0.73828125 0.5924479166666666 0.7509765625 0.6041666666666666 0.7578125 0.5872395833333334 0.7646484375 0.5872395833333334 0.7685546875 0.5911458333333334 0.7724609375 0.60546875 0.7724609375 0.6197916666666666 0.76953125 0.6302083333333334 0.765625 0.6354166666666666 0.765625 0.6458333333333334 0.7705078125 0.6653645833333334 0.771484375 0.6940104166666666 0.765625 0.7252604166666666 0.7587890625 0.7408854166666666 0.7509765625 0.7513020833333334 0.728515625 0.7721354166666666 0.697265625 0.7825520833333334 0.6806640625 0.7799479166666666 0.658203125 0.7669270833333334 0.646484375 0.7565104166666666 0.6259765625 0.7278645833333334 0.6171875 0.72265625 0.6123046875 0.70703125 0.6083984375 0.6510416666666666 0.6123046875 0.6263020833333334 0.6171875 0.6106770833333334 0.6259765625 0.5924479166666666 0.6376953125 0.5768229166666666 0.6455078125 0.5703125 0.66015625 0.5638020833333334 0.68359375 0.5625 0.7001953125 0.5690104166666666
0 0.6669921875 0.234375 0.6826171875 0.23828125 0.70703125 0.2565104166666667 0.7177734375 0.2682291666666667 0.7275390625 0.29296875 0.73046875 0.3059895833333333 0.7314453125 0.3359375 0.7275390625 0.3567708333333333 0.7138671875 0.38671875 0.7041015625 0.3984375 0.6884765625 0.4114583333333333 0.6748046875 0.4192708333333333 0.662109375 0.421875 0.6396484375 0.4205729166666667 0.623046875 0.4153645833333333 0.6123046875 0.4075520833333333 0.587890625 0.3736979166666667 0.5810546875 0.3528645833333333 0.580078125 0.3385416666666667 0.583984375 0.2942708333333333 0.5986328125 0.2682291666666667 0.6162109375 0.25 0.630859375 0.23958333333333334 0.6474609375 0.234375 0.666015625 0.234375
0 0.6142578125 0.24739583333333334 0.611328125 0.2552083333333333 0.6005859375 0.2643229166666667 0.591796875 0.2760416666666667 0.580078125 0.30078125 0.5771484375 0.30078125 0.56640625 0.2864583333333333 0.572265625 0.2630208333333333 0.580078125 0.25390625 0.58984375 0.24739583333333334 0.5986328125 0.24479166666666666 0.61328125 0.24739583333333334
0 0.7744140625 0.2916666666666667 0.7861328125 0.2994791666666667 0.796875 0.2994791666666667 0.822265625 0.3229166666666667 0.8349609375 0.34765625 0.83984375 0.375 0.837890625 0.3815104166666667 0.8203125 0.3841145833333333 0.810546875 0.3893229166666667 0.7998046875 0.4088541666666667 0.7763671875 0.3919270833333333 0.75390625 0.3828125 0.75390625 0.37890625 0.7578125 0.375 0.7626953125 0.36328125 0.7646484375 0.3502604166666667 0.7744140625 0.32421875 0.7744140625 0.29296875