0 0.4560546875 0.3697916666666667 0.47265625 0.3815104166666667 0.48828125 0.4010416666666667 0.4951171875 0.4192708333333333 0.4970703125 0.4557291666666667 0.5 0.4661458333333333 0.4951171875 0.4765625 0.4921875 0.4921875 0.48046875 0.5182291666666666 0.462890625 0.5325520833333334 0.4599609375 0.5325520833333334 0.4580078125 0.4921875 0.4541015625 0.4739583333333333 0.447265625 0.4557291666666667 0.4375 0.4388020833333333 0.41796875 0.4192708333333333 0.38671875 0.4075520833333333 0.3896484375 0.3997395833333333 0.4091796875 0.3763020833333333 0.421875 0.375 0.4345703125 0.3697916666666667 0.455078125 0.3697916666666667
0 0.7861328125 0.41796875 0.8046875 0.4231770833333333 0.8134765625 0.4296875 0.822265625 0.44140625 0.8310546875 0.4557291666666667 0.837890625 0.4739583333333333 0.8408203125 0.4895833333333333 0.8515625 0.51171875 0.849609375 0.5247395833333334 0.845703125 0.52734375 0.8349609375 0.5247395833333334 0.8291015625 0.5338541666666666 0.82421875 0.5481770833333334 0.8115234375 0.5651041666666666 0.798828125 0.57421875 0.7861328125 0.5755208333333334 0.763671875 0.57421875 0.7333984375 0.5533854166666666 0.7138671875 0.515625 0.7109375 0.50390625 0.712890625 0.4869791666666667 0.72265625 0.46484375 0.74609375 0.4348958333333333 0.767578125 0.4205729166666667 0.78515625 0.41796875
0 0.7333984375 0.5729166666666666 0.7646484375 0.5794270833333334 0.775390625 0.5846354166666666 0.7861328125 0.59375 0.798828125 0.6106770833333334 0.806640625 0.62890625 0.810546875 0.64453125 0.8203125 0.6614583333333334 0.8212890625 0.67578125 0.81640625 0.7005208333333334 0.806640625 0.7252604166666666 0.7978515625 0.7408854166666666 0.7861328125 0.7526041666666666 0.7685546875 0.7630208333333334 0.751953125 0.7682291666666666 0.736328125 0.7682291666666666 0.7216796875 0.7630208333333334 0.7109375 0.7552083333333334 0.6943359375 0.7356770833333334 0.685546875 0.7174479166666666 0.67578125 0.6809895833333334 0.67578125 0.6510416666666666 0.6787109375 0.6328125 0.689453125 0.6119791666666666 0.69140625 0.6028645833333334 0.6962890625 0.5963541666666666 0.7138671875 0.5807291666666666 0.7265625 0.57421875 0.732421875 0.57421875
0 0.42578125 0.17708333333333334 0.4345703125 0.18489583333333334 0.44140625 0.1953125 0.447265625 0.21744791666666666 0.435546875 0.23307291666666666 0.4248046875 0.2578125 0.421875 0.2591145833333333 0.3974609375 0.21614583333333334 0.408203125 0.19270833333333334 0.4169921875 0.19010416666666666 0.4208984375 0.18489583333333334 0.421875 0.17838541666666666 0.4248046875 0.17708333333333334
0 0.3984375 0.4140625 0.41796875 0.4231770833333333 0.43359375 0.4375 0.4453125 0.4557291666666667 0.4541015625 0.48046875 0.4560546875 0.4921875 0.45703125 0.5364583333333334 0.44921875 0.56640625 0.435546875 0.5924479166666666 0.423828125 0.60546875 0.3984375 0.6263020833333334 0.375 0.63671875 0.330078125 0.62890625 0.3115234375 0.6171875 0.29296875 0.5989583333333334 0.2822265625 0.58203125 0.2744140625 0.55859375 0.2744140625 0.5169270833333334 0.27734375 0.5065104166666666 0.2783203125 0.4869791666666667 0.28515625 0.4700520833333333 0.294921875 0.4544270833333333 0.3134765625 0.4361979166666667 0.361328125 0.4140625 0.37890625 0.4114583333333333 0.3974609375 0.4140625
0 0.3603515625 0.20442708333333334 0.3798828125 0.2109375 0.3955078125 0.22005208333333334 0.4169921875 0.2526041666666667 0.4248046875 0.28515625 0.4248046875 0.3177083333333333 0.41796875 0.3424479166666667 0.400390625 0.3815104166666667 0.380859375 0.4049479166666667 0.3583984375 0.41015625 0.3310546875 0.4244791666666667 0.314453125 0.4296875 0.2890625 0.4518229166666667 0.2734375 0.4466145833333333 0.259765625 0.4466145833333333 0.25390625 0.44140625 0.248046875 0.41015625 0.240234375 0.390625 0.2373046875 0.375 0.2373046875 0.3502604166666667 0.244140625 0.33203125 0.2548828125 0.3151041666666667 0.2607421875 0.296875 0.26953125 0.28125 0.2734375 0.2630208333333333 0.298828125 0.22786458333333334 0.3046875 0.21223958333333334 0.3173828125 0.20963541666666666 0.326171875 0.21484375 0.3369140625 0.21484375 0.349609375 0.20572916666666666 0.359375 0.20442708333333334
0 0.2734375 0.48828125 0.275390625 0.49609375 0.271484375 0.5221354166666666 0.2705078125 0.5572916666666666 0.2802734375 0.5846354166666666 0.2880859375 0.59765625 0.306640625 0.6184895833333334 0.3203125 0.6302083333333334 0.3212890625 0.6458333333333334 0.310546875 0.6731770833333334 0.2958984375 0.6888020833333334 0.2841796875 0.6953125 0.2548828125 0.703125 0.2333984375 0.7018229166666666 0.22265625 0.6979166666666666 0.1953125 0.6783854166666666 0.1806640625 0.6614583333333334 0.16796875 0.6328125 0.1640625 0.6119791666666666 0.166015625 0.5638020833333334 0.1728515625 0.5390625 0.181640625 0.5247395833333334 0.1943359375 0.5104166666666666 0.2294921875 0.4934895833333333 0.236328125 0.4856770833333333 0.2724609375 0.48828125
0 0.6337890625 0.26171875 0.65234375 0.2747395833333333 0.669921875 0.296875 0.68359375 0.3229166666666667 0.6982421875 0.3658854166666667 0.7001953125 0.4049479166666667 0.6962890625 0.4322916666666667 0.689453125 0.4505208333333333 0.6787109375 0.4609375 0.673828125 0.4622395833333333 0.6669921875 0.4622395833333333 0.662109375 0.45703125 0.6201171875 0.4453125 0.6083984375 0.4453125 0.57421875 0.45703125 0.5673828125 0.4557291666666667 0.55859375 0.4453125 0.548828125 0.42578125 0.5419921875 0.4010416666666667 0.5390625 0.3984375 0.5361328125 0.3997395833333333 0.5322265625 0.3958333333333333 0.5322265625 0.35546875 0.5341796875 0.3411458333333333 0.5390625 0.3203125 0.5556640625 0.2916666666666667 0.5625 0.2825520833333333 0.5927734375 0.2630208333333333 0.6328125 0.26171875
0 0.5224609375 0.5729166666666666 0.5322265625 0.578125 0.5625 0.6080729166666666 0.578125 0.62890625 0.5908203125 0.6510416666666666 0.5986328125 0.6744791666666666 0.60546875 0.7057291666666666 0.607421875 0.7291666666666666 0.60546875 0.76171875 0.59765625 0.79296875 0.591796875 0.8072916666666666 0.572265625 0.8372395833333334 0.5595703125 0.8489583333333334 0.5419921875 0.8606770833333334 0.521484375 0.8671875 0.4765625 0.8671875 0.466796875 0.87890625 0.462890625 0.8763020833333334 0.4599609375 0.8645833333333334 0.4560546875 0.859375 0.4423828125 0.8515625 0.4150390625 0.828125 0.3916015625 0.7942708333333334 0.37890625 0.7643229166666666 0.3720703125 0.7291666666666666 0.3740234375 0.6848958333333334 0.3828125 0.6510416666666666 0.3935546875 0.63671875 0.421875 0.6158854166666666 0.443359375 0.58984375 0.4580078125 0.58203125 0.466796875 0.5703125 0.4873046875 0.5703125 0.4970703125 0.5794270833333334 0.5048828125 0.58203125 0.5087890625 0.58203125 0.5166015625 0.5729166666666666 0.521484375 0.5729166666666666
0 0.5126953125 0.20442708333333334 0.53125 0.21223958333333334 0.546875 0.22526041666666666 0.55859375 0.24869791666666666 0.5634765625 0.2721354166666667 0.5615234375 0.2786458333333333 0.5380859375 0.3151041666666667 0.52734375 0.3502604166666667 0.509765625 0.3763020833333333 0.5048828125 0.37890625 0.4931640625 0.37890625 0.474609375 0.3736979166666667 0.4287109375 0.3502604166666667 0.4248046875 0.3411458333333333 0.4248046875 0.3346354166666667 0.427734375 0.328125 0.427734375 0.2877604166666667 0.4248046875 0.2578125 0.4345703125 0.23697916666666666 0.4443359375 0.22395833333333334 0.4521484375 0.21614583333333334 0.4580078125 0.21484375 0.4638671875 0.20703125 0.490234375 0.20052083333333334 0.51171875 0.20442708333333334
0 0.6357421875 0.4518229166666667 0.6552734375 0.4596354166666667 0.6689453125 0.47265625 0.6728515625 0.4791666666666667 0.6875 0.515625 0.6923828125 0.5416666666666666 0.6953125 0.57421875 0.6826171875 0.609375 0.673828125 0.6263020833333334 0.662109375 0.640625 0.650390625 0.65234375 0.634765625 0.6627604166666666 0.607421875 0.66796875 0.6025390625 0.66796875 0.59765625 0.6627604166666666 0.5908203125 0.6432291666666666 0.5830078125 0.6315104166666666 0.5576171875 0.5989583333333334 0.5302734375 0.5716145833333334 0.52734375 0.5677083333333334 0.52734375 0.5598958333333334 0.541015625 0.5026041666666666 0.548828125 0.4856770833333333 0.560546875 0.46875 0.578125 0.4596354166666667 0.587890625 0.4583333333333333 0.6103515625 0.44921875 0.634765625 0.4518229166666667
0 0.326171875 0.7890625 0.3447265625 0.79296875 0.3701171875 0.80859375 0.3876953125 0.828125 0.4091796875 0.8658854166666666 0.421875 0.875 0.4384765625 0.8919270833333334 0.4501953125 0.91015625 0.4521484375 0.9309895833333334 0.4482421875 0.9479166666666666 0.439453125 0.9583333333333334 0.431640625 0.94921875 0.4267578125 0.94921875 0.404296875 0.9895833333333334 0.396484375 0.9986979166666666 0.244140625 0.9986979166666666 0.2333984375 0.9908854166666666 0.21484375 0.9869791666666666 0.2080078125 0.9817708333333334 0.2021484375 0.9713541666666666 0.19921875 0.9622395833333334 0.201171875 0.921875 0.2109375 0.890625 0.21484375 0.8880208333333334 0.2236328125 0.8880208333333334 0.232421875 0.8815104166666666 0.236328125 0.875 0.2412109375 0.8580729166666666 0.251953125 0.8463541666666666 0.2578125 0.8294270833333334 0.279296875 0.80078125 0.3056640625 0.7890625 0.3251953125 0.7890625