0 0.45703125 0.5169270833333334 0.4609375 0.5286458333333334 0.4619140625 0.5442708333333334 0.4609375 0.5559895833333334 0.45703125 0.5677083333333334 0.4638671875 0.578125 0.4736328125 0.5846354166666666 0.4833984375 0.6028645833333334 0.5009765625 0.6080729166666666 0.5107421875 0.6171875 0.53515625 0.6236979166666666 0.5517578125 0.6223958333333334 0.5615234375 0.6145833333333334 0.5712890625 0.61328125 0.5712890625 0.6276041666666666 0.5673828125 0.65625 0.5537109375 0.7083333333333334 0.5224609375 0.7486979166666666 0.5009765625 0.7630208333333334 0.484375 0.7682291666666666 0.4453125 0.75390625 0.41796875 0.7578125 0.400390625 0.7408854166666666 0.380859375 0.71484375 0.375 0.69921875 0.3759765625 0.6809895833333334 0.369140625 0.66796875 0.3701171875 0.6627604166666666 0.3623046875 0.6432291666666666 0.3623046875 0.6158854166666666 0.3671875 0.5833333333333334 0.388671875 0.5572916666666666 0.38671875 0.5533854166666666 0.388671875 0.55078125 0.3876953125 0.5455729166666666 0.390625 0.5442708333333334 0.3935546875 0.546875 0.400390625 0.5442708333333334 0.421875 0.5221354166666666 0.435546875 0.515625 0.4521484375 0.5143229166666666 0.4560546875 0.5169270833333334
0 0.4560546875 0.7604166666666666 0.46875 0.7643229166666666 0.484375 0.77734375 0.4990234375 0.7786458333333334 0.5048828125 0.7760416666666666 0.5087890625 0.7786458333333334 0.5185546875 0.8033854166666666 0.51953125 0.8216145833333334 0.5263671875 0.8307291666666666 0.5380859375 0.8580729166666666 0.5361328125 0.890625 0.5302734375 0.8997395833333334 0.5283203125 0.9127604166666666 0.529296875 0.9309895833333334 0.5185546875 0.9661458333333334 0.5087890625 0.9895833333333334 0.5029296875 0.9986979166666666 0.388671875 0.9986979166666666 0.380859375 0.9921875 0.365234375 0.9661458333333334 0.359375 0.97265625 0.353515625 0.9713541666666666 0.3486328125 0.9765625 0.3447265625 0.97265625 0.3427734375 0.9661458333333334 0.3466796875 0.94140625 0.3525390625 0.9322916666666666 0.357421875 0.90234375 0.3583984375 0.875 0.3759765625 0.8307291666666666 0.3740234375 0.8203125 0.37890625 0.8059895833333334 0.396484375 0.7825520833333334 0.4169921875 0.7643229166666666 0.4345703125 0.7578125 0.455078125 0.7604166666666666
0 0.6513671875 0.6041666666666666 0.6748046875 0.6419270833333334 0.6787109375 0.65234375 0.681640625 0.7057291666666666 0.677734375 0.7252604166666666 0.671875 0.7369791666666666 0.6650390625 0.7447916666666666 0.6513671875 0.7526041666666666 0.634765625 0.7669270833333334 0.615234375 0.7760416666666666 0.5986328125 0.79296875 0.5859375 0.79296875 0.580078125 0.78515625 0.5751953125 0.76171875 0.568359375 0.7513020833333334 0.5673828125 0.7434895833333334 0.556640625 0.7213541666666666 0.556640625 0.7109375 0.5703125 0.6614583333333334 0.5771484375 0.609375 0.5859375 0.6041666666666666 0.62890625 0.6028645833333334 0.6416015625 0.5989583333333334 0.6474609375 0.6002604166666666 0.650390625 0.6041666666666666
0 0.5478515625 0.79296875 0.5546875 0.7981770833333334 0.5654296875 0.796875 0.5703125 0.80078125 0.595703125 0.8072916666666666 0.6025390625 0.8125 0.6259765625 0.84375 0.6337890625 0.8619791666666666 0.63671875 0.8763020833333334 0.6376953125 0.91796875 0.6328125 0.9453125 0.6259765625 0.9674479166666666 0.6220703125 0.9934895833333334 0.619140625 0.9986979166666666 0.5615234375 0.9986979166666666 0.560546875 0.99609375 0.5634765625 0.98046875 0.568359375 0.9674479166666666 0.5693359375 0.9518229166666666 0.55859375 0.9140625 0.5556640625 0.88671875 0.552734375 0.8763020833333334 0.544921875 0.8580729166666666 0.5380859375 0.8489583333333334 0.5302734375 0.8268229166666666 0.5341796875 0.81640625 0.5322265625 0.8020833333333334 0.5419921875 0.79296875 0.546875 0.79296875
0 0.544921875 0.86328125 0.5517578125 0.8723958333333334 0.5537109375 0.87890625 0.5625 0.92578125 0.568359375 0.9466145833333334 0.568359375 0.9609375 0.5595703125 0.9986979166666666 0.505859375 0.9986979166666666 0.521484375 0.9609375 0.5283203125 0.9348958333333334 0.529296875 0.8997395833333334 0.5361328125 0.8893229166666666 0.5380859375 0.8763020833333334 0.537109375 0.8658854166666666 0.5439453125 0.86328125
0 0.275390625 0.3880208333333333 0.2998046875 0.4036458333333333 0.322265625 0.4309895833333333 0.359375 0.4609375 0.3642578125 0.4791666666666667 0.3623046875 0.5078125 0.345703125 0.53515625 0.34375 0.5546875 0.326171875 0.5950520833333334 0.310546875 0.6158854166666666 0.298828125 0.6223958333333334 0.28125 0.6263020833333334 0.255859375 0.6263020833333334 0.2451171875 0.6236979166666666 0.2080078125 0.6002604166666666 0.1787109375 0.5703125 0.1708984375 0.5494791666666666 0.1708984375 0.5143229166666666 0.173828125 0.4817708333333333 0.1875 0.4466145833333333 0.1982421875 0.4283854166666667 0.2109375 0.4127604166666667 0.232421875 0.3958333333333333 0.2548828125 0.3880208333333333 0.2744140625 0.3880208333333333
0 0.32421875 0.625 0.3349609375 0.63671875 0.33984375 0.6393229166666666 0.349609375 0.6393229166666666 0.3544921875 0.6432291666666666 0.3623046875 0.6536458333333334 0.36328125 0.66015625 0.3662109375 0.6640625 0.36328125 0.6731770833333334 0.3662109375 0.6822916666666666 0.37109375 0.73046875 0.365234375 0.7643229166666666 0.3515625 0.7942708333333334 0.3349609375 0.8125 0.314453125 0.82421875 0.2861328125 0.8255208333333334 0.2802734375 0.828125 0.2724609375 0.828125 0.23828125 0.8177083333333334 0.234375 0.8125 0.2333984375 0.8046875 0.23046875 0.80078125 0.2236328125 0.7981770833333334 0.208984375 0.78125 0.1943359375 0.7421875 0.193359375 0.72265625 0.1962890625 0.7005208333333334 0.203125 0.6783854166666666 0.212890625 0.66015625 0.2265625 0.6432291666666666 0.2373046875 0.6354166666666666 0.251953125 0.6315104166666666 0.2744140625 0.6315104166666666 0.2998046875 0.62890625 0.30859375 0.625 0.3232421875 0.625
0 0.5263671875 0.40234375 0.5302734375 0.40625 0.5302734375 0.41796875 0.5322265625 0.4205729166666667 0.5419921875 0.4205729166666667 0.560546875 0.4270833333333333 0.5869140625 0.44921875 0.6005859375 0.484375 0.6103515625 0.5208333333333334 0.6103515625 0.53125 0.6044921875 0.5520833333333334 0.5869140625 0.5911458333333334 0.5791015625 0.6002604166666666 0.556640625 0.6158854166666666 0.54296875 0.6197916666666666 0.521484375 0.6171875 0.509765625 0.6119791666666666 0.501953125 0.6041666666666666 0.4892578125 0.59765625 0.4736328125 0.5794270833333334 0.4677734375 0.5677083333333334 0.4677734375 0.5598958333333334 0.4658203125 0.5572916666666666 0.466796875 0.54296875 0.4609375 0.5143229166666666 0.462890625 0.4869791666666667 0.4677734375 0.4700520833333333 0.4775390625 0.4557291666666667 0.5 0.4309895833333333 0.5 0.421875 0.513671875 0.4036458333333333 0.525390625 0.40234375
0 0.5810546875 0.22265625 0.5947265625 0.2265625 0.6396484375 0.2526041666666667 0.6630859375 0.2604166666666667 0.6787109375 0.2760416666666667 0.6669921875 0.2760416666666667 0.6611328125 0.2786458333333333 0.6533203125 0.2903645833333333 0.654296875 0.3020833333333333 0.6611328125 0.3203125 0.662109375 0.34765625 0.6611328125 0.3580729166666667 0.6474609375 0.3971354166666667 0.615234375 0.4192708333333333 0.59375 0.42578125 0.572265625 0.42578125 0.5595703125 0.421875 0.54296875 0.40234375 0.5380859375 0.3997395833333333 0.537109375 0.39453125 0.5322265625 0.3880208333333333 0.5302734375 0.375 0.5244140625 0.359375 0.5244140625 0.3372395833333333 0.521484375 0.32421875 0.5166015625 0.3138020833333333 0.5126953125 0.2864583333333333 0.513671875 0.2747395833333333 0.517578125 0.26171875 0.5341796875 0.23697916666666666 0.5576171875 0.22395833333333334 0.580078125 0.22265625
0 0.4228515625 0.16276041666666666 0.4521484375 0.1875 0.4736328125 0.1953125 0.4775390625 0.21354166666666666 0.484375 0.22265625 0.5009765625 0.23046875 0.501953125 0.24088541666666666 0.51171875 0.26171875 0.5087890625 0.2838541666666667 0.513671875 0.3177083333333333 0.5185546875 0.3268229166666667 0.5205078125 0.3372395833333333 0.51953125 0.3567708333333333 0.51171875 0.3958333333333333 0.49609375 0.4205729166666667 0.4931640625 0.4309895833333333 0.462890625 0.4674479166666667 0.4384765625 0.4791666666666667 0.400390625 0.4778645833333333 0.3720703125 0.4635416666666667 0.3330078125 0.4114583333333333 0.3193359375 0.3763020833333333 0.3095703125 0.3619791666666667 0.3076171875 0.3580729166666667 0.30859375 0.35546875 0.3056640625 0.3515625 0.3076171875 0.3463541666666667 0.3056640625 0.296875 0.30859375 0.2643229166666667 0.3193359375 0.22395833333333334 0.328125 0.20703125 0.349609375 0.17708333333333334 0.3544921875 0.17317708333333334 0.3916015625 0.16276041666666666 0.421875 0.16276041666666666
0 0.2939453125 0.83984375 0.3037109375 0.8307291666666666 0.330078125 0.8203125 0.353515625 0.8020833333333334 0.3681640625 0.7981770833333334 0.376953125 0.80078125 0.37109375 0.8190104166666666 0.3681640625 0.8411458333333334 0.35546875 0.875 0.349609375 0.92578125 0.3369140625 0.9466145833333334 0.3388671875 0.97265625 0.3466796875 0.9830729166666666 0.359375 0.984375 0.3642578125 0.98046875 0.369140625 0.98046875 0.3701171875 0.98828125 0.3671875 0.9921875 0.3369140625 0.99609375 0.3349609375 0.9986979166666666 0.3193359375 0.99609375 0.294921875 0.9817708333333334 0.2822265625 0.9635416666666666 0.2734375 0.9388020833333334 0.2705078125 0.9244791666666666 0.26953125 0.89453125 0.2744140625 0.87109375 0.283203125 0.8541666666666666 0.28515625 0.84375 0.2939453125 0.8411458333333334
0 0.6259765625 0.4231770833333333 0.642578125 0.4348958333333333 0.6611328125 0.4388020833333333 0.6640625 0.4427083333333333 0.666015625 0.44921875 0.6669921875 0.4791666666666667 0.6748046875 0.4921875 0.677734375 0.5065104166666666 0.6748046875 0.5481770833333334 0.6689453125 0.5638020833333334 0.6552734375 0.58203125 0.642578125 0.59375 0.62890625 0.5989583333333334 0.6044921875 0.5989583333333334 0.58984375 0.5924479166666666 0.5908203125 0.5846354166666666 0.5966796875 0.5755208333333334 0.607421875 0.546875 0.611328125 0.5325520833333334 0.611328125 0.5182291666666666 0.6044921875 0.4973958333333333 0.603515625 0.4856770833333333 0.591796875 0.4596354166666667 0.58984375 0.44921875 0.583984375 0.4427083333333333 0.5810546875 0.4348958333333333 0.595703125 0.4283854166666667 0.625 0.4231770833333333