0 0.65625 0.1015625 0.671875 0.11197916666666667 0.6826171875 0.12890625 0.6845703125 0.14192708333333334 0.6923828125 0.16145833333333334 0.6943359375 0.18359375 0.7001953125 0.20052083333333334 0.701171875 0.21223958333333334 0.6923828125 0.23046875 0.677734375 0.23567708333333334 0.66796875 0.24739583333333334 0.646484375 0.2565104166666667 0.63671875 0.2552083333333333 0.5908203125 0.22526041666666666 0.5830078125 0.2109375 0.580078125 0.19921875 0.580078125 0.18229166666666666 0.5830078125 0.16536458333333334 0.583984375 0.13802083333333334 0.5947265625 0.12109375 0.607421875 0.109375 0.6240234375 0.10026041666666667 0.6474609375 0.09895833333333333 0.6552734375 0.1015625
0 0.7421875 0.4296875 0.755859375 0.44140625 0.7763671875 0.46875 0.783203125 0.4986979166666667 0.783203125 0.5247395833333334 0.78125 0.5390625 0.7763671875 0.5520833333333334 0.7568359375 0.58203125 0.7490234375 0.5872395833333334 0.7294921875 0.5924479166666666 0.71484375 0.5924479166666666 0.6923828125 0.58203125 0.685546875 0.5729166666666666 0.6796875 0.5598958333333334 0.6728515625 0.5520833333333334 0.6708984375 0.5442708333333334 0.671875 0.515625 0.6669921875 0.4986979166666667 0.6669921875 0.4817708333333333 0.677734375 0.4544270833333333 0.6923828125 0.4361979166666667 0.724609375 0.4270833333333333 0.7373046875 0.4270833333333333 0.7412109375 0.4296875
0 0.48046875 0.4544270833333333 0.4912109375 0.4596354166666667 0.5 0.4713541666666667 0.5146484375 0.4752604166666667 0.52734375 0.4856770833333333 0.5458984375 0.51171875 0.5498046875 0.5299479166666666 0.5498046875 0.5611979166666666 0.5478515625 0.5729166666666666 0.54296875 0.58984375 0.53515625 0.60546875 0.525390625 0.6197916666666666 0.513671875 0.6302083333333334 0.4873046875 0.640625 0.4638671875 0.63671875 0.4482421875 0.6236979166666666 0.427734375 0.5963541666666666 0.419921875 0.5794270833333334 0.416015625 0.5598958333333334 0.4169921875 0.53515625 0.4248046875 0.515625 0.4443359375 0.4921875 0.4638671875 0.4583333333333333 0.47265625 0.4544270833333333 0.4794921875 0.4544270833333333
0 0.5791015625 0.22526041666666666 0.6044921875 0.23697916666666666 0.634765625 0.2591145833333333 0.65234375 0.29296875 0.6611328125 0.3190104166666667 0.6640625 0.37109375 0.6572265625 0.3958333333333333 0.64453125 0.4205729166666667 0.6171875 0.4518229166666667 0.58984375 0.4544270833333333 0.5693359375 0.4622395833333333 0.556640625 0.4622395833333333 0.5361328125 0.4544270833333333 0.5322265625 0.4518229166666667 0.521484375 0.4322916666666667 0.513671875 0.4348958333333333 0.501953125 0.43359375 0.5 0.4309895833333333 0.498046875 0.41015625 0.50390625 0.3971354166666667 0.5029296875 0.3580729166666667 0.5068359375 0.3372395833333333 0.5078125 0.3111979166666667 0.51171875 0.296875 0.529296875 0.2708333333333333 0.5458984375 0.2604166666666667 0.5498046875 0.2552083333333333 0.5625 0.2265625 0.56640625 0.22395833333333334 0.578125 0.22526041666666666
0 0.6875 0.6028645833333334 0.6953125 0.6106770833333334 0.6982421875 0.62109375 0.7373046875 0.6796875 0.7412109375 0.6953125 0.740234375 0.7278645833333334 0.7275390625 0.76953125 0.7099609375 0.7916666666666666 0.6884765625 0.8033854166666666 0.650390625 0.7994791666666666 0.6435546875 0.7994791666666666 0.640625 0.8020833333333334 0.6337890625 0.7890625 0.6142578125 0.765625 0.603515625 0.7395833333333334 0.6015625 0.7200520833333334 0.60546875 0.6809895833333334 0.611328125 0.6614583333333334 0.640625 0.63671875 0.66015625 0.6315104166666666 0.6787109375 0.6302083333333334 0.6826171875 0.6236979166666666 0.68359375 0.60546875 0.6865234375 0.6028645833333334
0 0.365234375 0.2786458333333333 0.388671875 0.28125 0.4111328125 0.2799479166666667 0.427734375 0.2864583333333333 0.443359375 0.296875 0.4619140625 0.3216145833333333 0.4716796875 0.33984375 0.4794921875 0.3697916666666667 0.4794921875 0.40625 0.4736328125 0.4296875 0.4677734375 0.44140625 0.4501953125 0.46484375 0.4384765625 0.4765625 0.4091796875 0.4921875 0.4013671875 0.5013020833333334 0.396484375 0.5013020833333334 0.390625 0.4973958333333333 0.35546875 0.4934895833333333 0.3408203125 0.4869791666666667 0.3203125 0.4700520833333333 0.302734375 0.4479166666666667 0.296875 0.4361979166666667 0.2919921875 0.3736979166666667 0.3134765625 0.3203125 0.3271484375 0.3098958333333333 0.3291015625 0.2994791666666667 0.3330078125 0.2916666666666667 0.35546875 0.2786458333333333 0.3642578125 0.2786458333333333
0 0.4248046875 0.10286458333333333 0.453125 0.12890625 0.4609375 0.15885416666666666 0.46484375 0.18489583333333334 0.46484375 0.21223958333333334 0.4619140625 0.23177083333333334 0.4580078125 0.24348958333333334 0.4580078125 0.2552083333333333 0.4619140625 0.26171875 0.4638671875 0.2708333333333333 0.462890625 0.2747395833333333 0.458984375 0.27734375 0.4462890625 0.2760416666666667 0.439453125 0.2721354166666667 0.419921875 0.2721354166666667 0.4150390625 0.2747395833333333 0.3623046875 0.2734375 0.34765625 0.2552083333333333 0.3388671875 0.23046875 0.3359375 0.19921875 0.3388671875 0.17838541666666666 0.3486328125 0.15494791666666666 0.349609375 0.14192708333333334 0.359375 0.12369791666666667 0.3623046875 0.10546875 0.3681640625 0.08854166666666667 0.3740234375 0.08203125 0.3779296875 0.10026041666666667 0.3857421875 0.109375 0.4013671875 0.10286458333333333 0.423828125 0.10286458333333333
0 0.7861328125 0.18229166666666666 0.791015625 0.18619791666666666 0.8115234375 0.19010416666666666 0.8291015625 0.19921875 0.849609375 0.21875 0.8642578125 0.23958333333333334 0.87109375 0.2552083333333333 0.8720703125 0.26953125 0.8779296875 0.2864583333333333 0.8798828125 0.30078125 0.87890625 0.32421875 0.875 0.34375 0.861328125 0.37109375 0.8427734375 0.3971354166666667 0.810546875 0.4114583333333333 0.787109375 0.41015625 0.771484375 0.3984375 0.7578125 0.39453125 0.744140625 0.3815104166666667 0.728515625 0.3606770833333333 0.7197265625 0.34375 0.70703125 0.3033854166666667 0.7001953125 0.2942708333333333 0.7021484375 0.2760416666666667 0.7060546875 0.2643229166666667 0.7060546875 0.2552083333333333 0.7138671875 0.22265625 0.712890625 0.21223958333333334 0.716796875 0.20572916666666666 0.7275390625 0.20442708333333334 0.734375 0.20052083333333334 0.7451171875 0.18489583333333334 0.765625 0.17838541666666666 0.78125 0.1796875 0.78515625 0.18229166666666666
0 0.6279296875 0.45703125 0.640625 0.4622395833333333 0.650390625 0.4700520833333333 0.662109375 0.48828125 0.6689453125 0.515625 0.6669921875 0.5533854166666666 0.6640625 0.57421875 0.6572265625 0.58984375 0.6357421875 0.6171875 0.611328125 0.62890625 0.5966796875 0.62890625 0.583984375 0.6236979166666666 0.56640625 0.6080729166666666 0.55859375 0.5950520833333334 0.552734375 0.5690104166666666 0.5537109375 0.5325520833333334 0.5517578125 0.5078125 0.5595703125 0.4908854166666667 0.5693359375 0.484375 0.5830078125 0.4622395833333333 0.626953125 0.45703125
0 0.91015625 0.3190104166666667 0.9208984375 0.3268229166666667 0.935546875 0.3489583333333333 0.9267578125 0.3776041666666667 0.9248046875 0.4127604166666667 0.9208984375 0.41796875 0.91015625 0.4231770833333333 0.900390625 0.4231770833333333 0.8935546875 0.4192708333333333 0.87109375 0.41796875 0.8525390625 0.40234375 0.849609375 0.3971354166666667 0.8505859375 0.3880208333333333 0.86328125 0.37109375 0.869140625 0.3580729166666667 0.8759765625 0.3489583333333333 0.8798828125 0.3307291666666667 0.884765625 0.3216145833333333 0.8935546875 0.3177083333333333 0.9091796875 0.3190104166666667
0 0.556640625 0.6119791666666666 0.5673828125 0.6158854166666666 0.5908203125 0.6354166666666666 0.5966796875 0.6458333333333334 0.603515625 0.6705729166666666 0.6025390625 0.69140625 0.595703125 0.71484375 0.5732421875 0.734375 0.560546875 0.7578125 0.5419921875 0.7447916666666666 0.5302734375 0.7408854166666666 0.517578125 0.73046875 0.484375 0.6809895833333334 0.486328125 0.6692708333333334 0.498046875 0.6510416666666666 0.51171875 0.6354166666666666 0.5224609375 0.62890625 0.5361328125 0.6158854166666666 0.5556640625 0.6119791666666666
0 0.544921875 0.09244791666666667 0.5615234375 0.10286458333333333 0.5732421875 0.12239583333333333 0.580078125 0.14713541666666666 0.5791015625 0.17447916666666666 0.5771484375 0.18880208333333334 0.5693359375 0.21354166666666666 0.544921875 0.24479166666666666 0.5283203125 0.2552083333333333 0.5068359375 0.2552083333333333 0.4970703125 0.2526041666666667 0.486328125 0.24609375 0.4765625 0.234375 0.4697265625 0.21614583333333334 0.4697265625 0.1953125 0.46484375 0.15625 0.466796875 0.14453125 0.478515625 0.1171875 0.48828125 0.10546875 0.5185546875 0.09244791666666667 0.5439453125 0.09244791666666667