0 0.4248046875 0.7434895833333334 0.43359375 0.7486979166666666 0.4453125 0.765625 0.4765625 0.765625 0.494140625 0.7721354166666666 0.5224609375 0.80078125 0.52734375 0.8098958333333334 0.5390625 0.8645833333333334 0.5390625 0.8971354166666666 0.5341796875 0.9296875 0.5283203125 0.94921875 0.52734375 0.96875 0.529296875 0.9778645833333334 0.52734375 0.98046875 0.5263671875 0.9934895833333334 0.5166015625 0.9986979166666666 0.4794921875 0.9986979166666666 0.4755859375 0.99609375 0.4677734375 0.9986979166666666 0.4033203125 0.9986979166666666 0.3681640625 0.9505208333333334 0.357421875 0.9244791666666666 0.35546875 0.9140625 0.35546875 0.89453125 0.365234375 0.8580729166666666 0.3662109375 0.8385416666666666 0.375 0.8203125 0.376953125 0.7916666666666666 0.3818359375 0.77734375 0.388671875 0.7630208333333334 0.4033203125 0.74609375 0.423828125 0.7434895833333334
0 0.40234375 0.37109375 0.4248046875 0.37890625 0.4462890625 0.4010416666666667 0.451171875 0.4192708333333333 0.4541015625 0.4453125 0.453125 0.4557291666666667 0.44921875 0.45703125 0.4296875 0.4401041666666667 0.4052734375 0.4296875 0.3798828125 0.4283854166666667 0.353515625 0.4466145833333333 0.3349609375 0.4700520833333333 0.3310546875 0.4674479166666667 0.3291015625 0.4557291666666667 0.33203125 0.41015625 0.3447265625 0.3958333333333333 0.3671875 0.3828125 0.38671875 0.3736979166666667 0.4013671875 0.37109375
0 0.2861328125 0.42578125 0.306640625 0.4348958333333333 0.3251953125 0.4700520833333333 0.3251953125 0.4908854166666667 0.318359375 0.5143229166666666 0.314453125 0.5455729166666666 0.3017578125 0.5677083333333334 0.294921875 0.5716145833333334 0.2744140625 0.57421875 0.2587890625 0.5794270833333334 0.251953125 0.5872395833333334 0.2490234375 0.5989583333333334 0.24609375 0.6028645833333334 0.2265625 0.6106770833333334 0.2158203125 0.6080729166666666 0.2060546875 0.59765625 0.19921875 0.5859375 0.193359375 0.5690104166666666 0.1923828125 0.5416666666666666 0.1962890625 0.5182291666666666 0.1953125 0.50390625 0.2021484375 0.4713541666666667 0.203125 0.4427083333333333 0.2109375 0.4361979166666667 0.2197265625 0.4466145833333333 0.228515625 0.4453125 0.244140625 0.43359375 0.25390625 0.4296875 0.2666015625 0.42578125 0.28515625 0.42578125
0 0.310546875 0.5794270833333334 0.33203125 0.5950520833333334 0.33984375 0.5963541666666666 0.3583984375 0.6106770833333334 0.3740234375 0.6263020833333334 0.38671875 0.64453125 0.392578125 0.66015625 0.400390625 0.6966145833333334 0.3994140625 0.7408854166666666 0.3818359375 0.7669270833333334 0.37109375 0.7955729166666666 0.369140625 0.8125 0.3623046875 0.8255208333333334 0.3369140625 0.8515625 0.3359375 0.8658854166666666 0.3310546875 0.8763020833333334 0.328125 0.8776041666666666 0.3193359375 0.8684895833333334 0.3134765625 0.8684895833333334 0.271484375 0.8828125 0.2470703125 0.8828125 0.224609375 0.8763020833333334 0.1845703125 0.83984375 0.1767578125 0.8255208333333334 0.17578125 0.81640625 0.1630859375 0.7799479166666666 0.16015625 0.7669270833333334 0.16015625 0.74609375 0.16796875 0.7161458333333334 0.177734375 0.6953125 0.1806640625 0.67578125 0.203125 0.6302083333333334 0.2197265625 0.6158854166666666 0.2255859375 0.6171875 0.23046875 0.61328125 0.248046875 0.6080729166666666 0.251953125 0.6028645833333334 0.25390625 0.58984375 0.259765625 0.5833333333333334 0.28515625 0.5768229166666666 0.3095703125 0.5794270833333334
0 0.66796875 0.421875 0.705078125 0.4244791666666667 0.7392578125 0.44140625 0.7587890625 0.4661458333333333 0.76953125 0.48828125 0.77734375 0.5143229166666666 0.77734375 0.5416666666666666 0.7734375 0.5651041666666666 0.7685546875 0.578125 0.7529296875 0.60546875 0.759765625 0.6158854166666666 0.7646484375 0.62890625 0.7646484375 0.6393229166666666 0.76171875 0.6432291666666666 0.7451171875 0.6497395833333334 0.7353515625 0.6471354166666666 0.7197265625 0.6484375 0.7138671875 0.6458333333333334 0.69140625 0.6497395833333334 0.6884765625 0.6458333333333334 0.6806640625 0.64453125 0.6748046875 0.6471354166666666 0.6728515625 0.6419270833333334 0.6669921875 0.6393229166666666 0.65234375 0.6549479166666666 0.6376953125 0.6497395833333334 0.6220703125 0.6393229166666666 0.6083984375 0.6276041666666666 0.595703125 0.6106770833333334 0.5869140625 0.578125 0.587890625 0.51171875 0.583984375 0.50390625 0.583984375 0.4986979166666667 0.587890625 0.4895833333333333 0.60546875 0.4661458333333333 0.611328125 0.4544270833333333 0.62890625 0.4375 0.646484375 0.4244791666666667 0.6572265625 0.4205729166666667 0.6669921875 0.421875
0 0.7431640625 0.3307291666666667 0.771484375 0.3411458333333333 0.794921875 0.3619791666666667 0.8056640625 0.3684895833333333 0.810546875 0.3815104166666667 0.810546875 0.390625 0.818359375 0.4088541666666667 0.818359375 0.4375 0.8125 0.46875 0.796875 0.5013020833333334 0.783203125 0.5130208333333334 0.779296875 0.51171875 0.7705078125 0.484375 0.7578125 0.4596354166666667 0.7470703125 0.4466145833333333 0.744140625 0.4388020833333333 0.71875 0.4270833333333333 0.7099609375 0.4205729166666667 0.693359375 0.4153645833333333 0.67578125 0.41796875 0.6650390625 0.4153645833333333 0.654296875 0.4166666666666667 0.63671875 0.4270833333333333 0.6201171875 0.44140625 0.6171875 0.44140625 0.6083984375 0.42578125 0.6083984375 0.3984375 0.6171875 0.3854166666666667 0.6259765625 0.3619791666666667 0.6435546875 0.3411458333333333 0.6650390625 0.3307291666666667 0.6865234375 0.328125 0.7421875 0.3307291666666667
0 0.853515625 0.3880208333333333 0.876953125 0.3958333333333333 0.884765625 0.4010416666666667 0.880859375 0.4140625 0.880859375 0.4231770833333333 0.8984375 0.4466145833333333 0.900390625 0.4622395833333333 0.90625 0.4752604166666667 0.904296875 0.484375 0.892578125 0.4986979166666667 0.880859375 0.5026041666666666 0.8720703125 0.51171875 0.8623046875 0.5169270833333334 0.8486328125 0.5169270833333334 0.8017578125 0.5013020833333334 0.8017578125 0.4973958333333333 0.8154296875 0.4674479166666667 0.822265625 0.4283854166666667 0.82421875 0.4049479166666667 0.8369140625 0.3893229166666667 0.8525390625 0.3880208333333333
0 0.7666015625 0.6002604166666666 0.79296875 0.625 0.8095703125 0.6588541666666666 0.8134765625 0.6888020833333334 0.810546875 0.7291666666666666 0.8017578125 0.7513020833333334 0.7763671875 0.7786458333333334 0.76171875 0.78515625 0.740234375 0.7877604166666666 0.736328125 0.7903645833333334 0.7216796875 0.7890625 0.693359375 0.765625 0.6826171875 0.734375 0.6572265625 0.6966145833333334 0.6533203125 0.6861979166666666 0.65234375 0.671875 0.654296875 0.6627604166666666 0.6630859375 0.6549479166666666 0.6640625 0.6510416666666666 0.6708984375 0.6575520833333334 0.6767578125 0.65625 0.6826171875 0.66015625 0.69921875 0.6588541666666666 0.70703125 0.6614583333333334 0.7255859375 0.6536458333333334 0.7373046875 0.6536458333333334 0.744140625 0.6575520833333334 0.7470703125 0.6536458333333334 0.7587890625 0.6497395833333334 0.7646484375 0.6458333333333334 0.767578125 0.640625 0.7666015625 0.6197916666666666 0.7607421875 0.6080729166666666 0.7607421875 0.6028645833333334 0.765625 0.6002604166666666
0 0.53125 0.4661458333333333 0.560546875 0.484375 0.58203125 0.5104166666666666 0.5849609375 0.5208333333333334 0.5830078125 0.5755208333333334 0.5888671875 0.5963541666666666 0.5908203125 0.6119791666666666 0.6025390625 0.6276041666666666 0.603515625 0.6354166666666666 0.587890625 0.6822916666666666 0.5830078125 0.6888020833333334 0.5634765625 0.703125 0.556640625 0.7044270833333334 0.5498046875 0.7018229166666666 0.5439453125 0.7200520833333334 0.5322265625 0.7330729166666666 0.529296875 0.7408854166666666 0.525390625 0.7330729166666666 0.494140625 0.734375 0.4736328125 0.7213541666666666 0.4560546875 0.734375 0.44921875 0.734375 0.4404296875 0.7122395833333334 0.443359375 0.7096354166666666 0.4423828125 0.7057291666666666 0.4453125 0.703125 0.44921875 0.7044270833333334 0.4501953125 0.69921875 0.44921875 0.6953125 0.4365234375 0.6822916666666666 0.431640625 0.6731770833333334 0.4248046875 0.6484375 0.421875 0.6184895833333334 0.4267578125 0.609375 0.439453125 0.6002604166666666 0.4560546875 0.578125 0.4677734375 0.5572916666666666 0.466796875 0.5442708333333334 0.470703125 0.52734375 0.470703125 0.5078125 0.462890625 0.4739583333333333 0.4765625 0.4674479166666667 0.4912109375 0.46484375 0.5302734375 0.4661458333333333
0 0.6318359375 0.6888020833333334 0.646484375 0.6953125 0.6572265625 0.7044270833333334 0.6796875 0.7369791666666666 0.6923828125 0.7864583333333334 0.6943359375 0.8450520833333334 0.69140625 0.8606770833333334 0.6796875 0.8932291666666666 0.6611328125 0.9205729166666666 0.6396484375 0.9309895833333334 0.623046875 0.9348958333333334 0.60546875 0.93359375 0.587890625 0.9270833333333334 0.5595703125 0.9010416666666666 0.544921875 0.8658854166666666 0.5390625 0.8424479166666666 0.5361328125 0.81640625 0.53125 0.7955729166666666 0.529296875 0.7682291666666666 0.533203125 0.7565104166666666 0.546875 0.7356770833333334 0.5546875 0.7252604166666666 0.5634765625 0.71875 0.5703125 0.7057291666666666 0.580078125 0.6953125 0.599609375 0.6861979166666666 0.6181640625 0.6848958333333334 0.630859375 0.6888020833333334
0 0.5244140625 0.3294270833333333 0.53515625 0.33203125 0.54296875 0.3372395833333333 0.5703125 0.3776041666666667 0.5927734375 0.40625 0.5927734375 0.4140625 0.58984375 0.421875 0.5849609375 0.4283854166666667 0.57421875 0.4361979166666667 0.560546875 0.4609375 0.5517578125 0.4674479166666667 0.54296875 0.4674479166666667 0.525390625 0.4609375 0.470703125 0.4635416666666667 0.462890625 0.4518229166666667 0.4560546875 0.42578125 0.451171875 0.3971354166666667 0.45703125 0.375 0.4658203125 0.3580729166666667 0.4765625 0.34375 0.4912109375 0.3346354166666667 0.5087890625 0.3294270833333333 0.5234375 0.3294270833333333
0 0.4072265625 0.4322916666666667 0.4345703125 0.4453125 0.4541015625 0.4635416666666667 0.466796875 0.4986979166666667 0.4677734375 0.5234375 0.4599609375 0.5651041666666666 0.4384765625 0.5963541666666666 0.4150390625 0.6158854166666666 0.3876953125 0.62109375 0.3779296875 0.6197916666666666 0.37109375 0.6158854166666666 0.3525390625 0.6015625 0.3349609375 0.58203125 0.3310546875 0.5846354166666666 0.3232421875 0.58203125 0.3134765625 0.5729166666666666 0.3115234375 0.5611979166666666 0.3134765625 0.5546875 0.3212890625 0.5481770833333334 0.3193359375 0.5338541666666666 0.322265625 0.5169270833333334 0.3291015625 0.5026041666666666 0.3310546875 0.484375 0.33984375 0.4661458333333333 0.3525390625 0.44921875 0.3779296875 0.4309895833333333 0.396484375 0.4296875 0.40625 0.4322916666666667