0 0.556640625 0.3463541666666667 0.5712890625 0.3606770833333333 0.5830078125 0.3776041666666667 0.5927734375 0.3971354166666667 0.5947265625 0.41015625 0.59375 0.4296875 0.58984375 0.4453125 0.5751953125 0.4739583333333333 0.5673828125 0.484375 0.5576171875 0.4895833333333333 0.5419921875 0.4895833333333333 0.53125 0.4856770833333333 0.521484375 0.4791666666666667 0.509765625 0.4765625 0.4951171875 0.46484375 0.4892578125 0.4583333333333333 0.4833984375 0.4388020833333333 0.4765625 0.4283854166666667 0.474609375 0.41796875 0.4775390625 0.40234375 0.484375 0.38671875 0.50390625 0.3619791666666667 0.5263671875 0.3463541666666667 0.5361328125 0.3424479166666667 0.544921875 0.3424479166666667 0.5556640625 0.3463541666666667
0 0.685546875 0.71484375 0.70703125 0.72265625 0.724609375 0.7473958333333334 0.732421875 0.7760416666666666 0.7353515625 0.8059895833333334 0.7412109375 0.82421875 0.7431640625 0.8411458333333334 0.7412109375 0.8463541666666666 0.734375 0.8489583333333334 0.7294921875 0.8541666666666666 0.71484375 0.8515625 0.7099609375 0.8541666666666666 0.7060546875 0.8606770833333334 0.6796875 0.8658854166666666 0.66796875 0.8658854166666666 0.658203125 0.8619791666666666 0.6396484375 0.8450520833333334 0.625 0.8177083333333334 0.6201171875 0.7864583333333334 0.626953125 0.7434895833333334 0.63671875 0.7278645833333334 0.65625 0.7174479166666666 0.6845703125 0.71484375
0 0.2744140625 0.8177083333333334 0.2880859375 0.8268229166666666 0.3056640625 0.8502604166666666 0.3115234375 0.875 0.3203125 0.8880208333333334 0.328125 0.9049479166666666 0.337890625 0.9153645833333334 0.3408203125 0.9296875 0.3408203125 0.94140625 0.3349609375 0.9635416666666666 0.330078125 0.9700520833333334 0.3115234375 0.9791666666666666 0.2998046875 0.9947916666666666 0.2939453125 0.9986979166666666 0.2578125 0.9986979166666666 0.2548828125 0.99609375 0.248046875 0.99609375 0.24609375 0.9986979166666666 0.177734375 0.9986979166666666 0.1669921875 0.9674479166666666 0.1640625 0.9479166666666666 0.154296875 0.93359375 0.1484375 0.9153645833333334 0.1484375 0.9088541666666666 0.1533203125 0.8997395833333334 0.1884765625 0.85546875 0.208984375 0.8359375 0.240234375 0.8190104166666666 0.2734375 0.8177083333333334
0 0.2265625 0.3059895833333333 0.251953125 0.3177083333333333 0.2646484375 0.3268229166666667 0.2734375 0.3372395833333333 0.28515625 0.35546875 0.2939453125 0.3776041666666667 0.298828125 0.40625 0.294921875 0.4479166666666667 0.2880859375 0.4674479166666667 0.26171875 0.4986979166666667 0.2431640625 0.5065104166666666 0.2294921875 0.5091145833333334 0.2080078125 0.5065104166666666 0.189453125 0.4973958333333333 0.1767578125 0.4973958333333333 0.171875 0.4947916666666667 0.16796875 0.4791666666666667 0.1435546875 0.4453125 0.13671875 0.4309895833333333 0.126953125 0.39453125 0.1279296875 0.37109375 0.1328125 0.3528645833333333 0.1396484375 0.33984375 0.1552734375 0.3203125 0.16796875 0.3111979166666667 0.1962890625 0.3020833333333333 0.2255859375 0.3059895833333333
0 0.3310546875 0.5598958333333334 0.3447265625 0.5807291666666666 0.3623046875 0.5885416666666666 0.3662109375 0.59765625 0.365234375 0.6106770833333334 0.3623046875 0.6223958333333334 0.359375 0.6263020833333334 0.359375 0.640625 0.36328125 0.6510416666666666 0.36328125 0.6614583333333334 0.359375 0.66796875 0.349609375 0.6692708333333334 0.34765625 0.671875 0.349609375 0.6809895833333334 0.34765625 0.6888020833333334 0.349609375 0.6979166666666666 0.34765625 0.7122395833333334 0.3388671875 0.7434895833333334 0.33203125 0.7565104166666666 0.3193359375 0.7721354166666666 0.306640625 0.7825520833333334 0.279296875 0.7942708333333334 0.2685546875 0.7942708333333334 0.2470703125 0.7890625 0.2158203125 0.765625 0.212890625 0.7565104166666666 0.205078125 0.7447916666666666 0.1953125 0.7161458333333334 0.1923828125 0.6731770833333334 0.197265625 0.6458333333333334 0.205078125 0.62109375 0.2138671875 0.6041666666666666 0.228515625 0.5859375 0.2421875 0.5768229166666666 0.255859375 0.5716145833333334 0.2890625 0.5716145833333334 0.3046875 0.5768229166666666 0.31640625 0.5859375 0.32421875 0.5859375 0.3251953125 0.5833333333333334 0.3212890625 0.5677083333333334 0.3271484375 0.5572916666666666 0.330078125 0.5598958333333334
0 0.6376953125 0.4231770833333333 0.6435546875 0.4322916666666667 0.666015625 0.43359375 0.6787109375 0.44140625 0.6787109375 0.44921875 0.6826171875 0.4622395833333333 0.6884765625 0.4700520833333333 0.685546875 0.4869791666666667 0.6904296875 0.5182291666666666 0.703125 0.5364583333333334 0.7060546875 0.546875 0.71484375 0.5638020833333334 0.7109375 0.5729166666666666 0.7099609375 0.5859375 0.7021484375 0.6002604166666666 0.7021484375 0.6145833333333334 0.697265625 0.6263020833333334 0.689453125 0.6276041666666666 0.6689453125 0.6419270833333334 0.6455078125 0.6484375 0.630859375 0.6484375 0.6162109375 0.64453125 0.6015625 0.6197916666666666 0.587890625 0.609375 0.5791015625 0.5963541666666666 0.57421875 0.5846354166666666 0.5654296875 0.5481770833333334 0.5654296875 0.5208333333333334 0.5693359375 0.4908854166666667 0.5712890625 0.484375 0.5869140625 0.4596354166666667 0.59375 0.4427083333333333 0.5947265625 0.4348958333333333 0.59765625 0.4309895833333333 0.603515625 0.43359375 0.6201171875 0.43359375 0.623046875 0.4309895833333333 0.623046875 0.421875 0.6259765625 0.41796875 0.63671875 0.4231770833333333
0 0.560546875 0.58984375 0.5771484375 0.6002604166666666 0.59375 0.62109375 0.60546875 0.6315104166666666 0.6162109375 0.6705729166666666 0.6181640625 0.7122395833333334 0.615234375 0.73046875 0.6083984375 0.7434895833333334 0.6015625 0.765625 0.58984375 0.7786458333333334 0.5849609375 0.7903645833333334 0.5771484375 0.78125 0.5537109375 0.7903645833333334 0.537109375 0.7903645833333334 0.5263671875 0.7864583333333334 0.5234375 0.78125 0.5224609375 0.7669270833333334 0.5185546875 0.7578125 0.5048828125 0.75 0.4873046875 0.7213541666666666 0.474609375 0.7122395833333334 0.4716796875 0.7005208333333334 0.470703125 0.6848958333333334 0.4794921875 0.6731770833333334 0.4833984375 0.65234375 0.48828125 0.640625 0.48828125 0.6328125 0.5087890625 0.6041666666666666 0.5205078125 0.5950520833333334 0.537109375 0.5872395833333334 0.5517578125 0.5872395833333334 0.5595703125 0.58984375
0 0.5322265625 0.8111979166666666 0.546875 0.8111979166666666 0.5595703125 0.8151041666666666 0.57421875 0.8229166666666666 0.5810546875 0.8307291666666666 0.58984375 0.8515625 0.59375 0.8802083333333334 0.59375 0.8984375 0.6025390625 0.9205729166666666 0.6015625 0.9283854166666666 0.59375 0.9427083333333334 0.5869140625 0.9479166666666666 0.5703125 0.9700520833333334 0.5498046875 0.9830729166666666 0.5205078125 0.9830729166666666 0.509765625 0.9765625 0.498046875 0.9635416666666666 0.4912109375 0.94921875 0.4912109375 0.94140625 0.5 0.9296875 0.5185546875 0.890625 0.5263671875 0.859375 0.52734375 0.8333333333333334 0.5322265625 0.8125
0 0.42578125 0.41796875 0.44921875 0.4309895833333333 0.4677734375 0.4518229166666667 0.4736328125 0.4635416666666667 0.4794921875 0.4830729166666667 0.482421875 0.51171875 0.4794921875 0.5390625 0.466796875 0.5677083333333334 0.4462890625 0.5911458333333334 0.427734375 0.6015625 0.412109375 0.60546875 0.4013671875 0.60546875 0.3837890625 0.6002604166666666 0.3544921875 0.57421875 0.3466796875 0.5598958333333334 0.3369140625 0.5338541666666666 0.3349609375 0.515625 0.341796875 0.4713541666666667 0.3505859375 0.453125 0.3623046875 0.4375 0.376953125 0.42578125 0.3857421875 0.4244791666666667 0.4013671875 0.4166666666666667 0.4248046875 0.41796875
0 0.3623046875 0.953125 0.3671875 0.9596354166666666 0.38671875 0.9739583333333334 0.41796875 0.9830729166666666 0.4208984375 0.9895833333333334 0.419921875 0.9986979166666666 0.3359375 0.9986979166666666 0.337890625 0.9869791666666666 0.3505859375 0.9661458333333334 0.353515625 0.95703125 0.3564453125 0.953125 0.361328125 0.953125
0 0.421875 0.6875 0.4267578125 0.6940104166666666 0.4521484375 0.7044270833333334 0.486328125 0.7265625 0.5087890625 0.7591145833333334 0.515625 0.7630208333333334 0.525390625 0.8098958333333334 0.5224609375 0.859375 0.515625 0.8919270833333334 0.4990234375 0.92578125 0.4794921875 0.953125 0.46875 0.9635416666666666 0.447265625 0.9752604166666666 0.4267578125 0.98046875 0.388671875 0.9739583333333334 0.3779296875 0.9674479166666666 0.365234375 0.9544270833333334 0.35546875 0.9518229166666666 0.3447265625 0.9348958333333334 0.34375 0.9192708333333334 0.33984375 0.9088541666666666 0.3310546875 0.8984375 0.31640625 0.8697916666666666 0.3115234375 0.8294270833333334 0.3125 0.8059895833333334 0.3203125 0.7786458333333334 0.3408203125 0.75 0.3505859375 0.7265625 0.3583984375 0.7161458333333334 0.3671875 0.7109375 0.3759765625 0.69921875 0.392578125 0.6888020833333334 0.4091796875 0.6861979166666666 0.4208984375 0.6875
0 0.435546875 0.10286458333333333 0.4560546875 0.11067708333333333 0.474609375 0.13151041666666666 0.4921875 0.15755208333333334 0.5 0.18229166666666666 0.51171875 0.19921875 0.5107421875 0.20963541666666666 0.5126953125 0.2265625 0.5078125 0.23697916666666666 0.5126953125 0.24348958333333334 0.5146484375 0.2565104166666667 0.5126953125 0.2721354166666667 0.5087890625 0.2838541666666667 0.501953125 0.29296875 0.494140625 0.31640625 0.4775390625 0.3450520833333333 0.4521484375 0.3658854166666667 0.4384765625 0.3723958333333333 0.4208984375 0.3763020833333333 0.396484375 0.375 0.3779296875 0.3671875 0.3623046875 0.35546875 0.3466796875 0.3346354166666667 0.3408203125 0.32421875 0.3291015625 0.2877604166666667 0.326171875 0.26953125 0.326171875 0.24739583333333334 0.3173828125 0.23958333333333334 0.3154296875 0.23046875 0.32421875 0.22916666666666666 0.326171875 0.2265625 0.3291015625 0.20572916666666666 0.337890625 0.17708333333333334 0.34765625 0.15625 0.3623046875 0.13671875 0.3779296875 0.12109375 0.3955078125 0.11067708333333333 0.41796875 0.10286458333333333 0.4345703125 0.10286458333333333