0 0.3310546875 0.22526041666666666 0.3369140625 0.23046875 0.361328125 0.24088541666666666 0.369140625 0.24739583333333334 0.3837890625 0.2526041666666667 0.396484375 0.2682291666666667 0.40625 0.2916666666666667 0.41015625 0.3177083333333333 0.4111328125 0.3502604166666667 0.40625 0.3880208333333333 0.396484375 0.4114583333333333 0.388671875 0.4192708333333333 0.37890625 0.4205729166666667 0.3623046875 0.4114583333333333 0.341796875 0.4049479166666667 0.314453125 0.4049479166666667 0.28125 0.421875 0.2724609375 0.4231770833333333 0.2646484375 0.4153645833333333 0.25390625 0.41015625 0.2470703125 0.3971354166666667 0.24609375 0.3776041666666667 0.236328125 0.33984375 0.234375 0.32421875 0.23828125 0.296875 0.24609375 0.2760416666666667 0.2578125 0.2578125 0.2822265625 0.234375 0.2890625 0.23177083333333334 0.296875 0.234375 0.2998046875 0.23046875 0.306640625 0.23177083333333334 0.3115234375 0.2265625 0.330078125 0.2265625
0 0.5693359375 0.2578125 0.58984375 0.265625 0.6025390625 0.2734375 0.6171875 0.2981770833333333 0.626953125 0.3229166666666667 0.630859375 0.3424479166666667 0.630859375 0.3619791666666667 0.626953125 0.375 0.6201171875 0.3776041666666667 0.5927734375 0.36328125 0.5751953125 0.359375 0.5498046875 0.36328125 0.5419921875 0.3658854166666667 0.5068359375 0.390625 0.4873046875 0.4088541666666667 0.4833984375 0.40625 0.4765625 0.3854166666666667 0.4755859375 0.3515625 0.48046875 0.3268229166666667 0.4921875 0.2942708333333333 0.5146484375 0.2721354166666667 0.5263671875 0.2643229166666667 0.55078125 0.2565104166666667 0.568359375 0.2578125
0 0.5361328125 0.12239583333333333 0.5654296875 0.12890625 0.5771484375 0.13541666666666666 0.5966796875 0.1640625 0.609375 0.19140625 0.61328125 0.21223958333333334 0.6123046875 0.23828125 0.609375 0.2526041666666667 0.60546875 0.2643229166666667 0.6025390625 0.2669270833333333 0.595703125 0.2669270833333333 0.58203125 0.2591145833333333 0.564453125 0.25390625 0.55078125 0.25390625 0.5341796875 0.2578125 0.513671875 0.26953125 0.494140625 0.28515625 0.4833984375 0.2643229166666667 0.4736328125 0.22526041666666666 0.47265625 0.19010416666666666 0.474609375 0.17838541666666666 0.48828125 0.14713541666666666 0.49609375 0.13671875 0.5107421875 0.12630208333333334 0.53515625 0.12239583333333333
0 0.5791015625 0.36328125 0.5986328125 0.3684895833333333 0.6171875 0.37890625 0.63671875 0.3971354166666667 0.66015625 0.4283854166666667 0.6748046875 0.48046875 0.6748046875 0.5221354166666666 0.671875 0.54296875 0.66796875 0.55859375 0.654296875 0.59375 0.6279296875 0.6236979166666666 0.615234375 0.6315104166666666 0.5869140625 0.6419270833333334 0.5634765625 0.6419270833333334 0.5419921875 0.6341145833333334 0.515625 0.6171875 0.498046875 0.6002604166666666 0.4892578125 0.5872395833333334 0.4814453125 0.5690104166666666 0.4755859375 0.546875 0.470703125 0.51171875 0.470703125 0.4856770833333333 0.474609375 0.4453125 0.4873046875 0.4140625 0.505859375 0.39453125 0.5439453125 0.3684895833333333 0.578125 0.36328125
0 0.779296875 0.14322916666666666 0.8046875 0.15494791666666666 0.833984375 0.16276041666666666 0.853515625 0.17447916666666666 0.8740234375 0.20572916666666666 0.8818359375 0.22786458333333334 0.8857421875 0.24869791666666666 0.884765625 0.2825520833333333 0.8818359375 0.296875 0.8759765625 0.30859375 0.84765625 0.3125 0.83203125 0.3190104166666667 0.81640625 0.3294270833333333 0.802734375 0.3424479166666667 0.7939453125 0.34375 0.783203125 0.3528645833333333 0.77734375 0.3541666666666667 0.7763671875 0.35546875 0.779296875 0.3580729166666667 0.7783203125 0.3619791666666667 0.7646484375 0.3776041666666667 0.7490234375 0.4010416666666667 0.7294921875 0.41796875 0.7236328125 0.41796875 0.7099609375 0.4049479166666667 0.689453125 0.3958333333333333 0.6796875 0.3854166666666667 0.662109375 0.3723958333333333 0.642578125 0.34765625 0.6376953125 0.3385416666666667 0.6259765625 0.2903645833333333 0.626953125 0.24869791666666666 0.630859375 0.234375 0.6435546875 0.20833333333333334 0.6533203125 0.19401041666666666 0.673828125 0.17447916666666666 0.69140625 0.16536458333333334 0.7177734375 0.15885416666666666 0.7236328125 0.14973958333333334 0.7333984375 0.14322916666666666 0.74609375 0.14322916666666666 0.751953125 0.14583333333333334 0.7646484375 0.14192708333333334 0.7783203125 0.14322916666666666
0 0.1748046875 0.2734375 0.2001953125 0.28515625 0.2177734375 0.3059895833333333 0.2275390625 0.3229166666666667 0.232421875 0.3359375 0.2333984375 0.3502604166666667 0.2333984375 0.3671875 0.2294921875 0.3841145833333333 0.21875 0.40234375 0.1796875 0.4049479166666667 0.138671875 0.4231770833333333 0.111328125 0.453125 0.10546875 0.4518229166666667 0.09375 0.4375 0.0830078125 0.4127604166666667 0.0791015625 0.39453125 0.0791015625 0.37109375 0.0859375 0.3424479166666667 0.0751953125 0.3307291666666667 0.0751953125 0.3190104166666667 0.0791015625 0.3098958333333333 0.091796875 0.29296875 0.1162109375 0.29296875 0.1376953125 0.2786458333333333 0.154296875 0.2721354166666667 0.173828125 0.2734375
0 0.333984375 0.22395833333333334 0.36328125 0.24088541666666666 0.36328125 0.24479166666666666 0.3486328125 0.24869791666666666 0.333984375 0.24609375 0.3310546875 0.24348958333333334 0.3125 0.24479166666666666 0.3037109375 0.24088541666666666 0.2841796875 0.24479166666666666 0.2685546875 0.24479166666666666 0.283203125 0.22916666666666666 0.298828125 0.22265625 0.3271484375 0.22135416666666666 0.3330078125 0.22395833333333334
0 0.2060546875 0.40625 0.2197265625 0.4088541666666667 0.232421875 0.4153645833333333 0.251953125 0.4401041666666667 0.255859375 0.44921875 0.255859375 0.4557291666666667 0.2470703125 0.4791666666666667 0.2431640625 0.49609375 0.2412109375 0.5260416666666666 0.2431640625 0.5533854166666666 0.236328125 0.5755208333333334 0.234375 0.58984375 0.234375 0.6002604166666666 0.2392578125 0.6171875 0.2392578125 0.6341145833333334 0.236328125 0.6419270833333334 0.228515625 0.6419270833333334 0.224609375 0.64453125 0.21875 0.64453125 0.212890625 0.640625 0.208984375 0.6328125 0.2080078125 0.6197916666666666 0.205078125 0.61328125 0.19140625 0.6028645833333334 0.173828125 0.5989583333333334 0.1396484375 0.59765625 0.1162109375 0.58984375 0.1015625 0.5755208333333334 0.09375 0.5638020833333334 0.0869140625 0.5455729166666666 0.0849609375 0.5338541666666666 0.0859375 0.5065104166666666 0.08984375 0.4908854166666667 0.0947265625 0.4791666666666667 0.111328125 0.45703125 0.1337890625 0.4375 0.138671875 0.4296875 0.1552734375 0.4166666666666667 0.1826171875 0.4075520833333333 0.205078125 0.40625
0 0.4072265625 0.12109375 0.421875 0.12630208333333334 0.4423828125 0.14192708333333334 0.4580078125 0.1640625 0.4697265625 0.19401041666666666 0.470703125 0.24869791666666666 0.46484375 0.2734375 0.4599609375 0.2864583333333333 0.453125 0.296875 0.439453125 0.3111979166666667 0.427734375 0.31640625 0.4169921875 0.31640625 0.4140625 0.3138020833333333 0.41015625 0.2916666666666667 0.3955078125 0.2604166666666667 0.3828125 0.24869791666666666 0.369140625 0.24348958333333334 0.3544921875 0.23177083333333334 0.337890625 0.22395833333333334 0.3359375 0.21744791666666666 0.3388671875 0.18229166666666666 0.3447265625 0.1640625 0.3515625 0.15104166666666666 0.3662109375 0.1328125 0.37890625 0.125 0.3896484375 0.12109375 0.40625 0.12109375
0 0.8349609375 0.3463541666666667 0.8486328125 0.3463541666666667 0.86328125 0.3489583333333333 0.869140625 0.3528645833333333 0.9052734375 0.3567708333333333 0.9365234375 0.3684895833333333 0.96484375 0.3893229166666667 0.98046875 0.4127604166666667 0.986328125 0.4309895833333333 0.990234375 0.4596354166666667 0.9873046875 0.5130208333333334 0.9765625 0.5377604166666666 0.9638671875 0.5572916666666666 0.9599609375 0.5677083333333334 0.94921875 0.58203125 0.9365234375 0.5885416666666666 0.9248046875 0.6002604166666666 0.900390625 0.63671875 0.9150390625 0.6497395833333334 0.9150390625 0.6705729166666666 0.9072265625 0.6770833333333334 0.8798828125 0.6744791666666666 0.859375 0.6640625 0.8564453125 0.6575520833333334 0.857421875 0.6458333333333334 0.859375 0.6432291666666666 0.857421875 0.640625 0.841796875 0.6315104166666666 0.8291015625 0.6171875 0.798828125 0.5989583333333334 0.76953125 0.5755208333333334 0.7392578125 0.53515625 0.7333984375 0.5208333333333334 0.7314453125 0.5078125 0.732421875 0.4700520833333333 0.740234375 0.4401041666666667 0.7412109375 0.4283854166666667 0.74609375 0.41796875 0.751953125 0.41015625 0.7607421875 0.4049479166666667 0.771484375 0.3932291666666667 0.779296875 0.390625 0.783203125 0.3841145833333333 0.7861328125 0.3841145833333333 0.7861328125 0.37890625 0.7890625 0.3815104166666667 0.7919921875 0.3776041666666667 0.80078125 0.3736979166666667 0.8076171875 0.359375 0.8125 0.35546875 0.818359375 0.35546875 0.8271484375 0.3463541666666667 0.833984375 0.3463541666666667
0 0.2705078125 0.15364583333333334 0.2783203125 0.16145833333333334 0.2998046875 0.16927083333333334 0.31640625 0.18098958333333334 0.326171875 0.19401041666666666 0.3310546875 0.20963541666666666 0.3310546875 0.21744791666666666 0.328125 0.22005208333333334 0.3115234375 0.21875 0.2958984375 0.22135416666666666 0.2724609375 0.23567708333333334 0.2490234375 0.265625 0.240234375 0.28515625 0.236328125 0.2890625 0.23046875 0.2864583333333333 0.220703125 0.2747395833333333 0.2138671875 0.26171875 0.2080078125 0.24348958333333334 0.2080078125 0.21484375 0.212890625 0.19791666666666666 0.2265625 0.17838541666666666 0.236328125 0.17057291666666666 0.26953125 0.15364583333333334
0 0.34765625 0.41015625 0.365234375 0.4166666666666667 0.373046875 0.42578125 0.3837890625 0.4270833333333333 0.41015625 0.4479166666666667 0.421875 0.4674479166666667 0.4296875 0.4895833333333333 0.4345703125 0.5091145833333334 0.4365234375 0.52734375 0.435546875 0.5559895833333334 0.4326171875 0.57421875 0.4267578125 0.5885416666666666 0.416015625 0.6041666666666666 0.40234375 0.62109375 0.38671875 0.6354166666666666 0.3701171875 0.64453125 0.349609375 0.6497395833333334 0.3349609375 0.6497395833333334 0.3212890625 0.6458333333333334 0.2998046875 0.6341145833333334 0.279296875 0.6184895833333334 0.2548828125 0.5768229166666666 0.2470703125 0.55078125 0.2451171875 0.5364583333333334 0.2470703125 0.4895833333333333 0.2529296875 0.4700520833333333 0.26171875 0.4518229166666667 0.2685546875 0.4427083333333333 0.2822265625 0.4270833333333333 0.3095703125 0.41015625 0.3466796875 0.41015625