0 0.5419921875 0.4466145833333333 0.5634765625 0.4583333333333333 0.5849609375 0.4830729166666667 0.6025390625 0.5286458333333334 0.6025390625 0.57421875 0.5927734375 0.5963541666666666 0.58203125 0.609375 0.5703125 0.6184895833333334 0.5498046875 0.6276041666666666 0.517578125 0.6302083333333334 0.5126953125 0.6328125 0.5009765625 0.6302083333333334 0.4765625 0.61328125 0.4677734375 0.5989583333333334 0.4541015625 0.5833333333333334 0.4541015625 0.5638020833333334 0.4658203125 0.50390625 0.4794921875 0.47265625 0.4873046875 0.4635416666666667 0.4951171875 0.4596354166666667 0.5126953125 0.4583333333333333 0.541015625 0.4466145833333333
0 0.873046875 0.32421875 0.896484375 0.328125 0.9248046875 0.34765625 0.9462890625 0.3776041666666667 0.953125 0.3958333333333333 0.9541015625 0.421875 0.9501953125 0.4596354166666667 0.9521484375 0.48046875 0.931640625 0.5065104166666666 0.9248046875 0.5455729166666666 0.921875 0.5494791666666666 0.9111328125 0.5546875 0.8623046875 0.5638020833333334 0.8291015625 0.56640625 0.8056640625 0.5625 0.78125 0.55078125 0.771484375 0.5416666666666666 0.763671875 0.5299479166666666 0.7529296875 0.5026041666666666 0.7490234375 0.4830729166666667 0.7490234375 0.4583333333333333 0.751953125 0.4401041666666667 0.7646484375 0.4322916666666667 0.7958984375 0.4231770833333333 0.814453125 0.4088541666666667 0.8466796875 0.3671875 0.857421875 0.3463541666666667 0.861328125 0.3333333333333333 0.8662109375 0.3268229166666667 0.8720703125 0.3255208333333333
0 0.525390625 0.7239583333333334 0.5341796875 0.74609375 0.5458984375 0.765625 0.5712890625 0.7981770833333334 0.5927734375 0.80859375 0.6142578125 0.8098958333333334 0.619140625 0.8138020833333334 0.619140625 0.8385416666666666 0.6171875 0.8489583333333334 0.6142578125 0.8580729166666666 0.60546875 0.8723958333333334 0.5888671875 0.8932291666666666 0.5576171875 0.9075520833333334 0.5458984375 0.8997395833333334 0.53125 0.9010416666666666 0.521484375 0.8971354166666666 0.498046875 0.875 0.48828125 0.875 0.484375 0.8684895833333334 0.482421875 0.8515625 0.478515625 0.84765625 0.4697265625 0.84765625 0.4658203125 0.8385416666666666 0.4658203125 0.8255208333333334 0.4736328125 0.8111979166666666 0.4765625 0.7799479166666666 0.484375 0.7552083333333334 0.4970703125 0.7369791666666666 0.5087890625 0.7265625 0.521484375 0.7213541666666666 0.5244140625 0.7239583333333334
0 0.4287109375 0.5677083333333334 0.4423828125 0.5690104166666666 0.4482421875 0.57421875 0.4501953125 0.59765625 0.4541015625 0.60546875 0.4658203125 0.6080729166666666 0.48046875 0.6223958333333334 0.5068359375 0.640625 0.5146484375 0.6432291666666666 0.51953125 0.6614583333333334 0.517578125 0.6809895833333334 0.5048828125 0.71875 0.498046875 0.7278645833333334 0.46875 0.7434895833333334 0.4501953125 0.7604166666666666 0.4453125 0.7682291666666666 0.4326171875 0.77734375 0.4091796875 0.7825520833333334 0.38671875 0.7838541666666666 0.3623046875 0.7825520833333334 0.345703125 0.77734375 0.3349609375 0.7721354166666666 0.3203125 0.7578125 0.310546875 0.7408854166666666 0.302734375 0.7161458333333334 0.2998046875 0.6953125 0.3017578125 0.6705729166666666 0.306640625 0.6536458333333334 0.31640625 0.6341145833333334 0.3271484375 0.6184895833333334 0.3359375 0.6106770833333334 0.3408203125 0.5989583333333334 0.3447265625 0.5950520833333334 0.3544921875 0.5885416666666666 0.376953125 0.5807291666666666 0.390625 0.5729166666666666 0.4111328125 0.5677083333333334 0.427734375 0.5677083333333334
0 0.4111328125 0.44921875 0.4228515625 0.4596354166666667 0.4296875 0.4622395833333333 0.431640625 0.4661458333333333 0.43359375 0.484375 0.4404296875 0.5104166666666666 0.439453125 0.52734375 0.4267578125 0.55078125 0.4150390625 0.5611979166666666 0.3671875 0.57421875 0.3623046875 0.5716145833333334 0.35546875 0.57421875 0.3427734375 0.5533854166666666 0.33203125 0.546875 0.322265625 0.53515625 0.3212890625 0.515625 0.3232421875 0.4973958333333333 0.3525390625 0.4973958333333333 0.3701171875 0.4921875 0.384765625 0.4791666666666667 0.4072265625 0.44921875 0.41015625 0.44921875
0 0.1650390625 0 0.3154296875 0 0.3173828125 0.0026041666666666665 0.322265625 0.0026041666666666665 0.3232421875 0 0.3974609375 0 0.4072265625 0.014322916666666666 0.4189453125 0.041666666666666664 0.431640625 0.0625 0.4384765625 0.11067708333333333 0.4384765625 0.140625 0.4296875 0.17708333333333334 0.42578125 0.18359375 0.4140625 0.19270833333333334 0.4130859375 0.2109375 0.404296875 0.22395833333333334 0.384765625 0.23697916666666666 0.3701171875 0.24348958333333334 0.3662109375 0.24739583333333334 0.3623046875 0.2604166666666667 0.3525390625 0.2591145833333333 0.3427734375 0.2682291666666667 0.3251953125 0.2721354166666667 0.3173828125 0.2786458333333333 0.296875 0.2760416666666667 0.28515625 0.2682291666666667 0.28125 0.2565104166666667 0.26953125 0.2421875 0.263671875 0.22005208333333334 0.2373046875 0.1953125 0.220703125 0.17447916666666666 0.205078125 0.14583333333333334 0.1982421875 0.12890625 0.1865234375 0.11328125 0.18359375 0.09895833333333333 0.1787109375 0.08854166666666667 0.17578125 0.0703125 0.1708984375 0.06510416666666667 0.1650390625 0.06380208333333333 0.162109375 0.055989583333333336 0.1630859375 0.013020833333333334 0.1650390625 0.0013020833333333333
0 0.7353515625 0.009114583333333334 0.76171875 0.015625 0.787109375 0.029947916666666668 0.8193359375 0.05859375 0.8349609375 0.07942708333333333 0.8486328125 0.11328125 0.85546875 0.13671875 0.86328125 0.15234375 0.8740234375 0.22395833333333334 0.8740234375 0.24869791666666666 0.87109375 0.2838541666666667 0.85546875 0.3411458333333333 0.841796875 0.3684895833333333 0.8271484375 0.3880208333333333 0.8095703125 0.4075520833333333 0.79296875 0.4192708333333333 0.77734375 0.4244791666666667 0.7646484375 0.4244791666666667 0.748046875 0.4322916666666667 0.72265625 0.43359375 0.7138671875 0.43359375 0.703125 0.4296875 0.685546875 0.4192708333333333 0.6689453125 0.4049479166666667 0.654296875 0.4036458333333333 0.646484375 0.390625 0.615234375 0.37109375 0.6015625 0.3671875 0.5947265625 0.3385416666666667 0.591796875 0.3333333333333333 0.587890625 0.3072916666666667 0.5849609375 0.3020833333333333 0.583984375 0.2864583333333333 0.5810546875 0.28125 0.58203125 0.2682291666666667 0.580078125 0.2643229166666667 0.5751953125 0.2630208333333333 0.5634765625 0.2513020833333333 0.5595703125 0.24479166666666666 0.556640625 0.23177083333333334 0.5537109375 0.19401041666666666 0.5546875 0.18098958333333334 0.5576171875 0.171875 0.568359375 0.14973958333333334 0.587890625 0.09895833333333333 0.60546875 0.06901041666666667 0.6201171875 0.05078125 0.66015625 0.022135416666666668 0.7099609375 0.009114583333333334 0.734375 0.009114583333333334
0 0.70703125 0.46875 0.7314453125 0.4752604166666667 0.744140625 0.4817708333333333 0.7529296875 0.5143229166666666 0.7724609375 0.5520833333333334 0.779296875 0.5846354166666666 0.7763671875 0.6223958333333334 0.76953125 0.6432291666666666 0.7626953125 0.6549479166666666 0.7431640625 0.6731770833333334 0.720703125 0.6809895833333334 0.705078125 0.6809895833333334 0.6904296875 0.6770833333333334 0.671875 0.6627604166666666 0.6611328125 0.66015625 0.6416015625 0.6432291666666666 0.6318359375 0.6393229166666666 0.6240234375 0.6328125 0.62109375 0.625 0.62109375 0.6158854166666666 0.625 0.59765625 0.625 0.5572916666666666 0.6328125 0.5260416666666666 0.640625 0.5052083333333334 0.654296875 0.4869791666666667 0.67578125 0.4713541666666667 0.685546875 0.46875 0.7060546875 0.46875
0 0.6181640625 0.56640625 0.6201171875 0.5690104166666666 0.62109375 0.5885416666666666 0.6201171875 0.6119791666666666 0.6181640625 0.6171875 0.619140625 0.6315104166666666 0.6240234375 0.6380208333333334 0.6494140625 0.65234375 0.66015625 0.6640625 0.6708984375 0.6653645833333334 0.6826171875 0.6744791666666666 0.6875 0.6809895833333334 0.6904296875 0.7005208333333334 0.6884765625 0.7330729166666666 0.6787109375 0.7578125 0.6708984375 0.7682291666666666 0.6572265625 0.7786458333333334 0.646484375 0.79296875 0.62890625 0.7942708333333334 0.6181640625 0.8020833333333334 0.5859375 0.7994791666666666 0.5712890625 0.7916666666666666 0.556640625 0.7760416666666666 0.5390625 0.75 0.53125 0.7317708333333334 0.52734375 0.7122395833333334 0.529296875 0.68359375 0.5390625 0.65625 0.5458984375 0.64453125 0.564453125 0.6263020833333334 0.58203125 0.6158854166666666 0.60546875 0.5833333333333334 0.6083984375 0.5690104166666666 0.6171875 0.56640625
0 0.537109375 0.1796875 0.5439453125 0.18619791666666666 0.546875 0.19661458333333334 0.546875 0.21875 0.5537109375 0.24869791666666666 0.5576171875 0.2565104166666667 0.568359375 0.265625 0.5751953125 0.28125 0.5771484375 0.2903645833333333 0.5751953125 0.3033854166666667 0.583984375 0.3203125 0.5849609375 0.3372395833333333 0.591796875 0.3515625 0.578125 0.3893229166666667 0.5537109375 0.4296875 0.5439453125 0.4375 0.5107421875 0.453125 0.4892578125 0.453125 0.4609375 0.4427083333333333 0.44140625 0.4270833333333333 0.4189453125 0.3971354166666667 0.4072265625 0.375 0.3994140625 0.3424479166666667 0.3994140625 0.33203125 0.4052734375 0.2760416666666667 0.4130859375 0.24479166666666666 0.423828125 0.22265625 0.435546875 0.20572916666666666 0.466796875 0.18619791666666666 0.4833984375 0.1796875 0.494140625 0.17708333333333334 0.5302734375 0.17708333333333334 0.5361328125 0.1796875
0 0.4091796875 0 0.611328125 0 0.609375 0.013020833333333334 0.599609375 0.0390625 0.5751953125 0.07291666666666667 0.546875 0.09505208333333333 0.5185546875 0.10677083333333333 0.5048828125 0.1171875 0.4931640625 0.11458333333333333 0.482421875 0.10416666666666667 0.466796875 0.09505208333333333 0.4541015625 0.08203125 0.4228515625 0.03515625 0.4091796875 0.0013020833333333333
0 0.404296875 0.23958333333333334 0.4052734375 0.2578125 0.3994140625 0.2786458333333333 0.3984375 0.3098958333333333 0.39453125 0.3333333333333333 0.4033203125 0.3763020833333333 0.416015625 0.3997395833333333 0.4150390625 0.4166666666666667 0.4072265625 0.4440104166666667 0.3896484375 0.4700520833333333 0.373046875 0.48828125 0.3466796875 0.49609375 0.3212890625 0.4934895833333333 0.3115234375 0.48828125 0.3037109375 0.48828125 0.2900390625 0.4973958333333333 0.2734375 0.4973958333333333 0.263671875 0.48828125 0.2548828125 0.484375 0.25 0.4739583333333333 0.248046875 0.4661458333333333 0.248046875 0.4479166666666667 0.2509765625 0.421875 0.2490234375 0.4114583333333333 0.2412109375 0.3932291666666667 0.2353515625 0.36328125 0.2373046875 0.3138020833333333 0.2529296875 0.2942708333333333 0.279296875 0.2747395833333333 0.283203125 0.2734375 0.294921875 0.28125 0.3037109375 0.2838541666666667 0.32421875 0.2838541666666667 0.328125 0.2786458333333333 0.341796875 0.2721354166666667 0.3544921875 0.2682291666666667 0.36328125 0.26953125 0.373046875 0.2513020833333333 0.388671875 0.24609375 0.39453125 0.24088541666666666 0.4033203125 0.23958333333333334