0 0.390625 0.5833333333333334 0.4322916666666667 0.5989583333333334 0.4548611111111111 0.6119791666666666 0.4704861111111111 0.6341145833333334 0.484375 0.6614583333333334 0.484375 0.66796875 0.4583333333333333 0.6875 0.4392361111111111 0.71484375 0.4322916666666667 0.7369791666666666 0.4305555555555556 0.77734375 0.4045138888888889 0.7890625 0.3541666666666667 0.7877604166666666 0.3489583333333333 0.7864583333333334 0.3385416666666667 0.7786458333333334 0.3263888888888889 0.77734375 0.3125 0.7721354166666666 0.2829861111111111 0.7513020833333334 0.2604166666666667 0.7408854166666666 0.2517361111111111 0.734375 0.24305555555555555 0.7161458333333334 0.2465277777777778 0.6927083333333334 0.2604166666666667 0.6666666666666666 0.2604166666666667 0.66015625 0.2743055555555556 0.6328125 0.2864583333333333 0.6171875 0.3177083333333333 0.59375 0.3333333333333333 0.5872395833333334 0.3559027777777778 0.5833333333333334 0.3888888888888889 0.5833333333333334
0 0.6840277777777778 0.06640625 0.7083333333333334 0.0703125 0.7361111111111112 0.08072916666666667 0.7534722222222222 0.09635416666666667 0.7638888888888888 0.109375 0.7760416666666666 0.13151041666666666 0.7795138888888888 0.14583333333333334 0.7777777777777778 0.17317708333333334 0.7725694444444444 0.19661458333333334 0.7447916666666666 0.24739583333333334 0.7309027777777778 0.2604166666666667 0.7274305555555556 0.2669270833333333 0.7065972222222222 0.2825520833333333 0.6996527777777778 0.2903645833333333 0.6614583333333334 0.3151041666666667 0.625 0.3294270833333333 0.6163194444444444 0.3294270833333333 0.5920138888888888 0.3359375 0.5763888888888888 0.3359375 0.5711805555555556 0.3333333333333333 0.5555555555555556 0.3346354166666667 0.5347222222222222 0.3268229166666667 0.5243055555555556 0.3255208333333333 0.5069444444444444 0.3177083333333333 0.4809027777777778 0.296875 0.4722222222222222 0.2864583333333333 0.4618055555555556 0.2643229166666667 0.4600694444444444 0.2578125 0.4618055555555556 0.22786458333333334 0.4861111111111111 0.19401041666666666 0.4895833333333333 0.17708333333333334 0.5 0.16015625 0.5 0.14713541666666666 0.5069444444444444 0.14192708333333334 0.5173611111111112 0.12630208333333334 0.5416666666666666 0.10026041666666667 0.5538194444444444 0.11328125 0.5590277777777778 0.11197916666666667 0.5642361111111112 0.11328125 0.578125 0.10807291666666667 0.5798611111111112 0.10026041666666667 0.5833333333333334 0.09765625 0.578125 0.09244791666666667 0.5711805555555556 0.09114583333333333 0.5763888888888888 0.09114583333333333 0.5885416666666666 0.08072916666666667 0.5920138888888888 0.08072916666666667 0.6041666666666666 0.07421875 0.6371527777777778 0.06640625 0.6510416666666666 0.06510416666666667 0.6822916666666666 0.06640625
0 0.1736111111111111 0.5989583333333334 0.2152777777777778 0.6158854166666666 0.2222222222222222 0.62109375 0.2309027777777778 0.6184895833333334 0.265625 0.6276041666666666 0.2673611111111111 0.6354166666666666 0.2586805555555556 0.6536458333333334 0.2534722222222222 0.6744791666666666 0.24305555555555555 0.69140625 0.2361111111111111 0.7096354166666666 0.24305555555555555 0.7317708333333334 0.2517361111111111 0.7408854166666666 0.25 0.74609375 0.2326388888888889 0.7552083333333334 0.21180555555555555 0.7604166666666666 0.16319444444444445 0.7669270833333334 0.14583333333333334 0.765625 0.11979166666666667 0.7591145833333334 0.09895833333333333 0.7486979166666666 0.08680555555555555 0.7395833333333334 0.07291666666666667 0.7135416666666666 0.06597222222222222 0.6940104166666666 0.046875 0.6666666666666666 0.043402777777777776 0.6536458333333334 0.052083333333333336 0.64453125 0.0763888888888889 0.6315104166666666 0.0954861111111111 0.6328125 0.1388888888888889 0.6067708333333334 0.1597222222222222 0.6002604166666666 0.171875 0.5989583333333334
0 0.6336805555555556 0.6302083333333334 0.6458333333333334 0.63671875 0.6649305555555556 0.6393229166666666 0.6909722222222222 0.65234375 0.7291666666666666 0.6744791666666666 0.7708333333333334 0.7044270833333334 0.7916666666666666 0.7330729166666666 0.796875 0.7565104166666666 0.8055555555555556 0.7734375 0.8107638888888888 0.80078125 0.8107638888888888 0.81640625 0.8072916666666666 0.8255208333333334 0.7847222222222222 0.859375 0.765625 0.8763020833333334 0.7447916666666666 0.890625 0.7170138888888888 0.9049479166666666 0.6614583333333334 0.91796875 0.625 0.91796875 0.6059027777777778 0.9140625 0.5763888888888888 0.9127604166666666 0.546875 0.90625 0.53125 0.9049479166666666 0.5138888888888888 0.89453125 0.4895833333333333 0.88671875 0.4704861111111111 0.8736979166666666 0.4670138888888889 0.8736979166666666 0.4618055555555556 0.8776041666666666 0.4600694444444444 0.8828125 0.4479166666666667 0.8828125 0.4375 0.8697916666666666 0.4357638888888889 0.8619791666666666 0.4253472222222222 0.8463541666666666 0.4253472222222222 0.8411458333333334 0.4305555555555556 0.8333333333333334 0.4375 0.828125 0.4375 0.8255208333333334 0.453125 0.81640625 0.4496527777777778 0.8059895833333334 0.4496527777777778 0.78515625 0.4392361111111111 0.7721354166666666 0.4357638888888889 0.7604166666666666 0.4357638888888889 0.74609375 0.4444444444444444 0.71484375 0.4618055555555556 0.6901041666666666 0.4826388888888889 0.6744791666666666 0.5086805555555556 0.6614583333333334 0.5173611111111112 0.6549479166666666 0.5190972222222222 0.6458333333333334 0.5243055555555556 0.6432291666666666 0.5416666666666666 0.6419270833333334 0.5885416666666666 0.6302083333333334 0.6006944444444444 0.62890625 0.6319444444444444 0.6302083333333334
0 0.2795138888888889 0.3229166666666667 0.2847222222222222 0.3268229166666667 0.2899305555555556 0.3372395833333333 0.328125 0.3645833333333333 0.328125 0.3684895833333333 0.3090277777777778 0.3932291666666667 0.3072916666666667 0.4166666666666667 0.3107638888888889 0.4453125 0.3072916666666667 0.44921875 0.3038194444444444 0.44921875 0.2899305555555556 0.4453125 0.24305555555555555 0.4440104166666667 0.22569444444444445 0.4466145833333333 0.2152777777777778 0.4505208333333333 0.203125 0.4505208333333333 0.19444444444444445 0.4466145833333333 0.1840277777777778 0.4388020833333333 0.1701388888888889 0.4192708333333333 0.16493055555555555 0.4010416666666667 0.16493055555555555 0.3880208333333333 0.17708333333333334 0.3502604166666667 0.18229166666666666 0.3424479166666667 0.19618055555555555 0.33203125 0.21875 0.3229166666666667 0.2361111111111111 0.3190104166666667 0.2690972222222222 0.3190104166666667 0.2777777777777778 0.3229166666666667
0 0.4184027777777778 0.8359375 0.4201388888888889 0.8489583333333334 0.4409722222222222 0.8828125 0.4479166666666667 0.8880208333333334 0.4565972222222222 0.8880208333333334 0.4670138888888889 0.8802083333333334 0.4722222222222222 0.8802083333333334 0.4826388888888889 0.8893229166666666 0.5104166666666666 0.8997395833333334 0.5208333333333334 0.9075520833333334 0.5243055555555556 0.9153645833333334 0.5260416666666666 0.9609375 0.5225694444444444 0.9713541666666666 0.5104166666666666 0.9791666666666666 0.5052083333333334 0.9869791666666666 0.4895833333333333 0.9986979166666666 0.3767361111111111 0.9986979166666666 0.375 0.9973958333333334 0.3732638888888889 0.9986979166666666 0.3055555555555556 0.9986979166666666 0.3038194444444444 0.9791666666666666 0.2986111111111111 0.9700520833333334 0.3003472222222222 0.9622395833333334 0.2986111111111111 0.9166666666666666 0.3072916666666667 0.8958333333333334 0.3211805555555556 0.875 0.3350694444444444 0.86328125 0.3472222222222222 0.8580729166666666 0.3645833333333333 0.8463541666666666 0.3975694444444444 0.8359375 0.40625 0.8346354166666666 0.4166666666666667 0.8359375
0 0.2569444444444444 0.7669270833333334 0.2847222222222222 0.7786458333333334 0.3125 0.8059895833333334 0.3194444444444444 0.8268229166666666 0.3194444444444444 0.8658854166666666 0.3090277777777778 0.8828125 0.2829861111111111 0.9075520833333334 0.2534722222222222 0.9244791666666666 0.2170138888888889 0.93359375 0.18229166666666666 0.93359375 0.16319444444444445 0.9296875 0.13541666666666666 0.9192708333333334 0.13194444444444445 0.9127604166666666 0.11805555555555555 0.9010416666666666 0.11284722222222222 0.88671875 0.11284722222222222 0.8802083333333334 0.11805555555555555 0.8723958333333334 0.12152777777777778 0.8385416666666666 0.125 0.8268229166666666 0.14756944444444445 0.7890625 0.16493055555555555 0.7747395833333334 0.18229166666666666 0.7682291666666666 0.1996527777777778 0.7669270833333334 0.20833333333333334 0.7643229166666666 0.24479166666666666 0.7643229166666666 0.2552083333333333 0.7669270833333334
0 0.4444444444444444 0.3268229166666667 0.4704861111111111 0.3333333333333333 0.4809027777777778 0.34375 0.5069444444444444 0.3619791666666667 0.5104166666666666 0.3697916666666667 0.5034722222222222 0.3763020833333333 0.4826388888888889 0.3828125 0.4618055555555556 0.39453125 0.4427083333333333 0.3997395833333333 0.4270833333333333 0.4114583333333333 0.4149305555555556 0.4322916666666667 0.3975694444444444 0.44921875 0.3871527777777778 0.46484375 0.3836805555555556 0.4765625 0.3854166666666667 0.5 0.3836805555555556 0.5078125 0.3663194444444444 0.5052083333333334 0.34375 0.4947916666666667 0.3333333333333333 0.4869791666666667 0.3263888888888889 0.4778645833333333 0.3159722222222222 0.4466145833333333 0.3125 0.41796875 0.3142361111111111 0.3958333333333333 0.3263888888888889 0.375 0.3645833333333333 0.3411458333333333 0.3871527777777778 0.3307291666666667 0.4114583333333333 0.3255208333333333 0.4427083333333333 0.3268229166666667
0 0.2534722222222222 0.4466145833333333 0.2916666666666667 0.44921875 0.3125 0.4557291666666667 0.3211805555555556 0.4778645833333333 0.328125 0.4869791666666667 0.3350694444444444 0.4934895833333333 0.3541666666666667 0.50390625 0.3802083333333333 0.5143229166666666 0.3871527777777778 0.53125 0.3854166666666667 0.5533854166666666 0.3732638888888889 0.5716145833333334 0.3628472222222222 0.578125 0.328125 0.5846354166666666 0.3055555555555556 0.59765625 0.2829861111111111 0.6171875 0.2743055555555556 0.62109375 0.24131944444444445 0.6171875 0.2152777777777778 0.6080729166666666 0.2048611111111111 0.6080729166666666 0.18055555555555555 0.5963541666666666 0.1684027777777778 0.5859375 0.1579861111111111 0.5638020833333334 0.15104166666666666 0.55859375 0.16145833333333334 0.54296875 0.1597222222222222 0.5234375 0.1545138888888889 0.5143229166666666 0.15625 0.5013020833333334 0.16145833333333334 0.4895833333333333 0.1684027777777778 0.4856770833333333 0.1840277777777778 0.4700520833333333 0.203125 0.45703125 0.2309027777777778 0.44921875 0.2517361111111111 0.4466145833333333
0 0.5902777777777778 0.3619791666666667 0.5989583333333334 0.3658854166666667 0.6111111111111112 0.3671875 0.6267361111111112 0.3736979166666667 0.6458333333333334 0.375 0.6631944444444444 0.37890625 0.671875 0.3841145833333333 0.6840277777777778 0.3815104166666667 0.6979166666666666 0.3723958333333333 0.703125 0.3723958333333333 0.7204861111111112 0.3828125 0.7517361111111112 0.41015625 0.7673611111111112 0.4309895833333333 0.7847222222222222 0.4700520833333333 0.7864583333333334 0.5143229166666666 0.7777777777777778 0.5403645833333334 0.765625 0.5611979166666666 0.7361111111111112 0.5911458333333334 0.7065972222222222 0.6119791666666666 0.6701388888888888 0.6263020833333334 0.6440972222222222 0.6263020833333334 0.6302083333333334 0.6223958333333334 0.609375 0.6223958333333334 0.5590277777777778 0.62890625 0.5104166666666666 0.6276041666666666 0.5 0.6184895833333334 0.4704861111111111 0.6080729166666666 0.4322916666666667 0.5846354166666666 0.4097222222222222 0.5598958333333334 0.3958333333333333 0.5364583333333334 0.3888888888888889 0.515625 0.3888888888888889 0.4752604166666667 0.390625 0.4674479166666667 0.3993055555555556 0.4544270833333333 0.4097222222222222 0.4479166666666667 0.4166666666666667 0.4348958333333333 0.4357638888888889 0.41015625 0.4496527777777778 0.40234375 0.4600694444444444 0.3997395833333333 0.4809027777777778 0.3880208333333333 0.5034722222222222 0.3815104166666667 0.5208333333333334 0.3723958333333333 0.5572916666666666 0.3645833333333333 0.5659722222222222 0.36328125 0.5746527777777778 0.3645833333333333 0.5885416666666666 0.3619791666666667
0 0.9756944444444444 0 0.9913194444444444 0 0.9930555555555556 0.006510416666666667 0.9878472222222222 0.010416666666666666 0.9809027777777778 0.022135416666666668 0.9809027777777778 0.044270833333333336 0.9739583333333334 0.053385416666666664 0.9392361111111112 0.08333333333333333 0.9149305555555556 0.109375 0.8871527777777778 0.12890625 0.8576388888888888 0.13802083333333334 0.8142361111111112 0.16796875 0.7777777777777778 0.18098958333333334 0.7743055555555556 0.18619791666666666 0.7725694444444444 0.19661458333333334 0.7482638888888888 0.23958333333333334 0.7482638888888888 0.24479166666666666 0.7378472222222222 0.2578125 0.7378472222222222 0.265625 0.7083333333333334 0.28125 0.6944444444444444 0.296875 0.6944444444444444 0.2994791666666667 0.6840277777777778 0.3020833333333333 0.6545138888888888 0.3190104166666667 0.6458333333333334 0.3203125 0.6267361111111112 0.3294270833333333 0.6163194444444444 0.33203125 0.6128472222222222 0.3372395833333333 0.5954861111111112 0.34765625 0.5659722222222222 0.3515625 0.5642361111111112 0.3359375 0.5555555555555556 0.3372395833333333 0.5208333333333334 0.3255208333333333 0.5104166666666666 0.3190104166666667 0.5069444444444444 0.3190104166666667 0.4809027777777778 0.296875 0.4670138888888889 0.27734375 0.4600694444444444 0.2578125 0.4618055555555556 0.22786458333333334 0.4861111111111111 0.19270833333333334 0.4878472222222222 0.1796875 0.4982638888888889 0.16276041666666666 0.5 0.14583333333333334 0.5069444444444444 0.140625 0.5173611111111112 0.125 0.5347222222222222 0.10807291666666667 0.5416666666666666 0.09635416666666667 0.5486111111111112 0.09244791666666667 0.5746527777777778 0.08984375 0.5815972222222222 0.08333333333333333 0.5920138888888888 0.078125 0.6354166666666666 0.06510416666666667 0.6371527777777778 0.0625 0.6267361111111112 0.05859375 0.625 0.055989583333333336 0.6458333333333334 0.055989583333333336 0.6666666666666666 0.06510416666666667 0.6805555555555556 0.06510416666666667 0.7100694444444444 0.0703125 0.734375 0.07942708333333333 0.7552083333333334 0.09505208333333333 0.7586805555555556 0.09505208333333333 0.7864583333333334 0.0546875 0.8142361111111112 0.028645833333333332 0.828125 0 0.8854166666666666 0 0.8871527777777778 0.0026041666666666665 0.8923611111111112 0.0026041666666666665 0.8958333333333334 0 0.9496527777777778 0 0.9513888888888888 0.005208333333333333 0.9427083333333334 0.01953125 0.9305555555555556 0.033854166666666664 0.9253472222222222 0.036458333333333336 0.9236111111111112 0.041666666666666664 0.9114583333333334 0.049479166666666664 0.90625 0.057291666666666664 0.9045138888888888 0.07682291666666667 0.9079861111111112 0.07942708333333333 0.9270833333333334 0.06770833333333333 0.9409722222222222 0.049479166666666664 0.9548611111111112 0.037760416666666664 0.9670138888888888 0.022135416666666668 0.9722222222222222 0.01171875 0.9722222222222222 0.00390625 0.9756944444444444 0.0013020833333333333
0 0.4010416666666667 0.19270833333333334 0.4166666666666667 0.1953125 0.4340277777777778 0.20182291666666666 0.4565972222222222 0.21875 0.453125 0.2513020833333333 0.4670138888888889 0.2890625 0.46875 0.3151041666666667 0.4600694444444444 0.3268229166666667 0.4461805555555556 0.3255208333333333 0.4392361111111111 0.3229166666666667 0.4114583333333333 0.3229166666666667 0.3819444444444444 0.3294270833333333 0.359375 0.3411458333333333 0.3472222222222222 0.3528645833333333 0.3350694444444444 0.3606770833333333 0.3107638888888889 0.3489583333333333 0.2934027777777778 0.3359375 0.2777777777777778 0.3098958333333333 0.2760416666666667 0.2864583333333333 0.2795138888888889 0.26953125 0.2864583333333333 0.2552083333333333 0.28125 0.24348958333333334 0.28125 0.22786458333333334 0.2777777777777778 0.22135416666666666 0.2881944444444444 0.21223958333333334 0.3038194444444444 0.20963541666666666 0.3055555555555556 0.20572916666666666 0.3159722222222222 0.19921875 0.3246527777777778 0.20572916666666666 0.3333333333333333 0.20703125 0.3715277777777778 0.19401041666666666 0.3993055555555556 0.19270833333333334