0 0.5400390625 0.3020833333333333 0.54296875 0.3033854166666667 0.556640625 0.2994791666666667 0.5595703125 0.3033854166666667 0.580078125 0.3138020833333333 0.599609375 0.3385416666666667 0.611328125 0.3658854166666667 0.615234375 0.3854166666666667 0.6142578125 0.3984375 0.6171875 0.4348958333333333 0.6123046875 0.4557291666666667 0.5966796875 0.4869791666666667 0.58984375 0.4947916666666667 0.5791015625 0.4934895833333333 0.5712890625 0.4869791666666667 0.5615234375 0.4869791666666667 0.5185546875 0.5065104166666666 0.513671875 0.50390625 0.484375 0.47265625 0.4765625 0.4596354166666667 0.46875 0.4388020833333333 0.4638671875 0.4140625 0.4658203125 0.390625 0.48046875 0.35546875 0.4951171875 0.3359375 0.4970703125 0.3177083333333333 0.5 0.3111979166666667 0.5048828125 0.3059895833333333 0.515625 0.3072916666666667 0.525390625 0.3033854166666667 0.5390625 0.3033854166666667
0 0.798828125 0.4440104166666667 0.8251953125 0.4596354166666667 0.85546875 0.47265625 0.86328125 0.4830729166666667 0.873046875 0.5026041666666666 0.8798828125 0.5078125 0.8896484375 0.5078125 0.892578125 0.5104166666666666 0.8955078125 0.5234375 0.904296875 0.53515625 0.9052734375 0.5494791666666666 0.904296875 0.5572916666666666 0.8984375 0.5651041666666666 0.892578125 0.5794270833333334 0.8935546875 0.6106770833333334 0.8896484375 0.6145833333333334 0.8837890625 0.6067708333333334 0.8798828125 0.6080729166666666 0.87890625 0.6393229166666666 0.875 0.6575520833333334 0.857421875 0.6901041666666666 0.8359375 0.7096354166666666 0.8154296875 0.71875 0.7978515625 0.72265625 0.7861328125 0.7213541666666666 0.759765625 0.7096354166666666 0.7353515625 0.6848958333333334 0.720703125 0.6627604166666666 0.705078125 0.6497395833333334 0.681640625 0.64453125 0.6767578125 0.6380208333333334 0.673828125 0.62890625 0.673828125 0.6197916666666666 0.6767578125 0.609375 0.6806640625 0.60546875 0.6923828125 0.6028645833333334 0.6982421875 0.5911458333333334 0.705078125 0.5247395833333334 0.7216796875 0.484375 0.7333984375 0.46875 0.75390625 0.4518229166666667 0.7705078125 0.4453125 0.7978515625 0.4440104166666667
0 0.57421875 0.1015625 0.5986328125 0.11067708333333333 0.6162109375 0.12760416666666666 0.6337890625 0.15494791666666666 0.6435546875 0.1875 0.6435546875 0.2265625 0.63671875 0.265625 0.6298828125 0.2838541666666667 0.623046875 0.2942708333333333 0.6123046875 0.3059895833333333 0.5966796875 0.3177083333333333 0.5908203125 0.3177083333333333 0.5771484375 0.3033854166666667 0.564453125 0.2994791666666667 0.5537109375 0.2916666666666667 0.5439453125 0.2981770833333333 0.517578125 0.2981770833333333 0.509765625 0.2916666666666667 0.50390625 0.2903645833333333 0.48828125 0.2669270833333333 0.482421875 0.25 0.48046875 0.23697916666666666 0.478515625 0.21614583333333334 0.48046875 0.17708333333333334 0.4873046875 0.15364583333333334 0.4970703125 0.13802083333333334 0.5126953125 0.11848958333333333 0.52734375 0.10807291666666667 0.5478515625 0.10026041666666667 0.5732421875 0.1015625
0 0.3203125 0 0.4130859375 0 0.4248046875 0.014322916666666666 0.4404296875 0.040364583333333336 0.4453125 0.055989583333333336 0.4482421875 0.08203125 0.4462890625 0.1015625 0.4423828125 0.10286458333333333 0.4345703125 0.09244791666666667 0.4150390625 0.07421875 0.3828125 0.057291666666666664 0.34765625 0.053385416666666664 0.3232421875 0.057291666666666664 0.3037109375 0.06640625 0.302734375 0.045572916666666664 0.3056640625 0.03125 0.3125 0.013020833333333334 0.3203125 0.0013020833333333333
0 0.318359375 0.4075520833333333 0.35546875 0.4153645833333333 0.369140625 0.4205729166666667 0.400390625 0.44140625 0.419921875 0.4622395833333333 0.43359375 0.4817708333333333 0.4453125 0.5065104166666666 0.451171875 0.5377604166666666 0.4521484375 0.5794270833333334 0.451171875 0.6028645833333334 0.443359375 0.6471354166666666 0.439453125 0.6588541666666666 0.419921875 0.6979166666666666 0.3916015625 0.7356770833333334 0.3642578125 0.7643229166666666 0.34765625 0.765625 0.3330078125 0.76171875 0.318359375 0.7786458333333334 0.306640625 0.7838541666666666 0.2978515625 0.7838541666666666 0.2861328125 0.7760416666666666 0.28515625 0.7643229166666666 0.2890625 0.75390625 0.2890625 0.7473958333333334 0.2822265625 0.7395833333333334 0.2705078125 0.734375 0.26171875 0.7252604166666666 0.2509765625 0.71875 0.244140625 0.7096354166666666 0.2294921875 0.6796875 0.20703125 0.6471354166666666 0.203125 0.6354166666666666 0.2001953125 0.6106770833333334 0.2001953125 0.57421875 0.2080078125 0.5390625 0.2265625 0.4908854166666667 0.216796875 0.4817708333333333 0.2099609375 0.4856770833333333 0.2060546875 0.4830729166666667 0.1953125 0.4895833333333333 0.1923828125 0.48828125 0.1875 0.4791666666666667 0.1865234375 0.4700520833333333 0.19921875 0.4544270833333333 0.2109375 0.44921875 0.216796875 0.4427083333333333 0.2265625 0.4388020833333333 0.2392578125 0.4283854166666667 0.2509765625 0.4244791666666667 0.259765625 0.41796875 0.275390625 0.4127604166666667 0.2958984375 0.4127604166666667 0.3173828125 0.4075520833333333
0 0.359375 0.057291666666666664 0.3896484375 0.0625 0.404296875 0.0703125 0.4169921875 0.07942708333333333 0.4384765625 0.1015625 0.4462890625 0.11979166666666667 0.45703125 0.13671875 0.46484375 0.15625 0.4736328125 0.19921875 0.4716796875 0.24348958333333334 0.4658203125 0.2799479166666667 0.4560546875 0.3138020833333333 0.4423828125 0.3359375 0.4384765625 0.34765625 0.4130859375 0.3802083333333333 0.4052734375 0.38671875 0.38671875 0.3958333333333333 0.36328125 0.4010416666666667 0.3447265625 0.4010416666666667 0.32421875 0.3919270833333333 0.3125 0.3802083333333333 0.3046875 0.3697916666666667 0.30078125 0.359375 0.27734375 0.3346354166666667 0.2646484375 0.3151041666666667 0.25390625 0.2721354166666667 0.2529296875 0.25 0.24609375 0.2109375 0.240234375 0.1953125 0.240234375 0.19270833333333334 0.2470703125 0.18489583333333334 0.251953125 0.17057291666666666 0.2626953125 0.16145833333333334 0.2744140625 0.13151041666666666 0.28125 0.12239583333333333 0.2802734375 0.11067708333333333 0.2763671875 0.1015625 0.2763671875 0.09765625 0.2802734375 0.09114583333333333 0.294921875 0.08072916666666667 0.3056640625 0.06901041666666667 0.3173828125 0.0625 0.3310546875 0.05859375 0.3583984375 0.057291666666666664
0 0.171875 0.2708333333333333 0.21875 0.2799479166666667 0.2294921875 0.28515625 0.240234375 0.2942708333333333 0.259765625 0.3151041666666667 0.267578125 0.3372395833333333 0.2744140625 0.3463541666666667 0.27734375 0.3541666666666667 0.2890625 0.3658854166666667 0.29296875 0.3736979166666667 0.29296875 0.3815104166666667 0.296875 0.38671875 0.2939453125 0.4010416666666667 0.267578125 0.4075520833333333 0.255859375 0.4153645833333333 0.2392578125 0.421875 0.2314453125 0.4296875 0.216796875 0.4361979166666667 0.1962890625 0.4505208333333333 0.181640625 0.4674479166666667 0.1787109375 0.4765625 0.18359375 0.4869791666666667 0.19140625 0.4947916666666667 0.203125 0.49609375 0.2099609375 0.4934895833333333 0.2158203125 0.4973958333333333 0.212890625 0.51171875 0.20703125 0.5247395833333334 0.19921875 0.5325520833333334 0.185546875 0.5390625 0.154296875 0.5364583333333334 0.1357421875 0.5286458333333334 0.126953125 0.5221354166666666 0.103515625 0.4895833333333333 0.09375 0.4713541666666667 0.08984375 0.4609375 0.0869140625 0.421875 0.080078125 0.4114583333333333 0.0830078125 0.3854166666666667 0.1083984375 0.33984375 0.1181640625 0.3125 0.140625 0.2838541666666667 0.16015625 0.2721354166666667 0.1708984375 0.2708333333333333
0 0.6591796875 0 0.8046875 0 0.806640625 0.0026041666666666665 0.810546875 0 0.828125 0.010416666666666666 0.84375 0.029947916666666668 0.8466796875 0.028645833333333332 0.849609375 0.01953125 0.8544921875 0.028645833333333332 0.8525390625 0.045572916666666664 0.8603515625 0.08072916666666667 0.8623046875 0.11848958333333333 0.8642578125 0.109375 0.87109375 0.10416666666666667 0.88671875 0.08463541666666667 0.9072265625 0.06640625 0.9345703125 0.06510416666666667 0.970703125 0.07421875 0.9736328125 0.07942708333333333 0.96875 0.08854166666666667 0.966796875 0.09765625 0.9755859375 0.11848958333333333 0.990234375 0.13671875 0.98828125 0.15885416666666666 0.9912109375 0.16276041666666666 0.994140625 0.16145833333333334 0.9990234375 0.1640625 0.9990234375 0.17838541666666666 0.984375 0.19921875 0.97265625 0.20703125 0.9560546875 0.22395833333333334 0.916015625 0.24088541666666666 0.8984375 0.24088541666666666 0.86328125 0.23046875 0.841796875 0.21354166666666666 0.8310546875 0.19270833333333334 0.8212890625 0.19921875 0.80859375 0.21614583333333334 0.78125 0.21484375 0.7724609375 0.21744791666666666 0.744140625 0.21744791666666666 0.73046875 0.21614583333333334 0.7099609375 0.20833333333333334 0.685546875 0.1953125 0.6640625 0.17838541666666666 0.642578125 0.14453125 0.634765625 0.12239583333333333 0.62890625 0.1171875 0.625 0.109375 0.6259765625 0.10546875 0.623046875 0.09765625 0.6259765625 0.09244791666666667 0.6240234375 0.08854166666666667 0.6259765625 0.0625 0.6298828125 0.053385416666666664 0.638671875 0.041666666666666664 0.6494140625 0.014322916666666666 0.6591796875 0.0013020833333333333
0 0.931640625 0.06380208333333333 0.9599609375 0.06901041666666667 0.974609375 0.07682291666666667 0.9677734375 0.09765625 0.9755859375 0.1171875 0.9912109375 0.13671875 0.98828125 0.15755208333333334 0.990234375 0.16015625 0.9990234375 0.16145833333333334 0.9990234375 0.18098958333333334 0.994140625 0.18489583333333334 0.984375 0.20052083333333334 0.97265625 0.20703125 0.958984375 0.22265625 0.9169921875 0.2421875 0.900390625 0.2421875 0.861328125 0.23046875 0.8369140625 0.20963541666666666 0.83203125 0.19661458333333334 0.83203125 0.18619791666666666 0.833984375 0.17838541666666666 0.8505859375 0.16015625 0.85546875 0.13802083333333334 0.8681640625 0.10546875 0.900390625 0.0703125 0.91015625 0.06510416666666667 0.9306640625 0.06380208333333333
0 0.57421875 0.4947916666666667 0.609375 0.5143229166666666 0.623046875 0.52734375 0.63671875 0.5455729166666666 0.6416015625 0.5546875 0.6533203125 0.58984375 0.654296875 0.6432291666666666 0.640625 0.6640625 0.63671875 0.6744791666666666 0.626953125 0.6848958333333334 0.6103515625 0.6966145833333334 0.6005859375 0.7109375 0.595703125 0.7252604166666666 0.5888671875 0.7369791666666666 0.5712890625 0.75390625 0.5400390625 0.7434895833333334 0.490234375 0.6901041666666666 0.4794921875 0.6692708333333334 0.474609375 0.6536458333333334 0.4716796875 0.6341145833333334 0.4716796875 0.6184895833333334 0.4736328125 0.5989583333333334 0.48046875 0.5716145833333334 0.494140625 0.54296875 0.5078125 0.5247395833333334 0.5302734375 0.50390625 0.5615234375 0.4908854166666667 0.5703125 0.4908854166666667 0.5732421875 0.4947916666666667
0 0.4736328125 0 0.6181640625 0 0.619140625 0.010416666666666666 0.6181640625 0.057291666666666664 0.6142578125 0.08333333333333333 0.6064453125 0.10416666666666667 0.59765625 0.10546875 0.5732421875 0.09765625 0.5517578125 0.09635416666666667 0.529296875 0.10286458333333333 0.5009765625 0.12239583333333333 0.4970703125 0.12239583333333333 0.494140625 0.12109375 0.4794921875 0.10026041666666667 0.47265625 0.07682291666666667 0.470703125 0.046875 0.474609375 0.024739583333333332 0.4736328125 0.0013020833333333333
0 0.7451171875 0.22786458333333334 0.775390625 0.24088541666666666 0.794921875 0.2604166666666667 0.8076171875 0.2682291666666667 0.8173828125 0.2799479166666667 0.8291015625 0.30078125 0.8369140625 0.3216145833333333 0.841796875 0.3697916666666667 0.8330078125 0.3971354166666667 0.8173828125 0.421875 0.8076171875 0.4322916666666667 0.796875 0.4388020833333333 0.7607421875 0.4440104166666667 0.7314453125 0.4583333333333333 0.708984375 0.453125 0.6982421875 0.453125 0.6904296875 0.44921875 0.6689453125 0.4244791666666667 0.654296875 0.3984375 0.642578125 0.3893229166666667 0.640625 0.3763020833333333 0.64453125 0.3697916666666667 0.6435546875 0.359375 0.6494140625 0.3385416666666667 0.6533203125 0.30859375 0.66015625 0.2890625 0.6767578125 0.2604166666666667 0.6845703125 0.25 0.69921875 0.23828125 0.7119140625 0.23307291666666666 0.744140625 0.22786458333333334