0 0.51953125 0.51953125 0.529296875 0.5234375 0.55859375 0.5455729166666666 0.564453125 0.5546875 0.572265625 0.578125 0.580078125 0.59375 0.58203125 0.6028645833333334 0.58203125 0.62890625 0.5771484375 0.6536458333333334 0.576171875 0.6744791666666666 0.56640625 0.69140625 0.5576171875 0.7213541666666666 0.541015625 0.7434895833333334 0.533203125 0.7473958333333334 0.5009765625 0.74609375 0.4814453125 0.7552083333333334 0.4697265625 0.7552083333333334 0.4404296875 0.7473958333333334 0.42578125 0.734375 0.4091796875 0.7122395833333334 0.400390625 0.6966145833333334 0.3916015625 0.6640625 0.3916015625 0.6171875 0.4013671875 0.5859375 0.4111328125 0.5703125 0.4169921875 0.5546875 0.4267578125 0.5390625 0.4375 0.5286458333333334 0.453125 0.51953125 0.474609375 0.51171875 0.4990234375 0.51171875 0.5185546875 0.51953125
0 0.07421875 0.01953125 0.1044921875 0.03515625 0.1328125 0.06380208333333333 0.158203125 0.10807291666666667 0.1640625 0.15885416666666666 0.16015625 0.20052083333333334 0.1494140625 0.234375 0.1435546875 0.24348958333333334 0.1328125 0.25390625 0.11328125 0.2643229166666667 0.072265625 0.2721354166666667 0.056640625 0.2708333333333333 0.041015625 0.2643229166666667 0.03125 0.2513020833333333 0.01171875 0.23307291666666666 0 0.21744791666666666 0 0.048177083333333336 0.013671875 0.033854166666666664 0.029296875 0.0234375 0.05078125 0.016927083333333332 0.0732421875 0.01953125
0 0.6953125 0.55078125 0.734375 0.5703125 0.7646484375 0.5950520833333334 0.779296875 0.6119791666666666 0.798828125 0.6419270833333334 0.814453125 0.6822916666666666 0.818359375 0.7252604166666666 0.818359375 0.7721354166666666 0.814453125 0.7955729166666666 0.8125 0.82421875 0.8046875 0.8606770833333334 0.7890625 0.9010416666666666 0.76171875 0.9361979166666666 0.736328125 0.9518229166666666 0.708984375 0.9596354166666666 0.6865234375 0.953125 0.6689453125 0.9401041666666666 0.6552734375 0.9388020833333334 0.6396484375 0.93359375 0.6259765625 0.9231770833333334 0.615234375 0.9192708333333334 0.6064453125 0.9114583333333334 0.595703125 0.890625 0.5927734375 0.8802083333333334 0.5859375 0.87109375 0.5791015625 0.8528645833333334 0.5751953125 0.8307291666666666 0.568359375 0.8098958333333334 0.5595703125 0.7552083333333334 0.5595703125 0.7369791666666666 0.564453125 0.71484375 0.5712890625 0.6953125 0.5849609375 0.6783854166666666 0.5849609375 0.671875 0.58203125 0.6653645833333334 0.583984375 0.6471354166666666 0.6015625 0.6041666666666666 0.6259765625 0.5729166666666666 0.6533203125 0.5546875 0.6650390625 0.5494791666666666 0.6826171875 0.5481770833333334 0.6943359375 0.55078125
0 0.7724609375 0.35546875 0.775390625 0.3606770833333333 0.78125 0.3645833333333333 0.798828125 0.3658854166666667 0.8037109375 0.3776041666666667 0.8232421875 0.3893229166666667 0.8408203125 0.41015625 0.849609375 0.4231770833333333 0.857421875 0.4427083333333333 0.8603515625 0.45703125 0.861328125 0.4778645833333333 0.8583984375 0.5013020833333334 0.8544921875 0.5130208333333334 0.84375 0.5338541666666666 0.828125 0.5559895833333334 0.8037109375 0.5690104166666666 0.763671875 0.58203125 0.7548828125 0.5807291666666666 0.732421875 0.5625 0.6884765625 0.5390625 0.6806640625 0.5325520833333334 0.6748046875 0.5247395833333334 0.671875 0.515625 0.669921875 0.5052083333333334 0.669921875 0.4817708333333333 0.677734375 0.4440104166666667 0.693359375 0.3958333333333333 0.7255859375 0.3736979166666667 0.7451171875 0.3671875 0.76171875 0.35546875 0.771484375 0.35546875
0 0.5810546875 0.24479166666666666 0.615234375 0.26171875 0.6357421875 0.2669270833333333 0.6474609375 0.2786458333333333 0.66796875 0.3059895833333333 0.6787109375 0.3255208333333333 0.6806640625 0.3424479166666667 0.677734375 0.3515625 0.677734375 0.3619791666666667 0.6845703125 0.37890625 0.6845703125 0.3984375 0.6796875 0.4244791666666667 0.66796875 0.4622395833333333 0.6611328125 0.4778645833333333 0.654296875 0.48828125 0.638671875 0.50390625 0.6083984375 0.52734375 0.595703125 0.53125 0.5517578125 0.5286458333333334 0.5126953125 0.5091145833333334 0.4921875 0.5026041666666666 0.4716796875 0.4908854166666667 0.458984375 0.47265625 0.4541015625 0.4544270833333333 0.4443359375 0.4322916666666667 0.4365234375 0.39453125 0.43359375 0.390625 0.4326171875 0.3697916666666667 0.4384765625 0.3567708333333333 0.4443359375 0.3515625 0.4501953125 0.3424479166666667 0.4541015625 0.3307291666666667 0.458984375 0.3255208333333333 0.4560546875 0.3033854166666667 0.462890625 0.2838541666666667 0.4619140625 0.2721354166666667 0.46484375 0.2643229166666667 0.474609375 0.2526041666666667 0.48046875 0.24739583333333334 0.5322265625 0.25 0.5458984375 0.24479166666666666 0.580078125 0.24479166666666666
0 0.318359375 0.3802083333333333 0.33203125 0.3854166666666667 0.34765625 0.3958333333333333 0.3662109375 0.4127604166666667 0.390625 0.4505208333333333 0.3955078125 0.46875 0.4033203125 0.484375 0.408203125 0.515625 0.40625 0.5286458333333334 0.4072265625 0.5338541666666666 0.3916015625 0.59765625 0.3876953125 0.6067708333333334 0.3662109375 0.6341145833333334 0.3388671875 0.6536458333333334 0.3251953125 0.6666666666666666 0.310546875 0.6705729166666666 0.2822265625 0.6692708333333334 0.2587890625 0.66015625 0.2353515625 0.6458333333333334 0.23046875 0.6458333333333334 0.228515625 0.6510416666666666 0.228515625 0.6640625 0.21484375 0.6848958333333334 0.208984375 0.6796875 0.193359375 0.6497395833333334 0.1787109375 0.640625 0.169921875 0.6197916666666666 0.16015625 0.6041666666666666 0.150390625 0.6015625 0.138671875 0.5911458333333334 0.130859375 0.5885416666666666 0.1259765625 0.58203125 0.119140625 0.578125 0.1181640625 0.5690104166666666 0.130859375 0.5559895833333334 0.138671875 0.5390625 0.1396484375 0.5065104166666666 0.1416015625 0.50390625 0.1552734375 0.5026041666666666 0.1708984375 0.4973958333333333 0.177734375 0.4713541666666667 0.1943359375 0.4375 0.22265625 0.40234375 0.251953125 0.3841145833333333 0.2646484375 0.3802083333333333 0.298828125 0.3776041666666667 0.3173828125 0.3802083333333333
0 0.3623046875 0.032552083333333336 0.369140625 0.03515625 0.37890625 0.045572916666666664 0.404296875 0.06380208333333333 0.4287109375 0.09505208333333333 0.443359375 0.1328125 0.447265625 0.16015625 0.453125 0.18229166666666666 0.455078125 0.20703125 0.453125 0.2265625 0.4423828125 0.2604166666666667 0.4326171875 0.2734375 0.423828125 0.27734375 0.4111328125 0.32421875 0.40625 0.3346354166666667 0.37890625 0.3723958333333333 0.365234375 0.37890625 0.345703125 0.37890625 0.3271484375 0.3723958333333333 0.3046875 0.3697916666666667 0.271484375 0.3736979166666667 0.2548828125 0.3736979166666667 0.2509765625 0.37109375 0.2265625 0.3450520833333333 0.208984375 0.3151041666666667 0.1923828125 0.26953125 0.1904296875 0.2591145833333333 0.1904296875 0.23828125 0.1875 0.2265625 0.189453125 0.19140625 0.19921875 0.1484375 0.22265625 0.09505208333333333 0.2314453125 0.08333333333333333 0.2470703125 0.06640625 0.26953125 0.048177083333333336 0.2958984375 0.03515625 0.3173828125 0.029947916666666668 0.361328125 0.032552083333333336
0 0.7265625 0.08072916666666667 0.7490234375 0.09765625 0.759765625 0.11328125 0.76953125 0.11979166666666667 0.77734375 0.13151041666666666 0.798828125 0.14713541666666666 0.806640625 0.1640625 0.8125 0.19140625 0.80859375 0.20442708333333334 0.802734375 0.21484375 0.7998046875 0.21875 0.787109375 0.22526041666666666 0.77734375 0.23697916666666666 0.7646484375 0.26171875 0.740234375 0.2994791666666667 0.7255859375 0.3098958333333333 0.703125 0.3138020833333333 0.6845703125 0.3111979166666667 0.67578125 0.3059895833333333 0.6376953125 0.25390625 0.62890625 0.2526041666666667 0.623046875 0.24609375 0.61328125 0.21354166666666666 0.611328125 0.18098958333333334 0.619140625 0.15364583333333334 0.6318359375 0.12890625 0.642578125 0.11197916666666667 0.666015625 0.08984375 0.6923828125 0.07682291666666667 0.716796875 0.07682291666666667 0.7255859375 0.08072916666666667
0 0.587890625 0.8802083333333334 0.59765625 0.8932291666666666 0.6015625 0.90234375 0.6171875 0.9192708333333334 0.626953125 0.9231770833333334 0.6435546875 0.9361979166666666 0.6533203125 0.9401041666666666 0.66796875 0.94140625 0.673828125 0.9453125 0.6865234375 0.9622395833333334 0.7060546875 0.9739583333333334 0.7216796875 0.9934895833333334 0.7216796875 0.9986979166666666 0.6220703125 0.9986979166666666 0.5947265625 0.9283854166666666 0.5869140625 0.8932291666666666 0.587890625 0.8815104166666666
0 0.1708984375 0 0.294921875 0 0.294921875 0.005208333333333333 0.2890625 0.01171875 0.28515625 0.020833333333333332 0.2626953125 0.032552083333333336 0.2470703125 0.03515625 0.21484375 0.03515625 0.1884765625 0.02734375 0.1767578125 0.015625 0.1708984375 0.0013020833333333333
0 0.5185546875 0.03125 0.525390625 0.033854166666666664 0.556640625 0.033854166666666664 0.5615234375 0.036458333333333336 0.5693359375 0.049479166666666664 0.576171875 0.07682291666666667 0.5947265625 0.11067708333333333 0.603515625 0.13151041666666666 0.607421875 0.14713541666666666 0.607421875 0.17838541666666666 0.5966796875 0.2109375 0.5791015625 0.23307291666666666 0.5654296875 0.23828125 0.5205078125 0.2421875 0.509765625 0.23958333333333334 0.466796875 0.23958333333333334 0.462890625 0.23697916666666666 0.4599609375 0.2265625 0.4599609375 0.19401041666666666 0.4580078125 0.18359375 0.447265625 0.13020833333333334 0.44140625 0.11197916666666667 0.4326171875 0.09375 0.43359375 0.08203125 0.443359375 0.057291666666666664 0.4521484375 0.046875 0.470703125 0.040364583333333336 0.5 0.037760416666666664 0.517578125 0.032552083333333336