0 0.435546875 0.67578125 0.443359375 0.6822916666666666 0.458984375 0.6888020833333334 0.47265625 0.7018229166666666 0.48046875 0.71484375 0.4873046875 0.73046875 0.4912109375 0.7473958333333334 0.4931640625 0.79296875 0.4873046875 0.82421875 0.48046875 0.8346354166666666 0.4638671875 0.8502604166666666 0.451171875 0.8567708333333334 0.4404296875 0.8658854166666666 0.42578125 0.8841145833333334 0.4052734375 0.8971354166666666 0.376953125 0.8763020833333334 0.3486328125 0.83984375 0.337890625 0.80859375 0.3359375 0.796875 0.3359375 0.7747395833333334 0.3427734375 0.74609375 0.365234375 0.7044270833333334 0.37890625 0.6953125 0.3837890625 0.6888020833333334 0.3974609375 0.6809895833333334 0.4169921875 0.6744791666666666 0.4345703125 0.67578125
0 0.6201171875 0.4934895833333333 0.650390625 0.50390625 0.6748046875 0.5325520833333334 0.6904296875 0.5572916666666666 0.7001953125 0.5911458333333334 0.7001953125 0.6184895833333334 0.697265625 0.640625 0.6748046875 0.6744791666666666 0.6474609375 0.6927083333333334 0.638671875 0.6927083333333334 0.619140625 0.6861979166666666 0.59765625 0.6875 0.5849609375 0.68359375 0.5712890625 0.6692708333333334 0.5634765625 0.65625 0.5458984375 0.6354166666666666 0.5390625 0.61328125 0.515625 0.58203125 0.533203125 0.5598958333333334 0.5419921875 0.5559895833333334 0.5478515625 0.5481770833333334 0.5625 0.5182291666666666 0.5703125 0.5091145833333334 0.58984375 0.49609375 0.619140625 0.4934895833333333
0 0.42578125 0.5 0.4306640625 0.5052083333333334 0.4482421875 0.5065104166666666 0.4560546875 0.5104166666666666 0.4619140625 0.5078125 0.474609375 0.5169270833333334 0.494140625 0.5416666666666666 0.501953125 0.5598958333333334 0.505859375 0.578125 0.5068359375 0.6158854166666666 0.501953125 0.6328125 0.494140625 0.6497395833333334 0.4833984375 0.6640625 0.462890625 0.68359375 0.4501953125 0.6822916666666666 0.4345703125 0.671875 0.41015625 0.671875 0.40625 0.6692708333333334 0.3857421875 0.6419270833333334 0.3759765625 0.6171875 0.373046875 0.5885416666666666 0.3798828125 0.5611979166666666 0.3896484375 0.54296875 0.4072265625 0.5286458333333334 0.4111328125 0.5234375 0.4130859375 0.5130208333333334 0.4169921875 0.5065104166666666 0.4248046875 0.5
0 0.501953125 0.34375 0.5146484375 0.34765625 0.52734375 0.35546875 0.541015625 0.3671875 0.5517578125 0.3828125 0.5576171875 0.39453125 0.564453125 0.41796875 0.564453125 0.4479166666666667 0.5576171875 0.4791666666666667 0.546875 0.5 0.5283203125 0.51953125 0.5009765625 0.5325520833333334 0.4912109375 0.53125 0.470703125 0.5091145833333334 0.453125 0.5013020833333334 0.4345703125 0.4869791666666667 0.42578125 0.47265625 0.419921875 0.4518229166666667 0.4267578125 0.3997395833333333 0.431640625 0.38671875 0.4384765625 0.3763020833333333 0.451171875 0.3606770833333333 0.4638671875 0.3515625 0.4814453125 0.3450520833333333 0.5009765625 0.34375
0 0.626953125 0.69140625 0.64453125 0.7018229166666666 0.658203125 0.7174479166666666 0.6845703125 0.7408854166666666 0.69140625 0.7734375 0.701171875 0.7760416666666666 0.7060546875 0.7825520833333334 0.7060546875 0.7955729166666666 0.712890625 0.80859375 0.712890625 0.8177083333333334 0.6962890625 0.8385416666666666 0.6904296875 0.8528645833333334 0.6865234375 0.8567708333333334 0.6767578125 0.8893229166666666 0.66796875 0.9075520833333334 0.6474609375 0.9283854166666666 0.6181640625 0.9427083333333334 0.6015625 0.9427083333333334 0.5947265625 0.9401041666666666 0.5810546875 0.9309895833333334 0.564453125 0.9140625 0.5478515625 0.875 0.5419921875 0.8658854166666666 0.53515625 0.84375 0.5244140625 0.8346354166666666 0.521484375 0.8294270833333334 0.5205078125 0.80859375 0.5263671875 0.7955729166666666 0.533203125 0.796875 0.5361328125 0.79296875 0.5390625 0.7747395833333334 0.548828125 0.7434895833333334 0.5556640625 0.7291666666666666 0.568359375 0.7122395833333334 0.5771484375 0.703125 0.5927734375 0.6927083333333334 0.6044921875 0.6901041666666666 0.6259765625 0.69140625
0 0.392578125 0.19270833333333334 0.4091796875 0.21484375 0.421875 0.23697916666666666 0.4287109375 0.25390625 0.4287109375 0.30078125 0.4248046875 0.31640625 0.4150390625 0.3294270833333333 0.4111328125 0.3294270833333333 0.3994140625 0.3098958333333333 0.3896484375 0.2981770833333333 0.3671875 0.2786458333333333 0.34375 0.26953125 0.3115234375 0.2669270833333333 0.30859375 0.2643229166666667 0.3095703125 0.24609375 0.3173828125 0.22005208333333334 0.3271484375 0.20572916666666666 0.3388671875 0.19401041666666666 0.3564453125 0.18619791666666666 0.376953125 0.18619791666666666 0.3916015625 0.19270833333333334
0 0.2255859375 0.5416666666666666 0.24609375 0.54296875 0.255859375 0.5494791666666666 0.275390625 0.5559895833333334 0.294921875 0.5690104166666666 0.3134765625 0.5872395833333334 0.3271484375 0.609375 0.3388671875 0.6354166666666666 0.341796875 0.6471354166666666 0.3408203125 0.6927083333333334 0.3310546875 0.7421875 0.326171875 0.7552083333333334 0.3125 0.7786458333333334 0.287109375 0.8098958333333334 0.2666015625 0.8255208333333334 0.2470703125 0.8333333333333334 0.236328125 0.8424479166666666 0.2255859375 0.8424479166666666 0.2080078125 0.8307291666666666 0.2021484375 0.8307291666666666 0.1943359375 0.8411458333333334 0.185546875 0.8450520833333334 0.1748046875 0.8450520833333334 0.1630859375 0.8333333333333334 0.162109375 0.8268229166666666 0.1669921875 0.81640625 0.1552734375 0.8033854166666666 0.1484375 0.7838541666666666 0.1396484375 0.7682291666666666 0.1328125 0.7408854166666666 0.1240234375 0.7161458333333334 0.1220703125 0.7044270833333334 0.1220703125 0.6809895833333334 0.126953125 0.6575520833333334 0.1337890625 0.640625 0.1484375 0.6106770833333334 0.1611328125 0.5950520833333334 0.162109375 0.5885416666666666 0.1591796875 0.5833333333333334 0.1591796875 0.5768229166666666 0.1650390625 0.5755208333333334 0.1689453125 0.5703125 0.158203125 0.5598958333333334 0.150390625 0.5598958333333334 0.158203125 0.5598958333333334 0.1630859375 0.5533854166666666 0.169921875 0.5520833333333334 0.173828125 0.5533854166666666 0.1728515625 0.5572916666666666 0.1767578125 0.5598958333333334 0.173828125 0.5638020833333334 0.1787109375 0.5651041666666666 0.181640625 0.55859375 0.185546875 0.5625 0.2001953125 0.5546875 0.2041015625 0.5442708333333334 0.212890625 0.5455729166666666 0.2158203125 0.5416666666666666 0.224609375 0.5416666666666666
0 0.6650390625 0.2734375 0.7099609375 0.2877604166666667 0.7197265625 0.2955729166666667 0.7294921875 0.2994791666666667 0.7451171875 0.3138020833333333 0.751953125 0.32421875 0.7607421875 0.3463541666666667 0.7646484375 0.3502604166666667 0.7666015625 0.3932291666666667 0.7626953125 0.4140625 0.763671875 0.4205729166666667 0.796875 0.3971354166666667 0.818359375 0.38671875 0.8349609375 0.3893229166666667 0.8427734375 0.3932291666666667 0.8623046875 0.40625 0.8701171875 0.4153645833333333 0.8662109375 0.4322916666666667 0.8701171875 0.44140625 0.8701171875 0.44921875 0.876953125 0.46484375 0.8779296875 0.4765625 0.8759765625 0.4895833333333333 0.8837890625 0.4973958333333333 0.8828125 0.5065104166666666 0.8671875 0.5234375 0.8564453125 0.5260416666666666 0.8427734375 0.5338541666666666 0.8203125 0.5364583333333334 0.79296875 0.5325520833333334 0.779296875 0.5221354166666666 0.765625 0.5169270833333334 0.748046875 0.49609375 0.7431640625 0.48046875 0.736328125 0.47265625 0.7333984375 0.4713541666666667 0.7275390625 0.4739583333333333 0.712890625 0.4869791666666667 0.7021484375 0.4830729166666667 0.6875 0.484375 0.650390625 0.4765625 0.6279296875 0.4661458333333333 0.6083984375 0.453125 0.587890625 0.4283854166666667 0.583984375 0.4140625 0.5712890625 0.38671875 0.5712890625 0.3489583333333333 0.578125 0.31640625 0.5947265625 0.2916666666666667 0.6123046875 0.2747395833333333 0.623046875 0.26953125 0.6455078125 0.26953125 0.6640625 0.2734375
0 0.1708984375 0.390625 0.17578125 0.3932291666666667 0.1806640625 0.40234375 0.205078125 0.4153645833333333 0.2236328125 0.4361979166666667 0.228515625 0.4596354166666667 0.2373046875 0.4830729166666667 0.2373046875 0.5286458333333334 0.234375 0.5338541666666666 0.23046875 0.53515625 0.208984375 0.5338541666666666 0.197265625 0.5364583333333334 0.1572265625 0.5481770833333334 0.1337890625 0.55859375 0.1279296875 0.5651041666666666 0.12890625 0.5755208333333334 0.138671875 0.5846354166666666 0.154296875 0.5859375 0.15625 0.5911458333333334 0.154296875 0.59765625 0.1435546875 0.6106770833333334 0.1103515625 0.6028645833333334 0.09765625 0.5950520833333334 0.083984375 0.5807291666666666 0.072265625 0.5559895833333334 0.0673828125 0.5364583333333334 0.06640625 0.4830729166666667 0.0712890625 0.4700520833333333 0.080078125 0.4596354166666667 0.0859375 0.4479166666666667 0.1142578125 0.4166666666666667 0.134765625 0.40234375 0.1552734375 0.3971354166666667 0.1611328125 0.3880208333333333 0.169921875 0.390625
0 0.6748046875 0.2760416666666667 0.7099609375 0.2877604166666667 0.7353515625 0.3033854166666667 0.751953125 0.32421875 0.7587890625 0.3424479166666667 0.7646484375 0.3515625 0.7666015625 0.3815104166666667 0.765625 0.40234375 0.7587890625 0.4283854166666667 0.740234375 0.4583333333333333 0.71875 0.4752604166666667 0.716796875 0.4791666666666667 0.7119140625 0.4830729166666667 0.6943359375 0.484375 0.65234375 0.4765625 0.6298828125 0.4674479166666667 0.6083984375 0.453125 0.587890625 0.4283854166666667 0.5830078125 0.4127604166666667 0.572265625 0.390625 0.5712890625 0.3815104166666667 0.572265625 0.3424479166666667 0.578125 0.3190104166666667 0.5810546875 0.3111979166666667 0.59375 0.29296875 0.60546875 0.2799479166666667 0.623046875 0.26953125 0.6494140625 0.26953125 0.673828125 0.2760416666666667
0 0.8349609375 0.3893229166666667 0.859375 0.4036458333333333 0.8701171875 0.4140625 0.87109375 0.41796875 0.8662109375 0.4296875 0.8701171875 0.44140625 0.8701171875 0.44921875 0.8779296875 0.46875 0.8759765625 0.48828125 0.884765625 0.4986979166666667 0.884765625 0.5026041666666666 0.876953125 0.515625 0.8681640625 0.5234375 0.8564453125 0.5260416666666666 0.8447265625 0.5338541666666666 0.82421875 0.5364583333333334 0.798828125 0.53515625 0.7783203125 0.5221354166666666 0.7646484375 0.5169270833333334 0.7470703125 0.4947916666666667 0.7431640625 0.4817708333333333 0.7353515625 0.4700520833333333 0.767578125 0.41796875 0.7958984375 0.3971354166666667 0.8154296875 0.38671875 0.833984375 0.3893229166666667
0 0.4814453125 0.18359375 0.4892578125 0.18880208333333334 0.5087890625 0.1875 0.5166015625 0.19140625 0.529296875 0.19140625 0.5498046875 0.19791666666666666 0.55859375 0.20442708333333334 0.5712890625 0.22526041666666666 0.578125 0.2552083333333333 0.578125 0.2890625 0.5751953125 0.3072916666666667 0.5673828125 0.328125 0.5673828125 0.34765625 0.5634765625 0.3606770833333333 0.5595703125 0.3606770833333333 0.5517578125 0.3671875 0.5078125 0.3424479166666667 0.4833984375 0.3411458333333333 0.46875 0.34375 0.453125 0.3268229166666667 0.44921875 0.30078125 0.451171875 0.2682291666666667 0.4560546875 0.25390625 0.4521484375 0.21223958333333334 0.453125 0.19791666666666666 0.4560546875 0.19140625 0.4658203125 0.18359375 0.48046875 0.18359375
0 0.3232421875 0.26953125 0.3427734375 0.2721354166666667 0.3623046875 0.2786458333333333 0.373046875 0.28515625 0.390625 0.3020833333333333 0.4013671875 0.31640625 0.412109375 0.3359375 0.4208984375 0.3671875 0.423828125 0.3854166666666667 0.423828125 0.3984375 0.4150390625 0.4466145833333333 0.41015625 0.4609375 0.3994140625 0.48046875 0.37890625 0.5078125 0.357421875 0.5260416666666666 0.34765625 0.53125 0.3271484375 0.5364583333333334 0.296875 0.5338541666666666 0.283203125 0.5260416666666666 0.2626953125 0.5091145833333334 0.240234375 0.4765625 0.2333984375 0.4596354166666667 0.228515625 0.43359375 0.2294921875 0.37890625 0.232421875 0.3619791666666667 0.23046875 0.34765625 0.2373046875 0.3450520833333333 0.248046875 0.3268229166666667 0.2529296875 0.3255208333333333 0.2626953125 0.3125 0.267578125 0.3098958333333333 0.2685546875 0.3059895833333333 0.265625 0.2916666666666667 0.267578125 0.28515625 0.298828125 0.2721354166666667 0.322265625 0.26953125