0 0.7578125 0.4283854166666667 0.79296875 0.4479166666666667 0.8125 0.46484375 0.822265625 0.4778645833333333 0.83984375 0.51171875 0.8447265625 0.5377604166666666 0.8466796875 0.5729166666666666 0.8544921875 0.5846354166666666 0.8662109375 0.58984375 0.880859375 0.6015625 0.88671875 0.6158854166666666 0.88671875 0.6236979166666666 0.8779296875 0.6341145833333334 0.8681640625 0.6692708333333334 0.8642578125 0.6731770833333334 0.845703125 0.671875 0.8359375 0.6627604166666666 0.8203125 0.66015625 0.796875 0.6783854166666666 0.767578125 0.6822916666666666 0.740234375 0.6796875 0.7314453125 0.6731770833333334 0.712890625 0.6653645833333334 0.701171875 0.6497395833333334 0.69140625 0.6302083333333334 0.6796875 0.5963541666666666 0.673828125 0.5651041666666666 0.6728515625 0.5143229166666666 0.6884765625 0.45703125 0.701171875 0.4440104166666667 0.70703125 0.4427083333333333 0.724609375 0.4296875 0.7373046875 0.4270833333333333 0.7568359375 0.4283854166666667
0 0.5751953125 0.69921875 0.59765625 0.7252604166666666 0.603515625 0.7473958333333334 0.60546875 0.7734375 0.599609375 0.8111979166666666 0.58984375 0.83984375 0.58203125 0.8502604166666666 0.552734375 0.8723958333333334 0.5390625 0.8763020833333334 0.5224609375 0.8763020833333334 0.5107421875 0.8697916666666666 0.4921875 0.8489583333333334 0.4833984375 0.8307291666666666 0.482421875 0.8033854166666666 0.486328125 0.7760416666666666 0.486328125 0.7356770833333334 0.4912109375 0.7265625 0.49609375 0.7239583333333334 0.509765625 0.7083333333333334 0.51953125 0.7018229166666666 0.5419921875 0.70703125 0.5537109375 0.7018229166666666 0.57421875 0.69921875
0 0.4072265625 0.6888020833333334 0.4326171875 0.6888020833333334 0.439453125 0.69140625 0.4599609375 0.70703125 0.4697265625 0.7213541666666666 0.482421875 0.7591145833333334 0.4814453125 0.79296875 0.474609375 0.8268229166666666 0.46484375 0.8450520833333334 0.4541015625 0.859375 0.44140625 0.8697916666666666 0.4287109375 0.8763020833333334 0.408203125 0.8815104166666666 0.388671875 0.87890625 0.3681640625 0.8671875 0.3466796875 0.8359375 0.341796875 0.82421875 0.3369140625 0.7981770833333334 0.33984375 0.7565104166666666 0.345703125 0.7369791666666666 0.35546875 0.7213541666666666 0.3876953125 0.7044270833333334 0.396484375 0.6953125 0.4033203125 0.6940104166666666 0.4072265625 0.6901041666666666
0 0.3349609375 0.30078125 0.3388671875 0.3046875 0.380859375 0.3046875 0.3994140625 0.3151041666666667 0.408203125 0.3268229166666667 0.421875 0.359375 0.4267578125 0.3919270833333333 0.427734375 0.4088541666666667 0.42578125 0.43359375 0.4169921875 0.47265625 0.3837890625 0.4973958333333333 0.36328125 0.5052083333333334 0.3525390625 0.5065104166666666 0.3193359375 0.4947916666666667 0.3056640625 0.4856770833333333 0.2939453125 0.4739583333333333 0.2890625 0.4661458333333333 0.279296875 0.4296875 0.2802734375 0.3893229166666667 0.2890625 0.3619791666666667 0.3125 0.3229166666666667 0.3271484375 0.3033854166666667 0.333984375 0.30078125
0 0.306640625 0.49609375 0.341796875 0.5104166666666666 0.3564453125 0.51953125 0.380859375 0.5260416666666666 0.3935546875 0.5377604166666666 0.4091796875 0.5598958333333334 0.41796875 0.5794270833333334 0.4228515625 0.59765625 0.423828125 0.6236979166666666 0.41796875 0.6497395833333334 0.4052734375 0.6770833333333334 0.384765625 0.69921875 0.37109375 0.7083333333333334 0.3427734375 0.7213541666666666 0.3271484375 0.7356770833333334 0.3046875 0.7369791666666666 0.296875 0.7330729166666666 0.2900390625 0.72265625 0.2822265625 0.7213541666666666 0.2509765625 0.7057291666666666 0.2197265625 0.6731770833333334 0.2138671875 0.6419270833333334 0.2138671875 0.6067708333333334 0.2177734375 0.5924479166666666 0.2265625 0.5768229166666666 0.2294921875 0.5651041666666666 0.236328125 0.5533854166666666 0.2412109375 0.5390625 0.24609375 0.5325520833333334 0.259765625 0.5299479166666666 0.271484375 0.51953125 0.287109375 0.51171875 0.3056640625 0.4973958333333333
0 0.6630859375 0.671875 0.6904296875 0.68359375 0.6962890625 0.6888020833333334 0.705078125 0.7005208333333334 0.712890625 0.7161458333333334 0.720703125 0.7473958333333334 0.7177734375 0.7825520833333334 0.70703125 0.80859375 0.689453125 0.83203125 0.6689453125 0.84375 0.654296875 0.84375 0.638671875 0.8385416666666666 0.62890625 0.83203125 0.619140625 0.8203125 0.609375 0.796875 0.6083984375 0.7604166666666666 0.60546875 0.74609375 0.6064453125 0.7291666666666666 0.611328125 0.7109375 0.615234375 0.69921875 0.62109375 0.69140625 0.630859375 0.6809895833333334 0.6416015625 0.6744791666666666 0.662109375 0.671875
0 0.4697265625 0.8411458333333334 0.4755859375 0.8346354166666666 0.48046875 0.8346354166666666 0.4853515625 0.8450520833333334 0.50390625 0.8684895833333334 0.517578125 0.87890625 0.521484375 0.8971354166666666 0.51953125 0.9244791666666666 0.5107421875 0.9479166666666666 0.5009765625 0.9635416666666666 0.4833984375 0.9778645833333334 0.470703125 0.9986979166666666 0.462890625 0.9986979166666666 0.4501953125 0.9817708333333334 0.4287109375 0.9635416666666666 0.4169921875 0.94140625 0.404296875 0.9244791666666666 0.400390625 0.91015625 0.400390625 0.8958333333333334 0.4033203125 0.890625 0.412109375 0.8841145833333334 0.443359375 0.87109375 0.4599609375 0.8567708333333334 0.4697265625 0.8424479166666666
0 0.537109375 0.4609375 0.5634765625 0.4765625 0.5771484375 0.48828125 0.6025390625 0.5182291666666666 0.6181640625 0.5611979166666666 0.62109375 0.5807291666666666 0.62109375 0.61328125 0.619140625 0.6276041666666666 0.6123046875 0.6471354166666666 0.6044921875 0.66015625 0.5888671875 0.67578125 0.568359375 0.6901041666666666 0.54296875 0.7005208333333334 0.5361328125 0.7005208333333334 0.5205078125 0.69140625 0.5087890625 0.6940104166666666 0.48828125 0.6848958333333334 0.4755859375 0.6744791666666666 0.470703125 0.66796875 0.4658203125 0.6549479166666666 0.4560546875 0.6549479166666666 0.443359375 0.6510416666666666 0.439453125 0.63671875 0.4404296875 0.625 0.4501953125 0.6158854166666666 0.44921875 0.5807291666666666 0.4560546875 0.5598958333333334 0.4599609375 0.5299479166666666 0.462890625 0.5234375 0.4736328125 0.5091145833333334 0.4873046875 0.4973958333333333 0.515625 0.4830729166666667 0.5224609375 0.4830729166666667 0.5244140625 0.4700520833333333 0.529296875 0.4635416666666667 0.5361328125 0.4609375
0 0.6123046875 0.84375 0.6162109375 0.8463541666666666 0.623046875 0.8580729166666666 0.626953125 0.8684895833333334 0.626953125 0.8828125 0.6396484375 0.90234375 0.642578125 0.9140625 0.6494140625 0.921875 0.6552734375 0.9466145833333334 0.654296875 0.9583333333333334 0.6484375 0.98046875 0.6494140625 0.9869791666666666 0.6474609375 0.9869791666666666 0.640625 0.9986979166666666 0.61328125 0.9986979166666666 0.6123046875 0.99609375 0.607421875 0.9986979166666666 0.52734375 0.9986979166666666 0.5244140625 0.9934895833333334 0.525390625 0.9869791666666666 0.5185546875 0.96484375 0.517578125 0.9479166666666666 0.5234375 0.92578125 0.525390625 0.9010416666666666 0.5322265625 0.8841145833333334 0.552734375 0.8763020833333334 0.5693359375 0.8619791666666666 0.5849609375 0.8541666666666666 0.59765625 0.8567708333333334 0.60546875 0.86328125 0.6064453125 0.8489583333333334 0.611328125 0.84375
0 0.4931640625 0.3138020833333333 0.521484375 0.3151041666666667 0.5361328125 0.32421875 0.546875 0.33984375 0.5517578125 0.3528645833333333 0.5546875 0.3645833333333333 0.5556640625 0.3828125 0.55078125 0.421875 0.5419921875 0.4427083333333333 0.5185546875 0.4700520833333333 0.4921875 0.4778645833333333 0.4765625 0.4778645833333333 0.4658203125 0.4739583333333333 0.44921875 0.46484375 0.4384765625 0.453125 0.4306640625 0.4375 0.4306640625 0.3932291666666667 0.427734375 0.3802083333333333 0.427734375 0.3645833333333333 0.4296875 0.3567708333333333 0.43359375 0.34765625 0.447265625 0.3307291666666667 0.4521484375 0.3203125 0.4677734375 0.3177083333333333 0.4736328125 0.3138020833333333 0.4921875 0.3138020833333333
0 0.6298828125 0.3346354166666667 0.6494140625 0.3450520833333333 0.66796875 0.3697916666666667 0.673828125 0.40234375 0.673828125 0.4309895833333333 0.6787109375 0.46875 0.6728515625 0.4856770833333333 0.6650390625 0.4934895833333333 0.6494140625 0.4908854166666667 0.61328125 0.5 0.5986328125 0.5 0.5908203125 0.4973958333333333 0.5673828125 0.4752604166666667 0.5595703125 0.46484375 0.5537109375 0.44921875 0.5517578125 0.4270833333333333 0.5556640625 0.41015625 0.55859375 0.3828125 0.5576171875 0.3658854166666667 0.560546875 0.3567708333333333 0.5712890625 0.34765625 0.60546875 0.3333333333333333 0.62890625 0.3346354166666667