0 0.736328125 0.4635416666666667 0.7421875 0.4622395833333333 0.75390625 0.4661458333333333 0.7666015625 0.4739583333333333 0.775390625 0.4830729166666667 0.7939453125 0.5143229166666666 0.8017578125 0.5390625 0.802734375 0.5716145833333334 0.798828125 0.6067708333333334 0.78125 0.6380208333333334 0.775390625 0.6536458333333334 0.7666015625 0.6549479166666666 0.751953125 0.6692708333333334 0.7265625 0.67578125 0.705078125 0.67578125 0.67578125 0.6666666666666666 0.6708984375 0.66015625 0.6708984375 0.65234375 0.66015625 0.6171875 0.6435546875 0.58203125 0.6376953125 0.57421875 0.6396484375 0.5325520833333334 0.64453125 0.5169270833333334 0.654296875 0.5052083333333334 0.6669921875 0.4934895833333333 0.6796875 0.4869791666666667 0.7021484375 0.4830729166666667 0.712890625 0.4856770833333333 0.7197265625 0.484375 0.7265625 0.4791666666666667 0.736328125 0.46484375
0 0.5341796875 0.3776041666666667 0.5439453125 0.3893229166666667 0.5478515625 0.40234375 0.5498046875 0.4427083333333333 0.5576171875 0.47265625 0.5576171875 0.4856770833333333 0.5458984375 0.51171875 0.5361328125 0.5234375 0.529296875 0.52734375 0.517578125 0.5234375 0.521484375 0.4934895833333333 0.5205078125 0.4596354166666667 0.517578125 0.4466145833333333 0.5078125 0.42578125 0.5 0.4153645833333333 0.4912109375 0.4088541666666667 0.4892578125 0.4036458333333333 0.4951171875 0.3971354166666667 0.525390625 0.3763020833333333 0.533203125 0.3776041666666667
0 0.693359375 0.2734375 0.7041015625 0.27734375 0.7216796875 0.2890625 0.751953125 0.3229166666666667 0.759765625 0.3372395833333333 0.7685546875 0.3619791666666667 0.7724609375 0.3671875 0.775390625 0.37890625 0.775390625 0.3971354166666667 0.7783203125 0.4127604166666667 0.7783203125 0.4205729166666667 0.7744140625 0.4348958333333333 0.7783203125 0.4583333333333333 0.775390625 0.4635416666666667 0.7685546875 0.4674479166666667 0.7509765625 0.4596354166666667 0.736328125 0.4583333333333333 0.732421875 0.4544270833333333 0.7216796875 0.4322916666666667 0.712890625 0.421875 0.69921875 0.38671875 0.6982421875 0.359375 0.68359375 0.3151041666666667 0.666015625 0.2942708333333333 0.65234375 0.28515625 0.6533203125 0.28125 0.6689453125 0.2721354166666667 0.6923828125 0.2734375
0 0.47265625 0.4010416666666667 0.482421875 0.4049479166666667 0.5009765625 0.4192708333333333 0.513671875 0.44140625 0.51953125 0.4661458333333333 0.51953125 0.5026041666666666 0.5146484375 0.5234375 0.5078125 0.5403645833333334 0.5029296875 0.546875 0.48046875 0.5690104166666666 0.4384765625 0.5950520833333334 0.4296875 0.5950520833333334 0.4091796875 0.5885416666666666 0.3896484375 0.578125 0.375 0.5651041666666666 0.365234375 0.5520833333333334 0.3544921875 0.53125 0.3505859375 0.515625 0.3505859375 0.4869791666666667 0.353515625 0.4752604166666667 0.353515625 0.4661458333333333 0.3623046875 0.4427083333333333 0.3759765625 0.4244791666666667 0.38671875 0.4153645833333333 0.4208984375 0.39453125 0.4287109375 0.3919270833333333 0.4443359375 0.3932291666666667 0.4716796875 0.4010416666666667
0 0.8564453125 0.4127604166666667 0.87890625 0.4244791666666667 0.8935546875 0.4427083333333333 0.9013671875 0.4557291666666667 0.908203125 0.4791666666666667 0.9189453125 0.4921875 0.919921875 0.5026041666666666 0.91796875 0.5143229166666666 0.9052734375 0.5143229166666666 0.8935546875 0.54296875 0.8759765625 0.5638020833333334 0.87109375 0.56640625 0.8466796875 0.5677083333333334 0.83984375 0.5703125 0.8232421875 0.5703125 0.80859375 0.5520833333333334 0.7998046875 0.51953125 0.783203125 0.4869791666666667 0.7822265625 0.4778645833333333 0.7998046875 0.4453125 0.8125 0.4270833333333333 0.828125 0.4166666666666667 0.8427734375 0.4127604166666667 0.85546875 0.4127604166666667
0 0.345703125 0.46875 0.3505859375 0.47265625 0.34765625 0.5143229166666666 0.3544921875 0.5390625 0.3759765625 0.5703125 0.39453125 0.5872395833333334 0.396484375 0.5963541666666666 0.3896484375 0.6236979166666666 0.376953125 0.6432291666666666 0.359375 0.6588541666666666 0.3359375 0.6640625 0.310546875 0.6640625 0.3037109375 0.6614583333333334 0.296875 0.6575520833333334 0.2685546875 0.6302083333333334 0.2607421875 0.6184895833333334 0.2548828125 0.6041666666666666 0.25 0.5859375 0.2490234375 0.56640625 0.2529296875 0.5416666666666666 0.2529296875 0.5260416666666666 0.255859375 0.515625 0.2724609375 0.4921875 0.2958984375 0.4765625 0.3173828125 0.4674479166666667 0.3291015625 0.4661458333333333 0.3447265625 0.46875
0 0.6513671875 0.2877604166666667 0.6650390625 0.2955729166666667 0.681640625 0.3151041666666667 0.6943359375 0.3541666666666667 0.6982421875 0.3958333333333333 0.703125 0.4010416666666667 0.7041015625 0.4088541666666667 0.7119140625 0.4270833333333333 0.7177734375 0.4348958333333333 0.71875 0.4518229166666667 0.716796875 0.4557291666666667 0.7158203125 0.4700520833333333 0.673828125 0.4817708333333333 0.654296875 0.49609375 0.63671875 0.4986979166666667 0.61328125 0.4973958333333333 0.59765625 0.4934895833333333 0.578125 0.484375 0.564453125 0.47265625 0.5595703125 0.4661458333333333 0.5537109375 0.4440104166666667 0.5537109375 0.3919270833333333 0.5615234375 0.3502604166666667 0.5673828125 0.3346354166666667 0.5771484375 0.3203125 0.6015625 0.2994791666666667 0.6259765625 0.28515625 0.6376953125 0.2838541666666667 0.650390625 0.2877604166666667
0 0.40625 0.23046875 0.41015625 0.23697916666666666 0.40625 0.26953125 0.412109375 0.2864583333333333 0.4091796875 0.3125 0.4091796875 0.33984375 0.412109375 0.3541666666666667 0.42578125 0.3854166666666667 0.40625 0.4010416666666667 0.3857421875 0.4114583333333333 0.3720703125 0.4244791666666667 0.359375 0.4427083333333333 0.3505859375 0.4466145833333333 0.3408203125 0.4466145833333333 0.333984375 0.44140625 0.333984375 0.4309895833333333 0.3271484375 0.4049479166666667 0.32421875 0.3828125 0.32421875 0.3567708333333333 0.3310546875 0.3411458333333333 0.3466796875 0.31640625 0.3623046875 0.27734375 0.3759765625 0.2552083333333333 0.3857421875 0.24479166666666666 0.3896484375 0.23307291666666666 0.3935546875 0.22916666666666666 0.4052734375 0.23046875
0 0.583984375 0.5299479166666666 0.599609375 0.5416666666666666 0.6240234375 0.5651041666666666 0.640625 0.5859375 0.6533203125 0.609375 0.6669921875 0.6549479166666666 0.6669921875 0.66796875 0.669921875 0.6848958333333334 0.66796875 0.7213541666666666 0.6591796875 0.7578125 0.6416015625 0.7890625 0.626953125 0.8072916666666666 0.60546875 0.8216145833333334 0.591796875 0.8255208333333334 0.5732421875 0.828125 0.541015625 0.8268229166666666 0.537109375 0.8307291666666666 0.5361328125 0.8372395833333334 0.529296875 0.8450520833333334 0.525390625 0.8450520833333334 0.5224609375 0.8229166666666666 0.4912109375 0.8046875 0.48046875 0.7942708333333334 0.4619140625 0.7708333333333334 0.44921875 0.7447916666666666 0.4404296875 0.71484375 0.4365234375 0.6901041666666666 0.44140625 0.640625 0.4462890625 0.6197916666666666 0.4560546875 0.5989583333333334 0.462890625 0.58984375 0.4833984375 0.5729166666666666 0.505859375 0.5494791666666666 0.5205078125 0.5442708333333334 0.5302734375 0.5377604166666666 0.5400390625 0.5364583333333334 0.5517578125 0.5364583333333334 0.5634765625 0.5481770833333334 0.578125 0.53125 0.5830078125 0.5299479166666666
0 0.4267578125 0.20052083333333334 0.4345703125 0.2109375 0.46484375 0.203125 0.4775390625 0.203125 0.5078125 0.2109375 0.537109375 0.24088541666666666 0.5439453125 0.2604166666666667 0.5517578125 0.2994791666666667 0.5517578125 0.3125 0.5478515625 0.328125 0.541015625 0.3385416666666667 0.5390625 0.34765625 0.5302734375 0.3658854166666667 0.5244140625 0.3736979166666667 0.48828125 0.3984375 0.47265625 0.3971354166666667 0.4306640625 0.3841145833333333 0.416015625 0.359375 0.4111328125 0.3372395833333333 0.4150390625 0.2890625 0.41015625 0.2734375 0.41015625 0.2604166666666667 0.4130859375 0.2526041666666667 0.4130859375 0.22005208333333334 0.4189453125 0.21614583333333334 0.419921875 0.20572916666666666 0.42578125 0.20052083333333334
0 0.5771484375 0.22786458333333334 0.6015625 0.23828125 0.615234375 0.24739583333333334 0.626953125 0.2669270833333333 0.62890625 0.2799479166666667 0.6220703125 0.2864583333333333 0.6015625 0.296875 0.5732421875 0.3203125 0.5615234375 0.33984375 0.546875 0.3815104166666667 0.5419921875 0.3802083333333333 0.5341796875 0.3697916666666667 0.5390625 0.3515625 0.5498046875 0.3294270833333333 0.5546875 0.3138020833333333 0.5546875 0.3046875 0.5478515625 0.26953125 0.5400390625 0.24348958333333334 0.5400390625 0.23567708333333334 0.546875 0.22916666666666666 0.576171875 0.22786458333333334