0 0.57421875 0 0.705078125 0 0.705078125 0.032552083333333336 0.703125 0.046875 0.697265625 0.0625 0.6826171875 0.08854166666666667 0.6650390625 0.1015625 0.625 0.10416666666666667 0.61328125 0.10416666666666667 0.603515625 0.10026041666666667 0.58984375 0.08984375 0.5810546875 0.07552083333333333 0.5751953125 0.053385416666666664 0.57421875 0.0013020833333333333
0 0.7548828125 0.5520833333333334 0.76953125 0.5598958333333334 0.80078125 0.5911458333333334 0.8154296875 0.6197916666666666 0.822265625 0.6432291666666666 0.82421875 0.6575520833333334 0.8359375 0.6744791666666666 0.8349609375 0.6953125 0.83203125 0.69921875 0.8251953125 0.6796875 0.8203125 0.6809895833333334 0.8154296875 0.6861979166666666 0.8076171875 0.71875 0.7939453125 0.7408854166666666 0.7841796875 0.7486979166666666 0.7587890625 0.75390625 0.7412109375 0.75390625 0.7265625 0.74609375 0.71484375 0.7434895833333334 0.6826171875 0.7200520833333334 0.677734375 0.7135416666666666 0.6748046875 0.7005208333333334 0.6591796875 0.6614583333333334 0.6591796875 0.6393229166666666 0.6630859375 0.61328125 0.6708984375 0.59375 0.6865234375 0.5703125 0.703125 0.5572916666666666 0.716796875 0.55078125 0.7392578125 0.5481770833333334 0.75390625 0.5520833333333334
0 0.142578125 0.20703125 0.162109375 0.21614583333333334 0.1748046875 0.21744791666666666 0.1826171875 0.2265625 0.1923828125 0.24869791666666666 0.205078125 0.2604166666666667 0.2314453125 0.26171875 0.2685546875 0.2864583333333333 0.291015625 0.3203125 0.30078125 0.3502604166666667 0.3095703125 0.3684895833333333 0.3134765625 0.3984375 0.3134765625 0.4140625 0.31640625 0.4244791666666667 0.3154296875 0.43359375 0.3173828125 0.4544270833333333 0.3125 0.4778645833333333 0.2998046875 0.5026041666666666 0.296875 0.5143229166666666 0.296875 0.5286458333333334 0.29296875 0.53515625 0.2841796875 0.5260416666666666 0.28125 0.5260416666666666 0.2587890625 0.5442708333333334 0.2373046875 0.5481770833333334 0.2275390625 0.5481770833333334 0.2138671875 0.5364583333333334 0.19921875 0.5299479166666666 0.171875 0.5052083333333334 0.1513671875 0.4778645833333333 0.1357421875 0.4505208333333333 0.12890625 0.43359375 0.1240234375 0.3828125 0.126953125 0.3515625 0.1123046875 0.33203125 0.0947265625 0.2994791666666667 0.0966796875 0.29296875 0.1044921875 0.2877604166666667 0.10546875 0.2721354166666667 0.0947265625 0.24479166666666666 0.0947265625 0.23958333333333334 0.1005859375 0.23046875 0.09375 0.22265625 0.091796875 0.21614583333333334 0.0947265625 0.21223958333333334 0.111328125 0.20572916666666666 0.1416015625 0.20703125
0 0.4287109375 0.12890625 0.451171875 0.13932291666666666 0.4677734375 0.15364583333333334 0.482421875 0.19140625 0.484375 0.22135416666666666 0.48046875 0.24609375 0.470703125 0.26953125 0.462890625 0.2799479166666667 0.44140625 0.3033854166666667 0.4130859375 0.3138020833333333 0.4013671875 0.3138020833333333 0.3857421875 0.30859375 0.36328125 0.2955729166666667 0.345703125 0.265625 0.33984375 0.24739583333333334 0.337890625 0.22916666666666666 0.33984375 0.20963541666666666 0.34765625 0.17708333333333334 0.353515625 0.1640625 0.365234375 0.14713541666666666 0.388671875 0.13020833333333334 0.427734375 0.12890625
0 0.3369140625 0 0.357421875 0.026041666666666668 0.369140625 0.055989583333333336 0.3740234375 0.08333333333333333 0.3720703125 0.12369791666666667 0.3671875 0.13671875 0.341796875 0.16796875 0.3134765625 0.17578125 0.3076171875 0.1796875 0.2919921875 0.18098958333333334 0.2822265625 0.17838541666666666 0.2705078125 0.16927083333333334 0.2392578125 0.12630208333333334 0.232421875 0.10546875 0.2294921875 0.08854166666666667 0.2294921875 0.061197916666666664 0.2314453125 0.046875 0.236328125 0.032552083333333336 0.2607421875 0 0.3359375 0
0 0.6787109375 0.09765625 0.6884765625 0.109375 0.7021484375 0.11848958333333333 0.7109375 0.11067708333333333 0.71875 0.11197916666666667 0.7294921875 0.13932291666666666 0.7333984375 0.14453125 0.7412109375 0.14713541666666666 0.7470703125 0.1640625 0.7353515625 0.17838541666666666 0.734375 0.18229166666666666 0.736328125 0.1953125 0.7353515625 0.22135416666666666 0.7255859375 0.24609375 0.7216796875 0.2721354166666667 0.71875 0.2786458333333333 0.6923828125 0.3138020833333333 0.671875 0.3255208333333333 0.658203125 0.3294270833333333 0.6533203125 0.3359375 0.6298828125 0.3515625 0.6015625 0.3515625 0.5859375 0.3424479166666667 0.5810546875 0.3307291666666667 0.5478515625 0.2916666666666667 0.5322265625 0.23567708333333334 0.53125 0.21875 0.5341796875 0.18098958333333334 0.5458984375 0.15755208333333334 0.55859375 0.140625 0.583984375 0.12109375 0.6083984375 0.11197916666666667 0.626953125 0.10807291666666667 0.654296875 0.10677083333333333 0.66796875 0.109375 0.677734375 0.09765625
0 0.5263671875 0.30859375 0.55078125 0.32421875 0.5693359375 0.3424479166666667 0.57421875 0.35546875 0.5888671875 0.3802083333333333 0.59375 0.3997395833333333 0.5947265625 0.4309895833333333 0.5908203125 0.45703125 0.5810546875 0.4830729166666667 0.560546875 0.5143229166666666 0.53125 0.5364583333333334 0.5263671875 0.54296875 0.51953125 0.5546875 0.51953125 0.56640625 0.5224609375 0.5703125 0.5224609375 0.5755208333333334 0.5126953125 0.5807291666666666 0.509765625 0.578125 0.509765625 0.5729166666666666 0.5068359375 0.5690104166666666 0.4951171875 0.5625 0.4931640625 0.5559895833333334 0.4853515625 0.546875 0.4794921875 0.5455729166666666 0.46484375 0.5481770833333334 0.44140625 0.5377604166666666 0.4169921875 0.5325520833333334 0.4140625 0.5286458333333334 0.4140625 0.51953125 0.4072265625 0.4973958333333333 0.3994140625 0.4817708333333333 0.3896484375 0.46875 0.380859375 0.4661458333333333 0.3779296875 0.4622395833333333 0.3779296875 0.4505208333333333 0.3798828125 0.4453125 0.37890625 0.42578125 0.3876953125 0.3880208333333333 0.3974609375 0.36328125 0.4111328125 0.34375 0.4248046875 0.3307291666666667 0.4404296875 0.3190104166666667 0.4775390625 0.3046875 0.498046875 0.3033854166666667 0.525390625 0.30859375
0 0.5810546875 0.58203125 0.60546875 0.59375 0.6171875 0.6041666666666666 0.6259765625 0.6158854166666666 0.6376953125 0.63671875 0.6494140625 0.6770833333333334 0.6474609375 0.7369791666666666 0.642578125 0.7604166666666666 0.6318359375 0.78515625 0.62109375 0.7994791666666666 0.6201171875 0.8098958333333334 0.6162109375 0.8203125 0.6083984375 0.83203125 0.5986328125 0.8385416666666666 0.5888671875 0.8307291666666666 0.57421875 0.82421875 0.5703125 0.81640625 0.548828125 0.8111979166666666 0.5341796875 0.8046875 0.5146484375 0.7877604166666666 0.5009765625 0.7669270833333334 0.4912109375 0.73828125 0.486328125 0.7135416666666666 0.486328125 0.6744791666666666 0.48828125 0.6627604166666666 0.5009765625 0.6302083333333334 0.5146484375 0.6080729166666666 0.5302734375 0.5911458333333334 0.5478515625 0.58203125 0.5576171875 0.5794270833333334 0.580078125 0.58203125
0 0.416015625 0 0.5703125 0 0.5712890625 0.005208333333333333 0.5712890625 0.04296875 0.5693359375 0.057291666666666664 0.564453125 0.07552083333333333 0.552734375 0.09765625 0.5361328125 0.11979166666666667 0.5205078125 0.1328125 0.501953125 0.140625 0.4833984375 0.13932291666666666 0.4775390625 0.14453125 0.4697265625 0.14583333333333334 0.4638671875 0.13932291666666666 0.4521484375 0.11848958333333333 0.44921875 0.11848958333333333 0.4384765625 0.109375 0.419921875 0.0859375 0.412109375 0.020833333333333332 0.4130859375 0.009114583333333334 0.416015625 0.0013020833333333333
0 0.3837890625 0.5963541666666666 0.4052734375 0.6080729166666666 0.42578125 0.6380208333333334 0.4345703125 0.66015625 0.4375 0.6731770833333334 0.4365234375 0.7135416666666666 0.4306640625 0.7421875 0.4150390625 0.7747395833333334 0.3974609375 0.7942708333333334 0.3798828125 0.8046875 0.365234375 0.8098958333333334 0.353515625 0.8098958333333334 0.326171875 0.80078125 0.318359375 0.7955729166666666 0.30859375 0.7825520833333334 0.2958984375 0.7630208333333334 0.2861328125 0.73828125 0.2783203125 0.70703125 0.2783203125 0.6796875 0.2890625 0.6458333333333334 0.30078125 0.6236979166666666 0.306640625 0.6171875 0.32421875 0.60546875 0.3505859375 0.59375 0.3828125 0.5963541666666666
0 0.7353515625 0.30078125 0.7412109375 0.3098958333333333 0.7470703125 0.3268229166666667 0.7685546875 0.3411458333333333 0.7861328125 0.3671875 0.794921875 0.3958333333333333 0.794921875 0.421875 0.78125 0.4518229166666667 0.7802734375 0.4635416666666667 0.7724609375 0.4739583333333333 0.7666015625 0.4739583333333333 0.7607421875 0.4700520833333333 0.740234375 0.48828125 0.7109375 0.4947916666666667 0.6826171875 0.4908854166666667 0.669921875 0.4713541666666667 0.6533203125 0.45703125 0.6455078125 0.4270833333333333 0.6435546875 0.3815104166666667 0.6513671875 0.3567708333333333 0.671875 0.33203125 0.6904296875 0.3190104166666667 0.703125 0.3190104166666667 0.712890625 0.3151041666666667 0.7197265625 0.3098958333333333 0.7255859375 0.30078125 0.734375 0.30078125