0 0.3680555555555556 0.7760416666666666 0.3940972222222222 0.7825520833333334 0.4149305555555556 0.7942708333333334 0.4270833333333333 0.8046875 0.4496527777777778 0.8372395833333334 0.4722222222222222 0.8645833333333334 0.4722222222222222 0.8815104166666666 0.4618055555555556 0.8984375 0.4583333333333333 0.9088541666666666 0.4392361111111111 0.9375 0.4184027777777778 0.9596354166666666 0.3715277777777778 0.98828125 0.3472222222222222 0.9947916666666666 0.3177083333333333 0.9934895833333334 0.2951388888888889 0.984375 0.2690972222222222 0.96484375 0.2534722222222222 0.9635416666666666 0.2378472222222222 0.94921875 0.2361111111111111 0.9231770833333334 0.22916666666666666 0.9205729166666666 0.2170138888888889 0.9309895833333334 0.21180555555555555 0.9309895833333334 0.20833333333333334 0.9283854166666666 0.20833333333333334 0.9205729166666666 0.21180555555555555 0.9140625 0.21180555555555555 0.9075520833333334 0.2204861111111111 0.890625 0.22395833333333334 0.8697916666666666 0.2378472222222222 0.85546875 0.24305555555555555 0.8307291666666666 0.2638888888888889 0.8059895833333334 0.2829861111111111 0.7916666666666666 0.3020833333333333 0.7825520833333334 0.3368055555555556 0.7760416666666666 0.3663194444444444 0.7760416666666666
0 0.4479166666666667 0.2916666666666667 0.453125 0.2942708333333333 0.4756944444444444 0.2981770833333333 0.4791666666666667 0.3046875 0.5190972222222222 0.3346354166666667 0.5295138888888888 0.3463541666666667 0.5277777777777778 0.35546875 0.515625 0.3619791666666667 0.5121527777777778 0.3697916666666667 0.4930555555555556 0.3802083333333333 0.4861111111111111 0.3880208333333333 0.484375 0.4205729166666667 0.4791666666666667 0.4375 0.4826388888888889 0.4622395833333333 0.4791666666666667 0.4700520833333333 0.4652777777777778 0.48046875 0.4618055555555556 0.48046875 0.453125 0.4739583333333333 0.4357638888888889 0.4713541666666667 0.4201388888888889 0.47265625 0.4045138888888889 0.4791666666666667 0.3923611111111111 0.47265625 0.3767361111111111 0.4713541666666667 0.3559027777777778 0.4661458333333333 0.3194444444444444 0.4453125 0.3072916666666667 0.4296875 0.2986111111111111 0.40625 0.2986111111111111 0.390625 0.3020833333333333 0.3841145833333333 0.3003472222222222 0.3619791666666667 0.3194444444444444 0.3333333333333333 0.3489583333333333 0.3125 0.3802083333333333 0.296875 0.4461805555555556 0.2916666666666667
0 0.3402777777777778 0.53515625 0.3715277777777778 0.5416666666666666 0.3975694444444444 0.5546875 0.421875 0.5755208333333334 0.4375 0.5989583333333334 0.4375 0.625 0.4184027777777778 0.6419270833333334 0.421875 0.6666666666666666 0.4097222222222222 0.6875 0.3819444444444444 0.7005208333333334 0.3489583333333333 0.7109375 0.3229166666666667 0.7109375 0.2934027777777778 0.7044270833333334 0.2708333333333333 0.7018229166666666 0.2621527777777778 0.6901041666666666 0.22916666666666666 0.66015625 0.22395833333333334 0.6510416666666666 0.2170138888888889 0.625 0.2204861111111111 0.5924479166666666 0.22395833333333334 0.5846354166666666 0.24131944444444445 0.5625 0.2569444444444444 0.55078125 0.2951388888888889 0.5364583333333334 0.3107638888888889 0.5338541666666666 0.3385416666666667 0.53515625
0 0.8767361111111112 0.4986979166666667 0.8871527777777778 0.5065104166666666 0.9045138888888888 0.5130208333333334 0.9375 0.5143229166666666 0.9583333333333334 0.5182291666666666 0.9913194444444444 0.52734375 0.9982638888888888 0.53125 0.9982638888888888 0.625 0.9947916666666666 0.6341145833333334 0.9947916666666666 0.6575520833333334 0.9982638888888888 0.6640625 0.9982638888888888 0.7096354166666666 0.9756944444444444 0.7200520833333334 0.9496527777777778 0.71875 0.9340277777777778 0.71484375 0.8975694444444444 0.7135416666666666 0.8784722222222222 0.7083333333333334 0.8454861111111112 0.703125 0.8211805555555556 0.6927083333333334 0.7986111111111112 0.6796875 0.7847222222222222 0.66796875 0.7638888888888888 0.6419270833333334 0.7586805555555556 0.6302083333333334 0.7569444444444444 0.6184895833333334 0.765625 0.58984375 0.78125 0.5638020833333334 0.7881944444444444 0.5572916666666666 0.8125 0.51171875 0.8177083333333334 0.5052083333333334 0.8368055555555556 0.4973958333333333 0.875 0.4986979166666667
0 0.08333333333333333 0.6263020833333334 0.10069444444444445 0.6315104166666666 0.1440972222222222 0.65234375 0.1736111111111111 0.6744791666666666 0.1875 0.6888020833333334 0.2013888888888889 0.7135416666666666 0.203125 0.74609375 0.19791666666666666 0.7604166666666666 0.18229166666666666 0.7825520833333334 0.1736111111111111 0.7916666666666666 0.14930555555555555 0.8098958333333334 0.1371527777777778 0.8151041666666666 0.1284722222222222 0.8216145833333334 0.1232638888888889 0.8346354166666666 0.11458333333333333 0.8268229166666666 0.1076388888888889 0.8268229166666666 0.08159722222222222 0.8346354166666666 0.027777777777777776 0.8372395833333334 0.010416666666666666 0.8372395833333334 0 0.8333333333333334 0 0.6276041666666666 0.08159722222222222 0.6263020833333334
0 0.7065972222222222 0.3294270833333333 0.7378472222222222 0.33203125 0.7569444444444444 0.3385416666666667 0.78125 0.3528645833333333 0.8072916666666666 0.3723958333333333 0.8177083333333334 0.3828125 0.8263888888888888 0.39453125 0.8368055555555556 0.4192708333333333 0.8385416666666666 0.4283854166666667 0.8368055555555556 0.4752604166666667 0.8315972222222222 0.4908854166666667 0.828125 0.4947916666666667 0.8125 0.5013020833333334 0.8072916666666666 0.5065104166666666 0.7777777777777778 0.5572916666666666 0.765625 0.5677083333333334 0.7395833333333334 0.58203125 0.7170138888888888 0.5885416666666666 0.6961805555555556 0.5924479166666666 0.6510416666666666 0.5950520833333334 0.6215277777777778 0.5911458333333334 0.6059027777777778 0.5924479166666666 0.5885416666666666 0.58984375 0.5538194444444444 0.5755208333333334 0.5399305555555556 0.5677083333333334 0.5208333333333334 0.5520833333333334 0.515625 0.5377604166666666 0.5034722222222222 0.5182291666666666 0.4895833333333333 0.4830729166666667 0.4878472222222222 0.4322916666666667 0.4930555555555556 0.41015625 0.4913194444444444 0.4036458333333333 0.4930555555555556 0.390625 0.4982638888888889 0.3828125 0.5069444444444444 0.3802083333333333 0.5399305555555556 0.3515625 0.5520833333333334 0.3450520833333333 0.5763888888888888 0.3372395833333333 0.5833333333333334 0.3372395833333333 0.6076388888888888 0.3294270833333333 0.6336805555555556 0.3268229166666667 0.6979166666666666 0.3268229166666667 0.7048611111111112 0.3294270833333333
0 0.22916666666666666 0.2578125 0.2378472222222222 0.2630208333333333 0.265625 0.2682291666666667 0.2829861111111111 0.2760416666666667 0.296875 0.2864583333333333 0.3107638888888889 0.3033854166666667 0.3194444444444444 0.31640625 0.3194444444444444 0.3255208333333333 0.2934027777777778 0.359375 0.296875 0.37109375 0.296875 0.3841145833333333 0.2934027777777778 0.3919270833333333 0.2934027777777778 0.4088541666666667 0.2899305555555556 0.4140625 0.2760416666666667 0.4270833333333333 0.2569444444444444 0.4388020833333333 0.2361111111111111 0.4479166666666667 0.21354166666666666 0.4518229166666667 0.19791666666666666 0.45703125 0.17881944444444445 0.45703125 0.15625 0.453125 0.1423611111111111 0.453125 0.1284722222222222 0.4479166666666667 0.10243055555555555 0.4283854166666667 0.09722222222222222 0.4192708333333333 0.0954861111111111 0.41015625 0.08333333333333333 0.3984375 0.0798611111111111 0.3893229166666667 0.0798611111111111 0.3802083333333333 0.08680555555555555 0.37109375 0.09027777777777778 0.3515625 0.10069444444444445 0.3424479166666667 0.11631944444444445 0.3346354166666667 0.13368055555555555 0.30859375 0.1579861111111111 0.2838541666666667 0.16493055555555555 0.26953125 0.1875 0.2630208333333333 0.1996527777777778 0.2630208333333333 0.21180555555555555 0.2591145833333333 0.22743055555555555 0.2578125
0 0.1579861111111111 0.45703125 0.1840277777777778 0.4596354166666667 0.1996527777777778 0.46484375 0.21875 0.4752604166666667 0.2378472222222222 0.4934895833333333 0.24305555555555555 0.50390625 0.2465277777777778 0.51953125 0.2465277777777778 0.53515625 0.24131944444444445 0.5559895833333334 0.2204861111111111 0.58203125 0.21006944444444445 0.5872395833333334 0.1753472222222222 0.5911458333333334 0.16145833333333334 0.5911458333333334 0.11458333333333333 0.58203125 0.10069444444444445 0.5768229166666666 0.08506944444444445 0.5677083333333334 0.06944444444444445 0.5651041666666666 0.0642361111111111 0.55859375 0.06597222222222222 0.5559895833333334 0.0642361111111111 0.5182291666666666 0.06944444444444445 0.4973958333333333 0.078125 0.4778645833333333 0.0920138888888889 0.46875 0.10590277777777778 0.4635416666666667 0.13020833333333334 0.4583333333333333 0.15625 0.45703125
0 0.9097222222222222 0.3580729166666667 0.9461805555555556 0.3619791666666667 0.9756944444444444 0.3723958333333333 0.9826388888888888 0.3776041666666667 0.9982638888888888 0.4036458333333333 0.9982638888888888 0.4557291666666667 0.9809027777777778 0.4583333333333333 0.9652777777777778 0.45703125 0.9427083333333334 0.46484375 0.9131944444444444 0.46484375 0.8958333333333334 0.4609375 0.8697916666666666 0.4622395833333333 0.8472222222222222 0.4557291666666667 0.84375 0.4518229166666667 0.84375 0.4231770833333333 0.8315972222222222 0.39453125 0.8333333333333334 0.38671875 0.8680555555555556 0.3658854166666667 0.8819444444444444 0.3606770833333333 0.9079861111111112 0.3580729166666667
0 0.5434027777777778 0.5924479166666666 0.5538194444444444 0.59765625 0.5625 0.5989583333333334 0.5590277777777778 0.6015625 0.5607638888888888 0.60546875 0.5954861111111112 0.59765625 0.6267361111111112 0.59765625 0.6493055555555556 0.6015625 0.6805555555555556 0.61328125 0.7083333333333334 0.6315104166666666 0.7204861111111112 0.63671875 0.7378472222222222 0.67578125 0.7395833333333334 0.72265625 0.7118055555555556 0.7591145833333334 0.6736111111111112 0.78125 0.6527777777777778 0.7903645833333334 0.6145833333333334 0.7981770833333334 0.5920138888888888 0.7994791666666666 0.5642361111111112 0.7981770833333334 0.5329861111111112 0.7916666666666666 0.5086805555555556 0.7799479166666666 0.4913194444444444 0.7669270833333334 0.4739583333333333 0.7473958333333334 0.4618055555555556 0.72265625 0.4618055555555556 0.7018229166666666 0.4704861111111111 0.671875 0.4670138888888889 0.6705729166666666 0.4618055555555556 0.6744791666666666 0.4600694444444444 0.6809895833333334 0.453125 0.6848958333333334 0.4479166666666667 0.6927083333333334 0.4409722222222222 0.6927083333333334 0.4392361111111111 0.6953125 0.4322916666666667 0.6966145833333334 0.4201388888888889 0.6953125 0.421875 0.6861979166666666 0.4270833333333333 0.6809895833333334 0.4270833333333333 0.67578125 0.4322916666666667 0.6666666666666666 0.4305555555555556 0.6419270833333334 0.4340277777777778 0.63671875 0.4444444444444444 0.6302083333333334 0.4635416666666667 0.62890625 0.4722222222222222 0.6263020833333334 0.4930555555555556 0.6106770833333334 0.5034722222222222 0.6106770833333334 0.5121527777777778 0.61328125 0.5190972222222222 0.6119791666666666 0.5329861111111112 0.6028645833333334 0.5381944444444444 0.5950520833333334 0.5416666666666666 0.59375
0 0.4305555555555556 0.09765625 0.4375 0.10026041666666667 0.4704861111111111 0.125 0.4982638888888889 0.13671875 0.5208333333333334 0.15234375 0.5295138888888888 0.16276041666666666 0.5364583333333334 0.1796875 0.5347222222222222 0.20963541666666666 0.5208333333333334 0.23177083333333334 0.4913194444444444 0.2552083333333333 0.4548611111111111 0.2682291666666667 0.4322916666666667 0.2669270833333333 0.4027777777777778 0.2591145833333333 0.3888888888888889 0.2526041666666667 0.3611111111111111 0.22786458333333334 0.3489583333333333 0.19791666666666666 0.3489583333333333 0.17578125 0.3524305555555556 0.16796875 0.375 0.14192708333333334 0.4010416666666667 0.12109375 0.4097222222222222 0.10546875 0.4166666666666667 0.10026041666666667 0.4288194444444444 0.09765625
0 0.6527777777777778 0.20572916666666666 0.671875 0.21223958333333334 0.6875 0.21354166666666666 0.7065972222222222 0.21875 0.734375 0.23046875 0.7482638888888888 0.24088541666666666 0.7586805555555556 0.2513020833333333 0.765625 0.2669270833333333 0.7673611111111112 0.2825520833333333 0.7604166666666666 0.3020833333333333 0.7552083333333334 0.3098958333333333 0.7361111111111112 0.3268229166666667 0.6944444444444444 0.3229166666666667 0.6354166666666666 0.3229166666666667 0.609375 0.3255208333333333 0.5798611111111112 0.3333333333333333 0.5694444444444444 0.3333333333333333 0.5625 0.328125 0.5520833333333334 0.3098958333333333 0.5486111111111112 0.28515625 0.5538194444444444 0.26953125 0.5642361111111112 0.2552083333333333 0.5902777777777778 0.23567708333333334 0.6024305555555556 0.23046875 0.6111111111111112 0.22395833333333334 0.6267361111111112 0.20572916666666666 0.6302083333333334 0.20442708333333334 0.6510416666666666 0.20572916666666666