0 0.7626953125 0.5638020833333334 0.7802734375 0.5703125 0.7998046875 0.5833333333333334 0.810546875 0.59375 0.82421875 0.5989583333333334 0.83203125 0.6158854166666666 0.84765625 0.6315104166666666 0.86328125 0.65234375 0.865234375 0.6588541666666666 0.8623046875 0.6744791666666666 0.853515625 0.6888020833333334 0.8505859375 0.7174479166666666 0.849609375 0.7200520833333334 0.8447265625 0.7200520833333334 0.8408203125 0.7252604166666666 0.8388671875 0.7447916666666666 0.828125 0.7721354166666666 0.8095703125 0.7981770833333334 0.78515625 0.8125 0.7509765625 0.8111979166666666 0.736328125 0.8033854166666666 0.7060546875 0.7721354166666666 0.6982421875 0.76171875 0.6875 0.7408854166666666 0.6650390625 0.7330729166666666 0.6572265625 0.7135416666666666 0.6572265625 0.7018229166666666 0.66015625 0.6953125 0.6728515625 0.6953125 0.6787109375 0.6861979166666666 0.681640625 0.6510416666666666 0.6875 0.6223958333333334 0.703125 0.5911458333333334 0.7119140625 0.5807291666666666 0.7275390625 0.5716145833333334 0.7509765625 0.5638020833333334 0.76171875 0.5638020833333334
0 0.5546875 0.21744791666666666 0.5810546875 0.22526041666666666 0.595703125 0.23828125 0.611328125 0.2578125 0.6201171875 0.2825520833333333 0.6259765625 0.3138020833333333 0.6259765625 0.3307291666666667 0.619140625 0.3645833333333333 0.6083984375 0.39453125 0.5810546875 0.421875 0.556640625 0.4322916666666667 0.5126953125 0.4231770833333333 0.48828125 0.4088541666666667 0.478515625 0.3958333333333333 0.47265625 0.3815104166666667 0.46875 0.36328125 0.4658203125 0.3203125 0.46875 0.2916666666666667 0.4794921875 0.2643229166666667 0.4912109375 0.24609375 0.50390625 0.23307291666666666 0.5244140625 0.22005208333333334 0.5537109375 0.21744791666666666
0 0.5498046875 0.4361979166666667 0.560546875 0.44140625 0.5810546875 0.4596354166666667 0.5947265625 0.48046875 0.599609375 0.4973958333333333 0.6025390625 0.5247395833333334 0.6025390625 0.5455729166666666 0.599609375 0.5625 0.5888671875 0.5885416666666666 0.572265625 0.61328125 0.5576171875 0.6197916666666666 0.537109375 0.6236979166666666 0.5283203125 0.6236979166666666 0.509765625 0.6171875 0.4931640625 0.6067708333333334 0.4814453125 0.5950520833333334 0.4697265625 0.578125 0.462890625 0.5598958333333334 0.4599609375 0.5286458333333334 0.4658203125 0.5013020833333334 0.4716796875 0.4895833333333333 0.478515625 0.4817708333333333 0.494140625 0.4401041666666667 0.5 0.4479166666666667 0.5029296875 0.4479166666666667 0.5166015625 0.4401041666666667 0.5234375 0.4401041666666667 0.5380859375 0.43359375 0.548828125 0.4361979166666667
0 0.58203125 0.6263020833333334 0.5927734375 0.6328125 0.609375 0.6484375 0.6162109375 0.6575520833333334 0.6259765625 0.6783854166666666 0.634765625 0.7057291666666666 0.63671875 0.7200520833333334 0.63671875 0.7526041666666666 0.6181640625 0.7838541666666666 0.5859375 0.8138020833333334 0.5693359375 0.8346354166666666 0.5634765625 0.8385416666666666 0.54296875 0.83984375 0.5322265625 0.8372395833333334 0.505859375 0.8203125 0.4853515625 0.7942708333333334 0.474609375 0.7604166666666666 0.4736328125 0.74609375 0.4755859375 0.7096354166666666 0.478515625 0.6966145833333334 0.4873046875 0.6744791666666666 0.498046875 0.6549479166666666 0.5078125 0.6432291666666666 0.533203125 0.62890625 0.544921875 0.625 0.5712890625 0.6236979166666666 0.5810546875 0.6263020833333334
0 0.1845703125 0.4205729166666667 0.1904296875 0.4296875 0.20703125 0.4270833333333333 0.2294921875 0.43359375 0.2646484375 0.4557291666666667 0.2724609375 0.4674479166666667 0.2783203125 0.4869791666666667 0.2802734375 0.5065104166666666 0.2890625 0.5221354166666666 0.2919921875 0.5364583333333334 0.296875 0.54296875 0.3076171875 0.5442708333333334 0.310546875 0.5533854166666666 0.30859375 0.5598958333333334 0.3037109375 0.5638020833333334 0.279296875 0.5690104166666666 0.2685546875 0.5755208333333334 0.2177734375 0.62109375 0.208984375 0.6341145833333334 0.2060546875 0.6432291666666666 0.208984375 0.6484375 0.2236328125 0.6471354166666666 0.2265625 0.6497395833333334 0.224609375 0.6536458333333334 0.2255859375 0.6614583333333334 0.23046875 0.6640625 0.2236328125 0.671875 0.212890625 0.6705729166666666 0.1953125 0.67578125 0.1669921875 0.6744791666666666 0.15625 0.6692708333333334 0.140625 0.6549479166666666 0.123046875 0.6315104166666666 0.1123046875 0.6067708333333334 0.107421875 0.578125 0.1025390625 0.5716145833333334 0.107421875 0.55078125 0.1083984375 0.53125 0.1123046875 0.5169270833333334 0.1181640625 0.50390625 0.126953125 0.4921875 0.1357421875 0.4635416666666667 0.1416015625 0.4557291666666667 0.154296875 0.44921875 0.1650390625 0.4375 0.16796875 0.4296875 0.16796875 0.41796875 0.1787109375 0.4166666666666667 0.18359375 0.4205729166666667
0 0.3681640625 0.078125 0.3828125 0.08984375 0.4130859375 0.12239583333333333 0.421875 0.13802083333333334 0.427734375 0.15494791666666666 0.4306640625 0.171875 0.4306640625 0.20833333333333334 0.4287109375 0.21875 0.4248046875 0.22395833333333334 0.416015625 0.22395833333333334 0.400390625 0.21354166666666666 0.3701171875 0.203125 0.3359375 0.203125 0.3056640625 0.21223958333333334 0.2998046875 0.21614583333333334 0.294921875 0.21614583333333334 0.29296875 0.21354166666666666 0.28515625 0.18619791666666666 0.28515625 0.15755208333333334 0.2880859375 0.13802083333333334 0.296875 0.11588541666666667 0.3115234375 0.09375 0.3291015625 0.08203125 0.34375 0.07682291666666667 0.3671875 0.078125
0 0.3427734375 0.5651041666666666 0.3740234375 0.5690104166666666 0.39453125 0.5768229166666666 0.4228515625 0.6002604166666666 0.4404296875 0.6223958333333334 0.4462890625 0.6354166666666666 0.451171875 0.6588541666666666 0.4541015625 0.71484375 0.44921875 0.7578125 0.4365234375 0.7955729166666666 0.4208984375 0.8229166666666666 0.408203125 0.8372395833333334 0.3798828125 0.8606770833333334 0.373046875 0.8645833333333334 0.3603515625 0.8645833333333334 0.35546875 0.8671875 0.3447265625 0.8854166666666666 0.3330078125 0.8919270833333334 0.3134765625 0.8854166666666666 0.2880859375 0.8502604166666666 0.275390625 0.8385416666666666 0.2509765625 0.8072916666666666 0.2353515625 0.7825520833333334 0.228515625 0.75390625 0.228515625 0.7161458333333334 0.2333984375 0.6848958333333334 0.2392578125 0.6653645833333334 0.2373046875 0.6484375 0.23828125 0.63671875 0.224609375 0.6263020833333334 0.234375 0.6119791666666666 0.2763671875 0.5768229166666666 0.2861328125 0.5729166666666666 0.306640625 0.5703125 0.3173828125 0.5651041666666666 0.341796875 0.5651041666666666
0 0.73046875 0.34375 0.7412109375 0.3450520833333333 0.74609375 0.3489583333333333 0.7548828125 0.3606770833333333 0.775390625 0.375 0.7900390625 0.39453125 0.8056640625 0.42578125 0.810546875 0.4466145833333333 0.8115234375 0.4661458333333333 0.8056640625 0.49609375 0.796875 0.5169270833333334 0.7880859375 0.5299479166666666 0.775390625 0.54296875 0.7509765625 0.5598958333333334 0.7353515625 0.5638020833333334 0.70703125 0.5651041666666666 0.69921875 0.5638020833333334 0.685546875 0.5559895833333334 0.6611328125 0.5325520833333334 0.646484375 0.5234375 0.6357421875 0.51171875 0.6220703125 0.50390625 0.6123046875 0.4869791666666667 0.6044921875 0.48046875 0.603515625 0.4765625 0.6123046875 0.453125 0.6318359375 0.4270833333333333 0.6357421875 0.40625 0.6494140625 0.37890625 0.6748046875 0.35546875 0.685546875 0.3489583333333333 0.7216796875 0.3424479166666667 0.7294921875 0.34375
0 0.734375 0.06510416666666667 0.7578125 0.06901041666666667 0.7861328125 0.07942708333333333 0.802734375 0.09375 0.8212890625 0.12109375 0.8271484375 0.12369791666666667 0.8310546875 0.12890625 0.8310546875 0.15104166666666666 0.8369140625 0.171875 0.8369140625 0.19010416666666666 0.83984375 0.1953125 0.841796875 0.1953125 0.87890625 0.14973958333333334 0.8896484375 0.14322916666666666 0.91015625 0.14322916666666666 0.9306640625 0.14973958333333334 0.9443359375 0.15755208333333334 0.9462890625 0.16536458333333334 0.943359375 0.17317708333333334 0.943359375 0.1796875 0.9501953125 0.19661458333333334 0.962890625 0.21875 0.9609375 0.24088541666666666 0.9716796875 0.24739583333333334 0.9736328125 0.2552083333333333 0.9560546875 0.2786458333333333 0.9443359375 0.2825520833333333 0.9287109375 0.296875 0.8916015625 0.3098958333333333 0.8759765625 0.3111979166666667 0.8427734375 0.2994791666666667 0.82421875 0.28515625 0.818359375 0.2721354166666667 0.8154296875 0.2708333333333333 0.8076171875 0.2734375 0.794921875 0.2903645833333333 0.7783203125 0.3033854166666667 0.767578125 0.3072916666666667 0.7451171875 0.30859375 0.7314453125 0.3138020833333333 0.689453125 0.3059895833333333 0.6650390625 0.296875 0.6298828125 0.2513020833333333 0.60546875 0.2265625 0.603515625 0.22005208333333334 0.6025390625 0.16796875 0.609375 0.14192708333333334 0.6201171875 0.12239583333333333 0.626953125 0.10416666666666667 0.6494140625 0.07552083333333333 0.681640625 0.06510416666666667 0.7333984375 0.06510416666666667
0 0.9013671875 0.14192708333333334 0.9326171875 0.14973958333333334 0.947265625 0.15885416666666666 0.9482421875 0.1640625 0.9443359375 0.17838541666666666 0.951171875 0.19791666666666666 0.9638671875 0.21875 0.96484375 0.22265625 0.9619140625 0.23958333333333334 0.974609375 0.24739583333333334 0.9755859375 0.2526041666666667 0.9599609375 0.2760416666666667 0.943359375 0.2838541666666667 0.9306640625 0.296875 0.8857421875 0.3125 0.8759765625 0.3125 0.8408203125 0.2994791666666667 0.826171875 0.2890625 0.8173828125 0.2747395833333333 0.830078125 0.2513020833333333 0.833984375 0.23958333333333334 0.8388671875 0.21875 0.83984375 0.20052083333333334 0.84375 0.19010416666666666 0.880859375 0.14713541666666666 0.8876953125 0.14322916666666666 0.900390625 0.14192708333333334
0 0.5361328125 0.016927083333333332 0.5576171875 0.020833333333333332 0.5693359375 0.028645833333333332 0.58203125 0.044270833333333336 0.5927734375 0.06901041666666667 0.5986328125 0.09505208333333333 0.599609375 0.11588541666666667 0.6025390625 0.12890625 0.6025390625 0.14713541666666666 0.5888671875 0.20572916666666666 0.580078125 0.21354166666666666 0.5283203125 0.21354166666666666 0.49609375 0.22916666666666666 0.4873046875 0.22395833333333334 0.48046875 0.21484375 0.4697265625 0.20963541666666666 0.462890625 0.19921875 0.4580078125 0.18489583333333334 0.4521484375 0.14322916666666666 0.4541015625 0.11588541666666667 0.447265625 0.09635416666666667 0.4404296875 0.05859375 0.4423828125 0.049479166666666664 0.451171875 0.03515625 0.4580078125 0.03125 0.48046875 0.03125 0.494140625 0.022135416666666668 0.51171875 0.022135416666666668 0.53515625 0.018229166666666668
0 0.7509765625 0.06770833333333333 0.7880859375 0.08072916666666667 0.8037109375 0.09505208333333333 0.818359375 0.1171875 0.8310546875 0.13151041666666666 0.8310546875 0.15104166666666666 0.8369140625 0.17317708333333334 0.8359375 0.21875 0.82421875 0.2552083333333333 0.814453125 0.2682291666666667 0.806640625 0.2734375 0.7919921875 0.29296875 0.7744140625 0.3046875 0.7421875 0.30859375 0.7314453125 0.3125 0.6865234375 0.3046875 0.6640625 0.2955729166666667 0.65234375 0.27734375 0.6396484375 0.265625 0.626953125 0.24739583333333334 0.6171875 0.23958333333333334 0.6083984375 0.2265625 0.60546875 0.20963541666666666 0.6064453125 0.17578125 0.6044921875 0.16796875 0.609375 0.14322916666666666 0.6201171875 0.12239583333333333 0.623046875 0.11197916666666667 0.62890625 0.10026041666666667 0.6474609375 0.07682291666666667 0.6826171875 0.06510416666666667 0.7265625 0.06510416666666667 0.75 0.06770833333333333
0 0.345703125 0.20572916666666666 0.3759765625 0.20833333333333334 0.3994140625 0.21744791666666666 0.4111328125 0.22526041666666666 0.4248046875 0.23958333333333334 0.443359375 0.2682291666666667 0.4599609375 0.3098958333333333 0.4619140625 0.3216145833333333 0.4619140625 0.3697916666666667 0.4599609375 0.390625 0.4501953125 0.42578125 0.4375 0.4453125 0.431640625 0.4596354166666667 0.40625 0.4908854166666667 0.3779296875 0.51171875 0.353515625 0.5208333333333334 0.328125 0.5221354166666666 0.3095703125 0.51953125 0.298828125 0.5143229166666666 0.2958984375 0.5078125 0.2958984375 0.4986979166666667 0.2802734375 0.4791666666666667 0.2744140625 0.45703125 0.2646484375 0.4479166666666667 0.259765625 0.4361979166666667 0.2490234375 0.3958333333333333 0.2431640625 0.359375 0.236328125 0.3450520833333333 0.2421875 0.3372395833333333 0.24609375 0.3203125 0.255859375 0.3151041666666667 0.259765625 0.30078125 0.2685546875 0.28515625 0.2685546875 0.2799479166666667 0.2626953125 0.265625 0.2626953125 0.2591145833333333 0.2822265625 0.23697916666666666 0.3046875 0.21614583333333334 0.322265625 0.21223958333333334 0.3291015625 0.20833333333333334 0.3447265625 0.20703125