0 0.8154296875 0.08984375 0.8212890625 0.09375 0.8349609375 0.09114583333333333 0.841796875 0.09895833333333333 0.859375 0.09505208333333333 0.8662109375 0.12760416666666666 0.8642578125 0.13932291666666666 0.8642578125 0.14713541666666666 0.8662109375 0.14973958333333334 0.8828125 0.12630208333333334 0.890625 0.12630208333333334 0.9033203125 0.1328125 0.9052734375 0.13671875 0.896484375 0.15364583333333334 0.8984375 0.16145833333333334 0.8935546875 0.17838541666666666 0.8876953125 0.18619791666666666 0.8896484375 0.20572916666666666 0.89453125 0.22135416666666666 0.8955078125 0.24348958333333334 0.892578125 0.2682291666666667 0.8837890625 0.30078125 0.8662109375 0.3385416666666667 0.8427734375 0.36328125 0.826171875 0.38671875 0.810546875 0.3932291666666667 0.79296875 0.3932291666666667 0.7685546875 0.3841145833333333 0.7451171875 0.3424479166666667 0.7333984375 0.3411458333333333 0.7255859375 0.33203125 0.7021484375 0.3138020833333333 0.69921875 0.3098958333333333 0.69140625 0.2760416666666667 0.6904296875 0.23958333333333334 0.693359375 0.21484375 0.703125 0.18489583333333334 0.7197265625 0.15364583333333334 0.740234375 0.12630208333333334 0.7548828125 0.1171875 0.7587890625 0.11197916666666667 0.7587890625 0.10416666666666667 0.7607421875 0.1015625 0.7705078125 0.09765625 0.7783203125 0.09114583333333333 0.7861328125 0.09635416666666667 0.79296875 0.09505208333333333 0.80078125 0.08984375 0.806640625 0.078125 0.8095703125 0.078125 0.810546875 0.08463541666666667 0.814453125 0.08984375
0 0.6923828125 0.005208333333333333 0.6982421875 0.0078125 0.70703125 0.0234375 0.73046875 0.08203125 0.7392578125 0.11979166666666667 0.7353515625 0.12890625 0.71484375 0.15625 0.701171875 0.18229166666666666 0.693359375 0.203125 0.6884765625 0.20833333333333334 0.677734375 0.2109375 0.6533203125 0.2109375 0.64453125 0.20833333333333334 0.6396484375 0.19661458333333334 0.6357421875 0.17447916666666666 0.6220703125 0.140625 0.6064453125 0.12369791666666667 0.57421875 0.10286458333333333 0.5732421875 0.0859375 0.576171875 0.0703125 0.5849609375 0.046875 0.58984375 0.037760416666666664 0.6025390625 0.026041666666666668 0.6162109375 0.018229166666666668 0.6376953125 0.014322916666666666 0.6611328125 0.015625 0.6767578125 0.006510416666666667 0.69140625 0.005208333333333333
0 0.435546875 0.4713541666666667 0.44921875 0.4765625 0.4658203125 0.4869791666666667 0.48828125 0.51171875 0.5009765625 0.5325520833333334 0.5185546875 0.58984375 0.5224609375 0.6302083333333334 0.5185546875 0.66015625 0.5107421875 0.6770833333333334 0.501953125 0.7057291666666666 0.48828125 0.7278645833333334 0.4716796875 0.74609375 0.455078125 0.7578125 0.4384765625 0.765625 0.4228515625 0.7682291666666666 0.39453125 0.7643229166666666 0.359375 0.7421875 0.3486328125 0.73046875 0.3173828125 0.68359375 0.3154296875 0.6783854166666666 0.3173828125 0.6744791666666666 0.3173828125 0.6536458333333334 0.3154296875 0.6458333333333334 0.3095703125 0.63671875 0.3076171875 0.63671875 0.306640625 0.6184895833333334 0.310546875 0.5859375 0.3291015625 0.546875 0.3310546875 0.5338541666666666 0.3388671875 0.51171875 0.349609375 0.4934895833333333 0.359375 0.4856770833333333 0.3662109375 0.4856770833333333 0.369140625 0.48828125 0.380859375 0.4791666666666667 0.3984375 0.4713541666666667 0.4345703125 0.4713541666666667
0 0.4287109375 0.2864583333333333 0.4423828125 0.2916666666666667 0.462890625 0.3111979166666667 0.470703125 0.32421875 0.4814453125 0.3515625 0.484375 0.3645833333333333 0.4853515625 0.40234375 0.4775390625 0.4375 0.4775390625 0.4518229166666667 0.4697265625 0.4622395833333333 0.4677734375 0.46875 0.4609375 0.4739583333333333 0.4521484375 0.47265625 0.4501953125 0.4700520833333333 0.4404296875 0.4700520833333333 0.4326171875 0.4661458333333333 0.4140625 0.4661458333333333 0.3994140625 0.4596354166666667 0.38671875 0.46875 0.380859375 0.4765625 0.37109375 0.4817708333333333 0.359375 0.48046875 0.34765625 0.4674479166666667 0.337890625 0.44921875 0.3291015625 0.4192708333333333 0.330078125 0.3776041666666667 0.337890625 0.3411458333333333 0.3408203125 0.3125 0.34375 0.3059895833333333 0.3486328125 0.3020833333333333 0.3857421875 0.2942708333333333 0.400390625 0.2877604166666667 0.427734375 0.2864583333333333
0 0.2587890625 0.07161458333333333 0.28515625 0.0859375 0.296875 0.08854166666666667 0.2998046875 0.09505208333333333 0.2998046875 0.14453125 0.3046875 0.16666666666666666 0.3115234375 0.18619791666666666 0.3115234375 0.19401041666666666 0.3056640625 0.203125 0.296875 0.20182291666666666 0.275390625 0.18489583333333334 0.2587890625 0.17708333333333334 0.2392578125 0.17708333333333334 0.228515625 0.1796875 0.1943359375 0.19791666666666666 0.1884765625 0.19661458333333334 0.18359375 0.18359375 0.181640625 0.171875 0.18359375 0.15104166666666666 0.1923828125 0.12760416666666666 0.2080078125 0.09895833333333333 0.2275390625 0.07942708333333333 0.244140625 0.07291666666666667 0.2578125 0.07161458333333333
0 0.7880859375 0.4557291666666667 0.8125 0.4791666666666667 0.822265625 0.4856770833333333 0.845703125 0.51171875 0.84765625 0.5221354166666666 0.8544921875 0.5390625 0.85546875 0.55859375 0.845703125 0.5833333333333334 0.82421875 0.6119791666666666 0.8154296875 0.6197916666666666 0.7685546875 0.6328125 0.7275390625 0.6315104166666666 0.7119140625 0.6223958333333334 0.7119140625 0.6184895833333334 0.7470703125 0.5755208333333334 0.763671875 0.55078125 0.77734375 0.5091145833333334 0.7822265625 0.4557291666666667 0.787109375 0.4557291666666667
0 0.2587890625 0.4479166666666667 0.2685546875 0.44921875 0.2783203125 0.4583333333333333 0.2900390625 0.4908854166666667 0.2939453125 0.51171875 0.306640625 0.5442708333333334 0.3095703125 0.5716145833333334 0.3076171875 0.58203125 0.3017578125 0.5950520833333334 0.302734375 0.6184895833333334 0.2998046875 0.6328125 0.2998046875 0.64453125 0.3095703125 0.6575520833333334 0.3037109375 0.6731770833333334 0.2783203125 0.7018229166666666 0.2353515625 0.7317708333333334 0.2197265625 0.7395833333333334 0.2099609375 0.7513020833333334 0.181640625 0.7591145833333334 0.177734375 0.7578125 0.173828125 0.7513020833333334 0.1650390625 0.7330729166666666 0.1611328125 0.7174479166666666 0.1416015625 0.6888020833333334 0.1328125 0.671875 0.12109375 0.6393229166666666 0.115234375 0.6041666666666666 0.115234375 0.58203125 0.1201171875 0.5442708333333334 0.125 0.5299479166666666 0.1396484375 0.5052083333333334 0.146484375 0.5026041666666666 0.1650390625 0.48828125 0.1865234375 0.48046875 0.2001953125 0.4713541666666667 0.2138671875 0.46875 0.2236328125 0.4622395833333333 0.2314453125 0.4609375 0.2421875 0.4518229166666667 0.2578125 0.4479166666666667
0 0.67578125 0.3098958333333333 0.6953125 0.31640625 0.7236328125 0.3385416666666667 0.744140625 0.3645833333333333 0.75390625 0.3723958333333333 0.75390625 0.375 0.7607421875 0.3828125 0.76171875 0.3932291666666667 0.7724609375 0.4205729166666667 0.7783203125 0.4518229166666667 0.77734375 0.4934895833333333 0.76953125 0.5286458333333334 0.763671875 0.5455729166666666 0.7490234375 0.5690104166666666 0.7177734375 0.6080729166666666 0.708984375 0.6158854166666666 0.68359375 0.6236979166666666 0.6513671875 0.6223958333333334 0.6435546875 0.6263020833333334 0.6083984375 0.6236979166666666 0.58203125 0.6158854166666666 0.5654296875 0.6015625 0.54296875 0.5885416666666666 0.5205078125 0.5651041666666666 0.5166015625 0.5572916666666666 0.5166015625 0.5520833333333334 0.5087890625 0.5390625 0.5048828125 0.5260416666666666 0.494140625 0.50390625 0.4833984375 0.4479166666666667 0.4833984375 0.4309895833333333 0.4873046875 0.4153645833333333 0.4990234375 0.3958333333333333 0.50390625 0.3736979166666667 0.513671875 0.35546875 0.521484375 0.3450520833333333 0.5537109375 0.32421875 0.5830078125 0.3111979166666667 0.6220703125 0.3046875 0.6484375 0.3033854166666667 0.6748046875 0.3098958333333333
0 0.3935546875 0.016927083333333332 0.4091796875 0.022135416666666668 0.43359375 0.037760416666666664 0.4501953125 0.059895833333333336 0.4609375 0.08723958333333333 0.4599609375 0.09895833333333333 0.4404296875 0.11328125 0.416015625 0.140625 0.40625 0.16276041666666666 0.400390625 0.18489583333333334 0.3974609375 0.1875 0.3984375 0.20442708333333334 0.404296875 0.21484375 0.4111328125 0.23567708333333334 0.4091796875 0.24088541666666666 0.39453125 0.24088541666666666 0.384765625 0.23567708333333334 0.3642578125 0.23046875 0.3349609375 0.2109375 0.32421875 0.20052083333333334 0.3154296875 0.18619791666666666 0.306640625 0.16276041666666666 0.302734375 0.14453125 0.302734375 0.1015625 0.3046875 0.08984375 0.3125 0.06901041666666667 0.337890625 0.03515625 0.357421875 0.020833333333333332 0.3681640625 0.016927083333333332 0.392578125 0.016927083333333332
0 0.59375 0.6236979166666666 0.6103515625 0.62890625 0.642578125 0.6328125 0.6572265625 0.64453125 0.681640625 0.6770833333333334 0.6865234375 0.6888020833333334 0.693359375 0.6979166666666666 0.7021484375 0.7317708333333334 0.7041015625 0.7747395833333334 0.701171875 0.7981770833333334 0.6943359375 0.8255208333333334 0.6826171875 0.84765625 0.6630859375 0.8723958333333334 0.6337890625 0.8854166666666666 0.6005859375 0.8763020833333334 0.5654296875 0.8528645833333334 0.544921875 0.83203125 0.5283203125 0.8255208333333334 0.515625 0.81640625 0.51171875 0.80078125 0.50390625 0.7825520833333334 0.505859375 0.7122395833333334 0.5107421875 0.6927083333333334 0.5234375 0.6640625 0.5400390625 0.6419270833333334 0.5537109375 0.6315104166666666 0.5712890625 0.6223958333333334 0.5927734375 0.6236979166666666
0 0.5400390625 0.09895833333333333 0.5771484375 0.10807291666666667 0.60546875 0.12630208333333334 0.6201171875 0.14322916666666666 0.6337890625 0.18359375 0.63671875 0.20833333333333334 0.63671875 0.22916666666666666 0.6328125 0.25390625 0.6279296875 0.2669270833333333 0.59765625 0.2981770833333333 0.546875 0.3177083333333333 0.537109375 0.328125 0.5205078125 0.3372395833333333 0.5078125 0.3346354166666667 0.49609375 0.32421875 0.4580078125 0.2994791666666667 0.447265625 0.2903645833333333 0.43359375 0.2682291666666667 0.4228515625 0.2578125 0.4072265625 0.21354166666666666 0.4052734375 0.19921875 0.40625 0.17317708333333334 0.4169921875 0.14453125 0.4296875 0.12890625 0.4541015625 0.10807291666666667 0.482421875 0.09765625 0.5390625 0.09895833333333333
0 0.2548828125 0.1796875 0.2763671875 0.18880208333333334 0.2841796875 0.1953125 0.2998046875 0.21484375 0.306640625 0.21744791666666666 0.30859375 0.22395833333333334 0.3154296875 0.23307291666666666 0.3212890625 0.25390625 0.328125 0.2682291666666667 0.3291015625 0.28125 0.3349609375 0.2955729166666667 0.3349609375 0.31640625 0.326171875 0.3463541666666667 0.3212890625 0.4114583333333333 0.3134765625 0.4244791666666667 0.296875 0.4427083333333333 0.2890625 0.4479166666666667 0.2802734375 0.44921875 0.2626953125 0.4427083333333333 0.2490234375 0.4440104166666667 0.2412109375 0.4466145833333333 0.216796875 0.4635416666666667 0.1943359375 0.46875 0.185546875 0.46875 0.171875 0.4583333333333333 0.1611328125 0.4440104166666667 0.15234375 0.4231770833333333 0.14453125 0.3880208333333333 0.142578125 0.34375 0.1337890625 0.3151041666666667 0.12890625 0.2903645833333333 0.12890625 0.2760416666666667 0.134765625 0.26171875 0.142578125 0.2526041666666667 0.1572265625 0.2565104166666667 0.1611328125 0.25390625 0.193359375 0.203125 0.2177734375 0.1875 0.2412109375 0.1796875 0.25390625 0.1796875