0 0.4384765625 0.6822916666666666 0.453125 0.6888020833333334 0.4775390625 0.7096354166666666 0.4892578125 0.7265625 0.5 0.7565104166666666 0.5087890625 0.765625 0.5107421875 0.77734375 0.5009765625 0.79296875 0.5009765625 0.828125 0.498046875 0.8450520833333334 0.4892578125 0.87109375 0.4609375 0.9075520833333334 0.4462890625 0.91796875 0.43359375 0.921875 0.423828125 0.921875 0.4111328125 0.9166666666666666 0.373046875 0.8841145833333334 0.3671875 0.8815104166666666 0.3583984375 0.8541666666666666 0.35546875 0.8333333333333334 0.3486328125 0.8177083333333334 0.3486328125 0.8046875 0.3505859375 0.7760416666666666 0.353515625 0.76171875 0.3623046875 0.7356770833333334 0.375 0.7122395833333334 0.3837890625 0.7018229166666666 0.40625 0.6888020833333334 0.431640625 0.6809895833333334 0.4375 0.6822916666666666
0 0.5849609375 0.16927083333333334 0.5947265625 0.17578125 0.61328125 0.2109375 0.6171875 0.22916666666666666 0.6171875 0.2552083333333333 0.611328125 0.2643229166666667 0.5947265625 0.2734375 0.5771484375 0.2955729166666667 0.55859375 0.33203125 0.5498046875 0.3606770833333333 0.537109375 0.3645833333333333 0.5244140625 0.3645833333333333 0.5068359375 0.3580729166666667 0.4912109375 0.3411458333333333 0.4853515625 0.328125 0.4833984375 0.3190104166666667 0.482421875 0.2838541666666667 0.4794921875 0.2682291666666667 0.4873046875 0.20703125 0.490234375 0.19661458333333334 0.4951171875 0.19010416666666666 0.5029296875 0.18619791666666666 0.5185546875 0.18619791666666666 0.533203125 0.17447916666666666 0.5556640625 0.16666666666666666 0.576171875 0.16666666666666666 0.583984375 0.16927083333333334
0 0.4169921875 0.203125 0.4443359375 0.21875 0.4658203125 0.24869791666666666 0.478515625 0.2864583333333333 0.4794921875 0.3177083333333333 0.4775390625 0.3372395833333333 0.4716796875 0.3619791666666667 0.46484375 0.3802083333333333 0.458984375 0.3893229166666667 0.4384765625 0.39453125 0.4208984375 0.40234375 0.388671875 0.42578125 0.3740234375 0.4244791666666667 0.357421875 0.41796875 0.3515625 0.4075520833333333 0.3427734375 0.3802083333333333 0.3173828125 0.33984375 0.3115234375 0.3346354166666667 0.310546875 0.3098958333333333 0.3134765625 0.2825520833333333 0.3173828125 0.2643229166666667 0.3388671875 0.2421875 0.3447265625 0.22265625 0.3564453125 0.20963541666666666 0.392578125 0.19921875 0.4052734375 0.19921875 0.416015625 0.203125
0 0.41015625 0.0703125 0.431640625 0.078125 0.44921875 0.09114583333333333 0.4599609375 0.10546875 0.466796875 0.12109375 0.4716796875 0.16145833333333334 0.4765625 0.1796875 0.4765625 0.19401041666666666 0.462890625 0.21614583333333334 0.4560546875 0.22005208333333334 0.4501953125 0.21875 0.43359375 0.20703125 0.4091796875 0.19661458333333334 0.3837890625 0.19661458333333334 0.3564453125 0.20442708333333334 0.3505859375 0.20442708333333334 0.3447265625 0.19791666666666666 0.33984375 0.17838541666666666 0.337890625 0.15755208333333334 0.3408203125 0.13802083333333334 0.3486328125 0.11979166666666667 0.380859375 0.07942708333333333 0.3935546875 0.07161458333333333 0.4091796875 0.0703125
0 0.6220703125 0.5130208333333334 0.6298828125 0.5143229166666666 0.6533203125 0.5260416666666666 0.6689453125 0.5260416666666666 0.685546875 0.5299479166666666 0.7138671875 0.5481770833333334 0.72265625 0.5638020833333334 0.7373046875 0.60546875 0.7431640625 0.6393229166666666 0.74609375 0.6705729166666666 0.74609375 0.6822916666666666 0.7412109375 0.7096354166666666 0.7265625 0.7447916666666666 0.7099609375 0.7682291666666666 0.697265625 0.77734375 0.6884765625 0.7877604166666666 0.6611328125 0.8059895833333334 0.6298828125 0.8138020833333334 0.5927734375 0.8098958333333334 0.5693359375 0.7994791666666666 0.5478515625 0.7825520833333334 0.5361328125 0.77734375 0.529296875 0.78125 0.5263671875 0.7799479166666666 0.521484375 0.76171875 0.5263671875 0.7408854166666666 0.5263671875 0.7330729166666666 0.521484375 0.7213541666666666 0.521484375 0.71484375 0.5146484375 0.69921875 0.513671875 0.6744791666666666 0.5107421875 0.6653645833333334 0.51171875 0.6315104166666666 0.5205078125 0.6106770833333334 0.521484375 0.6015625 0.5263671875 0.5911458333333334 0.5302734375 0.56640625 0.5361328125 0.5546875 0.546875 0.5416666666666666 0.5732421875 0.5247395833333334 0.6005859375 0.515625 0.62109375 0.5130208333333334
0 0.2744140625 0.5455729166666666 0.3037109375 0.5625 0.3251953125 0.58984375 0.33203125 0.6080729166666666 0.3359375 0.62890625 0.3359375 0.6653645833333334 0.328125 0.7018229166666666 0.3154296875 0.7317708333333334 0.2958984375 0.7513020833333334 0.2763671875 0.7643229166666666 0.2578125 0.7708333333333334 0.2255859375 0.76953125 0.203125 0.7591145833333334 0.189453125 0.7486979166666666 0.177734375 0.7317708333333334 0.1689453125 0.7122395833333334 0.1611328125 0.6809895833333334 0.1611328125 0.66796875 0.1630859375 0.6536458333333334 0.1748046875 0.6171875 0.185546875 0.59765625 0.2099609375 0.56640625 0.224609375 0.5546875 0.248046875 0.5442708333333334 0.267578125 0.54296875 0.2734375 0.5455729166666666
0 0.6748046875 0.25 0.7060546875 0.265625 0.7158203125 0.2747395833333333 0.744140625 0.3138020833333333 0.748046875 0.31640625 0.7509765625 0.3151041666666667 0.7568359375 0.32421875 0.763671875 0.3424479166666667 0.7705078125 0.3776041666666667 0.7705078125 0.4127604166666667 0.767578125 0.4322916666666667 0.7607421875 0.4557291666666667 0.748046875 0.4817708333333333 0.734375 0.5013020833333334 0.7099609375 0.5247395833333334 0.7021484375 0.5286458333333334 0.6982421875 0.5286458333333334 0.681640625 0.5130208333333334 0.6728515625 0.5143229166666666 0.662109375 0.5208333333333334 0.65625 0.5208333333333334 0.6220703125 0.5026041666666666 0.595703125 0.50390625 0.5888671875 0.5 0.5859375 0.4908854166666667 0.5771484375 0.4817708333333333 0.560546875 0.44921875 0.5517578125 0.3984375 0.5517578125 0.3802083333333333 0.5595703125 0.3411458333333333 0.5673828125 0.3203125 0.583984375 0.2916666666666667 0.5986328125 0.27734375 0.61328125 0.2721354166666667 0.6240234375 0.2591145833333333 0.6455078125 0.25 0.673828125 0.25
0 0.2177734375 0.3268229166666667 0.228515625 0.3359375 0.2373046875 0.33984375 0.2744140625 0.33203125 0.2900390625 0.33203125 0.3037109375 0.3372395833333333 0.314453125 0.34375 0.3388671875 0.3815104166666667 0.3505859375 0.4231770833333333 0.3505859375 0.4869791666666667 0.35546875 0.5065104166666666 0.3583984375 0.5130208333333334 0.365234375 0.51953125 0.365234375 0.52734375 0.3623046875 0.5403645833333334 0.3583984375 0.5455729166666666 0.3349609375 0.55078125 0.318359375 0.5481770833333334 0.294921875 0.55078125 0.265625 0.5377604166666666 0.2509765625 0.5377604166666666 0.2373046875 0.54296875 0.2275390625 0.54296875 0.212890625 0.5338541666666666 0.1904296875 0.5065104166666666 0.18359375 0.4778645833333333 0.18359375 0.4622395833333333 0.1796875 0.4322916666666667 0.1806640625 0.4231770833333333 0.171875 0.3763020833333333 0.1728515625 0.3580729166666667 0.1884765625 0.3294270833333333 0.216796875 0.3268229166666667
0 0.7666015625 0.0546875 0.77734375 0.0625 0.783203125 0.07682291666666667 0.8115234375 0.10677083333333333 0.8193359375 0.10416666666666667 0.8447265625 0.08072916666666667 0.84765625 0.08072916666666667 0.8515625 0.09244791666666667 0.857421875 0.09765625 0.8681640625 0.09765625 0.88671875 0.0859375 0.8935546875 0.09635416666666667 0.896484375 0.09505208333333333 0.9033203125 0.08333333333333333 0.9072265625 0.08333333333333333 0.91015625 0.09114583333333333 0.9111328125 0.11197916666666667 0.9072265625 0.12760416666666666 0.9072265625 0.14322916666666666 0.9013671875 0.16145833333333334 0.890625 0.17447916666666666 0.8828125 0.19010416666666666 0.8427734375 0.20963541666666666 0.83203125 0.21223958333333334 0.8095703125 0.20963541666666666 0.7919921875 0.2265625 0.7568359375 0.25 0.7529296875 0.2552083333333333 0.7490234375 0.2669270833333333 0.7412109375 0.2721354166666667 0.7177734375 0.2682291666666667 0.677734375 0.24348958333333334 0.63671875 0.2421875 0.6328125 0.24479166666666666 0.626953125 0.2421875 0.623046875 0.23567708333333334 0.6201171875 0.21484375 0.6123046875 0.19921875 0.607421875 0.18229166666666666 0.60546875 0.16276041666666666 0.6064453125 0.1484375 0.6103515625 0.13020833333333334 0.623046875 0.11197916666666667 0.640625 0.09505208333333333 0.6650390625 0.07942708333333333 0.6884765625 0.06770833333333333 0.72265625 0.05859375 0.736328125 0.05859375 0.7529296875 0.052083333333333336 0.765625 0.0546875
0 0.46875 0.3958333333333333 0.4931640625 0.4036458333333333 0.513671875 0.4205729166666667 0.5302734375 0.4479166666666667 0.5400390625 0.4596354166666667 0.544921875 0.47265625 0.5419921875 0.5026041666666666 0.544921875 0.5182291666666666 0.5400390625 0.5390625 0.5263671875 0.5572916666666666 0.521484375 0.5690104166666666 0.5166015625 0.6041666666666666 0.5078125 0.62109375 0.4990234375 0.6302083333333334 0.4931640625 0.6276041666666666 0.4814453125 0.6276041666666666 0.462890625 0.6328125 0.4443359375 0.6328125 0.421875 0.625 0.4111328125 0.6171875 0.400390625 0.6041666666666666 0.390625 0.5885416666666666 0.373046875 0.546875 0.37109375 0.49609375 0.3779296875 0.4583333333333333 0.404296875 0.4192708333333333 0.419921875 0.4075520833333333 0.4365234375 0.3997395833333333 0.4619140625 0.39453125 0.4677734375 0.3958333333333333
0 0.5224609375 0.013020833333333334 0.5322265625 0.015625 0.5400390625 0.033854166666666664 0.5537109375 0.033854166666666664 0.572265625 0.0390625 0.5810546875 0.04296875 0.591796875 0.053385416666666664 0.6005859375 0.07291666666666667 0.603515625 0.08463541666666667 0.60546875 0.12109375 0.6025390625 0.14583333333333334 0.5947265625 0.1640625 0.5537109375 0.16276041666666666 0.5419921875 0.16536458333333334 0.5234375 0.17578125 0.5087890625 0.17838541666666666 0.4921875 0.18619791666666666 0.48828125 0.18489583333333334 0.4814453125 0.17447916666666666 0.4775390625 0.16276041666666666 0.4716796875 0.13671875 0.4716796875 0.11458333333333333 0.48046875 0.08854166666666667 0.4921875 0.0703125 0.494140625 0.057291666666666664 0.505859375 0.046875 0.513671875 0.016927083333333332 0.521484375 0.013020833333333334