0 0.3994140625 0.4908854166666667 0.4453125 0.5013020833333334 0.466796875 0.5143229166666666 0.51171875 0.5494791666666666 0.5302734375 0.5729166666666666 0.5458984375 0.6015625 0.5517578125 0.62109375 0.5576171875 0.6549479166666666 0.5556640625 0.6744791666666666 0.556640625 0.69921875 0.548828125 0.7473958333333334 0.54296875 0.7669270833333334 0.5234375 0.8098958333333334 0.5234375 0.81640625 0.521484375 0.8190104166666666 0.5224609375 0.82421875 0.5185546875 0.8307291666666666 0.5185546875 0.8385416666666666 0.515625 0.8424479166666666 0.515625 0.84765625 0.5126953125 0.8515625 0.5078125 0.8684895833333334 0.5048828125 0.87109375 0.5048828125 0.8763020833333334 0.4912109375 0.9049479166666666 0.482421875 0.9140625 0.4638671875 0.9244791666666666 0.4423828125 0.9322916666666666 0.4072265625 0.9283854166666666 0.38671875 0.9205729166666666 0.3662109375 0.9010416666666666 0.3515625 0.8828125 0.3486328125 0.8736979166666666 0.3486328125 0.8619791666666666 0.33984375 0.8515625 0.337890625 0.8424479166666666 0.310546875 0.8151041666666666 0.2958984375 0.7955729166666666 0.283203125 0.7708333333333334 0.275390625 0.75 0.2744140625 0.7395833333333334 0.263671875 0.6966145833333334 0.2666015625 0.6705729166666666 0.275390625 0.6510416666666666 0.2783203125 0.61328125 0.291015625 0.5872395833333334 0.2998046875 0.5755208333333334 0.3154296875 0.5403645833333334 0.3310546875 0.5234375 0.3466796875 0.515625 0.3623046875 0.5013020833333334 0.392578125 0.4895833333333333 0.3984375 0.4908854166666667
0 0.5810546875 0.2682291666666667 0.6025390625 0.2864583333333333 0.6025390625 0.29296875 0.611328125 0.3125 0.611328125 0.3203125 0.6376953125 0.3580729166666667 0.6435546875 0.3776041666666667 0.6474609375 0.4036458333333333 0.64453125 0.4244791666666667 0.6337890625 0.4609375 0.626953125 0.4752604166666667 0.625 0.4947916666666667 0.62109375 0.5052083333333334 0.603515625 0.5299479166666666 0.587890625 0.5403645833333334 0.5712890625 0.5442708333333334 0.5576171875 0.5377604166666666 0.5205078125 0.53515625 0.453125 0.5 0.4453125 0.4908854166666667 0.431640625 0.4622395833333333 0.421875 0.43359375 0.4208984375 0.4127604166666667 0.4248046875 0.38671875 0.431640625 0.3684895833333333 0.4462890625 0.3411458333333333 0.4658203125 0.3203125 0.4873046875 0.3072916666666667 0.5302734375 0.2903645833333333 0.533203125 0.2864583333333333 0.5322265625 0.2786458333333333 0.53515625 0.2760416666666667 0.5517578125 0.27734375 0.568359375 0.2747395833333333 0.5712890625 0.2682291666666667 0.580078125 0.2682291666666667
0 0.69921875 0.6276041666666666 0.71875 0.6328125 0.74609375 0.6536458333333334 0.7626953125 0.6744791666666666 0.7802734375 0.7044270833333334 0.7841796875 0.71875 0.7861328125 0.7526041666666666 0.78125 0.7890625 0.77734375 0.7981770833333334 0.7744140625 0.8177083333333334 0.775390625 0.8190104166666666 0.7783203125 0.8138020833333334 0.79296875 0.81640625 0.7900390625 0.8203125 0.7998046875 0.828125 0.8037109375 0.8372395833333334 0.806640625 0.8372395833333334 0.810546875 0.83203125 0.814453125 0.8203125 0.8125 0.8177083333333334 0.8125 0.8111979166666666 0.810546875 0.80859375 0.8017578125 0.8125 0.7958984375 0.80859375 0.794921875 0.8125 0.79296875 0.8125 0.79296875 0.8072916666666666 0.796875 0.8059895833333334 0.7998046875 0.7994791666666666 0.8037109375 0.80078125 0.8037109375 0.796875 0.8076171875 0.79296875 0.8212890625 0.79296875 0.82421875 0.7994791666666666 0.82421875 0.8046875 0.8212890625 0.80859375 0.8203125 0.82421875 0.814453125 0.8346354166666666 0.8154296875 0.8619791666666666 0.8232421875 0.8658854166666666 0.8212890625 0.8802083333333334 0.8017578125 0.8854166666666666 0.7998046875 0.8880208333333334 0.7998046875 0.9036458333333334 0.79296875 0.91015625 0.7890625 0.9075520833333334 0.794921875 0.90234375 0.79296875 0.8958333333333334 0.78515625 0.90234375 0.7744140625 0.90234375 0.7705078125 0.9088541666666666 0.7685546875 0.9205729166666666 0.763671875 0.921875 0.740234375 0.91796875 0.732421875 0.9075520833333334 0.72265625 0.9075520833333334 0.7177734375 0.9010416666666666 0.71484375 0.9010416666666666 0.7109375 0.9075520833333334 0.7080078125 0.9075520833333334 0.70703125 0.9036458333333334 0.7109375 0.9010416666666666 0.7099609375 0.8984375 0.701171875 0.8997395833333334 0.69921875 0.8971354166666666 0.7021484375 0.8919270833333334 0.712890625 0.8880208333333334 0.7138671875 0.88671875 0.7109375 0.8841145833333334 0.7060546875 0.8828125 0.7041015625 0.8854166666666666 0.6953125 0.8854166666666666 0.69140625 0.8880208333333334 0.6591796875 0.8893229166666666 0.6376953125 0.8841145833333334 0.6142578125 0.8697916666666666 0.5947265625 0.8515625 0.5771484375 0.828125 0.5703125 0.8138020833333334 0.5625 0.7864583333333334 0.5576171875 0.75390625 0.5595703125 0.7265625 0.5751953125 0.68359375 0.5849609375 0.6640625 0.60546875 0.6471354166666666 0.6337890625 0.6328125 0.6591796875 0.6263020833333334 0.6982421875 0.6276041666666666
0 0.8798828125 0.5221354166666666 0.9033203125 0.5299479166666666 0.9169921875 0.5390625 0.9287109375 0.55078125 0.939453125 0.56640625 0.9482421875 0.5872395833333334 0.955078125 0.61328125 0.95703125 0.6276041666666666 0.95703125 0.6536458333333334 0.9541015625 0.6731770833333334 0.9541015625 0.6953125 0.951171875 0.7135416666666666 0.9462890625 0.7278645833333334 0.9208984375 0.7552083333333334 0.8955078125 0.7734375 0.8828125 0.7864583333333334 0.8662109375 0.7916666666666666 0.8447265625 0.7903645833333334 0.8271484375 0.7838541666666666 0.80859375 0.7721354166666666 0.794921875 0.7591145833333334 0.791015625 0.7486979166666666 0.7861328125 0.7096354166666666 0.763671875 0.6666666666666666 0.763671875 0.6380208333333334 0.7666015625 0.6171875 0.7744140625 0.5950520833333334 0.7919921875 0.5651041666666666 0.8076171875 0.5455729166666666 0.8271484375 0.53125 0.84375 0.5247395833333334 0.87890625 0.5221354166666666
0 0.681640625 0.17578125 0.7099609375 0.18880208333333334 0.7255859375 0.20442708333333334 0.7353515625 0.22786458333333334 0.7373046875 0.2578125 0.732421875 0.2825520833333333 0.720703125 0.31640625 0.7138671875 0.3294270833333333 0.708984375 0.3359375 0.6865234375 0.3515625 0.6689453125 0.3541666666666667 0.6640625 0.3541666666666667 0.654296875 0.34765625 0.63671875 0.3463541666666667 0.623046875 0.3307291666666667 0.6171875 0.3190104166666667 0.6162109375 0.3098958333333333 0.6083984375 0.29296875 0.6064453125 0.2825520833333333 0.5986328125 0.2721354166666667 0.5986328125 0.2578125 0.6044921875 0.23307291666666666 0.6162109375 0.20572916666666666 0.6337890625 0.18880208333333334 0.64453125 0.18229166666666666 0.6572265625 0.17708333333333334 0.6806640625 0.17578125
0 0.169921875 0.5677083333333334 0.1953125 0.5807291666666666 0.236328125 0.5911458333333334 0.2646484375 0.6119791666666666 0.2734375 0.6223958333333334 0.2705078125 0.6497395833333334 0.2666015625 0.6575520833333334 0.26171875 0.6770833333333334 0.2607421875 0.6953125 0.263671875 0.7161458333333334 0.275390625 0.76171875 0.2744140625 0.7682291666666666 0.2666015625 0.7825520833333334 0.2431640625 0.8111979166666666 0.22265625 0.8216145833333334 0.1923828125 0.8268229166666666 0.158203125 0.8216145833333334 0.1298828125 0.8033854166666666 0.1103515625 0.7786458333333334 0.10546875 0.7669270833333334 0.1005859375 0.7447916666666666 0.099609375 0.7252604166666666 0.103515625 0.6861979166666666 0.1142578125 0.65234375 0.111328125 0.63671875 0.123046875 0.625 0.1337890625 0.5872395833333334 0.13671875 0.5833333333333334 0.142578125 0.5833333333333334 0.1455078125 0.5807291666666666 0.14453125 0.5703125 0.146484375 0.5677083333333334 0.15625 0.5651041666666666 0.1650390625 0.5651041666666666 0.1689453125 0.5677083333333334
0 0.220703125 0.3229166666666667 0.24609375 0.328125 0.267578125 0.3411458333333333 0.2880859375 0.3619791666666667 0.318359375 0.3854166666666667 0.326171875 0.3958333333333333 0.3310546875 0.4088541666666667 0.3310546875 0.4283854166666667 0.322265625 0.4375 0.31640625 0.4596354166666667 0.3203125 0.484375 0.3134765625 0.4947916666666667 0.3046875 0.51953125 0.2890625 0.5416666666666666 0.275390625 0.5546875 0.248046875 0.5703125 0.2275390625 0.57421875 0.2109375 0.5703125 0.19921875 0.5625 0.185546875 0.5611979166666666 0.1767578125 0.5533854166666666 0.166015625 0.5533854166666666 0.162109375 0.55078125 0.154296875 0.5403645833333334 0.150390625 0.5390625 0.1318359375 0.5143229166666666 0.1279296875 0.5013020833333334 0.119140625 0.4869791666666667 0.1240234375 0.4778645833333333 0.119140625 0.4596354166666667 0.12109375 0.4440104166666667 0.1201171875 0.390625 0.1220703125 0.3828125 0.154296875 0.3411458333333333 0.1640625 0.3333333333333333 0.193359375 0.3229166666666667 0.2197265625 0.3229166666666667
0 0.3740234375 0.22526041666666666 0.3955078125 0.23046875 0.421875 0.2513020833333333 0.4287109375 0.2591145833333333 0.439453125 0.2799479166666667 0.4443359375 0.3046875 0.4443359375 0.328125 0.4423828125 0.3385416666666667 0.4267578125 0.37109375 0.419921875 0.3893229166666667 0.4169921875 0.40625 0.4111328125 0.4166666666666667 0.408203125 0.4166666666666667 0.3984375 0.4283854166666667 0.388671875 0.43359375 0.3740234375 0.43359375 0.357421875 0.42578125 0.3388671875 0.421875 0.3359375 0.4010416666666667 0.3310546875 0.3984375 0.3212890625 0.3841145833333333 0.3046875 0.3697916666666667 0.3017578125 0.3658854166666667 0.2978515625 0.3515625 0.298828125 0.3020833333333333 0.296875 0.2669270833333333 0.298828125 0.26171875 0.306640625 0.25390625 0.33984375 0.23307291666666666 0.35546875 0.2265625 0.373046875 0.22526041666666666
0 0.705078125 0.3502604166666667 0.71484375 0.35546875 0.7197265625 0.3619791666666667 0.7255859375 0.3645833333333333 0.736328125 0.3645833333333333 0.7431640625 0.375 0.771484375 0.3776041666666667 0.7822265625 0.3815104166666667 0.7958984375 0.390625 0.8125 0.41015625 0.82421875 0.4375 0.828125 0.4583333333333333 0.828125 0.484375 0.82421875 0.5052083333333334 0.8193359375 0.5182291666666666 0.8076171875 0.5390625 0.7802734375 0.5755208333333334 0.76171875 0.61328125 0.75390625 0.61328125 0.7373046875 0.60546875 0.69140625 0.5690104166666666 0.6640625 0.5520833333333334 0.646484375 0.5299479166666666 0.638671875 0.51171875 0.6357421875 0.4934895833333333 0.6357421875 0.46484375 0.6435546875 0.4375 0.6494140625 0.4244791666666667 0.65625 0.4153645833333333 0.6572265625 0.40625 0.662109375 0.3984375 0.6630859375 0.3893229166666667 0.677734375 0.375 0.6767578125 0.3697916666666667 0.6787109375 0.3619791666666667 0.6875 0.359375 0.6953125 0.3502604166666667 0.7041015625 0.3502604166666667
0 0.3212890625 0.022135416666666668 0.3427734375 0.02734375 0.3662109375 0.046875 0.375 0.05859375 0.384765625 0.078125 0.3916015625 0.10026041666666667 0.3916015625 0.10677083333333333 0.3828125 0.14713541666666666 0.384765625 0.16666666666666666 0.3837890625 0.18229166666666666 0.3740234375 0.20572916666666666 0.3623046875 0.22005208333333334 0.3359375 0.22786458333333334 0.3291015625 0.234375 0.31640625 0.24088541666666666 0.306640625 0.24088541666666666 0.2978515625 0.23567708333333334 0.2646484375 0.19270833333333334 0.2470703125 0.17578125 0.2421875 0.16536458333333334 0.2421875 0.14322916666666666 0.244140625 0.12109375 0.251953125 0.1015625 0.255859375 0.08072916666666667 0.265625 0.0625 0.2685546875 0.05078125 0.27734375 0.0390625 0.2919921875 0.02734375 0.302734375 0.0234375 0.3203125 0.022135416666666668
0 0.517578125 0.04296875 0.5361328125 0.049479166666666664 0.5380859375 0.0625 0.5634765625 0.09505208333333333 0.5771484375 0.10546875 0.6025390625 0.15234375 0.607421875 0.17447916666666666 0.6083984375 0.19791666666666666 0.60546875 0.21484375 0.5986328125 0.23177083333333334 0.5791015625 0.2591145833333333 0.5615234375 0.26953125 0.533203125 0.2708333333333333 0.525390625 0.28125 0.5126953125 0.2890625 0.4912109375 0.2916666666666667 0.48828125 0.2942708333333333 0.4736328125 0.29296875 0.447265625 0.28125 0.4345703125 0.2591145833333333 0.41015625 0.23046875 0.3984375 0.2109375 0.3916015625 0.19270833333333334 0.38671875 0.14713541666666666 0.3935546875 0.11067708333333333 0.4111328125 0.08463541666666667 0.4248046875 0.07161458333333333 0.4482421875 0.059895833333333336 0.484375 0.0546875 0.501953125 0.044270833333333336 0.5166015625 0.04296875