0 0.5751953125 0.2109375 0.5859375 0.21744791666666666 0.603515625 0.24088541666666666 0.6123046875 0.2578125 0.6181640625 0.2799479166666667 0.6171875 0.3138020833333333 0.607421875 0.3216145833333333 0.5888671875 0.3294270833333333 0.5498046875 0.3203125 0.5458984375 0.3177083333333333 0.52734375 0.2916666666666667 0.541015625 0.2565104166666667 0.546875 0.21354166666666666 0.55078125 0.20963541666666666 0.57421875 0.2109375
0 0.4541015625 0.6106770833333334 0.462890625 0.6184895833333334 0.474609375 0.6184895833333334 0.5078125 0.625 0.5185546875 0.6315104166666666 0.5283203125 0.65234375 0.537109375 0.6861979166666666 0.5400390625 0.7174479166666666 0.5400390625 0.7434895833333334 0.5390625 0.76953125 0.53515625 0.7877604166666666 0.525390625 0.8138020833333334 0.5126953125 0.8372395833333334 0.5048828125 0.84765625 0.4853515625 0.86328125 0.451171875 0.8736979166666666 0.4365234375 0.8736979166666666 0.4052734375 0.8645833333333334 0.3720703125 0.8359375 0.3623046875 0.8229166666666666 0.34765625 0.7955729166666666 0.337890625 0.7682291666666666 0.333984375 0.7447916666666666 0.33203125 0.7122395833333334 0.3330078125 0.6979166666666666 0.33984375 0.6653645833333334 0.3525390625 0.6328125 0.365234375 0.609375 0.390625 0.5794270833333334 0.4033203125 0.5703125 0.4140625 0.56640625 0.4384765625 0.56640625 0.447265625 0.6015625 0.453125 0.6106770833333334
0 0.4208984375 0.2838541666666667 0.4267578125 0.2864583333333333 0.4306640625 0.2981770833333333 0.435546875 0.30078125 0.4580078125 0.3059895833333333 0.4794921875 0.3072916666666667 0.49609375 0.2994791666666667 0.521484375 0.2994791666666667 0.53125 0.3059895833333333 0.5341796875 0.3151041666666667 0.498046875 0.3177083333333333 0.494140625 0.3203125 0.486328125 0.3294270833333333 0.470703125 0.3372395833333333 0.455078125 0.3567708333333333 0.4482421875 0.3619791666666667 0.435546875 0.3815104166666667 0.421875 0.43359375 0.4208984375 0.4596354166666667 0.4228515625 0.4934895833333333 0.4169921875 0.5091145833333334 0.416015625 0.5221354166666666 0.4140625 0.5247395833333334 0.40625 0.5130208333333334 0.396484375 0.4674479166666667 0.3828125 0.4375 0.361328125 0.4075520833333333 0.3544921875 0.4036458333333333 0.341796875 0.390625 0.337890625 0.3828125 0.3369140625 0.37109375 0.3388671875 0.3619791666666667 0.345703125 0.3515625 0.3505859375 0.34765625 0.3583984375 0.3502604166666667 0.3603515625 0.34765625 0.361328125 0.3385416666666667 0.369140625 0.3203125 0.3671875 0.3111979166666667 0.3720703125 0.3020833333333333 0.384765625 0.29296875 0.4013671875 0.29296875 0.419921875 0.28515625
0 0.6650390625 0.5130208333333334 0.6904296875 0.5182291666666666 0.7177734375 0.5286458333333334 0.7275390625 0.5377604166666666 0.7529296875 0.5494791666666666 0.765625 0.578125 0.7724609375 0.5833333333333334 0.77734375 0.5924479166666666 0.7861328125 0.5989583333333334 0.79296875 0.609375 0.7998046875 0.6263020833333334 0.80078125 0.6341145833333334 0.806640625 0.6458333333333334 0.8076171875 0.66015625 0.814453125 0.6705729166666666 0.822265625 0.6927083333333334 0.8330078125 0.75 0.8310546875 0.7734375 0.8271484375 0.7890625 0.814453125 0.8138020833333334 0.8037109375 0.828125 0.7783203125 0.8515625 0.7529296875 0.86328125 0.72265625 0.8606770833333334 0.6943359375 0.8502604166666666 0.6806640625 0.8489583333333334 0.6513671875 0.8359375 0.6494140625 0.8151041666666666 0.6171875 0.7578125 0.6103515625 0.734375 0.6025390625 0.7200520833333334 0.6025390625 0.69140625 0.59375 0.6809895833333334 0.5888671875 0.6692708333333334 0.5869140625 0.65234375 0.587890625 0.62890625 0.6240234375 0.6028645833333334 0.6318359375 0.5872395833333334 0.6455078125 0.5690104166666666 0.6591796875 0.5338541666666666 0.66015625 0.5143229166666666 0.6640625 0.5130208333333334
0 0.3193359375 0.37890625 0.3349609375 0.38671875 0.3447265625 0.3997395833333333 0.3623046875 0.4140625 0.376953125 0.4361979166666667 0.3935546875 0.4700520833333333 0.400390625 0.5013020833333334 0.4013671875 0.515625 0.4052734375 0.5221354166666666 0.40625 0.5325520833333334 0.3984375 0.5651041666666666 0.37890625 0.5846354166666666 0.36328125 0.60546875 0.349609375 0.6276041666666666 0.3408203125 0.6471354166666666 0.3349609375 0.6484375 0.330078125 0.6575520833333334 0.3232421875 0.6640625 0.2861328125 0.671875 0.25390625 0.6653645833333334 0.2421875 0.6575520833333334 0.21875 0.6497395833333334 0.2041015625 0.63671875 0.2060546875 0.6197916666666666 0.1875 0.578125 0.1826171875 0.5598958333333334 0.1806640625 0.53125 0.181640625 0.5091145833333334 0.1865234375 0.4791666666666667 0.1923828125 0.4609375 0.2119140625 0.4244791666666667 0.224609375 0.40625 0.2470703125 0.3893229166666667 0.271484375 0.37890625 0.318359375 0.37890625
0 0.6943359375 0.85546875 0.7119140625 0.8658854166666666 0.7421875 0.875 0.7529296875 0.8828125 0.802734375 0.8971354166666666 0.8291015625 0.9114583333333334 0.8408203125 0.93359375 0.84765625 0.9557291666666666 0.853515625 0.9817708333333334 0.853515625 0.9986979166666666 0.78125 0.9986979166666666 0.779296875 0.99609375 0.763671875 0.99609375 0.76171875 0.9986979166666666 0.7578125 0.99609375 0.751953125 0.9986979166666666 0.701171875 0.9986979166666666 0.6982421875 0.9934895833333334 0.6953125 0.9609375 0.681640625 0.9114583333333334 0.6806640625 0.8997395833333334 0.6826171875 0.8580729166666666 0.6845703125 0.85546875 0.693359375 0.85546875
0 0.640625 0.3216145833333333 0.6533203125 0.3268229166666667 0.6650390625 0.3411458333333333 0.6845703125 0.3541666666666667 0.6953125 0.3736979166666667 0.701171875 0.3893229166666667 0.7021484375 0.40234375 0.7060546875 0.4127604166666667 0.7060546875 0.421875 0.7001953125 0.4479166666666667 0.689453125 0.4713541666666667 0.67578125 0.4869791666666667 0.671875 0.4830729166666667 0.6708984375 0.4700520833333333 0.6767578125 0.4596354166666667 0.6787109375 0.4322916666666667 0.671875 0.4049479166666667 0.6591796875 0.3958333333333333 0.6513671875 0.3828125 0.6455078125 0.3841145833333333 0.6396484375 0.3971354166666667 0.6357421875 0.3971354166666667 0.6259765625 0.3893229166666667 0.615234375 0.3671875 0.6005859375 0.3450520833333333 0.5927734375 0.3372395833333333 0.5947265625 0.3294270833333333 0.6064453125 0.3229166666666667 0.6142578125 0.3203125 0.6396484375 0.3216145833333333
0 0.333984375 0.049479166666666664 0.3759765625 0.07421875 0.3876953125 0.07552083333333333 0.3984375 0.08072916666666667 0.4091796875 0.10026041666666667 0.416015625 0.14192708333333334 0.416015625 0.14973958333333334 0.40625 0.17838541666666666 0.404296875 0.1953125 0.3984375 0.21354166666666666 0.4013671875 0.24479166666666666 0.3974609375 0.26171875 0.3837890625 0.2864583333333333 0.3623046875 0.3059895833333333 0.3369140625 0.3138020833333333 0.32421875 0.3138020833333333 0.318359375 0.3111979166666667 0.314453125 0.3059895833333333 0.3134765625 0.2981770833333333 0.3212890625 0.2916666666666667 0.318359375 0.2604166666666667 0.3125 0.24609375 0.2939453125 0.22395833333333334 0.27734375 0.21484375 0.2626953125 0.21484375 0.251953125 0.22005208333333334 0.2373046875 0.22005208333333334 0.2265625 0.21614583333333334 0.2197265625 0.19921875 0.2236328125 0.17317708333333334 0.224609375 0.14192708333333334 0.2294921875 0.11588541666666667 0.263671875 0.0625 0.2744140625 0.0546875 0.2802734375 0.053385416666666664 0.302734375 0.049479166666666664 0.3330078125 0.049479166666666664
0 0.2236328125 0.22395833333333334 0.2451171875 0.22916666666666666 0.2529296875 0.22916666666666666 0.2685546875 0.22395833333333334 0.28515625 0.22395833333333334 0.3017578125 0.24479166666666666 0.30859375 0.2591145833333333 0.30859375 0.28125 0.306640625 0.2864583333333333 0.2890625 0.2721354166666667 0.287109375 0.2747395833333333 0.2880859375 0.2786458333333333 0.2978515625 0.2864583333333333 0.302734375 0.2955729166666667 0.3115234375 0.3346354166666667 0.3154296875 0.3697916666666667 0.3134765625 0.3723958333333333 0.2841796875 0.3723958333333333 0.26953125 0.375 0.248046875 0.3841145833333333 0.236328125 0.39453125 0.224609375 0.3997395833333333 0.181640625 0.4713541666666667 0.16796875 0.4817708333333333 0.1533203125 0.4973958333333333 0.1435546875 0.4973958333333333 0.130859375 0.4908854166666667 0.1259765625 0.484375 0.125 0.4778645833333333 0.125 0.4479166666666667 0.1298828125 0.4140625 0.1240234375 0.3658854166666667 0.123046875 0.3229166666666667 0.1318359375 0.28125 0.1396484375 0.2591145833333333 0.154296875 0.23958333333333334 0.1689453125 0.22786458333333334 0.189453125 0.22265625 0.22265625 0.22395833333333334
0 0.5498046875 0.3229166666666667 0.583984375 0.3346354166666667 0.5947265625 0.3502604166666667 0.61328125 0.3697916666666667 0.6240234375 0.3919270833333333 0.6396484375 0.4049479166666667 0.6435546875 0.4010416666666667 0.6513671875 0.3997395833333333 0.6591796875 0.40625 0.66796875 0.40625 0.671875 0.421875 0.6748046875 0.42578125 0.671875 0.45703125 0.66796875 0.46484375 0.66796875 0.4908854166666667 0.6611328125 0.4947916666666667 0.658203125 0.5 0.6552734375 0.5364583333333334 0.640625 0.5716145833333334 0.630859375 0.58203125 0.623046875 0.59765625 0.6142578125 0.60546875 0.587890625 0.6223958333333334 0.560546875 0.6276041666666666 0.533203125 0.6263020833333334 0.4775390625 0.61328125 0.466796875 0.61328125 0.4560546875 0.6080729166666666 0.451171875 0.6002604166666666 0.4482421875 0.58203125 0.4375 0.54296875 0.4326171875 0.5364583333333334 0.4228515625 0.5325520833333334 0.419921875 0.5260416666666666 0.4208984375 0.5104166666666666 0.42578125 0.5078125 0.423828125 0.4817708333333333 0.4248046875 0.4375 0.4287109375 0.4127604166666667 0.4384765625 0.3815104166666667 0.44921875 0.3658854166666667 0.4716796875 0.3411458333333333 0.484375 0.3359375 0.4951171875 0.3255208333333333 0.5146484375 0.3203125 0.541015625 0.3203125 0.548828125 0.3229166666666667
0 0.5029296875 0.11458333333333333 0.52734375 0.13541666666666666 0.5400390625 0.15755208333333334 0.544921875 0.17838541666666666 0.5439453125 0.22265625 0.537109375 0.2630208333333333 0.52734375 0.2825520833333333 0.5224609375 0.2877604166666667 0.51171875 0.29296875 0.4912109375 0.2955729166666667 0.478515625 0.30078125 0.4453125 0.296875 0.435546875 0.2916666666666667 0.423828125 0.2760416666666667 0.40625 0.23828125 0.404296875 0.2265625 0.4052734375 0.20182291666666666 0.4091796875 0.19140625 0.4091796875 0.1796875 0.4140625 0.1640625 0.431640625 0.12760416666666666 0.4404296875 0.11588541666666667 0.47265625 0.109375 0.501953125 0.11458333333333333
0 0.498046875 0.08723958333333333 0.5029296875 0.09114583333333333 0.505859375 0.09895833333333333 0.5078125 0.10677083333333333 0.5068359375 0.11328125 0.4921875 0.109375 0.4443359375 0.11197916666666667 0.4365234375 0.11848958333333333 0.421875 0.14322916666666666 0.4189453125 0.14192708333333334 0.4169921875 0.13671875 0.4140625 0.11067708333333333 0.416015625 0.10416666666666667 0.42578125 0.09375 0.439453125 0.08854166666666667 0.4736328125 0.09244791666666667 0.4970703125 0.08723958333333333