0 0.8402777777777778 0.20052083333333334 0.8472222222222222 0.20182291666666666 0.8680555555555556 0.21354166666666666 0.8802083333333334 0.21223958333333334 0.9010416666666666 0.21875 0.9184027777777778 0.2265625 0.9305555555555556 0.23697916666666666 0.9444444444444444 0.2591145833333333 0.9565972222222222 0.2916666666666667 0.9652777777777778 0.3307291666666667 0.9652777777777778 0.3619791666666667 0.9618055555555556 0.3828125 0.9513888888888888 0.3997395833333333 0.9322916666666666 0.421875 0.9236111111111112 0.42578125 0.9097222222222222 0.4375 0.8993055555555556 0.4440104166666667 0.8732638888888888 0.453125 0.8333333333333334 0.453125 0.8229166666666666 0.4557291666666667 0.8038194444444444 0.453125 0.7777777777777778 0.4453125 0.7430555555555556 0.42578125 0.7361111111111112 0.4153645833333333 0.7291666666666666 0.3932291666666667 0.7152777777777778 0.3658854166666667 0.7083333333333334 0.32421875 0.7222222222222222 0.2864583333333333 0.7413194444444444 0.2604166666666667 0.7430555555555556 0.24348958333333334 0.75 0.23307291666666666 0.7638888888888888 0.22395833333333334 0.7743055555555556 0.22135416666666666 0.7795138888888888 0.21614583333333334 0.7916666666666666 0.20963541666666666 0.8125 0.20703125 0.8298611111111112 0.20052083333333334 0.8385416666666666 0.20052083333333334
0 0.6284722222222222 0.3151041666666667 0.6388888888888888 0.3190104166666667 0.6458333333333334 0.32421875 0.6510416666666666 0.3333333333333333 0.6788194444444444 0.35546875 0.6927083333333334 0.3841145833333333 0.6927083333333334 0.4114583333333333 0.6788194444444444 0.4348958333333333 0.6684027777777778 0.4440104166666667 0.6024305555555556 0.4739583333333333 0.5625 0.4986979166666667 0.5520833333333334 0.4986979166666667 0.5451388888888888 0.49609375 0.5381944444444444 0.4908854166666667 0.5347222222222222 0.484375 0.5190972222222222 0.4752604166666667 0.5208333333333334 0.4635416666666667 0.4930555555555556 0.4401041666666667 0.484375 0.4283854166666667 0.484375 0.4231770833333333 0.5243055555555556 0.3880208333333333 0.5381944444444444 0.36328125 0.5416666666666666 0.3411458333333333 0.5451388888888888 0.3346354166666667 0.5642361111111112 0.32421875 0.5815972222222222 0.3203125 0.6076388888888888 0.3190104166666667 0.6267361111111112 0.3151041666666667
0 0.6892361111111112 0.4440104166666667 0.7239583333333334 0.4479166666666667 0.7517361111111112 0.4583333333333333 0.7638888888888888 0.46875 0.7760416666666666 0.484375 0.7795138888888888 0.4947916666666667 0.7795138888888888 0.5078125 0.7743055555555556 0.52734375 0.7673611111111112 0.5390625 0.7586805555555556 0.5481770833333334 0.7413194444444444 0.5598958333333334 0.734375 0.5703125 0.7222222222222222 0.5807291666666666 0.7100694444444444 0.5833333333333334 0.6875 0.5833333333333334 0.6684027777777778 0.5885416666666666 0.6475694444444444 0.5885416666666666 0.6284722222222222 0.5846354166666666 0.6128472222222222 0.5794270833333334 0.6006944444444444 0.5716145833333334 0.5954861111111112 0.5611979166666666 0.5711805555555556 0.5403645833333334 0.5729166666666666 0.51953125 0.5677083333333334 0.51171875 0.5677083333333334 0.5065104166666666 0.5746527777777778 0.4973958333333333 0.5972222222222222 0.48046875 0.6736111111111112 0.4453125 0.6875 0.4440104166666667
0 0.9184027777777778 0.4348958333333333 0.9236111111111112 0.4388020833333333 0.9270833333333334 0.4388020833333333 0.9322916666666666 0.4440104166666667 0.9427083333333334 0.4869791666666667 0.9409722222222222 0.5013020833333334 0.921875 0.51953125 0.9149305555555556 0.5208333333333334 0.8993055555555556 0.5169270833333334 0.8819444444444444 0.5091145833333334 0.8541666666666666 0.5026041666666666 0.8263888888888888 0.4908854166666667 0.8246527777777778 0.48828125 0.8038194444444444 0.4778645833333333 0.796875 0.4713541666666667 0.7986111111111112 0.4557291666666667 0.8038194444444444 0.4544270833333333 0.8142361111111112 0.45703125 0.8350694444444444 0.4544270833333333 0.8715277777777778 0.4557291666666667 0.8854166666666666 0.4518229166666667 0.9184027777777778 0.4361979166666667
0 0.5190972222222222 0.5143229166666666 0.5329861111111112 0.5221354166666666 0.5399305555555556 0.5286458333333334 0.5625 0.5325520833333334 0.5642361111111112 0.5390625 0.5711805555555556 0.5481770833333334 0.5885416666666666 0.5598958333333334 0.5920138888888888 0.56640625 0.5798611111111112 0.5703125 0.6041666666666666 0.5872395833333334 0.6180555555555556 0.6015625 0.6232638888888888 0.6158854166666666 0.6232638888888888 0.6341145833333334 0.6197916666666666 0.6497395833333334 0.609375 0.66796875 0.5972222222222222 0.6809895833333334 0.5625 0.6927083333333334 0.5416666666666666 0.6940104166666666 0.5347222222222222 0.6966145833333334 0.5104166666666666 0.69921875 0.4809027777777778 0.6966145833333334 0.4496527777777778 0.6861979166666666 0.4236111111111111 0.671875 0.4131944444444444 0.6627604166666666 0.3993055555555556 0.64453125 0.3958333333333333 0.62890625 0.4253472222222222 0.6106770833333334 0.4565972222222222 0.5846354166666666 0.4670138888888889 0.5677083333333334 0.4791666666666667 0.5572916666666666 0.4791666666666667 0.5546875 0.4739583333333333 0.5533854166666666 0.4722222222222222 0.55078125 0.4756944444444444 0.5403645833333334 0.4947916666666667 0.5286458333333334 0.5017361111111112 0.5169270833333334 0.5086805555555556 0.51171875 0.5173611111111112 0.5143229166666666
0 0.4496527777777778 0.6927083333333334 0.4600694444444444 0.6940104166666666 0.4809027777777778 0.7018229166666666 0.4947916666666667 0.703125 0.5121527777777778 0.703125 0.5503472222222222 0.6979166666666666 0.5677083333333334 0.69921875 0.5798611111111112 0.7083333333333334 0.5989583333333334 0.7291666666666666 0.6111111111111112 0.75 0.6128472222222222 0.7578125 0.6111111111111112 0.7890625 0.6059027777777778 0.80078125 0.59375 0.81640625 0.5850694444444444 0.8229166666666666 0.5520833333333334 0.83203125 0.5277777777777778 0.8359375 0.5017361111111112 0.8372395833333334 0.4722222222222222 0.8372395833333334 0.4461805555555556 0.8333333333333334 0.4166666666666667 0.8346354166666666 0.4010416666666667 0.8268229166666666 0.3923611111111111 0.828125 0.3819444444444444 0.8268229166666666 0.3767361111111111 0.8203125 0.375 0.8033854166666666 0.3663194444444444 0.796875 0.3663194444444444 0.78515625 0.3628472222222222 0.7799479166666666 0.3628472222222222 0.7552083333333334 0.3715277777777778 0.7434895833333334 0.4236111111111111 0.69921875 0.4322916666666667 0.6953125 0.4479166666666667 0.6927083333333334
0 0.22916666666666666 0.6184895833333334 0.24305555555555555 0.6223958333333334 0.2638888888888889 0.6328125 0.2725694444444444 0.6354166666666666 0.2899305555555556 0.63671875 0.3072916666666667 0.6419270833333334 0.3211805555555556 0.6432291666666666 0.3315972222222222 0.6393229166666666 0.3645833333333333 0.6354166666666666 0.3802083333333333 0.6432291666666666 0.3888888888888889 0.65234375 0.3888888888888889 0.6575520833333334 0.3854166666666667 0.6614583333333334 0.390625 0.68359375 0.3871527777777778 0.7122395833333334 0.375 0.734375 0.3645833333333333 0.7434895833333334 0.3559027777777778 0.7552083333333334 0.3385416666666667 0.7682291666666666 0.3177083333333333 0.77734375 0.296875 0.7825520833333334 0.2621527777777778 0.7864583333333334 0.22743055555555555 0.7838541666666666 0.21006944444444445 0.7786458333333334 0.1840277777777778 0.7669270833333334 0.1597222222222222 0.7486979166666666 0.1545138888888889 0.7408854166666666 0.14583333333333334 0.7135416666666666 0.14583333333333334 0.68359375 0.1597222222222222 0.6536458333333334 0.1753472222222222 0.63671875 0.2013888888888889 0.6197916666666666 0.21180555555555555 0.6158854166666666 0.22395833333333334 0.6158854166666666 0.22743055555555555 0.6184895833333334
0 0.3489583333333333 0.18359375 0.3576388888888889 0.18619791666666666 0.375 0.18619791666666666 0.3819444444444444 0.18880208333333334 0.390625 0.19661458333333334 0.4010416666666667 0.19921875 0.421875 0.2109375 0.4357638888888889 0.21484375 0.4704861111111111 0.23307291666666666 0.4791666666666667 0.23567708333333334 0.5138888888888888 0.2682291666666667 0.5295138888888888 0.2942708333333333 0.5364583333333334 0.31640625 0.5364583333333334 0.34765625 0.5329861111111112 0.3619791666666667 0.5277777777777778 0.3736979166666667 0.5104166666666666 0.3958333333333333 0.4895833333333333 0.4127604166666667 0.4548611111111111 0.4322916666666667 0.4270833333333333 0.4401041666666667 0.4097222222222222 0.44140625 0.4010416666666667 0.4440104166666667 0.3298611111111111 0.4427083333333333 0.3211805555555556 0.4401041666666667 0.2951388888888889 0.4375 0.2829861111111111 0.4322916666666667 0.265625 0.4296875 0.2170138888888889 0.41015625 0.1857638888888889 0.38671875 0.16145833333333334 0.3606770833333333 0.14930555555555555 0.34375 0.1388888888888889 0.3111979166666667 0.1388888888888889 0.2955729166666667 0.14756944444444445 0.2760416666666667 0.171875 0.2421875 0.1875 0.23046875 0.21354166666666666 0.21614583333333334 0.22743055555555555 0.2109375 0.234375 0.20572916666666666 0.2604166666666667 0.1953125 0.2673611111111111 0.18880208333333334 0.3229166666666667 0.19010416666666666 0.3333333333333333 0.18489583333333334 0.3472222222222222 0.18359375
0 0.6493055555555556 0.59765625 0.65625 0.6002604166666666 0.6875 0.6015625 0.6979166666666666 0.60546875 0.7239583333333334 0.6302083333333334 0.7378472222222222 0.6393229166666666 0.7447916666666666 0.65625 0.7430555555555556 0.6783854166666666 0.7309027777777778 0.6979166666666666 0.7118055555555556 0.7122395833333334 0.6822916666666666 0.7174479166666666 0.671875 0.7213541666666666 0.65625 0.7317708333333334 0.6458333333333334 0.73046875 0.640625 0.7122395833333334 0.6336805555555556 0.70703125 0.6163194444444444 0.7005208333333334 0.6024305555555556 0.6888020833333334 0.6024305555555556 0.6822916666666666 0.609375 0.67578125 0.625 0.6484375 0.6284722222222222 0.6276041666666666 0.625 0.6028645833333334 0.6354166666666666 0.59765625 0.6475694444444444 0.59765625
0 0.5815972222222222 0.11067708333333333 0.6284722222222222 0.1171875 0.6440972222222222 0.12109375 0.671875 0.1328125 0.6979166666666666 0.15234375 0.7083333333333334 0.1640625 0.7204861111111112 0.18619791666666666 0.7222222222222222 0.19661458333333334 0.7222222222222222 0.2109375 0.7170138888888888 0.23567708333333334 0.7065972222222222 0.2552083333333333 0.6927083333333334 0.2721354166666667 0.6614583333333334 0.296875 0.6302083333333334 0.3098958333333333 0.5972222222222222 0.31640625 0.5659722222222222 0.31640625 0.5434027777777778 0.3111979166666667 0.5381944444444444 0.3072916666666667 0.5381944444444444 0.3020833333333333 0.5208333333333334 0.2708333333333333 0.4965277777777778 0.2421875 0.4861111111111111 0.23307291666666666 0.4635416666666667 0.22265625 0.4479166666666667 0.20963541666666666 0.4513888888888889 0.19010416666666666 0.4583333333333333 0.171875 0.4861111111111111 0.14453125 0.5034722222222222 0.1328125 0.5295138888888888 0.12109375 0.5625 0.11197916666666667 0.5798611111111112 0.11067708333333333
0 0.3993055555555556 0.4518229166666667 0.4236111111111111 0.4622395833333333 0.4513888888888889 0.4856770833333333 0.4670138888888889 0.515625 0.46875 0.5260416666666666 0.4670138888888889 0.55078125 0.4565972222222222 0.5768229166666666 0.4427083333333333 0.5924479166666666 0.4201388888888889 0.609375 0.390625 0.6263020833333334 0.3541666666666667 0.6328125 0.2760416666666667 0.6315104166666666 0.2690972222222222 0.6302083333333334 0.2326388888888889 0.6119791666666666 0.2222222222222222 0.6028645833333334 0.2170138888888889 0.5924479166666666 0.203125 0.5755208333333334 0.19791666666666666 0.5638020833333334 0.19791666666666666 0.5286458333333334 0.2065972222222222 0.51171875 0.2222222222222222 0.4947916666666667 0.2170138888888889 0.484375 0.2170138888888889 0.4778645833333333 0.22395833333333334 0.46875 0.28125 0.453125 0.296875 0.4518229166666667 0.3107638888888889 0.4479166666666667 0.3333333333333333 0.4479166666666667 0.3402777777777778 0.4505208333333333 0.3975694444444444 0.4518229166666667
0 0.19791666666666666 0.7760416666666666 0.2152777777777778 0.7838541666666666 0.24479166666666666 0.7890625 0.2881944444444444 0.7877604166666666 0.3055555555555556 0.7825520833333334 0.3298611111111111 0.7799479166666666 0.3350694444444444 0.78125 0.3472222222222222 0.7994791666666666 0.3524305555555556 0.8372395833333334 0.3472222222222222 0.85546875 0.3402777777777778 0.8671875 0.3246527777777778 0.8802083333333334 0.3090277777777778 0.8880208333333334 0.2760416666666667 0.8971354166666666 0.2604166666666667 0.8984375 0.2048611111111111 0.8958333333333334 0.1892361111111111 0.8919270833333334 0.1857638888888889 0.88671875 0.1840277777777778 0.87109375 0.16666666666666666 0.8528645833333334 0.15625 0.8372395833333334 0.1527777777777778 0.8255208333333334 0.1527777777777778 0.8125 0.1597222222222222 0.7955729166666666 0.1753472222222222 0.7786458333333334 0.18229166666666666 0.7747395833333334 0.19618055555555555 0.7760416666666666