0 0.6171875 0.2591145833333333 0.6240234375 0.2643229166666667 0.6337890625 0.2890625 0.658203125 0.2994791666666667 0.669921875 0.3072916666666667 0.6865234375 0.3346354166666667 0.693359375 0.3567708333333333 0.6953125 0.40625 0.69140625 0.4296875 0.6728515625 0.4557291666666667 0.6669921875 0.4765625 0.6611328125 0.48046875 0.650390625 0.4791666666666667 0.6435546875 0.4830729166666667 0.62890625 0.4830729166666667 0.6240234375 0.48046875 0.5927734375 0.4348958333333333 0.5615234375 0.40234375 0.5400390625 0.390625 0.5107421875 0.3854166666666667 0.5048828125 0.3815104166666667 0.505859375 0.3658854166666667 0.5146484375 0.3463541666666667 0.5361328125 0.31640625 0.544921875 0.30859375 0.552734375 0.2955729166666667 0.56640625 0.2877604166666667 0.5712890625 0.2760416666666667 0.5947265625 0.2669270833333333 0.6025390625 0.2578125 0.6162109375 0.2591145833333333
0 0.7080078125 0.48046875 0.736328125 0.4908854166666667 0.7421875 0.4986979166666667 0.771484375 0.5247395833333334 0.7802734375 0.5455729166666666 0.787109375 0.578125 0.78515625 0.61328125 0.7763671875 0.6471354166666666 0.7568359375 0.6770833333333334 0.751953125 0.6888020833333334 0.73828125 0.703125 0.73046875 0.7395833333333334 0.7236328125 0.74609375 0.716796875 0.7486979166666666 0.7001953125 0.7473958333333334 0.6943359375 0.7434895833333334 0.6806640625 0.7161458333333334 0.677734375 0.7044270833333334 0.6630859375 0.6822916666666666 0.650390625 0.6666666666666666 0.623046875 0.6549479166666666 0.6171875 0.63671875 0.6171875 0.6119791666666666 0.62890625 0.55859375 0.630859375 0.5182291666666666 0.6328125 0.5104166666666666 0.6640625 0.484375 0.6953125 0.4791666666666667 0.70703125 0.48046875
0 0.3828125 0.3046875 0.4013671875 0.3229166666666667 0.4052734375 0.3346354166666667 0.4052734375 0.3450520833333333 0.4111328125 0.3671875 0.4150390625 0.4049479166666667 0.4150390625 0.4557291666666667 0.4111328125 0.46875 0.40234375 0.4817708333333333 0.37890625 0.49609375 0.3671875 0.5 0.345703125 0.5 0.333984375 0.4973958333333333 0.30859375 0.484375 0.2939453125 0.47265625 0.28515625 0.4583333333333333 0.275390625 0.4309895833333333 0.271484375 0.4114583333333333 0.271484375 0.3828125 0.27734375 0.3567708333333333 0.2822265625 0.3450520833333333 0.298828125 0.33203125 0.3212890625 0.3177083333333333 0.3330078125 0.3151041666666667 0.337890625 0.3072916666666667 0.3623046875 0.3125 0.3740234375 0.3033854166666667 0.3818359375 0.3046875
0 0.7275390625 0.24479166666666666 0.7529296875 0.2591145833333333 0.7685546875 0.27734375 0.787109375 0.3138020833333333 0.7890625 0.3385416666666667 0.7880859375 0.34375 0.783203125 0.34765625 0.7705078125 0.3450520833333333 0.7548828125 0.3372395833333333 0.7470703125 0.33984375 0.7138671875 0.3802083333333333 0.7099609375 0.3919270833333333 0.7060546875 0.3958333333333333 0.703125 0.3932291666666667 0.69921875 0.3828125 0.6962890625 0.3515625 0.69140625 0.3372395833333333 0.6767578125 0.3098958333333333 0.666015625 0.2994791666666667 0.666015625 0.2955729166666667 0.681640625 0.265625 0.6923828125 0.25390625 0.7080078125 0.24479166666666666 0.7265625 0.24479166666666666
0 0.8798828125 0.5078125 0.88671875 0.5143229166666666 0.8935546875 0.5169270833333334 0.908203125 0.5169270833333334 0.9150390625 0.5143229166666666 0.912109375 0.51953125 0.9130859375 0.5234375 0.9287109375 0.53125 0.931640625 0.5286458333333334 0.931640625 0.5221354166666666 0.931640625 0.5286458333333334 0.9599609375 0.5729166666666666 0.966796875 0.5950520833333334 0.9697265625 0.6197916666666666 0.962890625 0.6575520833333334 0.9580078125 0.66796875 0.9462890625 0.68359375 0.9169921875 0.7096354166666666 0.8798828125 0.7239583333333334 0.85546875 0.7239583333333334 0.84375 0.7213541666666666 0.828125 0.7135416666666666 0.814453125 0.703125 0.7978515625 0.6822916666666666 0.7890625 0.65625 0.787109375 0.64453125 0.791015625 0.5846354166666666 0.798828125 0.5533854166666666 0.798828125 0.5338541666666666 0.8017578125 0.52734375 0.8115234375 0.5143229166666666 0.8173828125 0.5104166666666666 0.8388671875 0.515625 0.8427734375 0.51171875 0.8583984375 0.5052083333333334 0.873046875 0.5052083333333334 0.87890625 0.5078125
0 0.37109375 0.6419270833333334 0.3837890625 0.64453125 0.3974609375 0.6510416666666666 0.412109375 0.6627604166666666 0.41796875 0.6705729166666666 0.44140625 0.71875 0.4443359375 0.7356770833333334 0.4453125 0.765625 0.4443359375 0.77734375 0.4404296875 0.7903645833333334 0.439453125 0.8111979166666666 0.42578125 0.8411458333333334 0.400390625 0.8736979166666666 0.3779296875 0.88671875 0.3623046875 0.8919270833333334 0.33203125 0.8893229166666666 0.302734375 0.8763020833333334 0.2919921875 0.8658854166666666 0.2763671875 0.8346354166666666 0.2705078125 0.828125 0.263671875 0.82421875 0.2607421875 0.8307291666666666 0.2548828125 0.8255208333333334 0.2548828125 0.8203125 0.25 0.8125 0.2470703125 0.7903645833333334 0.2529296875 0.7786458333333334 0.2568359375 0.76171875 0.2734375 0.7421875 0.28515625 0.7161458333333334 0.31640625 0.6692708333333334 0.337890625 0.6575520833333334 0.349609375 0.6471354166666666 0.3701171875 0.6419270833333334
0 0.6171875 0.6588541666666666 0.64453125 0.6666666666666666 0.6513671875 0.671875 0.6611328125 0.6848958333333334 0.681640625 0.7239583333333334 0.697265625 0.77734375 0.697265625 0.8151041666666666 0.6923828125 0.82421875 0.689453125 0.8385416666666666 0.6826171875 0.8502604166666666 0.671875 0.8815104166666666 0.6591796875 0.9010416666666666 0.650390625 0.90625 0.646484375 0.8984375 0.6455078125 0.8880208333333334 0.65625 0.859375 0.65234375 0.8567708333333334 0.6328125 0.8645833333333334 0.6328125 0.8528645833333334 0.6376953125 0.8450520833333334 0.634765625 0.8268229166666666 0.6376953125 0.8190104166666666 0.6396484375 0.80078125 0.6201171875 0.7747395833333334 0.615234375 0.7747395833333334 0.603515625 0.7825520833333334 0.5947265625 0.7825520833333334 0.5927734375 0.7799479166666666 0.5908203125 0.76953125 0.5908203125 0.7421875 0.5791015625 0.6888020833333334 0.572265625 0.6744791666666666 0.576171875 0.6692708333333334 0.595703125 0.6614583333333334 0.6162109375 0.6588541666666666
0 0.2158203125 0.5286458333333334 0.2265625 0.53125 0.2470703125 0.5416666666666666 0.2607421875 0.5546875 0.2783203125 0.55078125 0.2841796875 0.5533854166666666 0.2890625 0.5598958333333334 0.2919921875 0.56640625 0.2939453125 0.58984375 0.291015625 0.625 0.296875 0.6484375 0.296875 0.66015625 0.291015625 0.69921875 0.283203125 0.7109375 0.2724609375 0.7356770833333334 0.251953125 0.7591145833333334 0.248046875 0.7734375 0.2431640625 0.78125 0.234375 0.7864583333333334 0.1953125 0.7942708333333334 0.1865234375 0.7981770833333334 0.158203125 0.796875 0.1494140625 0.7942708333333334 0.119140625 0.7799479166666666 0.1044921875 0.765625 0.0869140625 0.7395833333333334 0.0791015625 0.72265625 0.0732421875 0.6979166666666666 0.0712890625 0.66015625 0.0771484375 0.6276041666666666 0.087890625 0.5989583333333334 0.10546875 0.5703125 0.1259765625 0.5494791666666666 0.1455078125 0.5364583333333334 0.1689453125 0.5286458333333334 0.21484375 0.5286458333333334
0 0.216796875 0.33203125 0.2353515625 0.3385416666666667 0.2451171875 0.3515625 0.2490234375 0.3645833333333333 0.248046875 0.38671875 0.2646484375 0.4270833333333333 0.2763671875 0.44921875 0.279296875 0.4596354166666667 0.279296875 0.4856770833333333 0.2724609375 0.5091145833333334 0.2568359375 0.5364583333333334 0.2392578125 0.5338541666666666 0.2265625 0.52734375 0.2060546875 0.5234375 0.177734375 0.5234375 0.1533203125 0.5299479166666666 0.1220703125 0.5481770833333334 0.115234375 0.5442708333333334 0.10546875 0.5234375 0.0986328125 0.5026041666666666 0.0947265625 0.4765625 0.0947265625 0.44140625 0.10546875 0.4036458333333333 0.1181640625 0.38671875 0.158203125 0.35546875 0.1708984375 0.3528645833333333 0.18359375 0.33984375 0.1962890625 0.3333333333333333 0.2060546875 0.3307291666666667 0.2158203125 0.33203125
0 0.7578125 0.3450520833333333 0.7607421875 0.34765625 0.7763671875 0.3489583333333333 0.787109375 0.35546875 0.7998046875 0.35546875 0.8046875 0.3619791666666667 0.830078125 0.3684895833333333 0.83984375 0.375 0.857421875 0.3971354166666667 0.86328125 0.41015625 0.8671875 0.42578125 0.8671875 0.4544270833333333 0.86328125 0.47265625 0.853515625 0.4934895833333333 0.837890625 0.5104166666666666 0.830078125 0.5104166666666666 0.822265625 0.5065104166666666 0.8134765625 0.5078125 0.80859375 0.51171875 0.79296875 0.5325520833333334 0.79296875 0.53515625 0.7861328125 0.53515625 0.779296875 0.5299479166666666 0.7724609375 0.5182291666666666 0.7470703125 0.4973958333333333 0.73828125 0.4869791666666667 0.728515625 0.4817708333333333 0.708984375 0.4778645833333333 0.6982421875 0.4713541666666667 0.697265625 0.44140625 0.69921875 0.4283854166666667 0.7109375 0.3971354166666667 0.7158203125 0.390625 0.716796875 0.3815104166666667 0.7451171875 0.3515625 0.7568359375 0.3463541666666667
0 0.5048828125 0.3880208333333333 0.52734375 0.390625 0.5556640625 0.40234375 0.5673828125 0.4114583333333333 0.58203125 0.4322916666666667 0.587890625 0.4348958333333333 0.6025390625 0.4518229166666667 0.623046875 0.4908854166666667 0.6259765625 0.5091145833333334 0.6259765625 0.5520833333333334 0.6025390625 0.6536458333333334 0.5673828125 0.6705729166666666 0.560546875 0.6809895833333334 0.5576171875 0.6966145833333334 0.5517578125 0.703125 0.529296875 0.7213541666666666 0.50390625 0.7317708333333334 0.47265625 0.7291666666666666 0.447265625 0.71875 0.4267578125 0.67578125 0.416015625 0.66015625 0.4013671875 0.6484375 0.3857421875 0.640625 0.3798828125 0.6328125 0.3759765625 0.6341145833333334 0.3740234375 0.6119791666666666 0.376953125 0.5690104166666666 0.3974609375 0.5130208333333334 0.41796875 0.46484375 0.4375 0.4322916666666667 0.4619140625 0.40625 0.4873046875 0.3880208333333333 0.50390625 0.3880208333333333
0 0.439453125 0.14322916666666666 0.4560546875 0.15364583333333334 0.470703125 0.15625 0.4833984375 0.1640625 0.4951171875 0.16536458333333334 0.513671875 0.17708333333333334 0.529296875 0.19140625 0.5361328125 0.20182291666666666 0.54296875 0.21744791666666666 0.546875 0.23567708333333334 0.546875 0.26171875 0.54296875 0.2799479166666667 0.5224609375 0.328125 0.484375 0.3828125 0.4599609375 0.3984375 0.4521484375 0.3971354166666667 0.4423828125 0.390625 0.4208984375 0.3684895833333333 0.4111328125 0.3450520833333333 0.4140625 0.32421875 0.4130859375 0.31640625 0.4033203125 0.3020833333333333 0.3779296875 0.296875 0.3603515625 0.3059895833333333 0.35546875 0.3059895833333333 0.3515625 0.2994791666666667 0.3486328125 0.28125 0.3515625 0.2421875 0.353515625 0.234375 0.365234375 0.21484375 0.3779296875 0.20052083333333334 0.3994140625 0.18229166666666666 0.40625 0.17317708333333334 0.412109375 0.16015625 0.427734375 0.14583333333333334 0.4384765625 0.14322916666666666