0 0.41015625 0.5091145833333334 0.4169921875 0.5130208333333334 0.4267578125 0.5143229166666666 0.4375 0.5338541666666666 0.46875 0.5325520833333334 0.486328125 0.53515625 0.494140625 0.5390625 0.5146484375 0.5559895833333334 0.5302734375 0.5833333333333334 0.541015625 0.6263020833333334 0.5419921875 0.6627604166666666 0.5400390625 0.6966145833333334 0.5322265625 0.7291666666666666 0.529296875 0.76953125 0.5322265625 0.7747395833333334 0.5400390625 0.7760416666666666 0.54296875 0.78125 0.5439453125 0.7903645833333334 0.5380859375 0.8125 0.5263671875 0.8359375 0.5205078125 0.8359375 0.4189453125 0.7942708333333334 0.3896484375 0.77734375 0.3759765625 0.7669270833333334 0.3642578125 0.7526041666666666 0.3427734375 0.7122395833333334 0.3359375 0.6822916666666666 0.3359375 0.6614583333333334 0.34375 0.6263020833333334 0.353515625 0.609375 0.353515625 0.60546875 0.3505859375 0.6015625 0.3515625 0.59375 0.3583984375 0.5872395833333334 0.361328125 0.5794270833333334 0.361328125 0.56640625 0.3583984375 0.5559895833333334 0.3583984375 0.5377604166666666 0.3857421875 0.5078125 0.4072265625 0.5065104166666666 0.4091796875 0.5091145833333334
0 0.283203125 0.2916666666666667 0.2998046875 0.3046875 0.3037109375 0.3203125 0.3046875 0.3450520833333333 0.294921875 0.35546875 0.294921875 0.3619791666666667 0.2919921875 0.3645833333333333 0.2587890625 0.3606770833333333 0.2412109375 0.3619791666666667 0.2314453125 0.3828125 0.22265625 0.3841145833333333 0.201171875 0.4075520833333333 0.19140625 0.4140625 0.1865234375 0.4140625 0.1845703125 0.4075520833333333 0.19140625 0.37109375 0.19140625 0.3580729166666667 0.1982421875 0.33203125 0.19921875 0.3059895833333333 0.2060546875 0.2890625 0.212890625 0.2838541666666667 0.2177734375 0.296875 0.2470703125 0.2942708333333333 0.2607421875 0.2903645833333333 0.2822265625 0.2916666666666667
0 0.7841796875 0.37109375 0.794921875 0.3802083333333333 0.7998046875 0.40234375 0.8173828125 0.4231770833333333 0.828125 0.44140625 0.8359375 0.46484375 0.837890625 0.4895833333333333 0.8330078125 0.5221354166666666 0.826171875 0.5364583333333334 0.81640625 0.5494791666666666 0.80078125 0.5638020833333334 0.76953125 0.57421875 0.748046875 0.5690104166666666 0.736328125 0.5703125 0.7236328125 0.55859375 0.716796875 0.5572916666666666 0.712890625 0.5494791666666666 0.7119140625 0.5390625 0.701171875 0.5221354166666666 0.685546875 0.4895833333333333 0.6748046875 0.4739583333333333 0.6591796875 0.4596354166666667 0.658203125 0.44921875 0.6630859375 0.4309895833333333 0.66796875 0.4244791666666667 0.712890625 0.4088541666666667 0.751953125 0.38671875 0.76953125 0.3723958333333333 0.77734375 0.3697916666666667 0.783203125 0.37109375
0 0.4951171875 0.30078125 0.5263671875 0.2994791666666667 0.5537109375 0.30859375 0.5615234375 0.3138020833333333 0.568359375 0.3216145833333333 0.5712890625 0.3294270833333333 0.57421875 0.3489583333333333 0.58203125 0.375 0.59765625 0.3958333333333333 0.603515625 0.3997395833333333 0.609375 0.41015625 0.6083984375 0.4375 0.6064453125 0.4427083333333333 0.5810546875 0.45703125 0.5517578125 0.484375 0.533203125 0.5078125 0.5302734375 0.5182291666666666 0.5234375 0.5260416666666666 0.5224609375 0.5390625 0.51953125 0.5416666666666666 0.50390625 0.5403645833333334 0.4814453125 0.5286458333333334 0.4658203125 0.5260416666666666 0.4609375 0.51953125 0.4521484375 0.5221354166666666 0.439453125 0.5169270833333334 0.431640625 0.5078125 0.4267578125 0.4973958333333333 0.421875 0.47265625 0.4208984375 0.4557291666666667 0.4326171875 0.4309895833333333 0.43359375 0.4127604166666667 0.439453125 0.3997395833333333 0.439453125 0.39453125 0.443359375 0.390625 0.4423828125 0.38671875 0.451171875 0.3763020833333333 0.4599609375 0.3763020833333333 0.458984375 0.3658854166666667 0.462890625 0.3307291666666667 0.470703125 0.3216145833333333 0.4775390625 0.30859375 0.4873046875 0.30078125 0.494140625 0.30078125
0 0.296875 0.3697916666666667 0.33203125 0.3893229166666667 0.359375 0.4192708333333333 0.380859375 0.4609375 0.384765625 0.47265625 0.388671875 0.4973958333333333 0.3876953125 0.5013020833333334 0.3583984375 0.5299479166666666 0.3544921875 0.5377604166666666 0.3564453125 0.5768229166666666 0.34765625 0.5885416666666666 0.3447265625 0.5963541666666666 0.345703125 0.6119791666666666 0.3388671875 0.625 0.3359375 0.6458333333333334 0.3310546875 0.6588541666666666 0.3271484375 0.6627604166666666 0.32421875 0.6614583333333334 0.3173828125 0.6783854166666666 0.3125 0.68359375 0.302734375 0.6822916666666666 0.2841796875 0.6901041666666666 0.251953125 0.6927083333333334 0.2314453125 0.6927083333333334 0.19921875 0.6796875 0.177734375 0.6627604166666666 0.166015625 0.6497395833333334 0.1533203125 0.6302083333333334 0.1474609375 0.6158854166666666 0.138671875 0.5690104166666666 0.134765625 0.5572916666666666 0.1328125 0.5403645833333334 0.1337890625 0.52734375 0.140625 0.4973958333333333 0.1513671875 0.4765625 0.1513671875 0.4674479166666667 0.154296875 0.45703125 0.1630859375 0.4388020833333333 0.171875 0.4270833333333333 0.197265625 0.4140625 0.216796875 0.3932291666666667 0.2333984375 0.3841145833333333 0.2392578125 0.3763020833333333 0.2392578125 0.3723958333333333 0.24609375 0.3645833333333333 0.2705078125 0.3645833333333333 0.2958984375 0.3697916666666667
0 0.6962890625 0.14192708333333334 0.7109375 0.15104166666666666 0.7119140625 0.15494791666666666 0.7080078125 0.1640625 0.7109375 0.16927083333333334 0.7255859375 0.17578125 0.7490234375 0.20182291666666666 0.76171875 0.23697916666666666 0.7666015625 0.2630208333333333 0.7666015625 0.2838541666666667 0.7626953125 0.3059895833333333 0.755859375 0.32421875 0.75390625 0.3424479166666667 0.765625 0.35546875 0.765625 0.3645833333333333 0.76171875 0.3723958333333333 0.7490234375 0.3828125 0.732421875 0.3880208333333333 0.720703125 0.3971354166666667 0.689453125 0.41015625 0.662109375 0.41796875 0.6484375 0.41796875 0.6162109375 0.4049479166666667 0.6015625 0.39453125 0.5849609375 0.3736979166666667 0.572265625 0.3229166666666667 0.572265625 0.28515625 0.576171875 0.2721354166666667 0.576171875 0.2513020833333333 0.583984375 0.23697916666666666 0.59765625 0.2265625 0.60546875 0.2109375 0.6279296875 0.19140625 0.638671875 0.171875 0.6533203125 0.1640625 0.6630859375 0.1640625 0.6796875 0.15885416666666666 0.6845703125 0.15364583333333334 0.6884765625 0.14322916666666666 0.6953125 0.14192708333333334
0 0.4013671875 0.22916666666666666 0.419921875 0.24348958333333334 0.4423828125 0.2708333333333333 0.455078125 0.3072916666666667 0.4560546875 0.328125 0.4462890625 0.3684895833333333 0.431640625 0.3971354166666667 0.4248046875 0.40625 0.40625 0.41796875 0.3935546875 0.4192708333333333 0.37890625 0.42578125 0.3681640625 0.4244791666666667 0.3466796875 0.3984375 0.3203125 0.3736979166666667 0.3173828125 0.3567708333333333 0.30859375 0.34765625 0.3037109375 0.3046875 0.318359375 0.2708333333333333 0.3349609375 0.24739583333333334 0.3447265625 0.23958333333333334 0.3564453125 0.23307291666666666 0.3681640625 0.23046875 0.400390625 0.22916666666666666
0 0.8544921875 0.24609375 0.8828125 0.2513020833333333 0.8837890625 0.2552083333333333 0.8798828125 0.2682291666666667 0.880859375 0.2747395833333333 0.88671875 0.2825520833333333 0.900390625 0.2916666666666667 0.9091796875 0.3059895833333333 0.9169921875 0.3125 0.916015625 0.3255208333333333 0.904296875 0.34765625 0.896484375 0.3528645833333333 0.8837890625 0.3684895833333333 0.87109375 0.3723958333333333 0.8486328125 0.3684895833333333 0.7919921875 0.3697916666666667 0.78125 0.3619791666666667 0.7822265625 0.3515625 0.7861328125 0.3463541666666667 0.796875 0.33984375 0.798828125 0.3307291666666667 0.8095703125 0.3111979166666667 0.8125 0.3033854166666667 0.814453125 0.2760416666666667 0.8203125 0.2604166666666667 0.83203125 0.24739583333333334 0.853515625 0.24609375
0 0.6220703125 0.4440104166666667 0.6552734375 0.4622395833333333 0.67578125 0.48046875 0.7060546875 0.5364583333333334 0.7099609375 0.5611979166666666 0.716796875 0.5807291666666666 0.716796875 0.6119791666666666 0.7119140625 0.6471354166666666 0.6884765625 0.6927083333333334 0.685546875 0.7057291666666666 0.6767578125 0.7122395833333334 0.666015625 0.7096354166666666 0.638671875 0.7122395833333334 0.62109375 0.7109375 0.59375 0.69921875 0.5751953125 0.68359375 0.556640625 0.66015625 0.5498046875 0.6471354166666666 0.5361328125 0.5872395833333334 0.529296875 0.5690104166666666 0.52734375 0.5572916666666666 0.52734375 0.5325520833333334 0.5283203125 0.5260416666666666 0.53515625 0.515625 0.5380859375 0.5065104166666666 0.583984375 0.4583333333333333 0.603515625 0.4505208333333333 0.6103515625 0.4440104166666667 0.62109375 0.4440104166666667
0 0.513671875 0.22265625 0.5322265625 0.2265625 0.556640625 0.24609375 0.572265625 0.2630208333333333 0.5732421875 0.2721354166666667 0.560546875 0.30859375 0.5498046875 0.3033854166666667 0.5419921875 0.3033854166666667 0.5224609375 0.2942708333333333 0.50390625 0.2981770833333333 0.48828125 0.296875 0.4736328125 0.3072916666666667 0.458984375 0.3072916666666667 0.4560546875 0.3033854166666667 0.4482421875 0.2747395833333333 0.4501953125 0.26171875 0.458984375 0.24348958333333334 0.46484375 0.23567708333333334 0.4736328125 0.22916666666666666 0.49609375 0.22265625 0.5126953125 0.22265625
0 0.77734375 0.19791666666666666 0.7890625 0.20182291666666666 0.7958984375 0.20833333333333334 0.810546875 0.24348958333333334 0.8134765625 0.2708333333333333 0.80859375 0.30859375 0.7978515625 0.3307291666666667 0.7958984375 0.33984375 0.7724609375 0.3515625 0.7626953125 0.3463541666666667 0.7568359375 0.33984375 0.7578125 0.3255208333333333 0.7666015625 0.296875 0.7685546875 0.2786458333333333 0.763671875 0.23828125 0.751953125 0.20833333333333334 0.751953125 0.20182291666666666 0.765625 0.1953125 0.7763671875 0.19791666666666666