0 0.390625 0.6197916666666666 0.3975694444444444 0.625 0.40625 0.625 0.4166666666666667 0.62890625 0.4513888888888889 0.6302083333333334 0.4878472222222222 0.6653645833333334 0.5052083333333334 0.6770833333333334 0.5243055555555556 0.6940104166666666 0.5329861111111112 0.71875 0.5329861111111112 0.7330729166666666 0.5260416666666666 0.7669270833333334 0.5190972222222222 0.7786458333333334 0.5017361111111112 0.7981770833333334 0.4652777777777778 0.8216145833333334 0.421875 0.8359375 0.3940972222222222 0.83984375 0.3715277777777778 0.83984375 0.3263888888888889 0.8333333333333334 0.2690972222222222 0.8072916666666666 0.2309027777777778 0.7721354166666666 0.21875 0.75 0.2152777777777778 0.7330729166666666 0.2152777777777778 0.70703125 0.21875 0.6979166666666666 0.2326388888888889 0.6744791666666666 0.2569444444444444 0.6536458333333334 0.2899305555555556 0.63671875 0.3142361111111111 0.6354166666666666 0.3472222222222222 0.625 0.3576388888888889 0.625 0.3854166666666667 0.6184895833333334 0.3888888888888889 0.6197916666666666
0 0.7847222222222222 0.58984375 0.8177083333333334 0.60546875 0.8385416666666666 0.6080729166666666 0.8680555555555556 0.6184895833333334 0.8958333333333334 0.63671875 0.9097222222222222 0.6536458333333334 0.9184027777777778 0.66015625 0.9236111111111112 0.671875 0.9305555555555556 0.6796875 0.9340277777777778 0.6796875 0.9444444444444444 0.6731770833333334 0.9496527777777778 0.6731770833333334 0.9548611111111112 0.6809895833333334 0.9548611111111112 0.7018229166666666 0.9496527777777778 0.72265625 0.9270833333333334 0.7578125 0.9201388888888888 0.7604166666666666 0.9079861111111112 0.76953125 0.8715277777777778 0.7864583333333334 0.8506944444444444 0.7942708333333334 0.8315972222222222 0.7981770833333334 0.7638888888888888 0.79296875 0.7274305555555556 0.77734375 0.703125 0.7591145833333334 0.6805555555555556 0.73828125 0.6701388888888888 0.7213541666666666 0.6614583333333334 0.6966145833333334 0.6614583333333334 0.6861979166666666 0.6684027777777778 0.6692708333333334 0.6701388888888888 0.6471354166666666 0.6822916666666666 0.6354166666666666 0.6857638888888888 0.62890625 0.6927083333333334 0.625 0.7118055555555556 0.62109375 0.7239583333333334 0.60546875 0.7395833333333334 0.6002604166666666 0.75 0.59375 0.7673611111111112 0.58984375 0.7743055555555556 0.5911458333333334 0.7829861111111112 0.58984375
0 0.2916666666666667 0.2890625 0.2951388888888889 0.2916666666666667 0.3072916666666667 0.29296875 0.3107638888888889 0.2955729166666667 0.3541666666666667 0.2981770833333333 0.3888888888888889 0.30859375 0.40625 0.3203125 0.421875 0.33984375 0.4253472222222222 0.3645833333333333 0.4149305555555556 0.3880208333333333 0.3767361111111111 0.4140625 0.3663194444444444 0.4270833333333333 0.3524305555555556 0.4361979166666667 0.3385416666666667 0.4348958333333333 0.3315972222222222 0.4309895833333333 0.3038194444444444 0.4283854166666667 0.265625 0.4205729166666667 0.23958333333333334 0.4036458333333333 0.2326388888888889 0.3971354166666667 0.22395833333333334 0.3828125 0.2204861111111111 0.3697916666666667 0.2222222222222222 0.35546875 0.2309027777777778 0.3411458333333333 0.23958333333333334 0.33203125 0.2378472222222222 0.3268229166666667 0.24131944444444445 0.3190104166666667 0.2465277777777778 0.3151041666666667 0.2621527777777778 0.3125 0.2690972222222222 0.30859375 0.2708333333333333 0.3059895833333333 0.2690972222222222 0.2903645833333333 0.2725694444444444 0.2864583333333333 0.28125 0.28515625 0.2899305555555556 0.2890625
0 0.1909722222222222 0.5481770833333334 0.2204861111111111 0.5546875 0.2361111111111111 0.5625 0.2465277777777778 0.5651041666666666 0.2708333333333333 0.6041666666666666 0.2743055555555556 0.60546875 0.2725694444444444 0.63671875 0.2708333333333333 0.640625 0.2534722222222222 0.6510416666666666 0.2309027777777778 0.6705729166666666 0.21354166666666666 0.69921875 0.203125 0.7057291666666666 0.1753472222222222 0.7109375 0.1232638888888889 0.7096354166666666 0.0954861111111111 0.6979166666666666 0.08333333333333333 0.6875 0.06597222222222222 0.65625 0.05555555555555555 0.6484375 0.05555555555555555 0.6432291666666666 0.0642361111111111 0.6341145833333334 0.06597222222222222 0.6106770833333334 0.08333333333333333 0.5885416666666666 0.10069444444444445 0.5729166666666666 0.11284722222222222 0.5651041666666666 0.1423611111111111 0.5520833333333334 0.16319444444444445 0.5481770833333334 0.1892361111111111 0.5481770833333334
0 0.2829861111111111 0.4283854166666667 0.328125 0.4388020833333333 0.3350694444444444 0.4388020833333333 0.3402777777777778 0.4427083333333333 0.359375 0.4856770833333333 0.359375 0.5169270833333334 0.3541666666666667 0.5286458333333334 0.3333333333333333 0.55078125 0.3142361111111111 0.5572916666666666 0.2795138888888889 0.5625 0.24131944444444445 0.5572916666666666 0.1996527777777778 0.5416666666666666 0.18055555555555555 0.51171875 0.1753472222222222 0.4947916666666667 0.1753472222222222 0.48046875 0.1857638888888889 0.4557291666666667 0.203125 0.44140625 0.21354166666666666 0.4361979166666667 0.234375 0.4296875 0.2534722222222222 0.4270833333333333 0.28125 0.4283854166666667
0 0.7760416666666666 0.4296875 0.796875 0.43359375 0.8090277777777778 0.4466145833333333 0.8125 0.4596354166666667 0.8125 0.4752604166666667 0.8298611111111112 0.4973958333333333 0.8385416666666666 0.51953125 0.8454861111111112 0.5286458333333334 0.8454861111111112 0.53515625 0.8420138888888888 0.5442708333333334 0.8159722222222222 0.5677083333333334 0.8003472222222222 0.578125 0.78125 0.5859375 0.7534722222222222 0.5885416666666666 0.7430555555555556 0.5950520833333334 0.7326388888888888 0.59765625 0.7152777777777778 0.59765625 0.7065972222222222 0.59375 0.6805555555555556 0.59375 0.6770833333333334 0.5911458333333334 0.6701388888888888 0.5846354166666666 0.6666666666666666 0.5729166666666666 0.6579861111111112 0.5598958333333334 0.6510416666666666 0.5520833333333334 0.640625 0.5455729166666666 0.6336805555555556 0.5364583333333334 0.6302083333333334 0.5260416666666666 0.6302083333333334 0.5052083333333334 0.6388888888888888 0.4830729166666667 0.65625 0.46484375 0.6770833333333334 0.45703125 0.6927083333333334 0.4557291666666667 0.71875 0.4427083333333333 0.7378472222222222 0.44140625 0.7552083333333334 0.4322916666666667 0.7743055555555556 0.4296875
0 0.578125 0.5286458333333334 0.5954861111111112 0.5299479166666666 0.609375 0.5247395833333334 0.6145833333333334 0.5299479166666666 0.6145833333333334 0.53515625 0.6527777777777778 0.5598958333333334 0.6631944444444444 0.5833333333333334 0.6666666666666666 0.6341145833333334 0.6527777777777778 0.66015625 0.6440972222222222 0.6705729166666666 0.6041666666666666 0.6901041666666666 0.5659722222222222 0.6966145833333334 0.5503472222222222 0.6966145833333334 0.53125 0.6927083333333334 0.4895833333333333 0.66015625 0.484375 0.65234375 0.4774305555555556 0.6471354166666666 0.4739583333333333 0.6380208333333334 0.4600694444444444 0.6302083333333334 0.4583333333333333 0.6041666666666666 0.4652777777777778 0.58203125 0.4791666666666667 0.5625 0.4930555555555556 0.5520833333333334 0.5086805555555556 0.54296875 0.5364583333333334 0.53125 0.5503472222222222 0.5286458333333334 0.5763888888888888 0.5286458333333334
0 0.3715277777777778 0.16536458333333334 0.4114583333333333 0.17447916666666666 0.4288194444444444 0.1875 0.4461805555555556 0.1953125 0.4565972222222222 0.20703125 0.4565972222222222 0.2109375 0.4513888888888889 0.21614583333333334 0.4565972222222222 0.23177083333333334 0.4565972222222222 0.25390625 0.4496527777777778 0.2708333333333333 0.4409722222222222 0.28125 0.4253472222222222 0.29296875 0.4079861111111111 0.30078125 0.3958333333333333 0.3033854166666667 0.3888888888888889 0.3033854166666667 0.3489583333333333 0.2942708333333333 0.328125 0.29296875 0.3211805555555556 0.2890625 0.2951388888888889 0.2864583333333333 0.2847222222222222 0.2825520833333333 0.2795138888888889 0.2799479166666667 0.2621527777777778 0.2604166666666667 0.2534722222222222 0.234375 0.2586805555555556 0.21354166666666666 0.2725694444444444 0.19401041666666666 0.2795138888888889 0.1875 0.296875 0.1796875 0.3090277777777778 0.16796875 0.3298611111111111 0.16796875 0.3385416666666667 0.1640625 0.3697916666666667 0.16536458333333334
0 0.4861111111111111 0.3919270833333333 0.4947916666666667 0.3932291666666667 0.5243055555555556 0.4036458333333333 0.5486111111111112 0.4205729166666667 0.5520833333333334 0.4283854166666667 0.5555555555555556 0.45703125 0.5520833333333334 0.4622395833333333 0.5503472222222222 0.4817708333333333 0.5381944444444444 0.5026041666666666 0.5121527777777778 0.51953125 0.4809027777777778 0.52734375 0.4496527777777778 0.5260416666666666 0.4201388888888889 0.515625 0.3993055555555556 0.5013020833333334 0.3871527777777778 0.4856770833333333 0.3802083333333333 0.4713541666666667 0.3802083333333333 0.44921875 0.3819444444444444 0.4427083333333333 0.390625 0.4309895833333333 0.421875 0.4075520833333333 0.4479166666666667 0.3958333333333333 0.46875 0.3919270833333333 0.484375 0.3919270833333333
0 0.6232638888888888 0.7252604166666666 0.6458333333333334 0.7291666666666666 0.65625 0.7330729166666666 0.6736111111111112 0.7408854166666666 0.6875 0.75 0.7100694444444444 0.76953125 0.7170138888888888 0.7877604166666666 0.7170138888888888 0.8098958333333334 0.703125 0.8411458333333334 0.6927083333333334 0.8528645833333334 0.6805555555555556 0.8619791666666666 0.6614583333333334 0.8684895833333334 0.6267361111111112 0.8671875 0.5677083333333334 0.8580729166666666 0.5399305555555556 0.8424479166666666 0.53125 0.83203125 0.5243055555555556 0.8177083333333334 0.5260416666666666 0.7864583333333334 0.53125 0.7747395833333334 0.546875 0.7578125 0.5746527777777778 0.7395833333333334 0.5972222222222222 0.73046875 0.6215277777777778 0.7252604166666666
0 0.671875 0.3697916666666667 0.6805555555555556 0.3815104166666667 0.6875 0.3854166666666667 0.7013888888888888 0.38671875 0.7135416666666666 0.3932291666666667 0.71875 0.40625 0.7222222222222222 0.4361979166666667 0.7152777777777778 0.4427083333333333 0.703125 0.44921875 0.6892361111111112 0.453125 0.6822916666666666 0.453125 0.6597222222222222 0.4609375 0.6354166666666666 0.4778645833333333 0.6197916666666666 0.4739583333333333 0.59375 0.4635416666666667 0.5833333333333334 0.4505208333333333 0.5798611111111112 0.43359375 0.5763888888888888 0.4283854166666667 0.5763888888888888 0.4192708333333333 0.5850694444444444 0.4075520833333333 0.6371527777777778 0.3880208333333333 0.6597222222222222 0.3723958333333333 0.6701388888888888 0.3697916666666667
0 0.6128472222222222 0.20963541666666666 0.6458333333333334 0.21875 0.6579861111111112 0.22526041666666666 0.6684027777777778 0.22786458333333334 0.6875 0.24348958333333334 0.6961805555555556 0.2526041666666667 0.7065972222222222 0.2721354166666667 0.7083333333333334 0.2994791666666667 0.6996527777777778 0.32421875 0.6805555555555556 0.3541666666666667 0.671875 0.36328125 0.6666666666666666 0.3671875 0.6597222222222222 0.3684895833333333 0.6510416666666666 0.3763020833333333 0.6336805555555556 0.38671875 0.5972222222222222 0.3984375 0.5920138888888888 0.40234375 0.5711805555555556 0.4049479166666667 0.546875 0.4049479166666667 0.5086805555555556 0.390625 0.4774305555555556 0.3854166666666667 0.4427083333333333 0.3528645833333333 0.4409722222222222 0.3216145833333333 0.4444444444444444 0.3098958333333333 0.453125 0.3020833333333333 0.4722222222222222 0.2734375 0.4861111111111111 0.26171875 0.5052083333333334 0.23828125 0.5173611111111112 0.22916666666666666 0.5659722222222222 0.20833333333333334 0.5815972222222222 0.2109375 0.6076388888888888 0.20703125 0.6111111111111112 0.20963541666666666