0 0.4736328125 0.2994791666666667 0.4873046875 0.30859375 0.5048828125 0.3372395833333333 0.513671875 0.37109375 0.5126953125 0.4010416666666667 0.5078125 0.4192708333333333 0.5078125 0.4322916666666667 0.501953125 0.4348958333333333 0.4912109375 0.453125 0.4794921875 0.4661458333333333 0.46484375 0.4778645833333333 0.4521484375 0.4817708333333333 0.4462890625 0.4791666666666667 0.44140625 0.4518229166666667 0.431640625 0.4322916666666667 0.4267578125 0.4166666666666667 0.40234375 0.39453125 0.3759765625 0.3828125 0.375 0.3723958333333333 0.37890625 0.3541666666666667 0.3828125 0.34765625 0.40234375 0.3346354166666667 0.4189453125 0.3138020833333333 0.435546875 0.2981770833333333 0.47265625 0.2994791666666667
0 0.4873046875 0.02734375 0.4921875 0.028645833333333332 0.4951171875 0.016927083333333332 0.498046875 0.013020833333333334 0.5009765625 0.013020833333333334 0.5048828125 0.018229166666666668 0.5166015625 0.045572916666666664 0.5205078125 0.08072916666666667 0.51953125 0.08984375 0.513671875 0.10026041666666667 0.5087890625 0.10286458333333333 0.5009765625 0.1015625 0.4951171875 0.11458333333333333 0.474609375 0.14192708333333334 0.4658203125 0.16015625 0.4638671875 0.16015625 0.4599609375 0.15364583333333334 0.4560546875 0.13541666666666666 0.4482421875 0.11458333333333333 0.4296875 0.09244791666666667 0.419921875 0.08463541666666667 0.41796875 0.08203125 0.41796875 0.07421875 0.44140625 0.029947916666666668 0.4453125 0.029947916666666668 0.453125 0.040364583333333336 0.4638671875 0.041666666666666664 0.46875 0.0390625 0.48046875 0.022135416666666668 0.484375 0.0234375 0.486328125 0.02734375
0 0.7060546875 0.62890625 0.7236328125 0.6328125 0.7373046875 0.640625 0.7529296875 0.6575520833333334 0.7578125 0.6692708333333334 0.7626953125 0.7057291666666666 0.7626953125 0.7408854166666666 0.7578125 0.7799479166666666 0.734375 0.80078125 0.71484375 0.80859375 0.689453125 0.8111979166666666 0.673828125 0.8072916666666666 0.650390625 0.79296875 0.6318359375 0.7591145833333334 0.6279296875 0.7408854166666666 0.6279296875 0.6940104166666666 0.630859375 0.6796875 0.66015625 0.65234375 0.6728515625 0.6341145833333334 0.6806640625 0.62890625 0.705078125 0.6302083333333334
0 0.80859375 0.4700520833333333 0.81640625 0.47265625 0.833984375 0.4856770833333333 0.841796875 0.4934895833333333 0.8525390625 0.5104166666666666 0.8564453125 0.53515625 0.8564453125 0.5598958333333334 0.8515625 0.5950520833333334 0.853515625 0.6145833333333334 0.8515625 0.6197916666666666 0.84765625 0.6223958333333334 0.8388671875 0.6223958333333334 0.8291015625 0.6158854166666666 0.822265625 0.6158854166666666 0.80078125 0.6328125 0.791015625 0.6354166666666666 0.767578125 0.6328125 0.748046875 0.6197916666666666 0.7373046875 0.609375 0.728515625 0.58984375 0.7255859375 0.5755208333333334 0.72265625 0.5221354166666666 0.724609375 0.5104166666666666 0.73046875 0.49609375 0.7490234375 0.4765625 0.767578125 0.4752604166666667 0.7861328125 0.46875 0.8076171875 0.4700520833333333
0 0.2861328125 0.7005208333333334 0.30078125 0.7057291666666666 0.318359375 0.7174479166666666 0.330078125 0.73046875 0.3388671875 0.7421875 0.353515625 0.76953125 0.3623046875 0.77734375 0.3681640625 0.79296875 0.3759765625 0.7994791666666666 0.3779296875 0.8072916666666666 0.3837890625 0.8151041666666666 0.3837890625 0.8216145833333334 0.3798828125 0.8372395833333334 0.3759765625 0.8424479166666666 0.357421875 0.8424479166666666 0.310546875 0.9088541666666666 0.287109375 0.9231770833333334 0.263671875 0.9270833333333334 0.2470703125 0.9270833333333334 0.240234375 0.9231770833333334 0.2255859375 0.9075520833333334 0.1962890625 0.8580729166666666 0.1923828125 0.85546875 0.181640625 0.85546875 0.1748046875 0.8502604166666666 0.1669921875 0.8346354166666666 0.1669921875 0.81640625 0.169921875 0.7942708333333334 0.177734375 0.7734375 0.201171875 0.7604166666666666 0.2080078125 0.7473958333333334 0.2197265625 0.7356770833333334 0.2314453125 0.71875 0.251953125 0.7018229166666666 0.26171875 0.69921875 0.28515625 0.7005208333333334
0 0.3740234375 0.38671875 0.384765625 0.3893229166666667 0.4033203125 0.3997395833333333 0.42578125 0.421875 0.439453125 0.453125 0.4443359375 0.4830729166666667 0.443359375 0.51171875 0.4384765625 0.5377604166666666 0.4287109375 0.5625 0.4189453125 0.5794270833333334 0.3896484375 0.6067708333333334 0.3525390625 0.6184895833333334 0.3359375 0.6158854166666666 0.3134765625 0.60546875 0.3037109375 0.5989583333333334 0.28125 0.5768229166666666 0.263671875 0.54296875 0.259765625 0.5169270833333334 0.259765625 0.4934895833333333 0.2646484375 0.4713541666666667 0.271484375 0.453125 0.2861328125 0.42578125 0.302734375 0.4036458333333333 0.3134765625 0.39453125 0.328125 0.38671875 0.373046875 0.38671875
0 0.390625 0.07291666666666667 0.419921875 0.08723958333333333 0.4296875 0.09635416666666667 0.447265625 0.11979166666666667 0.4638671875 0.17057291666666666 0.46484375 0.20442708333333334 0.4619140625 0.23046875 0.4560546875 0.25390625 0.447265625 0.2682291666666667 0.4443359375 0.2786458333333333 0.404296875 0.3255208333333333 0.3837890625 0.3424479166666667 0.3671875 0.3450520833333333 0.35546875 0.3502604166666667 0.3388671875 0.3515625 0.328125 0.3606770833333333 0.3203125 0.36328125 0.3134765625 0.3606770833333333 0.314453125 0.3489583333333333 0.3017578125 0.3307291666666667 0.291015625 0.3229166666666667 0.2822265625 0.3111979166666667 0.2685546875 0.2838541666666667 0.2626953125 0.2682291666666667 0.259765625 0.25 0.2587890625 0.234375 0.2607421875 0.20833333333333334 0.2841796875 0.15755208333333334 0.298828125 0.13411458333333334 0.32421875 0.1015625 0.3427734375 0.08333333333333333 0.349609375 0.07942708333333333 0.3544921875 0.07942708333333333 0.3671875 0.07291666666666667 0.3896484375 0.07291666666666667
0 0.2529296875 0.37890625 0.27734375 0.3854166666666667 0.2919921875 0.3919270833333333 0.2998046875 0.3997395833333333 0.271484375 0.4479166666666667 0.263671875 0.4674479166666667 0.2578125 0.4934895833333333 0.2568359375 0.515625 0.2607421875 0.5390625 0.2783203125 0.57421875 0.2783203125 0.578125 0.275390625 0.5807291666666666 0.2607421875 0.5846354166666666 0.2373046875 0.5846354166666666 0.228515625 0.58203125 0.2138671875 0.57421875 0.1982421875 0.5611979166666666 0.1787109375 0.5364583333333334 0.17578125 0.5260416666666666 0.1689453125 0.5143229166666666 0.1669921875 0.50390625 0.1669921875 0.4752604166666667 0.169921875 0.4427083333333333 0.1748046875 0.4283854166666667 0.185546875 0.41015625 0.2021484375 0.39453125 0.212890625 0.3919270833333333 0.2216796875 0.3854166666666667 0.2421875 0.3776041666666667 0.251953125 0.37890625
0 0.6689453125 0.2265625 0.7021484375 0.23307291666666666 0.716796875 0.24348958333333334 0.7265625 0.2552083333333333 0.736328125 0.2734375 0.7421875 0.2916666666666667 0.7509765625 0.3450520833333333 0.7509765625 0.37109375 0.748046875 0.390625 0.734375 0.43359375 0.7197265625 0.4583333333333333 0.7080078125 0.46875 0.69921875 0.484375 0.6962890625 0.4973958333333333 0.6923828125 0.50390625 0.6728515625 0.5026041666666666 0.6708984375 0.5 0.671875 0.4869791666666667 0.669921875 0.484375 0.658203125 0.484375 0.6318359375 0.4661458333333333 0.5947265625 0.44921875 0.5869140625 0.4388020833333333 0.580078125 0.4244791666666667 0.572265625 0.3932291666666667 0.5712890625 0.3697916666666667 0.5634765625 0.3502604166666667 0.568359375 0.3177083333333333 0.57421875 0.2955729166666667 0.5908203125 0.2682291666666667 0.607421875 0.2526041666666667 0.615234375 0.24088541666666666 0.62109375 0.23697916666666666 0.6337890625 0.23567708333333334 0.6552734375 0.2265625 0.66796875 0.2265625
0 0.6005859375 0.45703125 0.6455078125 0.48046875 0.6630859375 0.5 0.6689453125 0.51171875 0.6767578125 0.5390625 0.6787109375 0.5520833333333334 0.6787109375 0.5768229166666666 0.67578125 0.5885416666666666 0.6728515625 0.6197916666666666 0.650390625 0.6536458333333334 0.6220703125 0.6822916666666666 0.59765625 0.6848958333333334 0.580078125 0.6848958333333334 0.56640625 0.6809895833333334 0.5546875 0.6744791666666666 0.54296875 0.6640625 0.5185546875 0.6158854166666666 0.5146484375 0.60546875 0.5146484375 0.5911458333333334 0.5048828125 0.5716145833333334 0.5048828125 0.5638020833333334 0.5078125 0.5533854166666666 0.5283203125 0.5091145833333334 0.55078125 0.4739583333333333 0.5615234375 0.4661458333333333 0.587890625 0.4557291666666667 0.599609375 0.45703125
0 0.45703125 0.5690104166666666 0.4873046875 0.5846354166666666 0.4990234375 0.5950520833333334 0.5126953125 0.61328125 0.537109375 0.6614583333333334 0.541015625 0.6770833333333334 0.544921875 0.7122395833333334 0.5419921875 0.7552083333333334 0.5390625 0.76953125 0.5322265625 0.78515625 0.509765625 0.8151041666666666 0.498046875 0.8229166666666666 0.478515625 0.8294270833333334 0.4521484375 0.8294270833333334 0.435546875 0.8255208333333334 0.40625 0.8059895833333334 0.3896484375 0.8020833333333334 0.375 0.7903645833333334 0.3564453125 0.7552083333333334 0.35546875 0.7395833333333334 0.3466796875 0.7213541666666666 0.33984375 0.6927083333333334 0.3388671875 0.6549479166666666 0.341796875 0.6419270833333334 0.349609375 0.625 0.392578125 0.6106770833333334 0.408203125 0.59765625 0.431640625 0.5690104166666666 0.4560546875 0.5690104166666666
0 0.568359375 0.09765625 0.5966796875 0.11197916666666667 0.6044921875 0.11848958333333333 0.6181640625 0.13671875 0.623046875 0.14583333333333334 0.630859375 0.17708333333333334 0.6318359375 0.2109375 0.6298828125 0.21614583333333334 0.623046875 0.22135416666666666 0.6201171875 0.22916666666666666 0.61328125 0.23828125 0.578125 0.2786458333333333 0.5703125 0.2838541666666667 0.54296875 0.29296875 0.533203125 0.2916666666666667 0.501953125 0.2721354166666667 0.47265625 0.23828125 0.4677734375 0.22265625 0.46875 0.16015625 0.482421875 0.1328125 0.4892578125 0.12369791666666667 0.509765625 0.10546875 0.5478515625 0.09375 0.560546875 0.09375 0.5673828125 0.09765625