0 0.6044921875 0 0.693359375 0 0.705078125 0.03125 0.705078125 0.037760416666666664 0.703125 0.040364583333333336 0.6826171875 0.05859375 0.6728515625 0.07291666666666667 0.6650390625 0.09114583333333333 0.6611328125 0.11197916666666667 0.6572265625 0.1171875 0.6376953125 0.109375 0.6044921875 0.10416666666666667 0.59765625 0.08984375 0.591796875 0.059895833333333336 0.59375 0.020833333333333332 0.5986328125 0.009114583333333334 0.6044921875 0.0013020833333333333
0 0.51171875 0.6497395833333334 0.5341796875 0.6536458333333334 0.5556640625 0.6705729166666666 0.5791015625 0.7018229166666666 0.5888671875 0.7200520833333334 0.6025390625 0.7604166666666666 0.603515625 0.81640625 0.59765625 0.8463541666666666 0.5859375 0.8776041666666666 0.578125 0.8893229166666666 0.5615234375 0.9075520833333334 0.54296875 0.91796875 0.521484375 0.9205729166666666 0.4921875 0.91796875 0.4638671875 0.9075520833333334 0.455078125 0.8971354166666666 0.44921875 0.8932291666666666 0.4443359375 0.8932291666666666 0.4345703125 0.9140625 0.431640625 0.9283854166666666 0.41796875 0.8997395833333334 0.4189453125 0.875 0.416015625 0.8658854166666666 0.4169921875 0.8541666666666666 0.4072265625 0.8385416666666666 0.4072265625 0.8307291666666666 0.41015625 0.8216145833333334 0.3994140625 0.7877604166666666 0.4013671875 0.75 0.4130859375 0.7291666666666666 0.41796875 0.7135416666666666 0.4267578125 0.6966145833333334 0.431640625 0.6927083333333334 0.44921875 0.66796875 0.4736328125 0.6510416666666666 0.4873046875 0.6484375 0.5107421875 0.6497395833333334
0 0.748046875 0.34375 0.763671875 0.34765625 0.7763671875 0.3541666666666667 0.7998046875 0.37890625 0.80859375 0.3984375 0.8154296875 0.4231770833333333 0.81640625 0.4505208333333333 0.810546875 0.46875 0.8095703125 0.48046875 0.796875 0.5104166666666666 0.775390625 0.5377604166666666 0.767578125 0.5442708333333334 0.76171875 0.5481770833333334 0.7392578125 0.5546875 0.7265625 0.5546875 0.7060546875 0.5481770833333334 0.6826171875 0.5130208333333334 0.6650390625 0.4947916666666667 0.6650390625 0.4817708333333333 0.6611328125 0.4661458333333333 0.6591796875 0.4388020833333333 0.669921875 0.4075520833333333 0.6796875 0.38671875 0.6953125 0.3619791666666667 0.7060546875 0.3515625 0.7177734375 0.3450520833333333 0.7294921875 0.3424479166666667 0.7470703125 0.34375
0 0.453125 0.3411458333333333 0.45703125 0.3541666666666667 0.46484375 0.3619791666666667 0.4775390625 0.3580729166666667 0.482421875 0.36328125 0.4873046875 0.3606770833333333 0.4892578125 0.36328125 0.4892578125 0.3828125 0.484375 0.3997395833333333 0.48046875 0.40625 0.4599609375 0.3880208333333333 0.421875 0.37109375 0.3994140625 0.37109375 0.390625 0.3736979166666667 0.37109375 0.3723958333333333 0.3720703125 0.3645833333333333 0.3759765625 0.3580729166666667 0.3876953125 0.3515625 0.4111328125 0.3515625 0.4306640625 0.3424479166666667 0.4521484375 0.3411458333333333
0 0.6279296875 0.11197916666666667 0.6494140625 0.11979166666666667 0.6650390625 0.14192708333333334 0.669921875 0.15755208333333334 0.673828125 0.20572916666666666 0.66796875 0.23567708333333334 0.6611328125 0.2526041666666667 0.6376953125 0.28125 0.626953125 0.3020833333333333 0.6162109375 0.3098958333333333 0.59765625 0.3033854166666667 0.5771484375 0.30078125 0.5673828125 0.29296875 0.5625 0.29296875 0.556640625 0.296875 0.548828125 0.2916666666666667 0.52734375 0.2591145833333333 0.51953125 0.21875 0.5185546875 0.203125 0.5205078125 0.19010416666666666 0.53515625 0.16145833333333334 0.54296875 0.14973958333333334 0.5576171875 0.13802083333333334 0.5673828125 0.125 0.6025390625 0.11197916666666667 0.626953125 0.11197916666666667
0 0.6279296875 0.4791666666666667 0.673828125 0.5078125 0.693359375 0.53125 0.703125 0.5546875 0.7138671875 0.5729166666666666 0.7177734375 0.6041666666666666 0.7138671875 0.6341145833333334 0.6923828125 0.6783854166666666 0.6640625 0.7044270833333334 0.6396484375 0.7109375 0.6025390625 0.7096354166666666 0.595703125 0.703125 0.591796875 0.6888020833333334 0.5771484375 0.6640625 0.5703125 0.6588541666666666 0.5517578125 0.6588541666666666 0.54296875 0.6536458333333334 0.5341796875 0.6328125 0.5302734375 0.60546875 0.53125 0.56640625 0.5341796875 0.5494791666666666 0.544921875 0.5208333333333334 0.5576171875 0.50390625 0.576171875 0.4895833333333333 0.58984375 0.4830729166666667 0.611328125 0.4778645833333333 0.626953125 0.4791666666666667
0 0.3759765625 0.3763020833333333 0.3818359375 0.3776041666666667 0.3974609375 0.3736979166666667 0.4248046875 0.375 0.4619140625 0.3919270833333333 0.4794921875 0.4088541666666667 0.4990234375 0.44140625 0.5126953125 0.4700520833333333 0.5166015625 0.5078125 0.51953125 0.5182291666666666 0.521484375 0.5481770833333334 0.517578125 0.5625 0.5146484375 0.5911458333333334 0.5048828125 0.6158854166666666 0.4912109375 0.640625 0.46875 0.6484375 0.4345703125 0.67578125 0.408203125 0.6796875 0.380859375 0.69140625 0.357421875 0.6901041666666666 0.353515625 0.6927083333333334 0.3388671875 0.69140625 0.3359375 0.6796875 0.33203125 0.6731770833333334 0.3173828125 0.6692708333333334 0.3115234375 0.6640625 0.3017578125 0.64453125 0.291015625 0.6328125 0.291015625 0.6197916666666666 0.28125 0.58984375 0.2763671875 0.5533854166666666 0.275390625 0.5247395833333334 0.2724609375 0.51171875 0.27734375 0.4791666666666667 0.2861328125 0.4544270833333333 0.3017578125 0.4244791666666667 0.3134765625 0.4088541666666667 0.3486328125 0.3828125 0.375 0.3763020833333333
0 0.453125 0.12890625 0.474609375 0.13932291666666666 0.484375 0.14713541666666666 0.5087890625 0.18098958333333334 0.515625 0.20052083333333334 0.515625 0.2578125 0.5087890625 0.2786458333333333 0.49609375 0.30078125 0.48046875 0.3216145833333333 0.466796875 0.33203125 0.4560546875 0.3359375 0.4423828125 0.3359375 0.4228515625 0.3268229166666667 0.400390625 0.30078125 0.392578125 0.28515625 0.3837890625 0.2734375 0.369140625 0.265625 0.361328125 0.24479166666666666 0.3623046875 0.22526041666666666 0.380859375 0.19921875 0.3916015625 0.1640625 0.4052734375 0.14322916666666666 0.423828125 0.13151041666666666 0.4521484375 0.12890625
0 0.7861328125 0.01953125 0.7900390625 0.018229166666666668 0.7919921875 0.020833333333333332 0.8056640625 0.0234375 0.8212890625 0.022135416666666668 0.82421875 0.028645833333333332 0.8232421875 0.040364583333333336 0.826171875 0.048177083333333336 0.8310546875 0.055989583333333336 0.841796875 0.06510416666666667 0.857421875 0.09505208333333333 0.869140625 0.13411458333333334 0.8701171875 0.171875 0.8662109375 0.19270833333333334 0.85546875 0.21484375 0.8369140625 0.22395833333333334 0.8212890625 0.23567708333333334 0.8115234375 0.24869791666666666 0.798828125 0.2604166666666667 0.7685546875 0.2630208333333333 0.7568359375 0.2669270833333333 0.7431640625 0.2734375 0.7216796875 0.2955729166666667 0.70703125 0.3020833333333333 0.6962890625 0.2994791666666667 0.693359375 0.29296875 0.693359375 0.2786458333333333 0.7001953125 0.2643229166666667 0.7001953125 0.25 0.6943359375 0.22916666666666666 0.6806640625 0.19661458333333334 0.673828125 0.15234375 0.6640625 0.12760416666666666 0.6640625 0.10807291666666667 0.66796875 0.08854166666666667 0.677734375 0.0703125 0.69921875 0.045572916666666664 0.7099609375 0.037760416666666664 0.7373046875 0.028645833333333332 0.775390625 0.03125 0.779296875 0.029947916666666668 0.7861328125 0.020833333333333332
0 0.5693359375 0.2981770833333333 0.57421875 0.3046875 0.5966796875 0.3059895833333333 0.603515625 0.30859375 0.623046875 0.3229166666666667 0.6318359375 0.3346354166666667 0.640625 0.3528645833333333 0.6455078125 0.3736979166666667 0.6474609375 0.3984375 0.640625 0.4401041666666667 0.623046875 0.4700520833333333 0.6162109375 0.4739583333333333 0.58203125 0.4817708333333333 0.560546875 0.4921875 0.552734375 0.4908854166666667 0.5244140625 0.4765625 0.515625 0.4635416666666667 0.5068359375 0.4440104166666667 0.5029296875 0.4270833333333333 0.501953125 0.4088541666666667 0.50390625 0.3697916666666667 0.509765625 0.3372395833333333 0.515625 0.3177083333333333 0.5205078125 0.3125 0.533203125 0.30859375 0.55078125 0.3111979166666667 0.560546875 0.2981770833333333 0.568359375 0.2981770833333333
0 0.4443359375 0 0.5771484375 0 0.5859375 0.024739583333333332 0.58984375 0.0625 0.5888671875 0.0859375 0.5849609375 0.10807291666666667 0.5810546875 0.11328125 0.5654296875 0.12109375 0.556640625 0.1328125 0.55078125 0.13671875 0.525390625 0.171875 0.5185546875 0.17578125 0.51171875 0.17447916666666666 0.5107421875 0.16536458333333334 0.5078125 0.16145833333333334 0.5048828125 0.16276041666666666 0.48046875 0.13671875 0.46484375 0.13151041666666666 0.455078125 0.12369791666666667 0.4345703125 0.12369791666666667 0.4287109375 0.10416666666666667 0.4306640625 0.057291666666666664 0.4248046875 0.046875 0.4248046875 0.041666666666666664 0.4404296875 0.015625 0.4443359375 0.0013020833333333333
0 0.880859375 0.21744791666666666 0.9052734375 0.22786458333333334 0.919921875 0.24348958333333334 0.93359375 0.2643229166666667 0.9404296875 0.28125 0.951171875 0.3229166666666667 0.955078125 0.3515625 0.947265625 0.359375 0.9345703125 0.39453125 0.908203125 0.4361979166666667 0.892578125 0.4453125 0.876953125 0.44921875 0.8486328125 0.4479166666666667 0.8232421875 0.43359375 0.818359375 0.4270833333333333 0.8125 0.40234375 0.8056640625 0.3841145833333333 0.78515625 0.35546875 0.7841796875 0.3307291666666667 0.798828125 0.2721354166666667 0.8203125 0.2421875 0.8359375 0.22916666666666666 0.853515625 0.22005208333333334 0.8798828125 0.21744791666666666