0 0.583984375 0 0.6552734375 0 0.6494140625 0.016927083333333332 0.6474609375 0.03515625 0.6435546875 0.0390625 0.6201171875 0.029947916666666668 0.595703125 0.026041666666666668 0.5869140625 0.01171875 0.583984375 0.0013020833333333333
0 0.48828125 0.6171875 0.5107421875 0.6236979166666666 0.5224609375 0.6328125 0.546875 0.6653645833333334 0.5615234375 0.6783854166666666 0.5615234375 0.6875 0.5751953125 0.72265625 0.57421875 0.7838541666666666 0.568359375 0.8098958333333334 0.560546875 0.8307291666666666 0.5537109375 0.8450520833333334 0.546875 0.8528645833333334 0.5185546875 0.8723958333333334 0.50390625 0.8763020833333334 0.47265625 0.8763020833333334 0.466796875 0.8828125 0.443359375 0.8723958333333334 0.4404296875 0.8697916666666666 0.4365234375 0.859375 0.431640625 0.859375 0.42578125 0.85546875 0.4228515625 0.85546875 0.416015625 0.8658854166666666 0.4111328125 0.8802083333333334 0.3994140625 0.85546875 0.3984375 0.8294270833333334 0.3857421875 0.8033854166666666 0.3857421875 0.796875 0.390625 0.7942708333333334 0.3916015625 0.7903645833333334 0.3837890625 0.7760416666666666 0.3837890625 0.7669270833333334 0.37890625 0.7552083333333334 0.37890625 0.7200520833333334 0.388671875 0.7018229166666666 0.388671875 0.6940104166666666 0.3837890625 0.6888020833333334 0.3837890625 0.6796875 0.388671875 0.6848958333333334 0.3935546875 0.6848958333333334 0.4130859375 0.6536458333333334 0.431640625 0.6328125 0.455078125 0.6197916666666666 0.4873046875 0.6171875
0 0.748046875 0.3046875 0.763671875 0.3125 0.7890625 0.3515625 0.7978515625 0.3893229166666667 0.7978515625 0.4114583333333333 0.7861328125 0.453125 0.771484375 0.48046875 0.748046875 0.5052083333333334 0.7294921875 0.5130208333333334 0.7158203125 0.515625 0.701171875 0.515625 0.6787109375 0.5065104166666666 0.650390625 0.4713541666666667 0.6435546875 0.4557291666666667 0.642578125 0.4309895833333333 0.6376953125 0.4049479166666667 0.650390625 0.3645833333333333 0.66796875 0.3307291666666667 0.6796875 0.3138020833333333 0.6953125 0.3020833333333333 0.7060546875 0.2981770833333333 0.71875 0.2981770833333333 0.7470703125 0.3046875
0 0.544921875 0.2513020833333333 0.548828125 0.2552083333333333 0.56640625 0.25390625 0.578125 0.2565104166666667 0.5986328125 0.2682291666666667 0.6123046875 0.2864583333333333 0.6181640625 0.2981770833333333 0.6220703125 0.3098958333333333 0.6259765625 0.3346354166666667 0.6259765625 0.3619791666666667 0.623046875 0.3815104166666667 0.6201171875 0.39453125 0.6123046875 0.41015625 0.591796875 0.4388020833333333 0.583984375 0.4427083333333333 0.5634765625 0.4466145833333333 0.5205078125 0.4427083333333333 0.5048828125 0.4348958333333333 0.4873046875 0.4088541666666667 0.4833984375 0.3997395833333333 0.4794921875 0.3802083333333333 0.4794921875 0.32421875 0.48828125 0.2799479166666667 0.494140625 0.2708333333333333 0.529296875 0.2643229166666667 0.5390625 0.2513020833333333 0.5439453125 0.2513020833333333
0 0.42578125 0.2786458333333333 0.431640625 0.2838541666666667 0.4345703125 0.2955729166666667 0.443359375 0.30078125 0.4541015625 0.30078125 0.458984375 0.3072916666666667 0.4638671875 0.3059895833333333 0.4658203125 0.30859375 0.466796875 0.3268229166666667 0.462890625 0.3333333333333333 0.4599609375 0.3515625 0.4560546875 0.3619791666666667 0.453125 0.3619791666666667 0.431640625 0.3450520833333333 0.3974609375 0.33203125 0.361328125 0.3307291666666667 0.353515625 0.3346354166666667 0.3447265625 0.33203125 0.34375 0.3190104166666667 0.345703125 0.3098958333333333 0.3505859375 0.3020833333333333 0.3583984375 0.2955729166666667 0.369140625 0.2890625 0.388671875 0.2877604166666667 0.40625 0.2786458333333333 0.4248046875 0.2786458333333333
0 0.4013671875 0 0.509765625 0 0.51171875 0.0026041666666666665 0.5166015625 0 0.5703125 0 0.5654296875 0.02734375 0.5458984375 0.044270833333333336 0.53515625 0.059895833333333336 0.5234375 0.06770833333333333 0.505859375 0.09244791666666667 0.5009765625 0.09244791666666667 0.4912109375 0.07682291666666667 0.4853515625 0.08333333333333333 0.4814453125 0.08333333333333333 0.4765625 0.078125 0.4580078125 0.06770833333333333 0.451171875 0.059895833333333336 0.4345703125 0.05078125 0.4326171875 0.045572916666666664 0.4248046875 0.037760416666666664 0.416015625 0.045572916666666664 0.412109375 0.044270833333333336 0.4072265625 0.037760416666666664 0.404296875 0.028645833333333332 0.4013671875 0.0013020833333333333
0 0.3916015625 0.3333333333333333 0.435546875 0.3502604166666667 0.451171875 0.36328125 0.4560546875 0.3697916666666667 0.4599609375 0.3841145833333333 0.484375 0.4205729166666667 0.4921875 0.4505208333333333 0.4931640625 0.47265625 0.498046875 0.4921875 0.498046875 0.5078125 0.4931640625 0.5260416666666666 0.494140625 0.54296875 0.4794921875 0.5807291666666666 0.4697265625 0.5963541666666666 0.439453125 0.62109375 0.4111328125 0.62890625 0.36328125 0.6497395833333334 0.3330078125 0.6484375 0.3251953125 0.6510416666666666 0.3203125 0.6497395833333334 0.314453125 0.6393229166666666 0.306640625 0.6354166666666666 0.2998046875 0.6354166666666666 0.2919921875 0.62890625 0.2763671875 0.60546875 0.271484375 0.60546875 0.2685546875 0.6015625 0.271484375 0.5911458333333334 0.255859375 0.5481770833333334 0.2509765625 0.5026041666666666 0.2470703125 0.48828125 0.2509765625 0.44140625 0.259765625 0.4153645833333333 0.271484375 0.390625 0.2919921875 0.3645833333333333 0.3173828125 0.3463541666666667 0.3427734375 0.3359375 0.3515625 0.3385416666666667 0.3603515625 0.3333333333333333 0.390625 0.3333333333333333
0 0.4296875 0.053385416666666664 0.4443359375 0.059895833333333336 0.474609375 0.08463541666666667 0.48828125 0.11067708333333333 0.4921875 0.12369791666666667 0.4921875 0.1640625 0.494140625 0.17447916666666666 0.4931640625 0.19140625 0.484375 0.21614583333333334 0.46875 0.24088541666666666 0.4541015625 0.2591145833333333 0.4326171875 0.2734375 0.4169921875 0.2734375 0.396484375 0.2630208333333333 0.3759765625 0.23828125 0.3662109375 0.22265625 0.3564453125 0.21484375 0.341796875 0.20833333333333334 0.33203125 0.19010416666666666 0.3291015625 0.1796875 0.330078125 0.16276041666666666 0.3486328125 0.13802083333333334 0.3525390625 0.11458333333333333 0.361328125 0.08984375 0.3759765625 0.06640625 0.3935546875 0.055989583333333336 0.4111328125 0.052083333333333336 0.4287109375 0.053385416666666664
0 0.6591796875 0 0.7607421875 0 0.76171875 0.0026041666666666665 0.763671875 0 0.849609375 0 0.859375 0.01953125 0.8603515625 0.029947916666666668 0.8681640625 0.057291666666666664 0.8701171875 0.08072916666666667 0.8701171875 0.09505208333333333 0.8662109375 0.11979166666666667 0.8583984375 0.13802083333333334 0.8427734375 0.16145833333333334 0.814453125 0.17838541666666666 0.8017578125 0.19010416666666666 0.7841796875 0.19791666666666666 0.7626953125 0.19791666666666666 0.736328125 0.20442708333333334 0.7109375 0.22786458333333334 0.6904296875 0.23828125 0.6826171875 0.23307291666666666 0.6787109375 0.22265625 0.6806640625 0.20572916666666666 0.6875 0.19010416666666666 0.685546875 0.16666666666666666 0.6796875 0.1484375 0.6708984375 0.1328125 0.662109375 0.09895833333333333 0.6611328125 0.078125 0.650390625 0.046875 0.6513671875 0.020833333333333332 0.6591796875 0.0013020833333333333
0 0.880859375 0.16276041666666666 0.890625 0.16666666666666666 0.90625 0.17838541666666666 0.919921875 0.19661458333333334 0.931640625 0.21875 0.939453125 0.2526041666666667 0.947265625 0.3033854166666667 0.9453125 0.30859375 0.9375 0.3151041666666667 0.92578125 0.3450520833333333 0.8955078125 0.3919270833333333 0.8798828125 0.4010416666666667 0.857421875 0.4049479166666667 0.82421875 0.4010416666666667 0.8037109375 0.38671875 0.7998046875 0.3815104166666667 0.791015625 0.3489583333333333 0.771484375 0.3138020833333333 0.76953125 0.3059895833333333 0.76953125 0.2890625 0.7734375 0.265625 0.7822265625 0.2421875 0.7880859375 0.21875 0.806640625 0.19270833333333334 0.82421875 0.17708333333333334 0.8466796875 0.1640625 0.8603515625 0.16145833333333334 0.8798828125 0.16276041666666666
0 0.603515625 0.4479166666666667 0.640625 0.4700520833333333 0.65625 0.484375 0.6689453125 0.5 0.6845703125 0.5364583333333334 0.6904296875 0.55859375 0.69140625 0.5703125 0.685546875 0.60546875 0.673828125 0.6302083333333334 0.6650390625 0.6432291666666666 0.6484375 0.6549479166666666 0.63671875 0.6692708333333334 0.6123046875 0.6783854166666666 0.578125 0.6783854166666666 0.5732421875 0.6731770833333334 0.5654296875 0.6549479166666666 0.5537109375 0.6380208333333334 0.541015625 0.6315104166666666 0.529296875 0.6315104166666666 0.5244140625 0.6276041666666666 0.51171875 0.6028645833333334 0.505859375 0.5677083333333334 0.505859375 0.5442708333333334 0.51171875 0.51171875 0.517578125 0.4947916666666667 0.529296875 0.4765625 0.541015625 0.46484375 0.5625 0.4518229166666667 0.591796875 0.4453125 0.6025390625 0.4479166666666667
0 0.6201171875 0.03515625 0.6337890625 0.040364583333333336 0.6474609375 0.05859375 0.654296875 0.07291666666666667 0.66015625 0.13671875 0.654296875 0.16666666666666666 0.6474609375 0.18229166666666666 0.62109375 0.21614583333333334 0.6123046875 0.234375 0.5986328125 0.24479166666666666 0.556640625 0.24348958333333334 0.5361328125 0.23828125 0.5234375 0.22916666666666666 0.5205078125 0.22526041666666666 0.5166015625 0.2109375 0.5048828125 0.19010416666666666 0.4970703125 0.14453125 0.4970703125 0.12630208333333334 0.505859375 0.1015625 0.5166015625 0.08072916666666667 0.525390625 0.0703125 0.537109375 0.0625 0.5498046875 0.045572916666666664 0.5576171875 0.040364583333333336 0.5869140625 0.032552083333333336 0.619140625 0.03515625