0 0.884765625 0.41796875 0.9111328125 0.42578125 0.9267578125 0.4375 0.9326171875 0.4427083333333333 0.953125 0.4713541666666667 0.9580078125 0.4830729166666667 0.9599609375 0.4947916666666667 0.95703125 0.5416666666666666 0.95703125 0.5546875 0.9599609375 0.5598958333333334 0.9599609375 0.5651041666666666 0.9384765625 0.59375 0.935546875 0.6028645833333334 0.93359375 0.6302083333333334 0.9287109375 0.6393229166666666 0.9150390625 0.64453125 0.8642578125 0.6471354166666666 0.8203125 0.6458333333333334 0.8056640625 0.6419270833333334 0.7939453125 0.6354166666666666 0.7744140625 0.6119791666666666 0.767578125 0.59765625 0.7607421875 0.5755208333333334 0.7587890625 0.5533854166666666 0.76171875 0.546875 0.7685546875 0.5416666666666666 0.779296875 0.5364583333333334 0.8046875 0.53125 0.8271484375 0.5130208333333334 0.8525390625 0.4778645833333333 0.8701171875 0.4401041666666667 0.875 0.4231770833333333 0.87890625 0.41796875 0.8837890625 0.41796875
0 0.4521484375 0.63671875 0.4677734375 0.6432291666666666 0.4697265625 0.6510416666666666 0.4697265625 0.66796875 0.47265625 0.671875 0.4833984375 0.6783854166666666 0.494140625 0.69140625 0.5263671875 0.7135416666666666 0.5322265625 0.71484375 0.5361328125 0.7200520833333334 0.5361328125 0.7408854166666666 0.533203125 0.7526041666666666 0.5224609375 0.7786458333333334 0.5048828125 0.7942708333333334 0.4931640625 0.796875 0.4716796875 0.82421875 0.44921875 0.8372395833333334 0.3984375 0.8424479166666666 0.3779296875 0.8411458333333334 0.3623046875 0.8359375 0.3486328125 0.8255208333333334 0.341796875 0.81640625 0.3310546875 0.79296875 0.326171875 0.7708333333333334 0.3251953125 0.7473958333333334 0.3271484375 0.734375 0.333984375 0.71484375 0.34375 0.6966145833333334 0.3671875 0.66796875 0.404296875 0.64453125 0.4267578125 0.6380208333333334 0.451171875 0.63671875
0 0.458984375 0 0.5712890625 0 0.5849609375 0.010416666666666666 0.599609375 0.028645833333333332 0.62109375 0.07421875 0.6240234375 0.09505208333333333 0.6162109375 0.140625 0.5986328125 0.18098958333333334 0.57421875 0.20963541666666666 0.5341796875 0.23307291666666666 0.515625 0.25 0.5087890625 0.25 0.4951171875 0.23177083333333334 0.4658203125 0.20963541666666666 0.455078125 0.19010416666666666 0.4345703125 0.16145833333333334 0.4208984375 0.1328125 0.4189453125 0.109375 0.4248046875 0.07552083333333333 0.44140625 0.026041666666666668 0.458984375 0.0013020833333333333
0 0.4228515625 0.33984375 0.4248046875 0.3411458333333333 0.42578125 0.3489583333333333 0.41796875 0.3880208333333333 0.4150390625 0.4401041666666667 0.419921875 0.4661458333333333 0.4326171875 0.5 0.4326171875 0.5104166666666666 0.4296875 0.5208333333333334 0.42578125 0.5286458333333334 0.4208984375 0.5325520833333334 0.4033203125 0.5651041666666666 0.3994140625 0.5703125 0.390625 0.5755208333333334 0.3779296875 0.5794270833333334 0.34375 0.5794270833333334 0.3349609375 0.57421875 0.330078125 0.57421875 0.3173828125 0.5846354166666666 0.3076171875 0.5885416666666666 0.2998046875 0.5872395833333334 0.279296875 0.57421875 0.2744140625 0.5638020833333334 0.2744140625 0.5130208333333334 0.265625 0.4921875 0.259765625 0.4661458333333333 0.259765625 0.4140625 0.28125 0.38671875 0.296875 0.375 0.3017578125 0.3736979166666667 0.3095703125 0.3828125 0.3193359375 0.3880208333333333 0.3369140625 0.390625 0.349609375 0.3802083333333333 0.373046875 0.3697916666666667 0.3798828125 0.3697916666666667 0.384765625 0.3645833333333333 0.388671875 0.35546875 0.4111328125 0.3424479166666667 0.421875 0.33984375
0 0.4345703125 0.5247395833333334 0.439453125 0.5299479166666666 0.4462890625 0.53125 0.44921875 0.5416666666666666 0.4501953125 0.5559895833333334 0.4580078125 0.5807291666666666 0.45703125 0.5989583333333334 0.443359375 0.6171875 0.431640625 0.625 0.4248046875 0.6328125 0.390625 0.6471354166666666 0.3857421875 0.6458333333333334 0.3798828125 0.63671875 0.3720703125 0.6315104166666666 0.3701171875 0.6328125 0.3623046875 0.6236979166666666 0.3486328125 0.6158854166666666 0.3427734375 0.60546875 0.34375 0.5846354166666666 0.3583984375 0.5807291666666666 0.380859375 0.5807291666666666 0.396484375 0.57421875 0.40625 0.5625 0.4228515625 0.5338541666666666 0.431640625 0.5234375 0.43359375 0.5247395833333334
0 0.310546875 0.037760416666666664 0.333984375 0.0390625 0.3623046875 0.052083333333333336 0.3984375 0.08723958333333333 0.4140625 0.11197916666666667 0.416015625 0.13411458333333334 0.419921875 0.14583333333333334 0.4453125 0.19010416666666666 0.451171875 0.22395833333333334 0.451171875 0.2513020833333333 0.44921875 0.265625 0.4404296875 0.2955729166666667 0.4296875 0.3098958333333333 0.42578125 0.3229166666666667 0.4169921875 0.3333333333333333 0.3857421875 0.3502604166666667 0.37890625 0.3619791666666667 0.3701171875 0.3645833333333333 0.3564453125 0.3736979166666667 0.341796875 0.3776041666666667 0.3349609375 0.38671875 0.3173828125 0.3828125 0.310546875 0.37890625 0.2939453125 0.3541666666666667 0.2880859375 0.3346354166666667 0.2822265625 0.3268229166666667 0.259765625 0.3111979166666667 0.2333984375 0.2825520833333333 0.2216796875 0.2630208333333333 0.2080078125 0.24609375 0.201171875 0.2265625 0.1962890625 0.19921875 0.1826171875 0.18359375 0.1806640625 0.17447916666666666 0.1845703125 0.12760416666666666 0.2021484375 0.08203125 0.2060546875 0.07682291666666667 0.2158203125 0.07552083333333333 0.2421875 0.053385416666666664 0.2685546875 0.041666666666666664 0.2822265625 0.040364583333333336 0.2919921875 0.036458333333333336 0.3095703125 0.037760416666666664
0 0.736328125 0.1328125 0.7705078125 0.13802083333333334 0.78125 0.14192708333333334 0.8212890625 0.17447916666666666 0.8310546875 0.18880208333333334 0.84765625 0.21875 0.86328125 0.25390625 0.87109375 0.2799479166666667 0.8779296875 0.3229166666666667 0.880859375 0.3723958333333333 0.875 0.4127604166666667 0.8623046875 0.4505208333333333 0.845703125 0.4830729166666667 0.8271484375 0.5078125 0.8154296875 0.51953125 0.7998046875 0.5286458333333334 0.77734375 0.5299479166666666 0.7548828125 0.5416666666666666 0.734375 0.546875 0.703125 0.53515625 0.6875 0.5247395833333334 0.6806640625 0.5143229166666666 0.6689453125 0.51171875 0.6494140625 0.5013020833333334 0.63671875 0.4921875 0.6279296875 0.48046875 0.6142578125 0.4739583333333333 0.595703125 0.4140625 0.595703125 0.3997395833333333 0.59375 0.3919270833333333 0.5859375 0.3841145833333333 0.5751953125 0.3815104166666667 0.5703125 0.3736979166666667 0.5673828125 0.3541666666666667 0.5673828125 0.3333333333333333 0.5712890625 0.3151041666666667 0.57421875 0.2825520833333333 0.587890625 0.2421875 0.6259765625 0.1796875 0.6455078125 0.16145833333333334 0.669921875 0.14583333333333334 0.7080078125 0.13411458333333334 0.7353515625 0.1328125
0 0.5673828125 0.5286458333333334 0.5849609375 0.5416666666666666 0.599609375 0.5611979166666666 0.615234375 0.5963541666666666 0.619140625 0.6302083333333334 0.6171875 0.6484375 0.6103515625 0.66796875 0.59765625 0.6822916666666666 0.578125 0.6966145833333334 0.5263671875 0.7057291666666666 0.4970703125 0.6888020833333334 0.4912109375 0.68359375 0.4814453125 0.66796875 0.4736328125 0.6614583333333334 0.47265625 0.6510416666666666 0.4765625 0.6119791666666666 0.4814453125 0.5807291666666666 0.4892578125 0.55859375 0.4970703125 0.5494791666666666 0.52734375 0.5481770833333334 0.56640625 0.5299479166666666
0 0.7138671875 0.5481770833333334 0.751953125 0.5572916666666666 0.7587890625 0.5755208333333334 0.763671875 0.59765625 0.7861328125 0.6380208333333334 0.7900390625 0.66015625 0.7880859375 0.6953125 0.7783203125 0.72265625 0.76171875 0.7408854166666666 0.748046875 0.7486979166666666 0.7353515625 0.7513020833333334 0.7060546875 0.7486979166666666 0.66796875 0.7200520833333334 0.6416015625 0.70703125 0.6376953125 0.6966145833333334 0.640625 0.6432291666666666 0.6396484375 0.6315104166666666 0.6435546875 0.609375 0.654296875 0.5768229166666666 0.666015625 0.5611979166666666 0.6796875 0.5520833333333334 0.693359375 0.546875 0.712890625 0.5481770833333334
0 0.623046875 0.62890625 0.6337890625 0.62890625 0.63671875 0.6419270833333334 0.634765625 0.6614583333333334 0.6357421875 0.70703125 0.6416015625 0.7122395833333334 0.66796875 0.7239583333333334 0.6953125 0.74609375 0.7001953125 0.7473958333333334 0.705078125 0.7591145833333334 0.7041015625 0.7890625 0.69921875 0.8098958333333334 0.6845703125 0.8307291666666666 0.6611328125 0.8502604166666666 0.6123046875 0.8541666666666666 0.5849609375 0.84375 0.5771484375 0.8385416666666666 0.5673828125 0.8268229166666666 0.5537109375 0.8033854166666666 0.5478515625 0.78515625 0.5458984375 0.7565104166666666 0.5498046875 0.7356770833333334 0.564453125 0.70703125 0.5927734375 0.69140625 0.6123046875 0.6705729166666666 0.6181640625 0.66015625 0.623046875 0.6302083333333334
0 0.5517578125 0.28515625 0.556640625 0.2890625 0.55859375 0.2942708333333333 0.560546875 0.3098958333333333 0.5595703125 0.3385416666666667 0.5634765625 0.35546875 0.5654296875 0.3776041666666667 0.5712890625 0.3880208333333333 0.583984375 0.39453125 0.5859375 0.4088541666666667 0.59765625 0.4361979166666667 0.6005859375 0.4596354166666667 0.58203125 0.5052083333333334 0.5703125 0.5208333333333334 0.5576171875 0.5299479166666666 0.5283203125 0.5442708333333334 0.5078125 0.546875 0.48828125 0.54296875 0.4658203125 0.5299479166666666 0.451171875 0.51171875 0.44140625 0.50390625 0.4345703125 0.4921875 0.423828125 0.4661458333333333 0.4189453125 0.4361979166666667 0.419921875 0.4049479166666667 0.423828125 0.3736979166666667 0.43359375 0.3359375 0.4423828125 0.3255208333333333 0.4521484375 0.30859375 0.462890625 0.2994791666666667 0.4873046875 0.2877604166666667 0.5068359375 0.28515625 0.517578125 0.2786458333333333 0.5380859375 0.2786458333333333 0.55078125 0.28515625
0 0.57421875 0.8385416666666666 0.58984375 0.8567708333333334 0.60546875 0.859375 0.6123046875 0.8645833333333334 0.619140625 0.86328125 0.638671875 0.8671875 0.638671875 0.8763020833333334 0.6328125 0.9049479166666666 0.6240234375 0.9205729166666666 0.6064453125 0.94140625 0.5810546875 0.953125 0.5771484375 0.953125 0.5673828125 0.9466145833333334 0.5517578125 0.9479166666666666 0.5439453125 0.9453125 0.5185546875 0.9244791666666666 0.51171875 0.9283854166666666 0.5068359375 0.9205729166666666 0.5048828125 0.9049479166666666 0.5009765625 0.8997395833333334 0.49609375 0.90234375 0.4912109375 0.9010416666666666 0.4873046875 0.8919270833333334 0.4873046875 0.8776041666666666 0.4951171875 0.8619791666666666 0.4970703125 0.8294270833333334 0.5048828125 0.8033854166666666 0.51953125 0.78515625 0.537109375 0.7721354166666666 0.54296875 0.7734375 0.55078125 0.8020833333333334 0.5732421875 0.8385416666666666