0 0.220703125 0.14322916666666666 0.220703125 0.15234375 0.2041015625 0.18619791666666666 0.2041015625 0.19270833333333334 0.2099609375 0.203125 0.2138671875 0.203125 0.220703125 0.19791666666666666 0.228515625 0.19791666666666666 0.23046875 0.20052083333333334 0.228515625 0.24739583333333334 0.23828125 0.30078125 0.24609375 0.3138020833333333 0.2548828125 0.3203125 0.2861328125 0.3567708333333333 0.2861328125 0.3619791666666667 0.2685546875 0.3828125 0.2392578125 0.3697916666666667 0.2099609375 0.3424479166666667 0.1884765625 0.3033854166666667 0.1748046875 0.2838541666666667 0.171875 0.2747395833333333 0.1708984375 0.24609375 0.181640625 0.20052083333333334 0.1923828125 0.17447916666666666 0.2197265625 0.14322916666666666
0 0.765625 0.7239583333333334 0.775390625 0.734375 0.779296875 0.7408854166666666 0.7802734375 0.7473958333333334 0.77734375 0.78125 0.779296875 0.82421875 0.7841796875 0.8515625 0.7841796875 0.8841145833333334 0.77734375 0.9283854166666666 0.7734375 0.9401041666666666 0.7578125 0.9700520833333334 0.7353515625 0.98828125 0.6884765625 0.9817708333333334 0.671875 0.9765625 0.662109375 0.96875 0.6552734375 0.9674479166666666 0.6416015625 0.9674479166666666 0.634765625 0.97265625 0.625 0.9752604166666666 0.615234375 0.97265625 0.6015625 0.9635416666666666 0.59765625 0.9557291666666666 0.595703125 0.9453125 0.5966796875 0.8815104166666666 0.5947265625 0.8671875 0.595703125 0.8268229166666666 0.59375 0.80859375 0.59765625 0.7877604166666666 0.6015625 0.7786458333333334 0.623046875 0.7513020833333334 0.6416015625 0.7395833333333334 0.6484375 0.7369791666666666 0.6689453125 0.7369791666666666 0.693359375 0.73046875 0.7275390625 0.7317708333333334 0.7431640625 0.7291666666666666 0.7587890625 0.72265625 0.7646484375 0.7239583333333334
0 0.919921875 0.6549479166666666 0.939453125 0.6640625 0.9580078125 0.6809895833333334 0.978515625 0.7083333333333334 0.9931640625 0.7395833333333334 0.9970703125 0.76171875 0.9990234375 0.7630208333333334 0.9990234375 0.8776041666666666 0.9931640625 0.8828125 0.9609375 0.8919270833333334 0.9306640625 0.90625 0.9111328125 0.91015625 0.8837890625 0.9088541666666666 0.869140625 0.9036458333333334 0.8447265625 0.8854166666666666 0.8271484375 0.86328125 0.80859375 0.8216145833333334 0.806640625 0.8033854166666666 0.79296875 0.76171875 0.7900390625 0.7408854166666666 0.79296875 0.73046875 0.796875 0.7252604166666666 0.7978515625 0.7174479166666666 0.802734375 0.7096354166666666 0.8203125 0.7135416666666666 0.8505859375 0.6979166666666666 0.86328125 0.6848958333333334 0.86328125 0.6744791666666666 0.8662109375 0.6705729166666666 0.873046875 0.6653645833333334 0.87890625 0.6653645833333334 0.8857421875 0.6575520833333334 0.89453125 0.6549479166666666 0.9189453125 0.6549479166666666
0 0.462890625 0.7630208333333334 0.482421875 0.76953125 0.4931640625 0.76953125 0.51953125 0.78515625 0.541015625 0.78515625 0.5556640625 0.7916666666666666 0.560546875 0.8033854166666666 0.5625 0.8229166666666666 0.564453125 0.8255208333333334 0.5693359375 0.8255208333333334 0.5888671875 0.8541666666666666 0.5908203125 0.8671875 0.5908203125 0.92578125 0.5849609375 0.94921875 0.5673828125 0.9765625 0.5537109375 0.98828125 0.53515625 0.9986979166666666 0.49609375 0.9986979166666666 0.494140625 0.99609375 0.478515625 0.9934895833333334 0.462890625 0.9791666666666666 0.4423828125 0.9661458333333334 0.4384765625 0.9583333333333334 0.4375 0.94921875 0.4189453125 0.92578125 0.4150390625 0.9075520833333334 0.4150390625 0.8736979166666666 0.4130859375 0.86328125 0.4140625 0.8359375 0.41796875 0.8151041666666666 0.4267578125 0.7955729166666666 0.4404296875 0.7747395833333334 0.4521484375 0.7643229166666666 0.4619140625 0.7630208333333334
0 0.21875 0.6875 0.2294921875 0.69140625 0.232421875 0.6953125 0.23828125 0.73828125 0.2431640625 0.7552083333333334 0.2548828125 0.78125 0.2685546875 0.7981770833333334 0.2783203125 0.8059895833333334 0.28125 0.81640625 0.271484375 0.8372395833333334 0.2578125 0.8567708333333334 0.24609375 0.86328125 0.220703125 0.8658854166666666 0.1962890625 0.875 0.1884765625 0.8736979166666666 0.1796875 0.8671875 0.1474609375 0.8098958333333334 0.140625 0.7786458333333334 0.1416015625 0.7434895833333334 0.1484375 0.72265625 0.1669921875 0.7005208333333334 0.1748046875 0.6953125 0.1943359375 0.6888020833333334 0.2177734375 0.6875
0 0.291015625 0.6106770833333334 0.3037109375 0.62109375 0.3115234375 0.6328125 0.330078125 0.6471354166666666 0.34765625 0.6536458333333334 0.390625 0.6575520833333334 0.3994140625 0.6666666666666666 0.4013671875 0.6744791666666666 0.3994140625 0.6927083333333334 0.400390625 0.703125 0.3935546875 0.7161458333333334 0.3935546875 0.74609375 0.361328125 0.79296875 0.3447265625 0.8046875 0.3232421875 0.8098958333333334 0.2958984375 0.80859375 0.26953125 0.79296875 0.2509765625 0.7669270833333334 0.244140625 0.7486979166666666 0.2392578125 0.7278645833333334 0.2373046875 0.7096354166666666 0.2392578125 0.6848958333333334 0.2509765625 0.6471354166666666 0.255859375 0.63671875 0.26953125 0.6197916666666666 0.2783203125 0.6119791666666666 0.2841796875 0.609375 0.2900390625 0.6106770833333334
0 0.7900390625 0.3450520833333333 0.8212890625 0.3580729166666667 0.845703125 0.3763020833333333 0.859375 0.390625 0.8740234375 0.4114583333333333 0.8828125 0.4283854166666667 0.890625 0.4518229166666667 0.896484375 0.4830729166666667 0.896484375 0.5026041666666666 0.8935546875 0.51953125 0.8935546875 0.546875 0.8896484375 0.5638020833333334 0.888671875 0.5833333333333334 0.8818359375 0.6015625 0.8837890625 0.6041666666666666 0.8837890625 0.6106770833333334 0.8671875 0.6315104166666666 0.8525390625 0.6627604166666666 0.845703125 0.6705729166666666 0.8447265625 0.6744791666666666 0.84765625 0.6783854166666666 0.85546875 0.6796875 0.85546875 0.68359375 0.84765625 0.69140625 0.822265625 0.7057291666666666 0.802734375 0.69921875 0.7998046875 0.6966145833333334 0.794921875 0.68359375 0.7861328125 0.6770833333333334 0.751953125 0.69140625 0.7255859375 0.6927083333333334 0.7021484375 0.6848958333333334 0.6728515625 0.6653645833333334 0.642578125 0.62109375 0.6328125 0.6197916666666666 0.62890625 0.6145833333333334 0.626953125 0.5963541666666666 0.623046875 0.5911458333333334 0.62109375 0.5794270833333334 0.6220703125 0.5638020833333334 0.6171875 0.5533854166666666 0.6201171875 0.55078125 0.619140625 0.5390625 0.611328125 0.5299479166666666 0.62109375 0.5130208333333334 0.6240234375 0.4856770833333333 0.6376953125 0.44921875 0.6591796875 0.4127604166666667 0.6826171875 0.3828125 0.708984375 0.36328125 0.73828125 0.3515625 0.76953125 0.34375 0.7890625 0.3450520833333333
0 0.173828125 0.328125 0.1826171875 0.3307291666666667 0.203125 0.34375 0.2392578125 0.3763020833333333 0.26171875 0.38671875 0.265625 0.3984375 0.265625 0.41015625 0.2607421875 0.4270833333333333 0.26171875 0.4322916666666667 0.2587890625 0.453125 0.2587890625 0.47265625 0.26171875 0.49609375 0.2607421875 0.546875 0.259765625 0.55859375 0.251953125 0.5846354166666666 0.2421875 0.6067708333333334 0.232421875 0.6197916666666666 0.2275390625 0.63671875 0.2197265625 0.6471354166666666 0.20703125 0.6588541666666666 0.19140625 0.66796875 0.1669921875 0.6731770833333334 0.1474609375 0.6731770833333334 0.13671875 0.6692708333333334 0.111328125 0.6432291666666666 0.107421875 0.6315104166666666 0.0986328125 0.6171875 0.0888671875 0.5859375 0.068359375 0.5494791666666666 0.0654296875 0.5390625 0.064453125 0.5247395833333334 0.068359375 0.5078125 0.0673828125 0.4830729166666667 0.0712890625 0.4466145833333333 0.072265625 0.4127604166666667 0.0849609375 0.3736979166666667 0.1015625 0.3515625 0.111328125 0.34375 0.146484375 0.3294270833333333 0.1728515625 0.328125
0 0.404296875 0.3984375 0.4052734375 0.4140625 0.4208984375 0.42578125 0.4306640625 0.4296875 0.431640625 0.4375 0.4384765625 0.4427083333333333 0.4521484375 0.46484375 0.4658203125 0.4947916666666667 0.470703125 0.5182291666666666 0.4697265625 0.5338541666666666 0.4541015625 0.5755208333333334 0.4462890625 0.6106770833333334 0.4404296875 0.6184895833333334 0.435546875 0.62109375 0.4267578125 0.6354166666666666 0.4091796875 0.6458333333333334 0.3857421875 0.65234375 0.3525390625 0.6510416666666666 0.337890625 0.6471354166666666 0.322265625 0.63671875 0.2939453125 0.6067708333333334 0.2822265625 0.5872395833333334 0.2724609375 0.5520833333333334 0.271484375 0.52734375 0.2734375 0.5 0.2783203125 0.4778645833333333 0.2919921875 0.4453125 0.3076171875 0.4244791666666667 0.3271484375 0.4114583333333333 0.3466796875 0.4036458333333333 0.369140625 0.40234375 0.3798828125 0.4075520833333333 0.38671875 0.40625 0.3896484375 0.4010416666666667 0.392578125 0.4049479166666667 0.40234375 0.4049479166666667 0.404296875 0.3997395833333333
0 0.5810546875 0.4973958333333333 0.5947265625 0.5065104166666666 0.6064453125 0.5182291666666666 0.6064453125 0.5221354166666666 0.59765625 0.5364583333333334 0.5947265625 0.5768229166666666 0.5966796875 0.5846354166666666 0.6015625 0.5911458333333334 0.6064453125 0.59375 0.609375 0.59375 0.6123046875 0.58984375 0.6142578125 0.5911458333333334 0.623046875 0.6067708333333334 0.626953125 0.6197916666666666 0.6376953125 0.6302083333333334 0.640625 0.6393229166666666 0.640625 0.6627604166666666 0.6318359375 0.6940104166666666 0.6162109375 0.7291666666666666 0.60546875 0.7447916666666666 0.5791015625 0.7669270833333334 0.5546875 0.77734375 0.53515625 0.7799479166666666 0.5205078125 0.7799479166666666 0.509765625 0.7734375 0.4931640625 0.7591145833333334 0.4697265625 0.7278645833333334 0.466796875 0.73046875 0.45703125 0.7291666666666666 0.455078125 0.7213541666666666 0.4501953125 0.71484375 0.4375 0.7135416666666666 0.4326171875 0.72265625 0.4287109375 0.70703125 0.423828125 0.69921875 0.423828125 0.6848958333333334 0.4267578125 0.6848958333333334 0.4287109375 0.6927083333333334 0.431640625 0.69140625 0.435546875 0.6966145833333334 0.4404296875 0.6966145833333334 0.4423828125 0.6940104166666666 0.44140625 0.6848958333333334 0.4453125 0.6861979166666666 0.447265625 0.68359375 0.447265625 0.62890625 0.455078125 0.5846354166666666 0.4619140625 0.5638020833333334 0.4765625 0.5364583333333334 0.484375 0.5260416666666666 0.5283203125 0.4986979166666667 0.5458984375 0.4947916666666667 0.57421875 0.4947916666666667 0.580078125 0.4973958333333333
0 0.56640625 0.2265625 0.587890625 0.23177083333333334 0.595703125 0.23697916666666666 0.6162109375 0.26171875 0.626953125 0.2825520833333333 0.6318359375 0.2981770833333333 0.6318359375 0.3450520833333333 0.6279296875 0.3619791666666667 0.62890625 0.375 0.61328125 0.41796875 0.595703125 0.4466145833333333 0.580078125 0.4596354166666667 0.5654296875 0.4674479166666667 0.5302734375 0.4739583333333333 0.51171875 0.4635416666666667 0.501953125 0.453125 0.486328125 0.453125 0.4755859375 0.44921875 0.466796875 0.44140625 0.46484375 0.4309895833333333 0.4736328125 0.4205729166666667 0.4736328125 0.4166666666666667 0.4677734375 0.4036458333333333 0.458984375 0.37109375 0.4609375 0.3138020833333333 0.4736328125 0.2786458333333333 0.4873046875 0.2552083333333333 0.501953125 0.23828125 0.5126953125 0.23177083333333334 0.5322265625 0.2265625 0.5654296875 0.2265625
0 0.3857421875 0.80078125 0.4013671875 0.8059895833333334 0.4111328125 0.8138020833333334 0.412109375 0.8177083333333334 0.41015625 0.84375 0.4072265625 0.8528645833333334 0.41015625 0.8828125 0.4072265625 0.890625 0.396484375 0.9036458333333334 0.3955078125 0.9140625 0.40234375 0.92578125 0.4189453125 0.9348958333333334 0.431640625 0.94921875 0.43359375 0.96484375 0.439453125 0.9778645833333334 0.439453125 0.9921875 0.43359375 0.9986979166666666 0.240234375 0.9986979166666666 0.234375 0.98828125 0.2333984375 0.9609375 0.2353515625 0.9453125 0.25 0.8815104166666666 0.2568359375 0.8645833333333334 0.2822265625 0.8307291666666666 0.2939453125 0.8190104166666666 0.3017578125 0.8151041666666666 0.3310546875 0.8138020833333334 0.349609375 0.80859375 0.3642578125 0.80078125 0.384765625 0.80078125