0 0.755859375 0.6002604166666666 0.7763671875 0.609375 0.78515625 0.62109375 0.7978515625 0.6315104166666666 0.8115234375 0.6588541666666666 0.8232421875 0.6979166666666666 0.8232421875 0.7291666666666666 0.8193359375 0.74609375 0.8115234375 0.7643229166666666 0.791015625 0.79296875 0.78125 0.7994791666666666 0.7685546875 0.8033854166666666 0.7275390625 0.8020833333333334 0.712890625 0.7955729166666666 0.693359375 0.7799479166666666 0.67578125 0.76171875 0.6669921875 0.7408854166666666 0.6640625 0.7239583333333334 0.671875 0.6927083333333334 0.6884765625 0.6653645833333334 0.6923828125 0.6184895833333334 0.6953125 0.6106770833333334 0.7021484375 0.6041666666666666 0.716796875 0.5989583333333334 0.7451171875 0.59765625 0.7548828125 0.6002604166666666
0 0.3642578125 0.61328125 0.37890625 0.6171875 0.3935546875 0.62890625 0.4267578125 0.6744791666666666 0.4306640625 0.6979166666666666 0.4306640625 0.7239583333333334 0.4287109375 0.75 0.423828125 0.7682291666666666 0.4130859375 0.7864583333333334 0.388671875 0.8033854166666666 0.37109375 0.80859375 0.345703125 0.8098958333333334 0.306640625 0.7981770833333334 0.2939453125 0.8177083333333334 0.2900390625 0.8177083333333334 0.275390625 0.7955729166666666 0.259765625 0.7786458333333334 0.25 0.7643229166666666 0.23046875 0.7643229166666666 0.2216796875 0.7473958333333334 0.2216796875 0.734375 0.23046875 0.71875 0.232421875 0.7109375 0.232421875 0.6822916666666666 0.236328125 0.6783854166666666 0.251953125 0.6783854166666666 0.2578125 0.6744791666666666 0.26953125 0.6510416666666666 0.2880859375 0.6263020833333334 0.306640625 0.609375 0.330078125 0.6080729166666666 0.36328125 0.61328125
0 0.76953125 0.3203125 0.7802734375 0.3229166666666667 0.796875 0.33203125 0.806640625 0.3411458333333333 0.8125 0.3502604166666667 0.8232421875 0.37890625 0.833984375 0.3984375 0.8349609375 0.4205729166666667 0.849609375 0.44140625 0.8515625 0.4505208333333333 0.8505859375 0.4869791666666667 0.845703125 0.4934895833333333 0.8203125 0.5091145833333334 0.80078125 0.51171875 0.79296875 0.5169270833333334 0.783203125 0.5286458333333334 0.736328125 0.5546875 0.7236328125 0.5533854166666666 0.7080078125 0.5377604166666666 0.6962890625 0.5299479166666666 0.685546875 0.5169270833333334 0.673828125 0.49609375 0.666015625 0.4700520833333333 0.6650390625 0.45703125 0.6591796875 0.4361979166666667 0.66015625 0.3880208333333333 0.6650390625 0.37109375 0.6767578125 0.35546875 0.7041015625 0.33203125 0.7275390625 0.3216145833333333 0.744140625 0.3177083333333333 0.7685546875 0.3203125
0 0.189453125 0 0.3779296875 0 0.37890625 0.0026041666666666665 0.3857421875 0.0026041666666666665 0.3876953125 0.033854166666666664 0.390625 0.046875 0.390625 0.06770833333333333 0.392578125 0.07421875 0.390625 0.08463541666666667 0.380859375 0.10546875 0.3720703125 0.14322916666666666 0.3505859375 0.171875 0.3212890625 0.19401041666666666 0.310546875 0.19791666666666666 0.28515625 0.19791666666666666 0.2626953125 0.19140625 0.2470703125 0.18359375 0.2216796875 0.15755208333333334 0.2060546875 0.125 0.2001953125 0.10416666666666667 0.1953125 0.09895833333333333 0.18359375 0.10546875 0.1708984375 0.10677083333333333 0.1611328125 0.11588541666666667 0.15625 0.11588541666666667 0.150390625 0.11067708333333333 0.146484375 0.09895833333333333 0.1455078125 0.08463541666666667 0.1572265625 0.06640625 0.1611328125 0.06380208333333333 0.1689453125 0.06380208333333333 0.1796875 0.0703125 0.185546875 0.0703125 0.193359375 0.057291666666666664 0.193359375 0.049479166666666664 0.1806640625 0.036458333333333336 0.181640625 0.028645833333333332 0.1875 0.022135416666666668 0.189453125 0.0013020833333333333
0 0.177734375 0.2526041666666667 0.1923828125 0.2552083333333333 0.20703125 0.2630208333333333 0.2314453125 0.2890625 0.232421875 0.32421875 0.2373046875 0.3450520833333333 0.2373046875 0.3658854166666667 0.2294921875 0.4127604166666667 0.220703125 0.4283854166666667 0.1875 0.4518229166666667 0.1767578125 0.4557291666666667 0.16015625 0.45703125 0.14453125 0.45703125 0.1298828125 0.453125 0.1103515625 0.4427083333333333 0.09375 0.4244791666666667 0.0859375 0.4049479166666667 0.076171875 0.3658854166666667 0.07421875 0.3515625 0.07421875 0.3190104166666667 0.0869140625 0.28125 0.10546875 0.2643229166666667 0.1298828125 0.25390625 0.1572265625 0.2513020833333333 0.1767578125 0.2526041666666667
0 0.5537109375 0.4869791666666667 0.5634765625 0.4908854166666667 0.587890625 0.4921875 0.603515625 0.4869791666666667 0.6171875 0.4856770833333333 0.6259765625 0.4908854166666667 0.6376953125 0.50390625 0.65234375 0.5286458333333334 0.6640625 0.5403645833333334 0.6689453125 0.5559895833333334 0.6748046875 0.5638020833333334 0.6884765625 0.59765625 0.6875 0.625 0.681640625 0.6614583333333334 0.66015625 0.7057291666666666 0.6455078125 0.7252604166666666 0.62890625 0.7395833333333334 0.599609375 0.75390625 0.5771484375 0.75390625 0.560546875 0.7486979166666666 0.541015625 0.7369791666666666 0.5185546875 0.71875 0.50390625 0.703125 0.4931640625 0.6875 0.482421875 0.6627604166666666 0.4765625 0.6393229166666666 0.4716796875 0.5598958333333334 0.474609375 0.5572916666666666 0.48046875 0.5572916666666666 0.484375 0.5533854166666666 0.48828125 0.5481770833333334 0.4921875 0.5364583333333334 0.50390625 0.5208333333333334 0.5166015625 0.5104166666666666 0.5283203125 0.49609375 0.5439453125 0.4869791666666667 0.552734375 0.4869791666666667
0 0.498046875 0.7109375 0.5380859375 0.7408854166666666 0.556640625 0.7591145833333334 0.5595703125 0.7708333333333334 0.5595703125 0.7942708333333334 0.5625 0.8125 0.560546875 0.828125 0.546875 0.86328125 0.529296875 0.8919270833333334 0.5185546875 0.9192708333333334 0.5078125 0.9283854166666666 0.4970703125 0.92578125 0.4814453125 0.9049479166666666 0.4443359375 0.8723958333333334 0.4267578125 0.8450520833333334 0.4208984375 0.8255208333333334 0.4189453125 0.8111979166666666 0.421875 0.78515625 0.4296875 0.76953125 0.4384765625 0.7421875 0.4462890625 0.73046875 0.4560546875 0.7213541666666666 0.4677734375 0.71484375 0.4970703125 0.7109375
0 0.6767578125 0.7799479166666666 0.7109375 0.8033854166666666 0.720703125 0.8072916666666666 0.7275390625 0.81640625 0.7333984375 0.8307291666666666 0.7392578125 0.8619791666666666 0.7392578125 0.875 0.7353515625 0.8997395833333334 0.7236328125 0.9361979166666666 0.6982421875 0.9869791666666666 0.693359375 0.9947916666666666 0.6865234375 0.9986979166666666 0.546875 0.9986979166666666 0.5380859375 0.9661458333333334 0.53515625 0.9296875 0.53125 0.9127604166666666 0.5361328125 0.8893229166666666 0.55078125 0.8697916666666666 0.55859375 0.8489583333333334 0.5732421875 0.8268229166666666 0.5810546875 0.8216145833333334 0.6005859375 0.7994791666666666 0.6201171875 0.78515625 0.6337890625 0.7786458333333334 0.66015625 0.77734375 0.67578125 0.7799479166666666
0 0.5556640625 0.265625 0.61328125 0.2825520833333333 0.623046875 0.2890625 0.6435546875 0.33203125 0.654296875 0.3802083333333333 0.65234375 0.41796875 0.6474609375 0.43359375 0.640625 0.4466145833333333 0.6162109375 0.4765625 0.6044921875 0.4830729166666667 0.5888671875 0.4869791666666667 0.5634765625 0.484375 0.5458984375 0.4765625 0.517578125 0.4557291666666667 0.5009765625 0.4348958333333333 0.4892578125 0.38671875 0.4892578125 0.3502604166666667 0.4853515625 0.3346354166666667 0.4853515625 0.32421875 0.48828125 0.3098958333333333 0.4931640625 0.2994791666666667 0.501953125 0.2877604166666667 0.5205078125 0.2721354166666667 0.53515625 0.2669270833333333 0.5546875 0.265625
0 0.583984375 0 0.720703125 0 0.7138671875 0.01171875 0.7041015625 0.013020833333333334 0.6982421875 0.016927083333333332 0.6826171875 0.033854166666666664 0.6669921875 0.037760416666666664 0.6435546875 0.0546875 0.6328125 0.057291666666666664 0.6162109375 0.053385416666666664 0.609375 0.048177083333333336 0.5888671875 0.013020833333333334 0.5849609375 0.0013020833333333333
0 0.341796875 0.3229166666666667 0.34765625 0.3294270833333333 0.3583984375 0.3333333333333333 0.392578125 0.3307291666666667 0.41015625 0.33984375 0.44921875 0.34765625 0.462890625 0.3567708333333333 0.4794921875 0.3802083333333333 0.4853515625 0.3932291666666667 0.4912109375 0.4153645833333333 0.4921875 0.4296875 0.4970703125 0.4505208333333333 0.4970703125 0.46484375 0.48828125 0.49609375 0.4619140625 0.5377604166666666 0.4501953125 0.546875 0.4443359375 0.5546875 0.4384765625 0.5690104166666666 0.416015625 0.5833333333333334 0.4072265625 0.5963541666666666 0.3876953125 0.6041666666666666 0.3271484375 0.6015625 0.314453125 0.5963541666666666 0.2890625 0.5794270833333334 0.2822265625 0.5703125 0.271484375 0.5442708333333334 0.2626953125 0.5104166666666666 0.26171875 0.484375 0.2666015625 0.4453125 0.2705078125 0.4296875 0.283203125 0.4010416666666667 0.3173828125 0.3567708333333333 0.3310546875 0.33203125 0.3349609375 0.3268229166666667 0.3408203125 0.32421875