0 0.7626953125 0.4700520833333333 0.7919921875 0.48046875 0.8154296875 0.4947916666666667 0.83203125 0.5104166666666666 0.8427734375 0.5234375 0.859375 0.5533854166666666 0.8642578125 0.58203125 0.8642578125 0.6158854166666666 0.8603515625 0.6510416666666666 0.8525390625 0.6744791666666666 0.845703125 0.6875 0.8251953125 0.71484375 0.7958984375 0.734375 0.7822265625 0.7395833333333334 0.73046875 0.73828125 0.7080078125 0.7278645833333334 0.6875 0.7135416666666666 0.6611328125 0.6796875 0.65234375 0.66015625 0.646484375 0.6354166666666666 0.646484375 0.6236979166666666 0.65625 0.5703125 0.6572265625 0.546875 0.66796875 0.5286458333333334 0.6865234375 0.5091145833333334 0.685546875 0.4973958333333333 0.7001953125 0.4856770833333333 0.7060546875 0.4778645833333333 0.71875 0.4700520833333333 0.7275390625 0.4700520833333333 0.734375 0.4791666666666667 0.7392578125 0.4791666666666667 0.7529296875 0.4700520833333333 0.76171875 0.4700520833333333
0 0.2861328125 0.39453125 0.29296875 0.40234375 0.2998046875 0.41796875 0.3115234375 0.4322916666666667 0.3154296875 0.4322916666666667 0.326171875 0.4244791666666667 0.3310546875 0.4244791666666667 0.369140625 0.4557291666666667 0.3701171875 0.4622395833333333 0.373046875 0.4661458333333333 0.396484375 0.4765625 0.404296875 0.48828125 0.408203125 0.4986979166666667 0.408203125 0.5130208333333334 0.4013671875 0.5598958333333334 0.3974609375 0.5716145833333334 0.3857421875 0.5911458333333334 0.3701171875 0.6080729166666666 0.34765625 0.6223958333333334 0.3203125 0.62890625 0.306640625 0.6276041666666666 0.296875 0.6236979166666666 0.28125 0.61328125 0.267578125 0.59375 0.259765625 0.57421875 0.251953125 0.5625 0.25 0.546875 0.2294921875 0.5208333333333334 0.2265625 0.5130208333333334 0.2294921875 0.49609375 0.2392578125 0.48046875 0.2490234375 0.4557291666666667 0.2548828125 0.4479166666666667 0.263671875 0.4205729166666667 0.2802734375 0.3984375 0.28515625 0.3958333333333333
0 0.6953125 0.7356770833333334 0.7099609375 0.7395833333333334 0.73828125 0.75390625 0.7548828125 0.7669270833333334 0.7626953125 0.77734375 0.7783203125 0.8033854166666666 0.787109375 0.82421875 0.794921875 0.8619791666666666 0.794921875 0.88671875 0.7998046875 0.8932291666666666 0.8154296875 0.8997395833333334 0.8251953125 0.9140625 0.8115234375 0.9557291666666666 0.8134765625 0.9661458333333334 0.8037109375 0.9739583333333334 0.7958984375 0.9869791666666666 0.791015625 0.984375 0.7802734375 0.984375 0.7685546875 0.9986979166666666 0.6708984375 0.9986979166666666 0.6689453125 0.99609375 0.6630859375 0.99609375 0.619140625 0.9453125 0.6083984375 0.9309895833333334 0.6044921875 0.921875 0.59765625 0.88671875 0.5966796875 0.84765625 0.5986328125 0.8268229166666666 0.6083984375 0.7890625 0.6162109375 0.7747395833333334 0.6328125 0.7578125 0.6513671875 0.7434895833333334 0.6796875 0.7356770833333334 0.6943359375 0.7356770833333334
0 0.912109375 0.6432291666666666 0.9287109375 0.6458333333333334 0.93359375 0.65234375 0.9560546875 0.6705729166666666 0.9736328125 0.6953125 0.9814453125 0.7109375 0.9853515625 0.7265625 0.9853515625 0.7565104166666666 0.9755859375 0.7942708333333334 0.9658203125 0.8190104166666666 0.9521484375 0.8346354166666666 0.94921875 0.8424479166666666 0.951171875 0.8528645833333334 0.943359375 0.8763020833333334 0.9326171875 0.8828125 0.86328125 0.8697916666666666 0.8271484375 0.85546875 0.80859375 0.8411458333333334 0.791015625 0.8151041666666666 0.7841796875 0.7864583333333334 0.7841796875 0.7473958333333334 0.828125 0.71875 0.85546875 0.67578125 0.8603515625 0.6653645833333334 0.8642578125 0.6471354166666666 0.8779296875 0.6432291666666666 0.9111328125 0.6432291666666666
0 0.3212890625 0.7799479166666666 0.3310546875 0.7825520833333334 0.3369140625 0.79296875 0.337890625 0.8346354166666666 0.3349609375 0.8463541666666666 0.3349609375 0.87890625 0.341796875 0.9244791666666666 0.3427734375 0.9518229166666666 0.3349609375 0.9635416666666666 0.3212890625 0.9739583333333334 0.2919921875 0.9830729166666666 0.27734375 0.9817708333333334 0.267578125 0.9778645833333334 0.25 0.9661458333333334 0.2373046875 0.9518229166666666 0.2275390625 0.9296875 0.2197265625 0.9205729166666666 0.2158203125 0.91015625 0.2138671875 0.8763020833333334 0.2265625 0.8567708333333334 0.240234375 0.8424479166666666 0.248046875 0.82421875 0.259765625 0.8203125 0.2802734375 0.80859375 0.2939453125 0.7994791666666666 0.3095703125 0.7825520833333334 0.3203125 0.7799479166666666
0 0.2373046875 0.5625 0.25 0.56640625 0.26953125 0.6041666666666666 0.279296875 0.6171875 0.296875 0.6263020833333334 0.314453125 0.6419270833333334 0.3212890625 0.66015625 0.3212890625 0.6731770833333334 0.3271484375 0.6953125 0.3271484375 0.7122395833333334 0.3203125 0.7395833333333334 0.3125 0.7604166666666666 0.30078125 0.78125 0.2861328125 0.7981770833333334 0.275390625 0.8072916666666666 0.259765625 0.8151041666666666 0.2275390625 0.82421875 0.2080078125 0.8255208333333334 0.2001953125 0.8307291666666666 0.19140625 0.828125 0.1787109375 0.8177083333333334 0.150390625 0.7734375 0.146484375 0.7708333333333334 0.1328125 0.7760416666666666 0.12890625 0.7721354166666666 0.12890625 0.7630208333333334 0.1357421875 0.7565104166666666 0.1357421875 0.75 0.1259765625 0.7317708333333334 0.1240234375 0.7239583333333334 0.1240234375 0.7044270833333334 0.1279296875 0.6640625 0.1328125 0.640625 0.140625 0.6197916666666666 0.154296875 0.59765625 0.1689453125 0.5807291666666666 0.1806640625 0.5729166666666666 0.2041015625 0.5638020833333334 0.236328125 0.5625
0 0.2666015625 0.0703125 0.2783203125 0.08463541666666667 0.2841796875 0.09895833333333333 0.2861328125 0.11328125 0.2744140625 0.13151041666666666 0.2734375 0.15755208333333334 0.27734375 0.1796875 0.27734375 0.19270833333333334 0.2666015625 0.22526041666666666 0.2587890625 0.2721354166666667 0.2587890625 0.2877604166666667 0.265625 0.3268229166666667 0.265625 0.34375 0.255859375 0.35546875 0.236328125 0.3671875 0.228515625 0.3697916666666667 0.17578125 0.3723958333333333 0.1689453125 0.3763020833333333 0.1572265625 0.3958333333333333 0.1416015625 0.39453125 0.1318359375 0.3971354166666667 0.1240234375 0.3971354166666667 0.1162109375 0.3932291666666667 0.1005859375 0.37890625 0.0966796875 0.3723958333333333 0.08984375 0.3489583333333333 0.0888671875 0.3307291666666667 0.0869140625 0.3255208333333333 0.0869140625 0.3020833333333333 0.0771484375 0.2799479166666667 0.0791015625 0.2721354166666667 0.068359375 0.21484375 0.068359375 0.18619791666666666 0.0771484375 0.15885416666666666 0.087890625 0.140625 0.1044921875 0.11979166666666667 0.134765625 0.1015625 0.169921875 0.09114583333333333 0.2099609375 0.08854166666666667 0.25390625 0.0703125 0.265625 0.0703125
0 0.6484375 0.21223958333333334 0.677734375 0.21744791666666666 0.69140625 0.22526041666666666 0.708984375 0.22786458333333334 0.7236328125 0.23567708333333334 0.736328125 0.24739583333333334 0.744140625 0.2591145833333333 0.7587890625 0.2877604166666667 0.765625 0.3111979166666667 0.765625 0.3359375 0.76171875 0.3567708333333333 0.7568359375 0.3684895833333333 0.7548828125 0.3828125 0.7509765625 0.3919270833333333 0.734375 0.4166666666666667 0.734375 0.4205729166666667 0.7392578125 0.4231770833333333 0.7421875 0.4283854166666667 0.7421875 0.4348958333333333 0.73828125 0.4453125 0.732421875 0.4518229166666667 0.7177734375 0.4505208333333333 0.685546875 0.4609375 0.65234375 0.4596354166666667 0.6396484375 0.4544270833333333 0.62890625 0.4466145833333333 0.6083984375 0.421875 0.6005859375 0.4049479166666667 0.5859375 0.3893229166666667 0.58203125 0.3776041666666667 0.580078125 0.3346354166666667 0.5830078125 0.3216145833333333 0.5849609375 0.2708333333333333 0.5888671875 0.25390625 0.6044921875 0.23046875 0.61328125 0.22265625 0.6328125 0.21354166666666666 0.6474609375 0.21223958333333334
0 0.423828125 0.6770833333333334 0.45703125 0.7122395833333334 0.4970703125 0.7408854166666666 0.517578125 0.74609375 0.5546875 0.7421875 0.56640625 0.7473958333333334 0.5810546875 0.78515625 0.5849609375 0.7903645833333334 0.5888671875 0.8072916666666666 0.5859375 0.8203125 0.5869140625 0.8515625 0.5810546875 0.8893229166666666 0.576171875 0.9036458333333334 0.57421875 0.9231770833333334 0.5615234375 0.9479166666666666 0.55078125 0.9765625 0.541015625 0.9908854166666666 0.5302734375 0.9986979166666666 0.4765625 0.9986979166666666 0.4755859375 0.99609375 0.46875 0.99609375 0.466796875 0.9986979166666666 0.3798828125 0.9986979166666666 0.359375 0.9700520833333334 0.357421875 0.9635416666666666 0.3466796875 0.9466145833333334 0.3447265625 0.921875 0.337890625 0.8841145833333334 0.337890625 0.8463541666666666 0.341796875 0.82421875 0.3408203125 0.7890625 0.34375 0.7630208333333334 0.34765625 0.7447916666666666 0.357421875 0.7265625 0.3525390625 0.7200520833333334 0.3515625 0.70703125 0.3544921875 0.703125 0.373046875 0.703125 0.390625 0.6888020833333334 0.408203125 0.6783854166666666 0.4228515625 0.6770833333333334
0 0.5546875 0.4153645833333333 0.5712890625 0.42578125 0.57421875 0.4244791666666667 0.5673828125 0.4166666666666667 0.57421875 0.41796875 0.5771484375 0.4231770833333333 0.60546875 0.4388020833333333 0.615234375 0.4518229166666667 0.623046875 0.4661458333333333 0.62890625 0.4856770833333333 0.650390625 0.53515625 0.65234375 0.56640625 0.646484375 0.6067708333333334 0.640625 0.6276041666666666 0.6328125 0.640625 0.6171875 0.6809895833333334 0.619140625 0.6888020833333334 0.6015625 0.7005208333333334 0.5888671875 0.7161458333333334 0.5732421875 0.7265625 0.5478515625 0.7369791666666666 0.5302734375 0.7408854166666666 0.5166015625 0.7408854166666666 0.494140625 0.734375 0.453125 0.703125 0.423828125 0.6692708333333334 0.4130859375 0.64453125 0.4072265625 0.6197916666666666 0.404296875 0.5963541666666666 0.404296875 0.5716145833333334 0.4169921875 0.4947916666666667 0.4248046875 0.4778645833333333 0.43359375 0.4700520833333333 0.458984375 0.4622395833333333 0.4736328125 0.4674479166666667 0.498046875 0.4453125 0.521484375 0.4375 0.525390625 0.43359375 0.5302734375 0.43359375 0.548828125 0.4153645833333333 0.5537109375 0.4153645833333333
0 0.41796875 0.09244791666666667 0.453125 0.09895833333333333 0.4931640625 0.11328125 0.5380859375 0.15625 0.5546875 0.18098958333333334 0.5625 0.19661458333333334 0.57421875 0.23046875 0.5791015625 0.2591145833333333 0.580078125 0.2942708333333333 0.576171875 0.3216145833333333 0.568359375 0.3489583333333333 0.5419921875 0.3984375 0.521484375 0.4205729166666667 0.5 0.4375 0.4697265625 0.44140625 0.4326171875 0.4635416666666667 0.4140625 0.4661458333333333 0.3876953125 0.4635416666666667 0.380859375 0.4544270833333333 0.3662109375 0.4479166666666667 0.33203125 0.4192708333333333 0.3095703125 0.4231770833333333 0.2880859375 0.3893229166666667 0.2744140625 0.3567708333333333 0.2646484375 0.30078125 0.2626953125 0.26953125 0.267578125 0.23567708333333334 0.2783203125 0.19921875 0.291015625 0.17447916666666666 0.322265625 0.13411458333333334 0.3427734375 0.11458333333333333 0.3720703125 0.10026041666666667 0.3974609375 0.09375 0.4169921875 0.09244791666666667