0 0.46875 0.4270833333333333 0.505859375 0.4296875 0.5234375 0.4388020833333333 0.5390625 0.4583333333333333 0.546875 0.4739583333333333 0.5478515625 0.484375 0.546875 0.5260416666666666 0.544921875 0.5364583333333334 0.5390625 0.5481770833333334 0.525390625 0.5677083333333334 0.48046875 0.5872395833333334 0.4677734375 0.5859375 0.453125 0.5807291666666666 0.4384765625 0.5716145833333334 0.43359375 0.5638020833333334 0.4267578125 0.54296875 0.4208984375 0.51171875 0.4248046875 0.4791666666666667 0.4375 0.44921875 0.451171875 0.43359375 0.4677734375 0.4270833333333333
0 0.419921875 0.5989583333333334 0.4482421875 0.6145833333333334 0.478515625 0.6536458333333334 0.48046875 0.6536458333333334 0.4814453125 0.6575520833333334 0.4833984375 0.6575520833333334 0.48046875 0.65625 0.478515625 0.6614583333333334 0.478515625 0.6966145833333334 0.4736328125 0.73046875 0.4697265625 0.7408854166666666 0.4638671875 0.7486979166666666 0.4404296875 0.7760416666666666 0.4267578125 0.7838541666666666 0.39453125 0.7955729166666666 0.375 0.78125 0.35546875 0.7734375 0.337890625 0.7565104166666666 0.330078125 0.7395833333333334 0.322265625 0.7291666666666666 0.3212890625 0.7018229166666666 0.3271484375 0.6692708333333334 0.330078125 0.6614583333333334 0.3369140625 0.65234375 0.3388671875 0.6328125 0.3505859375 0.6171875 0.365234375 0.6067708333333334 0.38671875 0.5963541666666666 0.404296875 0.5950520833333334 0.4189453125 0.5989583333333334
0 0.427734375 0.796875 0.4423828125 0.7994791666666666 0.45703125 0.8151041666666666 0.474609375 0.81640625 0.4912109375 0.8307291666666666 0.501953125 0.8463541666666666 0.50390625 0.8723958333333334 0.5146484375 0.9049479166666666 0.515625 0.9348958333333334 0.51171875 0.9622395833333334 0.4970703125 0.9986979166666666 0.345703125 0.9986979166666666 0.3388671875 0.9830729166666666 0.333984375 0.96484375 0.3349609375 0.9296875 0.349609375 0.8684895833333334 0.3740234375 0.8268229166666666 0.3857421875 0.8177083333333334 0.3935546875 0.8151041666666666 0.3984375 0.8072916666666666 0.4091796875 0.7994791666666666 0.4208984375 0.7955729166666666 0.4267578125 0.796875
0 0.3818359375 0.2890625 0.404296875 0.2981770833333333 0.416015625 0.30859375 0.42578125 0.3229166666666667 0.435546875 0.34375 0.4384765625 0.35546875 0.44140625 0.40234375 0.4248046875 0.4322916666666667 0.40625 0.453125 0.38671875 0.46484375 0.3720703125 0.4674479166666667 0.3544921875 0.4661458333333333 0.34765625 0.4622395833333333 0.326171875 0.4361979166666667 0.3154296875 0.4127604166666667 0.3125 0.359375 0.3232421875 0.3294270833333333 0.337890625 0.3072916666666667 0.3603515625 0.2916666666666667 0.380859375 0.2890625
0 0.259765625 0.3177083333333333 0.283203125 0.3333333333333333 0.294921875 0.3489583333333333 0.30078125 0.3606770833333333 0.306640625 0.3828125 0.3076171875 0.4192708333333333 0.3017578125 0.4361979166666667 0.294921875 0.4479166666666667 0.29296875 0.4622395833333333 0.2861328125 0.4713541666666667 0.26171875 0.4921875 0.2421875 0.4986979166666667 0.19921875 0.4973958333333333 0.181640625 0.4869791666666667 0.166015625 0.4674479166666667 0.1572265625 0.44921875 0.1513671875 0.4283854166666667 0.1513671875 0.40625 0.154296875 0.390625 0.166015625 0.3606770833333333 0.171875 0.3372395833333333 0.1796875 0.3385416666666667 0.1923828125 0.3294270833333333 0.205078125 0.3255208333333333 0.2236328125 0.3151041666666667 0.240234375 0.3138020833333333 0.2587890625 0.3177083333333333
0 0.224609375 0.5013020833333334 0.2373046875 0.50390625 0.2626953125 0.5143229166666666 0.3115234375 0.5716145833333334 0.3291015625 0.6276041666666666 0.330078125 0.6393229166666666 0.3212890625 0.6770833333333334 0.31640625 0.7161458333333334 0.306640625 0.7395833333333334 0.2724609375 0.7747395833333334 0.248046875 0.7838541666666666 0.224609375 0.78125 0.197265625 0.7682291666666666 0.177734375 0.7513020833333334 0.1611328125 0.73046875 0.154296875 0.7083333333333334 0.1474609375 0.69921875 0.14453125 0.69140625 0.134765625 0.6276041666666666 0.134765625 0.59765625 0.1435546875 0.56640625 0.1533203125 0.54296875 0.1669921875 0.5247395833333334 0.1943359375 0.50390625 0.2236328125 0.5013020833333334
0 0.689453125 0.36328125 0.7119140625 0.3736979166666667 0.7373046875 0.390625 0.7392578125 0.4010416666666667 0.7490234375 0.421875 0.7548828125 0.4635416666666667 0.7548828125 0.49609375 0.748046875 0.5286458333333334 0.7431640625 0.5416666666666666 0.7255859375 0.5677083333333334 0.7021484375 0.5846354166666666 0.666015625 0.5950520833333334 0.6494140625 0.5950520833333334 0.6337890625 0.5885416666666666 0.6171875 0.5859375 0.6044921875 0.5768229166666666 0.57421875 0.5455729166666666 0.5693359375 0.5325520833333334 0.5556640625 0.4752604166666667 0.5537109375 0.4440104166666667 0.5634765625 0.40625 0.5771484375 0.38671875 0.5966796875 0.3684895833333333 0.6376953125 0.359375 0.6884765625 0.36328125
0 0.630859375 0.14322916666666666 0.642578125 0.14973958333333334 0.6611328125 0.1484375 0.6640625 0.15104166666666666 0.6884765625 0.19140625 0.69921875 0.23177083333333334 0.6953125 0.27734375 0.6884765625 0.2994791666666667 0.6650390625 0.3216145833333333 0.6474609375 0.3333333333333333 0.634765625 0.3372395833333333 0.603515625 0.3346354166666667 0.5947265625 0.3294270833333333 0.580078125 0.3138020833333333 0.5751953125 0.3059895833333333 0.572265625 0.29296875 0.5615234375 0.2721354166666667 0.556640625 0.24479166666666666 0.556640625 0.21223958333333334 0.5634765625 0.19010416666666666 0.57421875 0.16796875 0.583984375 0.15625 0.5947265625 0.1484375 0.607421875 0.14322916666666666 0.6298828125 0.14322916666666666
0 0.548828125 0.6575520833333334 0.5595703125 0.6640625 0.56640625 0.671875 0.5732421875 0.6744791666666666 0.59765625 0.6953125 0.607421875 0.7122395833333334 0.6279296875 0.734375 0.6318359375 0.7473958333333334 0.630859375 0.7591145833333334 0.626953125 0.7682291666666666 0.603515625 0.796875 0.595703125 0.8190104166666666 0.5791015625 0.84765625 0.5673828125 0.8580729166666666 0.5322265625 0.85546875 0.501953125 0.8385416666666666 0.474609375 0.8046875 0.4736328125 0.7864583333333334 0.470703125 0.77734375 0.47265625 0.7434895833333334 0.48046875 0.7200520833333334 0.48828125 0.70703125 0.4892578125 0.6927083333333334 0.4921875 0.6861979166666666 0.4990234375 0.6770833333333334 0.521484375 0.66015625 0.5341796875 0.65625 0.5478515625 0.6575520833333334
0 0.529296875 0.22135416666666666 0.5673828125 0.2903645833333333 0.572265625 0.30859375 0.572265625 0.33984375 0.5654296875 0.37109375 0.548828125 0.39453125 0.54296875 0.3997395833333333 0.5302734375 0.4049479166666667 0.4951171875 0.40234375 0.470703125 0.39453125 0.4619140625 0.3893229166666667 0.4482421875 0.3567708333333333 0.4365234375 0.30859375 0.4365234375 0.29296875 0.4423828125 0.2643229166666667 0.4482421875 0.2526041666666667 0.458984375 0.23958333333333334 0.4697265625 0.23307291666666666 0.48828125 0.22916666666666666 0.49609375 0.22395833333333334 0.5068359375 0.22526041666666666 0.5185546875 0.234375 0.5224609375 0.23177083333333334 0.525390625 0.22265625 0.5283203125 0.22135416666666666
0 0.5751953125 0.5520833333333334 0.6044921875 0.5807291666666666 0.609375 0.5924479166666666 0.615234375 0.5950520833333334 0.62890625 0.5924479166666666 0.630859375 0.5950520833333334 0.6298828125 0.6002604166666666 0.63671875 0.6067708333333334 0.638671875 0.6184895833333334 0.642578125 0.6276041666666666 0.642578125 0.6393229166666666 0.6376953125 0.6510416666666666 0.6162109375 0.67578125 0.5986328125 0.6875 0.5908203125 0.6861979166666666 0.568359375 0.66796875 0.5478515625 0.6458333333333334 0.5361328125 0.6015625 0.5390625 0.58984375 0.552734375 0.5690104166666666 0.5654296875 0.5559895833333334 0.57421875 0.5520833333333334
0 0.2939453125 0.7838541666666666 0.3291015625 0.8033854166666666 0.3369140625 0.81640625 0.3427734375 0.8515625 0.3408203125 0.8854166666666666 0.3310546875 0.9166666666666666 0.3134765625 0.9401041666666666 0.296875 0.9505208333333334 0.265625 0.95703125 0.2568359375 0.95703125 0.248046875 0.953125 0.2431640625 0.94921875 0.2294921875 0.9283854166666666 0.216796875 0.8841145833333334 0.2138671875 0.8645833333333334 0.21484375 0.8424479166666666 0.220703125 0.8203125 0.240234375 0.79296875 0.263671875 0.7825520833333334 0.29296875 0.7838541666666666