0 0.4638671875 0.3489583333333333 0.4833984375 0.3619791666666667 0.4990234375 0.3841145833333333 0.505859375 0.3997395833333333 0.51171875 0.43359375 0.5048828125 0.4869791666666667 0.498046875 0.4908854166666667 0.4775390625 0.51953125 0.458984375 0.5338541666666666 0.4482421875 0.5377604166666666 0.44140625 0.53515625 0.4345703125 0.5130208333333334 0.4189453125 0.48828125 0.396484375 0.4635416666666667 0.37109375 0.453125 0.3681640625 0.4466145833333333 0.3681640625 0.4375 0.37109375 0.4166666666666667 0.3740234375 0.41015625 0.400390625 0.38671875 0.4228515625 0.3580729166666667 0.4345703125 0.3515625 0.462890625 0.3489583333333333
0 0.6875 0.68359375 0.7138671875 0.68359375 0.7333984375 0.6888020833333334 0.7392578125 0.6927083333333334 0.7587890625 0.7161458333333334 0.763671875 0.7356770833333334 0.7666015625 0.7604166666666666 0.7666015625 0.7903645833333334 0.7626953125 0.8138020833333334 0.7626953125 0.8333333333333334 0.7607421875 0.8385416666666666 0.7548828125 0.8450520833333334 0.7373046875 0.8567708333333334 0.712890625 0.86328125 0.6796875 0.8619791666666666 0.6689453125 0.8580729166666666 0.65625 0.8489583333333334 0.6396484375 0.8255208333333334 0.6337890625 0.8111979166666666 0.630859375 0.7942708333333334 0.6298828125 0.7513020833333334 0.6328125 0.7408854166666666 0.63671875 0.734375 0.6630859375 0.7135416666666666 0.681640625 0.6848958333333334 0.6865234375 0.68359375
0 0.802734375 0.5130208333333334 0.818359375 0.5182291666666666 0.837890625 0.53125 0.8564453125 0.5533854166666666 0.8623046875 0.578125 0.8623046875 0.60546875 0.8564453125 0.6497395833333334 0.857421875 0.6692708333333334 0.85546875 0.6731770833333334 0.8486328125 0.67578125 0.8271484375 0.66796875 0.8203125 0.6705729166666666 0.8115234375 0.6783854166666666 0.7939453125 0.6848958333333334 0.7822265625 0.6848958333333334 0.7646484375 0.6796875 0.748046875 0.66796875 0.7392578125 0.65625 0.7294921875 0.6315104166666666 0.7275390625 0.5950520833333334 0.7255859375 0.5872395833333334 0.7255859375 0.5651041666666666 0.7314453125 0.54296875 0.736328125 0.53515625 0.7509765625 0.5208333333333334 0.7744140625 0.51953125 0.79296875 0.5130208333333334 0.8017578125 0.5130208333333334
0 0.2890625 0.7643229166666666 0.306640625 0.7721354166666666 0.322265625 0.7838541666666666 0.3515625 0.8190104166666666 0.3515625 0.8385416666666666 0.357421875 0.8567708333333334 0.357421875 0.8736979166666666 0.36328125 0.8802083333333334 0.36328125 0.8932291666666666 0.357421875 0.8984375 0.3271484375 0.953125 0.3125 0.9713541666666666 0.2958984375 0.984375 0.259765625 0.9947916666666666 0.2470703125 0.9921875 0.23828125 0.984375 0.2216796875 0.9635416666666666 0.2177734375 0.9544270833333334 0.2001953125 0.9296875 0.1962890625 0.9270833333333334 0.18359375 0.9270833333333334 0.1748046875 0.9192708333333334 0.1689453125 0.9036458333333334 0.1708984375 0.8645833333333334 0.1767578125 0.8463541666666666 0.1806640625 0.8411458333333334 0.1982421875 0.8307291666666666 0.2294921875 0.7864583333333334 0.2431640625 0.7721354166666666 0.2587890625 0.7643229166666666 0.2880859375 0.7643229166666666
0 0.3662109375 0.4557291666666667 0.38671875 0.4622395833333333 0.3994140625 0.4700520833333333 0.42578125 0.5026041666666666 0.431640625 0.5130208333333334 0.439453125 0.5390625 0.4404296875 0.57421875 0.435546875 0.6067708333333334 0.4208984375 0.6458333333333334 0.390625 0.6809895833333334 0.3515625 0.6953125 0.333984375 0.6953125 0.3046875 0.68359375 0.2685546875 0.6497395833333334 0.26171875 0.6393229166666666 0.2548828125 0.6184895833333334 0.2509765625 0.578125 0.25390625 0.55859375 0.26171875 0.53125 0.2744140625 0.50390625 0.2880859375 0.484375 0.3076171875 0.4661458333333333 0.3203125 0.4596354166666667 0.3388671875 0.4557291666666667 0.365234375 0.4557291666666667
0 0.3974609375 0.12630208333333334 0.416015625 0.13932291666666666 0.4296875 0.15234375 0.4365234375 0.16145833333333334 0.451171875 0.19401041666666666 0.45703125 0.2265625 0.45703125 0.2734375 0.44921875 0.3111979166666667 0.439453125 0.3346354166666667 0.4326171875 0.3450520833333333 0.421875 0.3528645833333333 0.400390625 0.3815104166666667 0.3837890625 0.3971354166666667 0.3720703125 0.4036458333333333 0.3212890625 0.4140625 0.306640625 0.4127604166666667 0.296875 0.3984375 0.2783203125 0.3802083333333333 0.26953125 0.3671875 0.25390625 0.3346354166666667 0.2490234375 0.3216145833333333 0.24609375 0.296875 0.248046875 0.2565104166666667 0.2548828125 0.24479166666666666 0.2607421875 0.22395833333333334 0.28515625 0.18098958333333334 0.310546875 0.14713541666666666 0.3291015625 0.13020833333333334 0.349609375 0.11979166666666667 0.36328125 0.1171875 0.380859375 0.11848958333333333 0.396484375 0.12630208333333334
0 0.248046875 0.44140625 0.28125 0.44921875 0.2919921875 0.45703125 0.2978515625 0.4674479166666667 0.296875 0.4713541666666667 0.28515625 0.4830729166666667 0.2763671875 0.49609375 0.263671875 0.5208333333333334 0.2529296875 0.5520833333333334 0.2490234375 0.5729166666666666 0.2490234375 0.59375 0.2587890625 0.6432291666666666 0.2490234375 0.6471354166666666 0.2236328125 0.6471354166666666 0.2099609375 0.640625 0.19140625 0.6263020833333334 0.1806640625 0.6158854166666666 0.1708984375 0.6015625 0.162109375 0.5833333333333334 0.1591796875 0.5677083333333334 0.16015625 0.5130208333333334 0.162109375 0.50390625 0.1728515625 0.4791666666666667 0.189453125 0.4596354166666667 0.2080078125 0.44921875 0.2333984375 0.4401041666666667 0.2470703125 0.44140625
0 0.6796875 0.2721354166666667 0.7119140625 0.2825520833333333 0.7265625 0.2955729166666667 0.736328125 0.3098958333333333 0.7421875 0.3229166666666667 0.75 0.3541666666666667 0.755859375 0.39453125 0.7548828125 0.4205729166666667 0.751953125 0.4348958333333333 0.736328125 0.484375 0.7099609375 0.5182291666666666 0.70703125 0.53125 0.69921875 0.5403645833333334 0.697265625 0.5481770833333334 0.6953125 0.55078125 0.6875 0.5520833333333334 0.673828125 0.55078125 0.6708984375 0.5442708333333334 0.6640625 0.54296875 0.6298828125 0.515625 0.6220703125 0.515625 0.59765625 0.5052083333333334 0.5869140625 0.4908854166666667 0.580078125 0.4765625 0.5703125 0.4401041666666667 0.5693359375 0.4166666666666667 0.5625 0.4036458333333333 0.5625 0.38671875 0.5703125 0.3502604166666667 0.5771484375 0.3346354166666667 0.5908203125 0.31640625 0.6044921875 0.3046875 0.6162109375 0.2890625 0.623046875 0.28515625 0.6279296875 0.28515625 0.658203125 0.2721354166666667 0.6787109375 0.2721354166666667
0 0.5947265625 0.5104166666666666 0.62890625 0.5221354166666666 0.6513671875 0.5390625 0.66796875 0.5611979166666666 0.677734375 0.5911458333333334 0.6806640625 0.6080729166666666 0.6806640625 0.6302083333333334 0.6748046875 0.6627604166666666 0.6748046875 0.67578125 0.6689453125 0.6927083333333334 0.6572265625 0.70703125 0.650390625 0.7109375 0.646484375 0.7200520833333334 0.6259765625 0.7395833333333334 0.6162109375 0.7447916666666666 0.5986328125 0.74609375 0.572265625 0.7434895833333334 0.5595703125 0.73828125 0.544921875 0.7278645833333334 0.5390625 0.7200520833333334 0.5185546875 0.67578125 0.515625 0.6666666666666666 0.5146484375 0.64453125 0.505859375 0.6276041666666666 0.5078125 0.609375 0.5419921875 0.5403645833333334 0.5595703125 0.5221354166666666 0.583984375 0.51171875 0.59375 0.5104166666666666
0 0.4658203125 0.6354166666666666 0.4892578125 0.6471354166666666 0.5087890625 0.6692708333333334 0.5166015625 0.6875 0.5361328125 0.72265625 0.5419921875 0.7447916666666666 0.544921875 0.765625 0.544921875 0.8059895833333334 0.5419921875 0.8268229166666666 0.5390625 0.8372395833333334 0.525390625 0.86328125 0.50390625 0.8841145833333334 0.4873046875 0.8919270833333334 0.4658203125 0.89453125 0.4443359375 0.8919270833333334 0.4111328125 0.8763020833333334 0.3779296875 0.8763020833333334 0.3720703125 0.8684895833333334 0.3681640625 0.85546875 0.3583984375 0.83984375 0.359375 0.81640625 0.3427734375 0.77734375 0.3369140625 0.7408854166666666 0.337890625 0.7161458333333334 0.3427734375 0.703125 0.390625 0.6861979166666666 0.4072265625 0.6705729166666666 0.4326171875 0.6328125 0.458984375 0.6328125 0.46484375 0.6354166666666666
0 0.5498046875 0.13411458333333334 0.583984375 0.14453125 0.59765625 0.15364583333333334 0.609375 0.16536458333333334 0.6240234375 0.19140625 0.6298828125 0.21744791666666666 0.6318359375 0.2526041666666667 0.630859375 0.2578125 0.6240234375 0.2630208333333333 0.6171875 0.2799479166666667 0.6064453125 0.2955729166666667 0.5888671875 0.3138020833333333 0.57421875 0.328125 0.5478515625 0.3372395833333333 0.53125 0.3372395833333333 0.5107421875 0.328125 0.490234375 0.3125 0.4677734375 0.2838541666666667 0.4619140625 0.2708333333333333 0.4599609375 0.21614583333333334 0.46484375 0.19010416666666666 0.48828125 0.15885416666666666 0.5048828125 0.14583333333333334 0.548828125 0.13411458333333334