0 0.66796875 0.63671875 0.6875 0.6419270833333334 0.716796875 0.6588541666666666 0.7294921875 0.6627604166666666 0.744140625 0.6888020833333334 0.748046875 0.6888020833333334 0.751953125 0.6848958333333334 0.7578125 0.6861979166666666 0.7607421875 0.7018229166666666 0.76953125 0.7122395833333334 0.7724609375 0.7200520833333334 0.771484375 0.73046875 0.7626953125 0.7447916666666666 0.7626953125 0.7747395833333334 0.76171875 0.77734375 0.7578125 0.7708333333333334 0.75390625 0.77734375 0.7509765625 0.8138020833333334 0.7421875 0.8372395833333334 0.7314453125 0.85546875 0.7109375 0.875 0.7021484375 0.8802083333333334 0.6884765625 0.8802083333333334 0.6728515625 0.8763020833333334 0.654296875 0.8658854166666666 0.6259765625 0.8346354166666666 0.6123046875 0.8125 0.5947265625 0.8072916666666666 0.587890625 0.796875 0.5859375 0.7890625 0.587890625 0.7747395833333334 0.5908203125 0.7708333333333334 0.5986328125 0.7708333333333334 0.6005859375 0.7682291666666666 0.60546875 0.703125 0.6103515625 0.6861979166666666 0.619140625 0.66796875 0.6328125 0.6510416666666666 0.6435546875 0.6432291666666666 0.66015625 0.63671875 0.6669921875 0.63671875
0 0.4765625 0.3502604166666667 0.4931640625 0.3541666666666667 0.5126953125 0.3645833333333333 0.52734375 0.3802083333333333 0.5380859375 0.3997395833333333 0.54296875 0.4192708333333333 0.544921875 0.4518229166666667 0.5390625 0.484375 0.5302734375 0.5052083333333334 0.5126953125 0.5247395833333334 0.501953125 0.5325520833333334 0.494140625 0.5338541666666666 0.4716796875 0.5234375 0.4501953125 0.5234375 0.431640625 0.51953125 0.423828125 0.5143229166666666 0.416015625 0.50390625 0.41015625 0.4908854166666667 0.4033203125 0.4466145833333333 0.4033203125 0.4296875 0.4052734375 0.41796875 0.4140625 0.3932291666666667 0.427734375 0.3736979166666667 0.4462890625 0.3580729166666667 0.4609375 0.3515625 0.4755859375 0.3515625
0 0.318359375 0.2421875 0.3251953125 0.24609375 0.35546875 0.2747395833333333 0.3662109375 0.2903645833333333 0.373046875 0.3111979166666667 0.375 0.32421875 0.375 0.33984375 0.369140625 0.3658854166666667 0.365234375 0.3658854166666667 0.353515625 0.35546875 0.341796875 0.3489583333333333 0.3095703125 0.33984375 0.2841796875 0.3411458333333333 0.259765625 0.3489583333333333 0.2509765625 0.3541666666666667 0.2451171875 0.3346354166666667 0.24609375 0.3033854166666667 0.251953125 0.2825520833333333 0.2607421875 0.265625 0.2724609375 0.2526041666666667 0.2861328125 0.24479166666666666 0.2978515625 0.24088541666666666 0.3173828125 0.2421875
0 0.4716796875 0.52734375 0.4990234375 0.54296875 0.517578125 0.5651041666666666 0.5224609375 0.5755208333333334 0.5302734375 0.6067708333333334 0.5302734375 0.6276041666666666 0.5263671875 0.6536458333333334 0.517578125 0.6770833333333334 0.5078125 0.69140625 0.49609375 0.69921875 0.4775390625 0.69921875 0.4619140625 0.7057291666666666 0.4462890625 0.703125 0.421875 0.6861979166666666 0.408203125 0.66796875 0.4033203125 0.65625 0.3984375 0.6393229166666666 0.3974609375 0.6197916666666666 0.4033203125 0.5950520833333334 0.419921875 0.5651041666666666 0.4228515625 0.5494791666666666 0.4287109375 0.5364583333333334 0.435546875 0.54296875 0.4462890625 0.53515625 0.470703125 0.52734375
0 0.486328125 0.7018229166666666 0.490234375 0.7044270833333334 0.5048828125 0.703125 0.5185546875 0.7083333333333334 0.5302734375 0.7161458333333334 0.5439453125 0.7317708333333334 0.560546875 0.7708333333333334 0.5634765625 0.78515625 0.5654296875 0.8138020833333334 0.5634765625 0.8255208333333334 0.55078125 0.8515625 0.5322265625 0.8697916666666666 0.5244140625 0.8802083333333334 0.51953125 0.8958333333333334 0.50390625 0.9166666666666666 0.498046875 0.9192708333333334 0.4716796875 0.9153645833333334 0.4345703125 0.8880208333333334 0.4248046875 0.875 0.4150390625 0.85546875 0.41015625 0.8307291666666666 0.41015625 0.8098958333333334 0.4150390625 0.77734375 0.4208984375 0.7591145833333334 0.431640625 0.7447916666666666 0.4384765625 0.7278645833333334 0.462890625 0.7083333333333334 0.478515625 0.7018229166666666 0.4853515625 0.7018229166666666
0 0.30859375 0.6536458333333334 0.3388671875 0.6640625 0.3701171875 0.69140625 0.3798828125 0.7057291666666666 0.38671875 0.72265625 0.392578125 0.7526041666666666 0.3935546875 0.8125 0.38671875 0.8463541666666666 0.3671875 0.8932291666666666 0.3271484375 0.9427083333333334 0.3173828125 0.9479166666666666 0.3076171875 0.9440104166666666 0.294921875 0.9453125 0.287109375 0.9635416666666666 0.2744140625 0.97265625 0.265625 0.97265625 0.25390625 0.9674479166666666 0.25390625 0.953125 0.2392578125 0.9401041666666666 0.23046875 0.9283854166666666 0.2197265625 0.9205729166666666 0.1865234375 0.8723958333333334 0.1796875 0.85546875 0.1767578125 0.8372395833333334 0.1767578125 0.80078125 0.1884765625 0.75390625 0.1953125 0.73828125 0.19140625 0.7278645833333334 0.224609375 0.6848958333333334 0.2275390625 0.6744791666666666 0.2236328125 0.66796875 0.2333984375 0.6614583333333334 0.2509765625 0.6588541666666666 0.2646484375 0.65234375 0.3076171875 0.6536458333333334
0 0.646484375 0.453125 0.6767578125 0.47265625 0.6943359375 0.4921875 0.705078125 0.51171875 0.712890625 0.5442708333333334 0.7138671875 0.55859375 0.7041015625 0.59375 0.697265625 0.6067708333333334 0.6865234375 0.6197916666666666 0.671875 0.6315104166666666 0.6591796875 0.6328125 0.634765625 0.6419270833333334 0.6103515625 0.6380208333333334 0.5947265625 0.6302083333333334 0.572265625 0.6119791666666666 0.5595703125 0.5963541666666666 0.5498046875 0.5924479166666666 0.541015625 0.5833333333333334 0.5283203125 0.5768229166666666 0.5283203125 0.5703125 0.5380859375 0.5481770833333334 0.552734375 0.5325520833333334 0.560546875 0.4908854166666667 0.5771484375 0.4700520833333333 0.5869140625 0.4609375 0.6025390625 0.453125 0.6171875 0.4505208333333333 0.6376953125 0.4505208333333333 0.6455078125 0.453125
0 0.1513671875 0.5286458333333334 0.15234375 0.5364583333333334 0.1552734375 0.5390625 0.1826171875 0.5390625 0.19921875 0.5455729166666666 0.2138671875 0.5572916666666666 0.2333984375 0.59375 0.24609375 0.6341145833333334 0.2587890625 0.6432291666666666 0.2587890625 0.6471354166666666 0.24609375 0.6549479166666666 0.2265625 0.6588541666666666 0.2001953125 0.6809895833333334 0.197265625 0.6848958333333334 0.19921875 0.7018229166666666 0.1953125 0.7109375 0.1904296875 0.7122395833333334 0.185546875 0.7213541666666666 0.185546875 0.73046875 0.189453125 0.7408854166666666 0.1826171875 0.7578125 0.158203125 0.76171875 0.1513671875 0.765625 0.1220703125 0.7630208333333334 0.103515625 0.7526041666666666 0.083984375 0.7278645833333334 0.0771484375 0.71484375 0.0732421875 0.7044270833333334 0.0703125 0.6770833333333334 0.0673828125 0.671875 0.064453125 0.671875 0.064453125 0.6640625 0.0703125 0.6471354166666666 0.0751953125 0.6236979166666666 0.080078125 0.6119791666666666 0.0927734375 0.5924479166666666 0.1005859375 0.5703125 0.12890625 0.5455729166666666 0.1328125 0.5390625 0.1318359375 0.5325520833333334 0.1337890625 0.5286458333333334 0.150390625 0.5286458333333334
0 0.6435546875 0.21875 0.6796875 0.22916666666666666 0.69140625 0.23958333333333334 0.7060546875 0.2591145833333333 0.7109375 0.26171875 0.712890625 0.2760416666666667 0.7197265625 0.2955729166666667 0.72265625 0.328125 0.720703125 0.3424479166666667 0.71484375 0.3541666666666667 0.7099609375 0.3736979166666667 0.69140625 0.3997395833333333 0.6875 0.4088541666666667 0.66015625 0.4153645833333333 0.642578125 0.4244791666666667 0.5966796875 0.4192708333333333 0.583984375 0.4153645833333333 0.560546875 0.4010416666666667 0.5546875 0.39453125 0.55078125 0.3828125 0.5302734375 0.359375 0.525390625 0.3229166666666667 0.5263671875 0.2877604166666667 0.5341796875 0.2734375 0.54296875 0.25 0.55859375 0.23177083333333334 0.59765625 0.22005208333333334 0.642578125 0.21875
0 0.7978515625 0.2734375 0.8134765625 0.2786458333333333 0.818359375 0.2838541666666667 0.8173828125 0.30078125 0.8369140625 0.3307291666666667 0.837890625 0.3489583333333333 0.84765625 0.35546875 0.8486328125 0.3606770833333333 0.8369140625 0.3841145833333333 0.826171875 0.390625 0.81640625 0.40234375 0.794921875 0.4140625 0.7783203125 0.4192708333333333 0.7421875 0.4153645833333333 0.72265625 0.4049479166666667 0.712890625 0.3919270833333333 0.7109375 0.38671875 0.7109375 0.3763020833333333 0.7197265625 0.3502604166666667 0.724609375 0.3424479166666667 0.7265625 0.3203125 0.7548828125 0.28125 0.765625 0.2721354166666667 0.796875 0.2734375
0 0.478515625 0.19010416666666666 0.4921875 0.19921875 0.5048828125 0.21614583333333334 0.515625 0.24869791666666666 0.51953125 0.28515625 0.51953125 0.31640625 0.5166015625 0.3450520833333333 0.509765625 0.3541666666666667 0.4765625 0.34765625 0.4599609375 0.3489583333333333 0.4453125 0.35546875 0.431640625 0.3658854166666667 0.4267578125 0.3658854166666667 0.41796875 0.3567708333333333 0.408203125 0.3515625 0.40234375 0.34375 0.396484375 0.328125 0.3916015625 0.2994791666666667 0.392578125 0.2760416666666667 0.3876953125 0.265625 0.3798828125 0.23828125 0.37890625 0.22005208333333334 0.388671875 0.20442708333333334 0.3955078125 0.20052083333333334 0.4150390625 0.20052083333333334 0.4248046875 0.19401041666666666 0.4384765625 0.19401041666666666 0.447265625 0.19010416666666666 0.4775390625 0.19010416666666666
0 0.3046875 0.3424479166666667 0.341796875 0.3515625 0.359375 0.36328125 0.3720703125 0.3763020833333333 0.388671875 0.40234375 0.3974609375 0.4244791666666667 0.40234375 0.46875 0.400390625 0.5 0.39453125 0.5221354166666666 0.3720703125 0.5703125 0.353515625 0.59375 0.3408203125 0.60546875 0.3193359375 0.6158854166666666 0.3046875 0.6184895833333334 0.2919921875 0.6171875 0.26171875 0.6041666666666666 0.2392578125 0.5872395833333334 0.2265625 0.5729166666666666 0.220703125 0.5625 0.21484375 0.5416666666666666 0.2138671875 0.5299479166666666 0.2041015625 0.4908854166666667 0.203125 0.4778645833333333 0.1953125 0.4661458333333333 0.1953125 0.4635416666666667 0.203125 0.4544270833333333 0.20703125 0.4388020833333333 0.2099609375 0.4375 0.212890625 0.44140625 0.21484375 0.4388020833333333 0.220703125 0.4166666666666667 0.2275390625 0.4075520833333333 0.2197265625 0.390625 0.2236328125 0.3828125 0.26171875 0.3515625 0.2861328125 0.34375 0.3037109375 0.3424479166666667