0 0.4131944444444444 0.54296875 0.4444444444444444 0.546875 0.4722222222222222 0.5559895833333334 0.4982638888888889 0.5729166666666666 0.515625 0.59375 0.5225694444444444 0.61328125 0.5225694444444444 0.6223958333333334 0.5190972222222222 0.6276041666666666 0.5138888888888888 0.6484375 0.5017361111111112 0.6731770833333334 0.5017361111111112 0.7122395833333334 0.4878472222222222 0.72265625 0.4774305555555556 0.7252604166666666 0.4670138888888889 0.7317708333333334 0.4548611111111111 0.7317708333333334 0.4322916666666667 0.7356770833333334 0.3993055555555556 0.734375 0.3854166666666667 0.73046875 0.3472222222222222 0.7122395833333334 0.3090277777777778 0.6822916666666666 0.3090277777777778 0.6770833333333334 0.3020833333333333 0.6614583333333334 0.3055555555555556 0.6263020833333334 0.3125 0.6041666666666666 0.3298611111111111 0.58203125 0.3315972222222222 0.5768229166666666 0.34375 0.56640625 0.3697916666666667 0.5520833333333334 0.3923611111111111 0.5455729166666666 0.4114583333333333 0.5442708333333334
0 0.7118055555555556 0.0859375 0.7274305555555556 0.09244791666666667 0.7517361111111112 0.09635416666666667 0.7690972222222222 0.1015625 0.7777777777777778 0.10546875 0.7934027777777778 0.1171875 0.8072916666666666 0.13541666666666666 0.8177083333333334 0.16276041666666666 0.8194444444444444 0.17578125 0.8142361111111112 0.20963541666666666 0.7986111111111112 0.23307291666666666 0.7847222222222222 0.24479166666666666 0.7829861111111112 0.25 0.7725694444444444 0.2604166666666667 0.7239583333333334 0.296875 0.6996527777777778 0.3072916666666667 0.6875 0.30859375 0.6666666666666666 0.3151041666666667 0.6371527777777778 0.3190104166666667 0.5989583333333334 0.31640625 0.5746527777777778 0.3111979166666667 0.5555555555555556 0.3046875 0.5399305555555556 0.2916666666666667 0.5364583333333334 0.2916666666666667 0.5225694444444444 0.2799479166666667 0.5104166666666666 0.2565104166666667 0.5104166666666666 0.24869791666666666 0.5069444444444444 0.24088541666666666 0.5086805555555556 0.22265625 0.5208333333333334 0.20052083333333334 0.5347222222222222 0.18229166666666666 0.5798611111111112 0.13541666666666666 0.5972222222222222 0.12239583333333333 0.6267361111111112 0.10416666666666667 0.6510416666666666 0.09505208333333333 0.7100694444444444 0.0859375
0 0.4861111111111111 0.3072916666666667 0.5086805555555556 0.3125 0.5190972222222222 0.3177083333333333 0.5364583333333334 0.3307291666666667 0.5538194444444444 0.3502604166666667 0.5572916666666666 0.3580729166666667 0.5503472222222222 0.3658854166666667 0.5243055555555556 0.3776041666666667 0.4895833333333333 0.40625 0.4670138888888889 0.44140625 0.4618055555555556 0.4739583333333333 0.4479166666666667 0.4778645833333333 0.4270833333333333 0.4778645833333333 0.4131944444444444 0.4739583333333333 0.3993055555555556 0.4661458333333333 0.3819444444444444 0.4518229166666667 0.3680555555555556 0.4283854166666667 0.3663194444444444 0.3997395833333333 0.359375 0.37890625 0.359375 0.3658854166666667 0.3628472222222222 0.3606770833333333 0.3923611111111111 0.3411458333333333 0.4166666666666667 0.3203125 0.4565972222222222 0.3059895833333333 0.484375 0.3072916666666667
0 0.7048611111111112 0.5859375 0.7152777777777778 0.5950520833333334 0.7465277777777778 0.6028645833333334 0.7638888888888888 0.6119791666666666 0.8003472222222222 0.63671875 0.8194444444444444 0.65234375 0.8315972222222222 0.6692708333333334 0.8420138888888888 0.6940104166666666 0.8506944444444444 0.7252604166666666 0.8506944444444444 0.7434895833333334 0.8454861111111112 0.7578125 0.828125 0.78125 0.8055555555555556 0.80078125 0.7899305555555556 0.8111979166666666 0.7708333333333334 0.8216145833333334 0.75 0.8294270833333334 0.7222222222222222 0.8372395833333334 0.6944444444444444 0.8411458333333334 0.6336805555555556 0.83984375 0.6041666666666666 0.83203125 0.5972222222222222 0.83203125 0.5815972222222222 0.8229166666666666 0.5694444444444444 0.8216145833333334 0.5572916666666666 0.8151041666666666 0.5347222222222222 0.8138020833333334 0.5104166666666666 0.7799479166666666 0.5138888888888888 0.7708333333333334 0.5225694444444444 0.7643229166666666 0.515625 0.75390625 0.5086805555555556 0.7330729166666666 0.5104166666666666 0.7161458333333334 0.5069444444444444 0.7109375 0.5069444444444444 0.6796875 0.515625 0.6575520833333334 0.53125 0.640625 0.5625 0.6184895833333334 0.5850694444444444 0.6080729166666666 0.5920138888888888 0.6067708333333334 0.5972222222222222 0.6028645833333334 0.5989583333333334 0.5963541666666666 0.6197916666666666 0.5950520833333334 0.6388888888888888 0.5885416666666666 0.6614583333333334 0.5846354166666666 0.703125 0.5859375
0 0.2847222222222222 0.2903645833333333 0.3003472222222222 0.29296875 0.3159722222222222 0.2994791666666667 0.3350694444444444 0.3203125 0.3559027777777778 0.3359375 0.3628472222222222 0.3502604166666667 0.3628472222222222 0.3541666666666667 0.3541666666666667 0.3658854166666667 0.3559027777777778 0.39453125 0.3524305555555556 0.4010416666666667 0.3315972222222222 0.4153645833333333 0.3194444444444444 0.4114583333333333 0.2777777777777778 0.41015625 0.25 0.4153645833333333 0.2326388888888889 0.421875 0.22743055555555555 0.421875 0.21180555555555555 0.4153645833333333 0.19444444444444445 0.4010416666666667 0.18229166666666666 0.3776041666666667 0.1840277777777778 0.3528645833333333 0.1909722222222222 0.3411458333333333 0.19791666666666666 0.3177083333333333 0.21180555555555555 0.3046875 0.22395833333333334 0.2981770833333333 0.24305555555555555 0.2916666666666667 0.2586805555555556 0.2890625 0.2829861111111111 0.2903645833333333
0 0.4722222222222222 0.7786458333333334 0.5052083333333334 0.78515625 0.515625 0.7955729166666666 0.5277777777777778 0.8138020833333334 0.5347222222222222 0.8190104166666666 0.5486111111111112 0.8203125 0.5538194444444444 0.82421875 0.5607638888888888 0.8372395833333334 0.5659722222222222 0.859375 0.5642361111111112 0.8971354166666666 0.5590277777777778 0.9088541666666666 0.5451388888888888 0.9270833333333334 0.53125 0.9427083333333334 0.515625 0.9544270833333334 0.4982638888888889 0.9609375 0.4791666666666667 0.9609375 0.4409722222222222 0.95703125 0.4288194444444444 0.9635416666666666 0.4184027777777778 0.96484375 0.4027777777777778 0.96484375 0.3958333333333333 0.9622395833333334 0.3940972222222222 0.9544270833333334 0.3993055555555556 0.9479166666666666 0.3993055555555556 0.9440104166666666 0.3923611111111111 0.9375 0.3802083333333333 0.9309895833333334 0.3767361111111111 0.9231770833333334 0.3645833333333333 0.9153645833333334 0.3645833333333333 0.90234375 0.3576388888888889 0.8841145833333334 0.3576388888888889 0.8515625 0.3715277777777778 0.8216145833333334 0.3958333333333333 0.8020833333333334 0.4184027777777778 0.7903645833333334 0.4427083333333333 0.78125 0.4704861111111111 0.7786458333333334
0 0.6614583333333334 0.3489583333333333 0.6684027777777778 0.3515625 0.6840277777777778 0.3528645833333333 0.6944444444444444 0.359375 0.7135416666666666 0.3606770833333333 0.7222222222222222 0.3645833333333333 0.734375 0.3658854166666667 0.7413194444444444 0.37109375 0.7465277777777778 0.3697916666666667 0.7569444444444444 0.3619791666666667 0.7604166666666666 0.3619791666666667 0.7725694444444444 0.3697916666666667 0.8072916666666666 0.4088541666666667 0.8229166666666666 0.4505208333333333 0.8229166666666666 0.4752604166666667 0.8177083333333334 0.4947916666666667 0.8020833333333334 0.5221354166666666 0.7795138888888888 0.546875 0.7552083333333334 0.5651041666666666 0.7291666666666666 0.578125 0.71875 0.5807291666666666 0.7083333333333334 0.5807291666666666 0.6996527777777778 0.578125 0.6770833333333334 0.578125 0.6666666666666666 0.5807291666666666 0.6545138888888888 0.5807291666666666 0.6267361111111112 0.5872395833333334 0.6076388888888888 0.5872395833333334 0.5920138888888888 0.5833333333333334 0.5729166666666666 0.5859375 0.5625 0.578125 0.5399305555555556 0.5703125 0.5104166666666666 0.55078125 0.4895833333333333 0.5325520833333334 0.4756944444444444 0.5091145833333334 0.46875 0.48828125 0.4670138888888889 0.4609375 0.4739583333333333 0.4348958333333333 0.4826388888888889 0.421875 0.5 0.4036458333333333 0.515625 0.390625 0.5208333333333334 0.3893229166666667 0.53125 0.37890625 0.5625 0.3684895833333333 0.5763888888888888 0.3606770833333333 0.6319444444444444 0.34765625 0.6458333333333334 0.3411458333333333 0.6510416666666666 0.3411458333333333 0.6597222222222222 0.3489583333333333
0 0.1996527777777778 0.5598958333333334 0.24305555555555555 0.5768229166666666 0.2690972222222222 0.5989583333333334 0.28125 0.6028645833333334 0.2986111111111111 0.6158854166666666 0.296875 0.6223958333333334 0.2986111111111111 0.6458333333333334 0.2951388888888889 0.65625 0.296875 0.6848958333333334 0.2569444444444444 0.7096354166666666 0.22395833333333334 0.7200520833333334 0.20833333333333334 0.7213541666666666 0.19270833333333334 0.7252604166666666 0.171875 0.7252604166666666 0.15104166666666666 0.72265625 0.1284722222222222 0.7135416666666666 0.109375 0.7005208333333334 0.08680555555555555 0.66796875 0.0798611111111111 0.65234375 0.06597222222222222 0.640625 0.05555555555555555 0.6223958333333334 0.05555555555555555 0.6158854166666666 0.0625 0.60546875 0.0798611111111111 0.5989583333333334 0.09027777777777778 0.5911458333333334 0.10243055555555555 0.5911458333333334 0.11284722222222222 0.59375 0.1597222222222222 0.5677083333333334 0.17708333333333334 0.5625 0.19791666666666666 0.5598958333333334
0 0.8802083333333334 0.01171875 0.8871527777777778 0.018229166666666668 0.8975694444444444 0.01953125 0.9131944444444444 0.015625 0.9201388888888888 0.010416666666666666 0.9270833333333334 0 0.984375 0 0.9878472222222222 0.00390625 0.9913194444444444 0.0234375 0.9965277777777778 0.036458333333333336 0.9982638888888888 0.0625 0.9947916666666666 0.06770833333333333 0.9947916666666666 0.07291666666666667 0.9861111111111112 0.07942708333333333 0.9809027777777778 0.08854166666666667 0.9809027777777778 0.10286458333333333 0.9236111111111112 0.14713541666666666 0.90625 0.15755208333333334 0.8958333333333334 0.16276041666666666 0.8732638888888888 0.16536458333333334 0.8628472222222222 0.16927083333333334 0.8315972222222222 0.19010416666666666 0.8211805555555556 0.19270833333333334 0.8159722222222222 0.19661458333333334 0.8159722222222222 0.20442708333333334 0.8107638888888888 0.21614583333333334 0.796875 0.234375 0.7847222222222222 0.24479166666666666 0.78125 0.25390625 0.7760416666666666 0.2578125 0.7777777777777778 0.26171875 0.7743055555555556 0.2669270833333333 0.7795138888888888 0.26953125 0.7777777777777778 0.2721354166666667 0.7725694444444444 0.2708333333333333 0.7760416666666666 0.2682291666666667 0.7743055555555556 0.2669270833333333 0.7673611111111112 0.2669270833333333 0.7638888888888888 0.2708333333333333 0.7517361111111112 0.2760416666666667 0.7239583333333334 0.2981770833333333 0.7065972222222222 0.3059895833333333 0.6892361111111112 0.30859375 0.6666666666666666 0.3151041666666667 0.6388888888888888 0.3190104166666667 0.5989583333333334 0.31640625 0.5746527777777778 0.3111979166666667 0.5555555555555556 0.3046875 0.5260416666666666 0.28515625 0.5138888888888888 0.2643229166666667 0.5069444444444444 0.2421875 0.5086805555555556 0.22265625 0.5243055555555556 0.1953125 0.5555555555555556 0.15885416666666666 0.5868055555555556 0.12890625 0.625 0.10416666666666667 0.6579861111111112 0.09244791666666667 0.6909722222222222 0.08854166666666667 0.6927083333333334 0.08463541666666667 0.6840277777777778 0.08072916666666667 0.6857638888888888 0.07942708333333333 0.7065972222222222 0.08072916666666667 0.7291666666666666 0.09244791666666667 0.7586805555555556 0.09765625 0.7847222222222222 0.10807291666666667 0.8072916666666666 0.08333333333333333 0.8246527777777778 0.0703125 0.8680555555555556 0.010416666666666666 0.8732638888888888 0.0078125 0.8784722222222222 0.01171875
0 0.4444444444444444 0.18098958333333334 0.4600694444444444 0.18489583333333334 0.4791666666666667 0.19401041666666666 0.4895833333333333 0.20182291666666666 0.5 0.21614583333333334 0.5034722222222222 0.2760416666666667 0.5017361111111112 0.2916666666666667 0.4982638888888889 0.2994791666666667 0.4930555555555556 0.3033854166666667 0.484375 0.3046875 0.4652777777777778 0.3020833333333333 0.4444444444444444 0.3059895833333333 0.4201388888888889 0.3151041666666667 0.4027777777777778 0.328125 0.3940972222222222 0.33203125 0.3611111111111111 0.3307291666666667 0.3506944444444444 0.3268229166666667 0.3350694444444444 0.3151041666666667 0.3194444444444444 0.2955729166666667 0.3177083333333333 0.26171875 0.3263888888888889 0.24348958333333334 0.3246527777777778 0.23567708333333334 0.3263888888888889 0.20963541666666666 0.3229166666666667 0.19791666666666666 0.3298611111111111 0.19140625 0.3454861111111111 0.18880208333333334 0.3506944444444444 0.18359375 0.3576388888888889 0.18489583333333334 0.3645833333333333 0.19140625 0.3732638888888889 0.19140625 0.4166666666666667 0.18098958333333334 0.4427083333333333 0.18098958333333334
0 0.2864583333333333 0.4127604166666667 0.3159722222222222 0.4140625 0.3246527777777778 0.4166666666666667 0.3350694444444444 0.4231770833333333 0.3559027777777778 0.4296875 0.3680555555555556 0.4388020833333333 0.3802083333333333 0.4557291666666667 0.4010416666666667 0.4739583333333333 0.40625 0.48828125 0.4079861111111111 0.5091145833333334 0.4045138888888889 0.5221354166666666 0.3958333333333333 0.5377604166666666 0.3663194444444444 0.5494791666666666 0.34375 0.5611979166666666 0.3333333333333333 0.5690104166666666 0.328125 0.578125 0.3229166666666667 0.58203125 0.3003472222222222 0.58203125 0.2690972222222222 0.578125 0.25 0.5716145833333334 0.2378472222222222 0.5703125 0.22569444444444445 0.5638020833333334 0.21006944444444445 0.5598958333333334 0.2013888888888889 0.5533854166666666 0.1909722222222222 0.53515625 0.1892361111111111 0.5247395833333334 0.18055555555555555 0.5182291666666666 0.1892361111111111 0.4986979166666667 0.1909722222222222 0.47265625 0.1875 0.4674479166666667 0.1875 0.4622395833333333 0.19444444444444445 0.44921875 0.19618055555555555 0.4479166666666667 0.203125 0.44921875 0.2152777777777778 0.4361979166666667 0.234375 0.4244791666666667 0.2534722222222222 0.41796875 0.2847222222222222 0.4140625
0 0.2604166666666667 0.72265625 0.3020833333333333 0.734375 0.3194444444444444 0.74609375 0.328125 0.7578125 0.3385416666666667 0.7799479166666666 0.3368055555555556 0.8177083333333334 0.3333333333333333 0.83203125 0.3229166666666667 0.84765625 0.3107638888888889 0.859375 0.2864583333333333 0.875 0.2604166666666667 0.8841145833333334 0.2378472222222222 0.8880208333333334 0.2170138888888889 0.8880208333333334 0.19618055555555555 0.8854166666666666 0.1753472222222222 0.8776041666666666 0.1545138888888889 0.86328125 0.14756944444444445 0.8541666666666666 0.1423611111111111 0.8346354166666666 0.1423611111111111 0.8098958333333334 0.14756944444444445 0.7864583333333334 0.1736111111111111 0.7447916666666666 0.1892361111111111 0.7330729166666666 0.1996527777777778 0.7291666666666666 0.2361111111111111 0.72265625 0.2586805555555556 0.72265625