0 0.6630859375 0.36328125 0.6845703125 0.375 0.7041015625 0.3893229166666667 0.716796875 0.4049479166666667 0.7255859375 0.421875 0.7373046875 0.4322916666666667 0.75 0.4557291666666667 0.755859375 0.4895833333333333 0.763671875 0.5052083333333334 0.76171875 0.5143229166666666 0.7646484375 0.5221354166666666 0.7646484375 0.546875 0.7578125 0.5872395833333334 0.75 0.6067708333333334 0.7294921875 0.6419270833333334 0.7275390625 0.6510416666666666 0.72265625 0.6575520833333334 0.662109375 0.6575520833333334 0.6484375 0.6549479166666666 0.630859375 0.6484375 0.6083984375 0.6302083333333334 0.580078125 0.59375 0.57421875 0.5768229166666666 0.5712890625 0.5559895833333334 0.564453125 0.5299479166666666 0.552734375 0.4973958333333333 0.55078125 0.484375 0.5517578125 0.46484375 0.55859375 0.44140625 0.5634765625 0.4322916666666667 0.5732421875 0.4231770833333333 0.5927734375 0.3958333333333333 0.611328125 0.37890625 0.6357421875 0.3658854166666667 0.6435546875 0.3580729166666667 0.65234375 0.3580729166666667 0.662109375 0.36328125
0 0.51953125 0.234375 0.525390625 0.24348958333333334 0.5361328125 0.23046875 0.5673828125 0.23177083333333334 0.5908203125 0.24609375 0.595703125 0.2578125 0.60546875 0.2955729166666667 0.6181640625 0.3151041666666667 0.634765625 0.3333333333333333 0.63671875 0.33984375 0.63671875 0.3567708333333333 0.6337890625 0.3619791666666667 0.6181640625 0.3697916666666667 0.595703125 0.3893229166666667 0.587890625 0.390625 0.583984375 0.3971354166666667 0.5732421875 0.4049479166666667 0.5712890625 0.4140625 0.5546875 0.44140625 0.5478515625 0.4622395833333333 0.546875 0.4739583333333333 0.54296875 0.4791666666666667 0.5380859375 0.4752604166666667 0.5283203125 0.4739583333333333 0.51953125 0.4674479166666667 0.494140625 0.4557291666666667 0.4775390625 0.4544270833333333 0.4677734375 0.4583333333333333 0.4521484375 0.45703125 0.4365234375 0.4375 0.431640625 0.4283854166666667 0.4287109375 0.4153645833333333 0.4296875 0.4010416666666667 0.427734375 0.3971354166666667 0.427734375 0.3893229166666667 0.4306640625 0.38671875 0.4296875 0.3736979166666667 0.427734375 0.37109375 0.4287109375 0.3619791666666667 0.4482421875 0.3333333333333333 0.4638671875 0.3020833333333333 0.4736328125 0.3059895833333333 0.478515625 0.3033854166666667 0.484375 0.2903645833333333 0.486328125 0.2825520833333333 0.4853515625 0.2734375 0.4873046875 0.2708333333333333 0.4990234375 0.2734375 0.50390625 0.2682291666666667 0.5009765625 0.2578125 0.4912109375 0.2578125 0.494140625 0.2526041666666667 0.4912109375 0.24348958333333334 0.49609375 0.23828125 0.50390625 0.23958333333333334 0.5068359375 0.2421875 0.505859375 0.2513020833333333 0.5087890625 0.25390625 0.513671875 0.2513020833333333 0.5126953125 0.24348958333333334 0.5087890625 0.23697916666666666 0.5126953125 0.23307291666666666 0.5185546875 0.234375
0 0.8271484375 0.28125 0.83203125 0.2838541666666667 0.8427734375 0.296875 0.8447265625 0.3046875 0.84375 0.3098958333333333 0.849609375 0.3216145833333333 0.873046875 0.3502604166666667 0.884765625 0.3697916666666667 0.890625 0.3932291666666667 0.8916015625 0.4270833333333333 0.8876953125 0.4466145833333333 0.8798828125 0.46875 0.86328125 0.4895833333333333 0.8349609375 0.5052083333333334 0.8076171875 0.5091145833333334 0.7900390625 0.5091145833333334 0.7822265625 0.50390625 0.7734375 0.4921875 0.7626953125 0.4869791666666667 0.7568359375 0.4739583333333333 0.7568359375 0.4661458333333333 0.7509765625 0.44921875 0.7412109375 0.4322916666666667 0.7236328125 0.4127604166666667 0.7119140625 0.3919270833333333 0.6953125 0.3763020833333333 0.6953125 0.3671875 0.69921875 0.3580729166666667 0.712890625 0.3463541666666667 0.7587890625 0.3229166666666667 0.765625 0.3177083333333333 0.7763671875 0.3033854166666667 0.787109375 0.2994791666666667 0.802734375 0.2864583333333333 0.826171875 0.28125
0 0.2685546875 0.234375 0.279296875 0.23697916666666666 0.2998046875 0.25 0.3046875 0.2760416666666667 0.3017578125 0.2942708333333333 0.296875 0.2981770833333333 0.265625 0.2955729166666667 0.2412109375 0.2955729166666667 0.228515625 0.2981770833333333 0.22265625 0.31640625 0.21875 0.31640625 0.2109375 0.328125 0.181640625 0.3515625 0.1796875 0.3489583333333333 0.1796875 0.3424479166666667 0.189453125 0.2994791666666667 0.1923828125 0.2591145833333333 0.197265625 0.24739583333333334 0.2021484375 0.24609375 0.205078125 0.24088541666666666 0.234375 0.24088541666666666 0.2509765625 0.23567708333333334 0.267578125 0.234375
0 0.2724609375 0.2994791666666667 0.2880859375 0.30078125 0.3037109375 0.3059895833333333 0.328125 0.3203125 0.3447265625 0.3333333333333333 0.3701171875 0.3645833333333333 0.380859375 0.3841145833333333 0.390625 0.4114583333333333 0.3935546875 0.4309895833333333 0.3828125 0.4479166666666667 0.3603515625 0.4700520833333333 0.36328125 0.51171875 0.349609375 0.5338541666666666 0.349609375 0.5546875 0.345703125 0.5638020833333334 0.3427734375 0.5846354166666666 0.3369140625 0.6002604166666666 0.3349609375 0.6197916666666666 0.3310546875 0.62109375 0.3212890625 0.6393229166666666 0.31640625 0.64453125 0.310546875 0.64453125 0.2822265625 0.65625 0.244140625 0.6575520833333334 0.220703125 0.6549479166666666 0.19140625 0.6419270833333334 0.1689453125 0.625 0.146484375 0.5963541666666666 0.1357421875 0.5755208333333334 0.130859375 0.5572916666666666 0.12890625 0.5390625 0.1201171875 0.5013020833333334 0.1201171875 0.4713541666666667 0.1220703125 0.4544270833333333 0.126953125 0.4361979166666667 0.1376953125 0.421875 0.140625 0.4036458333333333 0.1484375 0.3841145833333333 0.16015625 0.3658854166666667 0.166015625 0.3619791666666667 0.177734375 0.359375 0.208984375 0.3333333333333333 0.224609375 0.31640625 0.2265625 0.30859375 0.232421875 0.2994791666666667 0.271484375 0.2994791666666667
0 0.7294921875 0.041666666666666664 0.7392578125 0.048177083333333336 0.74609375 0.0625 0.7763671875 0.08463541666666667 0.7841796875 0.09505208333333333 0.794921875 0.1171875 0.8046875 0.15234375 0.806640625 0.18229166666666666 0.8046875 0.20052083333333334 0.7978515625 0.22526041666666666 0.796875 0.24739583333333334 0.8056640625 0.2552083333333333 0.8037109375 0.2643229166666667 0.798828125 0.2721354166666667 0.7998046875 0.2786458333333333 0.7900390625 0.2890625 0.78125 0.29296875 0.7421875 0.3216145833333333 0.7021484375 0.3411458333333333 0.6767578125 0.3411458333333333 0.6435546875 0.3333333333333333 0.611328125 0.2981770833333333 0.59375 0.24088541666666666 0.5966796875 0.1640625 0.60546875 0.14322916666666666 0.615234375 0.13671875 0.6416015625 0.09765625 0.6611328125 0.08203125 0.6787109375 0.05859375 0.708984375 0.048177083333333336 0.7158203125 0.041666666666666664 0.728515625 0.041666666666666664
0 0.40625 0.14973958333333334 0.4248046875 0.1640625 0.455078125 0.20572916666666666 0.46484375 0.23828125 0.466796875 0.2604166666666667 0.458984375 0.2981770833333333 0.4462890625 0.328125 0.4365234375 0.3424479166666667 0.4248046875 0.3528645833333333 0.3994140625 0.3580729166666667 0.3837890625 0.3671875 0.376953125 0.3658854166666667 0.341796875 0.32421875 0.3203125 0.3072916666666667 0.3154296875 0.2864583333333333 0.306640625 0.2760416666666667 0.3037109375 0.2578125 0.3046875 0.24739583333333334 0.30078125 0.23567708333333334 0.302734375 0.22786458333333334 0.3095703125 0.21614583333333334 0.310546875 0.20963541666666666 0.3330078125 0.17578125 0.34765625 0.16145833333333334 0.3681640625 0.15234375 0.3955078125 0.1484375 0.4052734375 0.14973958333333334
0 0.9306640625 0.20963541666666666 0.9453125 0.21875 0.955078125 0.23307291666666666 0.9619140625 0.23697916666666666 0.9619140625 0.25390625 0.9541015625 0.2721354166666667 0.931640625 0.30078125 0.9248046875 0.3046875 0.9111328125 0.3072916666666667 0.9013671875 0.3046875 0.849609375 0.3072916666666667 0.84375 0.2916666666666667 0.8359375 0.2799479166666667 0.8359375 0.2643229166666667 0.84765625 0.24088541666666666 0.853515625 0.20052083333333334 0.857421875 0.1875 0.8701171875 0.17578125 0.880859375 0.17317708333333334 0.921875 0.17447916666666666 0.9248046875 0.17838541666666666 0.921875 0.19270833333333334 0.9228515625 0.19921875 0.9296875 0.20963541666666666
0 0.4169921875 0.4388020833333333 0.423828125 0.4466145833333333 0.4384765625 0.44921875 0.4501953125 0.46484375 0.4951171875 0.4622395833333333 0.5205078125 0.47265625 0.5390625 0.4869791666666667 0.5576171875 0.5221354166666666 0.5654296875 0.5481770833333334 0.5712890625 0.5859375 0.5703125 0.6354166666666666 0.5615234375 0.6783854166666666 0.5595703125 0.7278645833333334 0.5634765625 0.7317708333333334 0.5732421875 0.734375 0.576171875 0.7447916666666666 0.57421875 0.7721354166666666 0.5576171875 0.7994791666666666 0.5341796875 0.79296875 0.4912109375 0.7734375 0.4345703125 0.7526041666666666 0.4072265625 0.73828125 0.3828125 0.71875 0.3583984375 0.68359375 0.3505859375 0.66796875 0.3408203125 0.6302083333333334 0.3408203125 0.6067708333333334 0.34765625 0.578125 0.3583984375 0.5520833333333334 0.35546875 0.54296875 0.35546875 0.53515625 0.369140625 0.5182291666666666 0.365234375 0.4856770833333333 0.3662109375 0.4713541666666667 0.375 0.4661458333333333 0.3955078125 0.4388020833333333 0.416015625 0.4388020833333333
0 0.5390625 0.1640625 0.5703125 0.18098958333333334 0.58984375 0.19921875 0.591796875 0.21354166666666666 0.587890625 0.23177083333333334 0.5810546875 0.23697916666666666 0.56640625 0.23046875 0.546875 0.23046875 0.5361328125 0.22786458333333334 0.53125 0.23307291666666666 0.525390625 0.24869791666666666 0.5078125 0.2682291666666667 0.5009765625 0.2721354166666667 0.4931640625 0.2721354166666667 0.4833984375 0.2669270833333333 0.48046875 0.2799479166666667 0.4736328125 0.27734375 0.4697265625 0.24479166666666666 0.4599609375 0.2109375 0.4609375 0.19791666666666666 0.4736328125 0.17838541666666666 0.486328125 0.16927083333333334 0.498046875 0.16927083333333334 0.5166015625 0.16276041666666666 0.5380859375 0.1640625
0 0.822265625 0.11979166666666667 0.8310546875 0.12890625 0.841796875 0.14713541666666666 0.8486328125 0.16276041666666666 0.8525390625 0.18489583333333334 0.8466796875 0.23697916666666666 0.83203125 0.2708333333333333 0.828125 0.2734375 0.81640625 0.2721354166666667 0.81640625 0.26171875 0.798828125 0.23958333333333334 0.7998046875 0.22135416666666666 0.8076171875 0.19401041666666666 0.80859375 0.17578125 0.8046875 0.14322916666666666 0.7978515625 0.11979166666666667 0.802734375 0.11458333333333333 0.8212890625 0.11979166666666667