0 0.6796875 0.5390625 0.69140625 0.54296875 0.7138671875 0.55859375 0.7353515625 0.5846354166666666 0.75 0.6119791666666666 0.748046875 0.6393229166666666 0.7529296875 0.6536458333333334 0.7529296875 0.6614583333333334 0.7470703125 0.67578125 0.744140625 0.6901041666666666 0.734375 0.7083333333333334 0.7119140625 0.734375 0.7001953125 0.7408854166666666 0.6884765625 0.7434895833333334 0.662109375 0.7408854166666666 0.634765625 0.7265625 0.6142578125 0.7083333333333334 0.591796875 0.6809895833333334 0.5859375 0.6783854166666666 0.5810546875 0.671875 0.5712890625 0.6705729166666666 0.564453125 0.6666666666666666 0.5625 0.6549479166666666 0.5634765625 0.6458333333333334 0.572265625 0.6380208333333334 0.580078125 0.6158854166666666 0.5849609375 0.609375 0.595703125 0.6015625 0.603515625 0.58203125 0.6259765625 0.5559895833333334 0.6513671875 0.5377604166666666 0.6787109375 0.5390625
0 0.7099609375 0.74609375 0.73046875 0.7565104166666666 0.75 0.78125 0.7568359375 0.7864583333333334 0.7705078125 0.8072916666666666 0.7724609375 0.8138020833333334 0.783203125 0.8216145833333334 0.7900390625 0.84375 0.7900390625 0.8528645833333334 0.78125 0.86328125 0.7783203125 0.8802083333333334 0.775390625 0.8828125 0.771484375 0.8815104166666666 0.767578125 0.8880208333333334 0.763671875 0.91015625 0.7548828125 0.93359375 0.7314453125 0.9596354166666666 0.7099609375 0.96484375 0.689453125 0.9622395833333334 0.6630859375 0.9453125 0.6484375 0.9244791666666666 0.63671875 0.8997395833333334 0.6318359375 0.8828125 0.619140625 0.8671875 0.615234375 0.8541666666666666 0.6162109375 0.84375 0.619140625 0.83984375 0.623046875 0.8411458333333334 0.625 0.8450520833333334 0.626953125 0.84375 0.630859375 0.8307291666666666 0.6328125 0.8125 0.638671875 0.79296875 0.6435546875 0.78125 0.6552734375 0.7643229166666666 0.6728515625 0.75 0.708984375 0.74609375
0 0.5361328125 0.42578125 0.5576171875 0.4348958333333333 0.578125 0.4596354166666667 0.5888671875 0.4947916666666667 0.5908203125 0.53125 0.5849609375 0.5546875 0.57421875 0.5768229166666666 0.5498046875 0.6041666666666666 0.5283203125 0.6145833333333334 0.5126953125 0.6145833333333334 0.4814453125 0.60546875 0.470703125 0.5989583333333334 0.458984375 0.5846354166666666 0.4541015625 0.5755208333333334 0.44921875 0.55859375 0.4462890625 0.5286458333333334 0.4462890625 0.50390625 0.458984375 0.46875 0.4794921875 0.44140625 0.4951171875 0.4296875 0.509765625 0.4244791666666667 0.53515625 0.42578125
0 0.5166015625 0.62109375 0.529296875 0.625 0.54296875 0.6354166666666666 0.5546875 0.6497395833333334 0.55859375 0.6653645833333334 0.56640625 0.6809895833333334 0.5673828125 0.7161458333333334 0.560546875 0.7447916666666666 0.5478515625 0.76953125 0.5341796875 0.7825520833333334 0.515625 0.7877604166666666 0.48828125 0.7864583333333334 0.474609375 0.7799479166666666 0.4609375 0.76953125 0.44921875 0.7552083333333334 0.4443359375 0.7447916666666666 0.4404296875 0.7317708333333334 0.4384765625 0.7135416666666666 0.44140625 0.69140625 0.4462890625 0.6770833333333334 0.4560546875 0.65625 0.4716796875 0.63671875 0.490234375 0.6223958333333334 0.515625 0.62109375
0 0.5341796875 0.7890625 0.5439453125 0.7916666666666666 0.556640625 0.7994791666666666 0.5673828125 0.8098958333333334 0.578125 0.828125 0.58984375 0.8684895833333334 0.5908203125 0.8971354166666666 0.5888671875 0.9075520833333334 0.5810546875 0.9205729166666666 0.560546875 0.9453125 0.5263671875 0.9674479166666666 0.5185546875 0.9765625 0.5107421875 0.9791666666666666 0.4970703125 0.9778645833333334 0.4765625 0.96484375 0.4609375 0.9453125 0.4560546875 0.9348958333333334 0.451171875 0.9153645833333334 0.451171875 0.8723958333333334 0.458984375 0.8385416666666666 0.4736328125 0.8111979166666666 0.494140625 0.79296875 0.5146484375 0.79296875 0.533203125 0.7890625
0 0.1826171875 0.60546875 0.1875 0.6015625 0.1962890625 0.6002604166666666 0.19921875 0.6015625 0.2001953125 0.6106770833333334 0.203125 0.6158854166666666 0.2197265625 0.6106770833333334 0.2236328125 0.6171875 0.2470703125 0.62109375 0.2548828125 0.625 0.26171875 0.6354166666666666 0.2666015625 0.6549479166666666 0.2724609375 0.6614583333333334 0.2744140625 0.6692708333333334 0.2890625 0.6875 0.2939453125 0.703125 0.306640625 0.7174479166666666 0.3095703125 0.7265625 0.3046875 0.7395833333333334 0.2958984375 0.7513020833333334 0.2724609375 0.7630208333333334 0.22265625 0.8177083333333334 0.22265625 0.828125 0.23046875 0.8216145833333334 0.232421875 0.82421875 0.23828125 0.8229166666666666 0.2412109375 0.8307291666666666 0.2294921875 0.8333333333333334 0.22265625 0.8307291666666666 0.185546875 0.8333333333333334 0.1669921875 0.82421875 0.1533203125 0.8072916666666666 0.1416015625 0.7864583333333334 0.130859375 0.7473958333333334 0.134765625 0.73828125 0.134765625 0.7135416666666666 0.1376953125 0.6979166666666666 0.15625 0.66015625 0.15625 0.6471354166666666 0.16015625 0.6393229166666666 0.171875 0.6354166666666666 0.181640625 0.6263020833333334 0.1826171875 0.6067708333333334
0 0.3544921875 0.2838541666666667 0.384765625 0.3020833333333333 0.400390625 0.31640625 0.4091796875 0.328125 0.41796875 0.3658854166666667 0.41796875 0.3880208333333333 0.4150390625 0.4010416666666667 0.408203125 0.41796875 0.3984375 0.4322916666666667 0.3916015625 0.43359375 0.36328125 0.42578125 0.3408203125 0.42578125 0.3193359375 0.4309895833333333 0.3076171875 0.4375 0.2998046875 0.4361979166666667 0.2958984375 0.4296875 0.287109375 0.39453125 0.2841796875 0.37890625 0.2841796875 0.3489583333333333 0.2861328125 0.3385416666666667 0.2978515625 0.3125 0.3095703125 0.296875 0.32421875 0.2877604166666667 0.3388671875 0.2838541666666667 0.353515625 0.2838541666666667
0 0.384765625 0.7473958333333334 0.416015625 0.7760416666666666 0.4228515625 0.78515625 0.427734375 0.796875 0.43359375 0.8268229166666666 0.4326171875 0.8802083333333334 0.427734375 0.9075520833333334 0.412109375 0.9388020833333334 0.3896484375 0.96875 0.376953125 0.98046875 0.3623046875 0.9856770833333334 0.345703125 0.99609375 0.3203125 0.99609375 0.318359375 0.9986979166666666 0.3046875 0.9986979166666666 0.3017578125 0.99609375 0.30078125 0.98828125 0.2958984375 0.9817708333333334 0.2861328125 0.9765625 0.265625 0.9557291666666666 0.25 0.93359375 0.244140625 0.9153645833333334 0.2412109375 0.89453125 0.2421875 0.8671875 0.2490234375 0.83984375 0.2490234375 0.8255208333333334 0.2578125 0.8111979166666666 0.263671875 0.8072916666666666 0.265625 0.7994791666666666 0.275390625 0.7903645833333334 0.287109375 0.7734375 0.291015625 0.7643229166666666 0.3046875 0.7513020833333334 0.322265625 0.7434895833333334 0.33984375 0.7395833333333334 0.3662109375 0.7395833333333334 0.3837890625 0.7473958333333334
0 0.3564453125 0.4283854166666667 0.392578125 0.4375 0.4140625 0.4557291666666667 0.42578125 0.4713541666666667 0.4345703125 0.4869791666666667 0.44140625 0.5091145833333334 0.4423828125 0.5638020833333334 0.43359375 0.6041666666666666 0.427734375 0.6197916666666666 0.39453125 0.6614583333333334 0.37890625 0.6731770833333334 0.3515625 0.6861979166666666 0.330078125 0.6888020833333334 0.296875 0.6822916666666666 0.28515625 0.6744791666666666 0.279296875 0.6666666666666666 0.2744140625 0.6432291666666666 0.2607421875 0.625 0.25390625 0.60546875 0.25 0.578125 0.2509765625 0.5638020833333334 0.2431640625 0.5520833333333334 0.2470703125 0.5455729166666666 0.2509765625 0.5286458333333334 0.26171875 0.515625 0.2626953125 0.5052083333333334 0.2607421875 0.4934895833333333 0.271484375 0.4752604166666667 0.2861328125 0.4635416666666667 0.302734375 0.4453125 0.314453125 0.4375 0.33203125 0.4309895833333333 0.35546875 0.4283854166666667
0 0.6923828125 0.2630208333333333 0.716796875 0.2669270833333333 0.734375 0.2747395833333333 0.751953125 0.2890625 0.765625 0.3072916666666667 0.7783203125 0.3307291666666667 0.791015625 0.37890625 0.79296875 0.3932291666666667 0.8095703125 0.3763020833333333 0.818359375 0.37109375 0.8349609375 0.3515625 0.8447265625 0.3450520833333333 0.8564453125 0.3450520833333333 0.8583984375 0.34765625 0.8701171875 0.3489583333333333 0.890625 0.3619791666666667 0.8955078125 0.3684895833333333 0.8935546875 0.375 0.89453125 0.3828125 0.908203125 0.4192708333333333 0.908203125 0.4401041666666667 0.91796875 0.453125 0.90234375 0.4674479166666667 0.892578125 0.4674479166666667 0.876953125 0.4765625 0.845703125 0.48046875 0.82421875 0.48046875 0.8095703125 0.47265625 0.8037109375 0.47265625 0.794921875 0.4635416666666667 0.779296875 0.4557291666666667 0.7724609375 0.4609375 0.7587890625 0.4778645833333333 0.744140625 0.4895833333333333 0.7373046875 0.5 0.7255859375 0.5078125 0.7060546875 0.5130208333333334 0.6826171875 0.5104166666666666 0.66796875 0.5143229166666666 0.6328125 0.49609375 0.611328125 0.4752604166666667 0.59375 0.453125 0.587890625 0.4348958333333333 0.5859375 0.4205729166666667 0.578125 0.3984375 0.5771484375 0.3841145833333333 0.5859375 0.3255208333333333 0.6015625 0.2955729166666667 0.611328125 0.2825520833333333 0.6298828125 0.2682291666666667 0.6552734375 0.2630208333333333 0.69140625 0.2630208333333333
0 0.87109375 0.3489583333333333 0.890625 0.3606770833333333 0.8974609375 0.3684895833333333 0.8955078125 0.3828125 0.900390625 0.3997395833333333 0.9091796875 0.41796875 0.9091796875 0.4388020833333333 0.9189453125 0.4505208333333333 0.9189453125 0.453125 0.904296875 0.4674479166666667 0.888671875 0.4700520833333333 0.8759765625 0.4778645833333333 0.857421875 0.4778645833333333 0.8427734375 0.4830729166666667 0.826171875 0.4830729166666667 0.8076171875 0.4739583333333333 0.802734375 0.4739583333333333 0.78515625 0.4622395833333333 0.7802734375 0.4557291666666667 0.7890625 0.4309895833333333 0.79296875 0.4114583333333333 0.79296875 0.39453125 0.7978515625 0.3828125 0.810546875 0.3736979166666667 0.841796875 0.34375 0.8583984375 0.34375 0.8701171875 0.3489583333333333
0 0.5224609375 0.22526041666666666 0.5439453125 0.23958333333333334 0.560546875 0.2630208333333333 0.568359375 0.28515625 0.5751953125 0.3203125 0.5751953125 0.3359375 0.5693359375 0.3763020833333333 0.564453125 0.3932291666666667 0.560546875 0.3984375 0.548828125 0.4075520833333333 0.53515625 0.4140625 0.501953125 0.421875 0.4873046875 0.421875 0.4560546875 0.4075520833333333 0.44921875 0.3997395833333333 0.4384765625 0.3619791666666667 0.4365234375 0.34375 0.4375 0.3190104166666667 0.4267578125 0.2942708333333333 0.423828125 0.2669270833333333 0.4375 0.24609375 0.4423828125 0.24348958333333334 0.462890625 0.24479166666666666 0.4736328125 0.23307291666666666 0.484375 0.234375 0.5048828125 0.22526041666666666 0.521484375 0.22526041666666666