0 0.2646484375 0.3385416666666667 0.2978515625 0.3463541666666667 0.3095703125 0.3541666666666667 0.3251953125 0.3736979166666667 0.3310546875 0.38671875 0.3349609375 0.4049479166666667 0.33203125 0.41015625 0.30078125 0.41796875 0.2783203125 0.4322916666666667 0.267578125 0.4427083333333333 0.2529296875 0.4622395833333333 0.2392578125 0.4869791666666667 0.2333984375 0.4934895833333333 0.2197265625 0.4869791666666667 0.208984375 0.47265625 0.2021484375 0.4583333333333333 0.1962890625 0.4296875 0.1982421875 0.39453125 0.2060546875 0.3723958333333333 0.224609375 0.34765625 0.2421875 0.3372395833333333 0.263671875 0.3385416666666667
0 0.783203125 0.4205729166666667 0.796875 0.4296875 0.8046875 0.421875 0.8076171875 0.4140625 0.810546875 0.4140625 0.8173828125 0.4270833333333333 0.8291015625 0.4309895833333333 0.8359375 0.4361979166666667 0.8388671875 0.4453125 0.83984375 0.4700520833333333 0.8486328125 0.4908854166666667 0.8486328125 0.4947916666666667 0.8388671875 0.4895833333333333 0.8369140625 0.4934895833333333 0.84765625 0.5104166666666666 0.8525390625 0.5286458333333334 0.8525390625 0.5690104166666666 0.8505859375 0.5807291666666666 0.8447265625 0.5963541666666666 0.8349609375 0.6106770833333334 0.8203125 0.625 0.802734375 0.6341145833333334 0.7783203125 0.6341145833333334 0.7421875 0.625 0.73046875 0.6263020833333334 0.712890625 0.6341145833333334 0.701171875 0.6276041666666666 0.697265625 0.6171875 0.6982421875 0.6080729166666666 0.7060546875 0.6002604166666666 0.7060546875 0.5872395833333334 0.6904296875 0.53515625 0.6884765625 0.5078125 0.6904296875 0.4869791666666667 0.69921875 0.4622395833333333 0.7109375 0.4466145833333333 0.724609375 0.4348958333333333 0.7373046875 0.4296875 0.7685546875 0.4244791666666667 0.7734375 0.4205729166666667 0.7822265625 0.4205729166666667
0 0.66796875 0.6106770833333334 0.6826171875 0.6223958333333334 0.701171875 0.6497395833333334 0.7060546875 0.6627604166666666 0.705078125 0.69921875 0.69140625 0.7486979166666666 0.6904296875 0.765625 0.685546875 0.7890625 0.6640625 0.8033854166666666 0.63671875 0.8059895833333334 0.6162109375 0.8046875 0.607421875 0.80078125 0.591796875 0.7903645833333334 0.576171875 0.7721354166666666 0.568359375 0.75390625 0.5625 0.73046875 0.5595703125 0.7109375 0.560546875 0.6770833333333334 0.5654296875 0.66015625 0.580078125 0.6354166666666666 0.59375 0.6184895833333334 0.6103515625 0.60546875 0.6259765625 0.6015625 0.64453125 0.6015625 0.65625 0.6041666666666666 0.6669921875 0.6106770833333334
0 0.69921875 0.049479166666666664 0.69921875 0.059895833333333336 0.703125 0.06640625 0.7294921875 0.07942708333333333 0.736328125 0.09505208333333333 0.744140625 0.09244791666666667 0.75 0.09505208333333333 0.7470703125 0.12369791666666667 0.7392578125 0.13671875 0.7333984375 0.15755208333333334 0.70703125 0.1953125 0.67578125 0.21354166666666666 0.6650390625 0.21354166666666666 0.6552734375 0.21744791666666666 0.6474609375 0.21614583333333334 0.6455078125 0.21223958333333334 0.6484375 0.18880208333333334 0.6455078125 0.16015625 0.6357421875 0.13020833333333334 0.63671875 0.11197916666666667 0.6435546875 0.08203125 0.650390625 0.06901041666666667 0.6640625 0.05859375 0.681640625 0.05078125 0.6923828125 0.048177083333333336 0.6982421875 0.049479166666666664
0 0.2861328125 0.6927083333333334 0.3134765625 0.7044270833333334 0.326171875 0.7161458333333334 0.3359375 0.7200520833333334 0.35546875 0.734375 0.359375 0.7356770833333334 0.369140625 0.73046875 0.3740234375 0.7408854166666666 0.373046875 0.7473958333333334 0.3564453125 0.765625 0.34375 0.796875 0.34375 0.8033854166666666 0.330078125 0.8385416666666666 0.330078125 0.8515625 0.341796875 0.8502604166666666 0.34765625 0.8528645833333334 0.3486328125 0.8619791666666666 0.3515625 0.8658854166666666 0.3505859375 0.87109375 0.3525390625 0.875 0.35546875 0.875 0.3525390625 0.87890625 0.3505859375 0.8919270833333334 0.34765625 0.8971354166666666 0.341796875 0.8984375 0.3212890625 0.9296875 0.29296875 0.9466145833333334 0.26171875 0.9453125 0.2451171875 0.9401041666666666 0.2314453125 0.9322916666666666 0.2265625 0.9348958333333334 0.2236328125 0.93359375 0.21484375 0.9075520833333334 0.2109375 0.90234375 0.203125 0.9010416666666666 0.2021484375 0.8919270833333334 0.1923828125 0.8658854166666666 0.1904296875 0.8489583333333334 0.1943359375 0.8046875 0.189453125 0.796875 0.189453125 0.78515625 0.19140625 0.7786458333333334 0.2001953125 0.7708333333333334 0.20703125 0.74609375 0.2060546875 0.7408854166666666 0.2001953125 0.7330729166666666 0.201171875 0.7278645833333334 0.2138671875 0.7161458333333334 0.216796875 0.7161458333333334 0.2177734375 0.7213541666666666 0.2236328125 0.7265625 0.234375 0.7122395833333334 0.2529296875 0.69921875 0.265625 0.6940104166666666 0.28515625 0.6927083333333334
0 0.35546875 0.4192708333333333 0.376953125 0.4283854166666667 0.3974609375 0.4453125 0.4208984375 0.484375 0.431640625 0.5260416666666666 0.43359375 0.5794270833333334 0.4267578125 0.6223958333333334 0.419921875 0.6432291666666666 0.408203125 0.6666666666666666 0.400390625 0.6770833333333334 0.3837890625 0.69140625 0.3525390625 0.69921875 0.3193359375 0.6979166666666666 0.2998046875 0.69140625 0.2734375 0.6653645833333334 0.265625 0.6614583333333334 0.2626953125 0.6471354166666666 0.2490234375 0.6302083333333334 0.2373046875 0.6263020833333334 0.2333984375 0.6223958333333334 0.236328125 0.61328125 0.2333984375 0.5885416666666666 0.23828125 0.5846354166666666 0.2373046875 0.5755208333333334 0.240234375 0.54296875 0.2373046875 0.5377604166666666 0.228515625 0.53125 0.228515625 0.5260416666666666 0.2353515625 0.5026041666666666 0.24609375 0.4778645833333333 0.2685546875 0.4453125 0.2783203125 0.4361979166666667 0.2998046875 0.421875 0.3232421875 0.4153645833333333 0.341796875 0.4153645833333333 0.3544921875 0.4192708333333333
0 0.38671875 0.1796875 0.40234375 0.18619791666666666 0.41015625 0.19270833333333334 0.431640625 0.22005208333333334 0.4462890625 0.24609375 0.453125 0.28125 0.453125 0.3020833333333333 0.4501953125 0.30859375 0.419921875 0.3346354166666667 0.4091796875 0.3515625 0.3994140625 0.3723958333333333 0.38671875 0.3763020833333333 0.361328125 0.3736979166666667 0.34765625 0.36328125 0.3310546875 0.3411458333333333 0.3232421875 0.3190104166666667 0.3203125 0.3151041666666667 0.314453125 0.3138020833333333 0.2890625 0.2747395833333333 0.29296875 0.2513020833333333 0.302734375 0.23828125 0.3125 0.23307291666666666 0.3203125 0.21875 0.3330078125 0.2109375 0.3427734375 0.19791666666666666 0.36328125 0.18229166666666666 0.369140625 0.1796875 0.3857421875 0.1796875
0 0.6298828125 0.2981770833333333 0.671875 0.30078125 0.681640625 0.3033854166666667 0.697265625 0.3125 0.720703125 0.3424479166666667 0.7275390625 0.3736979166666667 0.7265625 0.4010416666666667 0.716796875 0.43359375 0.6923828125 0.4661458333333333 0.671875 0.4817708333333333 0.630859375 0.48828125 0.607421875 0.4830729166666667 0.59765625 0.484375 0.5830078125 0.48046875 0.568359375 0.48046875 0.56640625 0.4752604166666667 0.5673828125 0.4466145833333333 0.57421875 0.4322916666666667 0.5693359375 0.4166666666666667 0.568359375 0.3932291666666667 0.5751953125 0.3515625 0.580078125 0.33984375 0.5986328125 0.3177083333333333 0.6181640625 0.3046875 0.6240234375 0.2981770833333333 0.62890625 0.2981770833333333
0 0.546875 0.4817708333333333 0.5576171875 0.484375 0.5673828125 0.4908854166666667 0.5986328125 0.53125 0.6025390625 0.5416666666666666 0.603515625 0.58203125 0.6015625 0.5963541666666666 0.595703125 0.6106770833333334 0.57421875 0.6393229166666666 0.5654296875 0.6484375 0.544921875 0.6510416666666666 0.529296875 0.6510416666666666 0.5146484375 0.6471354166666666 0.4990234375 0.63671875 0.490234375 0.6276041666666666 0.484375 0.6184895833333334 0.4765625 0.5924479166666666 0.4765625 0.5533854166666666 0.478515625 0.54296875 0.4775390625 0.5182291666666666 0.4833984375 0.5182291666666666 0.5029296875 0.4895833333333333 0.5087890625 0.484375 0.51953125 0.48046875 0.5341796875 0.4791666666666667 0.5458984375 0.4817708333333333
0 0.490234375 0.31640625 0.5009765625 0.3216145833333333 0.5185546875 0.33984375 0.5302734375 0.359375 0.5390625 0.3919270833333333 0.5390625 0.4192708333333333 0.53125 0.4427083333333333 0.5302734375 0.4622395833333333 0.5244140625 0.47265625 0.5 0.4830729166666667 0.4873046875 0.4947916666666667 0.4833984375 0.4947916666666667 0.462890625 0.5065104166666666 0.4482421875 0.5052083333333334 0.4375 0.4973958333333333 0.4228515625 0.4791666666666667 0.41015625 0.4583333333333333 0.4052734375 0.4479166666666667 0.3994140625 0.4231770833333333 0.3994140625 0.3919270833333333 0.4033203125 0.375 0.4130859375 0.3502604166666667 0.4208984375 0.3385416666666667 0.431640625 0.328125 0.4453125 0.3190104166666667 0.4609375 0.3138020833333333 0.4892578125 0.31640625
0 0.4931640625 0.6940104166666666 0.5048828125 0.69921875 0.515625 0.7083333333333334 0.5361328125 0.734375 0.5439453125 0.7578125 0.5556640625 0.7838541666666666 0.5634765625 0.8111979166666666 0.56640625 0.8385416666666666 0.56640625 0.8619791666666666 0.560546875 0.9075520833333334 0.5537109375 0.9322916666666666 0.5537109375 0.9453125 0.5341796875 0.9622395833333334 0.5322265625 0.9934895833333334 0.4794921875 0.99609375 0.4765625 0.9986979166666666 0.455078125 0.9986979166666666 0.4384765625 0.98828125 0.4072265625 0.98046875 0.3984375 0.9739583333333334 0.380859375 0.9505208333333334 0.3642578125 0.9075520833333334 0.3603515625 0.8815104166666666 0.361328125 0.8606770833333334 0.3544921875 0.8528645833333334 0.359375 0.8216145833333334 0.359375 0.8020833333333334 0.35546875 0.7955729166666666 0.3515625 0.796875 0.3505859375 0.79296875 0.357421875 0.7721354166666666 0.365234375 0.7643229166666666 0.390625 0.7278645833333334 0.416015625 0.7083333333333334 0.427734375 0.7005208333333334 0.4521484375 0.69140625 0.4921875 0.6940104166666666
0 0.568359375 0.08723958333333333 0.5859375 0.08984375 0.59765625 0.09505208333333333 0.60546875 0.09244791666666667 0.6103515625 0.10416666666666667 0.6279296875 0.12239583333333333 0.634765625 0.13411458333333334 0.6416015625 0.15494791666666666 0.6455078125 0.17838541666666666 0.64453125 0.19921875 0.6416015625 0.21744791666666666 0.6328125 0.24609375 0.6240234375 0.2591145833333333 0.6103515625 0.26953125 0.599609375 0.2890625 0.564453125 0.3059895833333333 0.5380859375 0.3125 0.5263671875 0.3125 0.4970703125 0.3046875 0.4697265625 0.2838541666666667 0.453125 0.25390625 0.451171875 0.24609375 0.447265625 0.20963541666666666 0.4482421875 0.19270833333333334 0.4541015625 0.16796875 0.47265625 0.14192708333333334 0.4892578125 0.12630208333333334 0.5224609375 0.1015625 0.548828125 0.08984375 0.5673828125 0.08723958333333333