0 0.8333333333333334 0.5989583333333334 0.875 0.6015625 0.9131944444444444 0.6145833333333334 0.953125 0.64453125 0.9635416666666666 0.6588541666666666 0.9618055555555556 0.6953125 0.953125 0.71484375 0.9409722222222222 0.7317708333333334 0.9097222222222222 0.7513020833333334 0.8819444444444444 0.76171875 0.8628472222222222 0.7643229166666666 0.8229166666666666 0.7643229166666666 0.7881944444444444 0.7552083333333334 0.7604166666666666 0.7408854166666666 0.7465277777777778 0.73046875 0.734375 0.71484375 0.7291666666666666 0.703125 0.7309027777777778 0.6848958333333334 0.7256944444444444 0.6692708333333334 0.7256944444444444 0.6471354166666666 0.7309027777777778 0.6393229166666666 0.7673611111111112 0.61328125 0.8055555555555556 0.6015625 0.8315972222222222 0.5989583333333334
0 0.9982638888888888 0.5221354166666666 0.9982638888888888 0.6692708333333334 0.9895833333333334 0.6692708333333334 0.984375 0.6666666666666666 0.9791666666666666 0.66796875 0.9704861111111112 0.6653645833333334 0.96875 0.6588541666666666 0.9618055555555556 0.6497395833333334 0.9548611111111112 0.6419270833333334 0.921875 0.6158854166666666 0.9184027777777778 0.6067708333333334 0.9201388888888888 0.5794270833333334 0.9305555555555556 0.5625 0.9427083333333334 0.5533854166666666 0.9513888888888888 0.55078125 0.984375 0.5247395833333334 0.9930555555555556 0.5208333333333334 0.9965277777777778 0.5221354166666666
0 0.6892361111111112 0.76171875 0.6822916666666666 0.7838541666666666 0.6701388888888888 0.7994791666666666 0.6423611111111112 0.81640625 0.6024305555555556 0.82421875 0.5885416666666666 0.8177083333333334 0.5746527777777778 0.8177083333333334 0.5434027777777778 0.8072916666666666 0.5329861111111112 0.7994791666666666 0.53125 0.79296875 0.5486111111111112 0.7903645833333334 0.5729166666666666 0.79296875 0.6059027777777778 0.7916666666666666 0.6614583333333334 0.7760416666666666 0.6875 0.76171875
0 0.3315972222222222 0.46484375 0.375 0.4765625 0.390625 0.4830729166666667 0.4131944444444444 0.4869791666666667 0.421875 0.4908854166666667 0.4305555555555556 0.4986979166666667 0.4340277777777778 0.5078125 0.4184027777777778 0.515625 0.4184027777777778 0.52734375 0.4236111111111111 0.5364583333333334 0.4253472222222222 0.5455729166666666 0.4201388888888889 0.5807291666666666 0.4010416666666667 0.6067708333333334 0.3541666666666667 0.6328125 0.3177083333333333 0.6380208333333334 0.2986111111111111 0.6458333333333334 0.28125 0.6471354166666666 0.2673611111111111 0.6471354166666666 0.2621527777777778 0.64453125 0.22916666666666666 0.6184895833333334 0.2170138888888889 0.6119791666666666 0.2152777777777778 0.6067708333333334 0.20833333333333334 0.6002604166666666 0.1875 0.5638020833333334 0.1857638888888889 0.5546875 0.1875 0.51953125 0.19444444444444445 0.5013020833333334 0.1996527777777778 0.4947916666666667 0.22395833333333334 0.4765625 0.234375 0.4713541666666667 0.2586805555555556 0.4635416666666667 0.2743055555555556 0.4609375 0.3038194444444444 0.4609375 0.3298611111111111 0.46484375
0 0.4513888888888889 0.3463541666666667 0.4809027777777778 0.3541666666666667 0.5017361111111112 0.3645833333333333 0.515625 0.375 0.5260416666666666 0.3893229166666667 0.5295138888888888 0.4075520833333333 0.5190972222222222 0.4466145833333333 0.5069444444444444 0.46484375 0.4861111111111111 0.48046875 0.4670138888888889 0.48828125 0.4496527777777778 0.4921875 0.4322916666666667 0.4921875 0.4166666666666667 0.484375 0.3940972222222222 0.48046875 0.3645833333333333 0.4700520833333333 0.3506944444444444 0.4505208333333333 0.34375 0.4296875 0.34375 0.390625 0.3645833333333333 0.37109375 0.390625 0.3541666666666667 0.4236111111111111 0.3463541666666667 0.4496527777777778 0.3463541666666667
0 0.8506944444444444 0.40625 0.8836805555555556 0.4192708333333333 0.8940972222222222 0.4192708333333333 0.9027777777777778 0.42578125 0.9340277777777778 0.4283854166666667 0.9513888888888888 0.43359375 0.9791666666666666 0.453125 0.9878472222222222 0.4635416666666667 0.9947916666666666 0.48046875 0.9930555555555556 0.5 0.9739583333333334 0.5299479166666666 0.953125 0.5442708333333334 0.921875 0.5559895833333334 0.9097222222222222 0.5651041666666666 0.9027777777777778 0.56640625 0.8611111111111112 0.5598958333333334 0.8506944444444444 0.5559895833333334 0.8333333333333334 0.5533854166666666 0.8038194444444444 0.54296875 0.7881944444444444 0.53125 0.7760416666666666 0.5104166666666666 0.7760416666666666 0.4986979166666667 0.7881944444444444 0.4700520833333333 0.7881944444444444 0.4557291666666667 0.7916666666666666 0.4505208333333333 0.8020833333333334 0.4427083333333333 0.8038194444444444 0.4388020833333333 0.8194444444444444 0.4283854166666667 0.8159722222222222 0.4231770833333333 0.8159722222222222 0.4166666666666667 0.8385416666666666 0.4049479166666667 0.8489583333333334 0.40625
0 0.6996527777777778 0.3619791666666667 0.7239583333333334 0.37109375 0.7291666666666666 0.375 0.7326388888888888 0.3932291666666667 0.765625 0.41796875 0.7725694444444444 0.42578125 0.78125 0.44140625 0.7847222222222222 0.4557291666666667 0.7829861111111112 0.47265625 0.7690972222222222 0.5 0.7673611111111112 0.5052083333333334 0.7690972222222222 0.515625 0.765625 0.5221354166666666 0.7517361111111112 0.5364583333333334 0.7361111111111112 0.5481770833333334 0.7239583333333334 0.5546875 0.7083333333333334 0.55859375 0.6927083333333334 0.5546875 0.6753472222222222 0.5572916666666666 0.6440972222222222 0.5559895833333334 0.5729166666666666 0.5403645833333334 0.5555555555555556 0.5299479166666666 0.5260416666666666 0.4986979166666667 0.5208333333333334 0.48828125 0.5208333333333334 0.45703125 0.5277777777777778 0.4309895833333333 0.5347222222222222 0.4166666666666667 0.5486111111111112 0.40234375 0.5607638888888888 0.39453125 0.5815972222222222 0.38671875 0.5885416666666666 0.38671875 0.5954861111111112 0.3841145833333333 0.6284722222222222 0.3828125 0.640625 0.3697916666666667 0.6666666666666666 0.37109375 0.6822916666666666 0.3684895833333333 0.6892361111111112 0.36328125 0.6979166666666666 0.3619791666666667
0 0.9826388888888888 0.6875 0.9982638888888888 0.69140625 0.9982638888888888 0.7135416666666666 0.9947916666666666 0.71875 0.9947916666666666 0.73046875 0.9982638888888888 0.7330729166666666 0.9982638888888888 0.7421875 0.9895833333333334 0.74609375 0.984375 0.7526041666666666 0.984375 0.7578125 0.9774305555555556 0.7643229166666666 0.96875 0.7630208333333334 0.9635416666666666 0.7643229166666666 0.9565972222222222 0.7747395833333334 0.9253472222222222 0.7734375 0.9201388888888888 0.7747395833333334 0.9114583333333334 0.7864583333333334 0.8993055555555556 0.7955729166666666 0.8940972222222222 0.7955729166666666 0.8767361111111112 0.7890625 0.8697916666666666 0.7825520833333334 0.8628472222222222 0.7682291666666666 0.8697916666666666 0.7643229166666666 0.8767361111111112 0.7643229166666666 0.8975694444444444 0.7578125 0.9322916666666666 0.7395833333333334 0.9461805555555556 0.7278645833333334 0.96875 0.6901041666666666 0.9722222222222222 0.6875 0.9809027777777778 0.6875
0 0.3420138888888889 0.16796875 0.3680555555555556 0.17578125 0.4027777777777778 0.19921875 0.4149305555555556 0.21354166666666666 0.4288194444444444 0.24609375 0.4270833333333333 0.2825520833333333 0.4097222222222222 0.3111979166666667 0.3923611111111111 0.32421875 0.3454861111111111 0.3372395833333333 0.3315972222222222 0.3359375 0.296875 0.3268229166666667 0.2934027777777778 0.32421875 0.28125 0.32421875 0.25 0.3190104166666667 0.23958333333333334 0.3072916666666667 0.2326388888888889 0.2890625 0.2222222222222222 0.2734375 0.2152777777777778 0.25390625 0.2170138888888889 0.234375 0.22743055555555555 0.20572916666666666 0.2361111111111111 0.19401041666666666 0.25 0.18359375 0.2777777777777778 0.171875 0.2899305555555556 0.16927083333333334 0.3090277777777778 0.16666666666666666 0.3402777777777778 0.16796875
0 0.5520833333333334 0.5416666666666666 0.5850694444444444 0.5481770833333334 0.6215277777777778 0.5625 0.6475694444444444 0.5690104166666666 0.6684027777777778 0.5794270833333334 0.6927083333333334 0.59765625 0.7013888888888888 0.609375 0.7065972222222222 0.6236979166666666 0.7135416666666666 0.6341145833333334 0.7204861111111112 0.6640625 0.7204861111111112 0.6744791666666666 0.7239583333333334 0.6822916666666666 0.7135416666666666 0.72265625 0.6996527777777778 0.74609375 0.6892361111111112 0.7578125 0.6736111111111112 0.76953125 0.6666666666666666 0.7708333333333334 0.6579861111111112 0.77734375 0.625 0.78515625 0.6180555555555556 0.8020833333333334 0.6145833333333334 0.8033854166666666 0.6163194444444444 0.8072916666666666 0.6111111111111112 0.8111979166666666 0.6076388888888888 0.8111979166666666 0.609375 0.8059895833333334 0.6059027777777778 0.8033854166666666 0.5972222222222222 0.8046875 0.5954861111111112 0.8072916666666666 0.5989583333333334 0.8125 0.5954861111111112 0.81640625 0.5798611111111112 0.8125 0.5920138888888888 0.80859375 0.59375 0.8072916666666666 0.5920138888888888 0.8046875 0.5850694444444444 0.8020833333333334 0.5746527777777778 0.8033854166666666 0.5642361111111112 0.80078125 0.5607638888888888 0.7916666666666666 0.5364583333333334 0.7903645833333334 0.5173611111111112 0.7864583333333334 0.4965277777777778 0.7786458333333334 0.4704861111111111 0.7630208333333334 0.4357638888888889 0.7291666666666666 0.4270833333333333 0.7161458333333334 0.4201388888888889 0.6966145833333334 0.4201388888888889 0.6796875 0.4149305555555556 0.6575520833333334 0.4149305555555556 0.625 0.4236111111111111 0.609375 0.4253472222222222 0.6002604166666666 0.4357638888888889 0.5833333333333334 0.4809027777777778 0.5494791666666666 0.5086805555555556 0.54296875 0.5503472222222222 0.5416666666666666
0 0.6319444444444444 0.18489583333333334 0.6510416666666666 0.20442708333333334 0.65625 0.21484375 0.6614583333333334 0.21875 0.6753472222222222 0.22265625 0.6805555555555556 0.23046875 0.6927083333333334 0.23958333333333334 0.7118055555555556 0.2604166666666667 0.71875 0.2721354166666667 0.7204861111111112 0.2864583333333333 0.7100694444444444 0.3151041666666667 0.7100694444444444 0.3216145833333333 0.6979166666666666 0.3372395833333333 0.6892361111111112 0.34375 0.65625 0.36328125 0.6371527777777778 0.36328125 0.6197916666666666 0.37109375 0.6024305555555556 0.3723958333333333 0.5850694444444444 0.3763020833333333 0.5555555555555556 0.3763020833333333 0.5295138888888888 0.3723958333333333 0.5138888888888888 0.3658854166666667 0.5034722222222222 0.3567708333333333 0.4618055555555556 0.33203125 0.4479166666666667 0.3177083333333333 0.4375 0.296875 0.4322916666666667 0.265625 0.4340277777777778 0.2513020833333333 0.4461805555555556 0.23046875 0.4704861111111111 0.21223958333333334 0.5034722222222222 0.19921875 0.5347222222222222 0.19401041666666666 0.5659722222222222 0.19401041666666666 0.59375 0.18619791666666666 0.6041666666666666 0.18619791666666666 0.6163194444444444 0.18098958333333334 0.625 0.18098958333333334 0.6302083333333334 0.18489583333333334
0 0.7986111111111112 0.2734375 0.8350694444444444 0.28125 0.8559027777777778 0.2890625 0.8663194444444444 0.2981770833333333 0.8767361111111112 0.3190104166666667 0.8767361111111112 0.3333333333333333 0.8732638888888888 0.34375 0.8611111111111112 0.3606770833333333 0.859375 0.3828125 0.8506944444444444 0.390625 0.84375 0.3880208333333333 0.8368055555555556 0.3880208333333333 0.8246527777777778 0.39453125 0.8020833333333334 0.4010416666666667 0.765625 0.4010416666666667 0.7482638888888888 0.3971354166666667 0.7395833333333334 0.3893229166666667 0.7326388888888888 0.3723958333333333 0.7239583333333334 0.3658854166666667 0.7118055555555556 0.36328125 0.6961805555555556 0.35546875 0.6961805555555556 0.34765625 0.7013888888888888 0.34375 0.7048611111111112 0.3346354166666667 0.7135416666666666 0.3255208333333333 0.7152777777777778 0.3125 0.7239583333333334 0.2877604166666667 0.7291666666666666 0.2838541666666667 0.7586805555555556 0.2747395833333333 0.796875 0.2734375
0 0.3003472222222222 0.6484375 0.3125 0.6497395833333334 0.3350694444444444 0.6484375 0.3506944444444444 0.64453125 0.3767361111111111 0.64453125 0.3975694444444444 0.6497395833333334 0.4079861111111111 0.6575520833333334 0.4149305555555556 0.6770833333333334 0.4149305555555556 0.7018229166666666 0.4253472222222222 0.7239583333333334 0.4253472222222222 0.73828125 0.4166666666666667 0.7552083333333334 0.4010416666666667 0.7708333333333334 0.3767361111111111 0.7864583333333334 0.3559027777777778 0.79296875 0.3333333333333333 0.7981770833333334 0.2986111111111111 0.7981770833333334 0.2638888888888889 0.7903645833333334 0.25 0.7825520833333334 0.2326388888888889 0.7669270833333334 0.22569444444444445 0.7565104166666666 0.21875 0.7369791666666666 0.21875 0.7213541666666666 0.22743055555555555 0.7005208333333334 0.2482638888888889 0.67578125 0.2534722222222222 0.6640625 0.2673611111111111 0.6536458333333334 0.28125 0.65234375 0.2881944444444444 0.6497395833333334 0.2986111111111111 0.6497395833333334