0 0.6162109375 0.014322916666666666 0.64453125 0.032552083333333336 0.6630859375 0.052083333333333336 0.66796875 0.06640625 0.66796875 0.0859375 0.671875 0.11067708333333333 0.6689453125 0.1171875 0.64453125 0.12369791666666667 0.625 0.13802083333333334 0.5947265625 0.17708333333333334 0.5849609375 0.17317708333333334 0.5703125 0.15494791666666666 0.5634765625 0.1328125 0.5595703125 0.09505208333333333 0.5537109375 0.07942708333333333 0.5537109375 0.06770833333333333 0.5595703125 0.05078125 0.572265625 0.028645833333333332 0.5830078125 0.022135416666666668 0.591796875 0.022135416666666668 0.6044921875 0.015625 0.615234375 0.014322916666666666
0 0.5126953125 0.2747395833333333 0.5166015625 0.2825520833333333 0.533203125 0.3020833333333333 0.5400390625 0.3268229166666667 0.53125 0.3606770833333333 0.52734375 0.3958333333333333 0.5205078125 0.4127604166666667 0.5146484375 0.4361979166666667 0.5048828125 0.4401041666666667 0.486328125 0.4348958333333333 0.47265625 0.4348958333333333 0.4609375 0.4283854166666667 0.4365234375 0.4283854166666667 0.427734375 0.4309895833333333 0.419921875 0.42578125 0.4140625 0.4153645833333333 0.4130859375 0.3997395833333333 0.400390625 0.37890625 0.3896484375 0.34765625 0.3876953125 0.3229166666666667 0.3955078125 0.2942708333333333 0.4052734375 0.27734375 0.4169921875 0.2643229166666667 0.4404296875 0.24869791666666666 0.4560546875 0.24739583333333334 0.4794921875 0.23828125 0.48828125 0.23828125 0.4951171875 0.24479166666666666 0.51171875 0.2747395833333333
0 0.4560546875 0.4348958333333333 0.4658203125 0.4388020833333333 0.4833984375 0.4388020833333333 0.490234375 0.44140625 0.5078125 0.4518229166666667 0.513671875 0.4583333333333333 0.5205078125 0.4817708333333333 0.541015625 0.50390625 0.5537109375 0.5286458333333334 0.5576171875 0.5494791666666666 0.5654296875 0.5703125 0.5693359375 0.6028645833333334 0.5693359375 0.6223958333333334 0.5673828125 0.6588541666666666 0.564453125 0.6731770833333334 0.5439453125 0.71484375 0.5322265625 0.7109375 0.53125 0.7239583333333334 0.5283203125 0.7317708333333334 0.5126953125 0.75 0.48828125 0.7682291666666666 0.4716796875 0.7760416666666666 0.447265625 0.78125 0.4169921875 0.7786458333333334 0.392578125 0.76953125 0.3681640625 0.7486979166666666 0.359375 0.73828125 0.3515625 0.734375 0.333984375 0.7135416666666666 0.3251953125 0.6783854166666666 0.3251953125 0.6640625 0.3154296875 0.6497395833333334 0.310546875 0.63671875 0.30859375 0.6197916666666666 0.30859375 0.5807291666666666 0.3125 0.5455729166666666 0.3212890625 0.5182291666666666 0.333984375 0.4921875 0.3408203125 0.484375 0.3779296875 0.4557291666666667 0.3896484375 0.44921875 0.412109375 0.4453125 0.435546875 0.4361979166666667 0.455078125 0.4348958333333333
0 0.7607421875 0.4440104166666667 0.7744140625 0.4479166666666667 0.787109375 0.45703125 0.80859375 0.4869791666666667 0.8212890625 0.5247395833333334 0.828125 0.55859375 0.8291015625 0.5807291666666666 0.822265625 0.5989583333333334 0.791015625 0.6627604166666666 0.775390625 0.6770833333333334 0.7548828125 0.68359375 0.73828125 0.6809895833333334 0.732421875 0.6744791666666666 0.7255859375 0.6588541666666666 0.716796875 0.6484375 0.6787109375 0.625 0.6708984375 0.60546875 0.6689453125 0.5872395833333334 0.6640625 0.5755208333333334 0.6630859375 0.5520833333333334 0.67578125 0.5247395833333334 0.681640625 0.4908854166666667 0.685546875 0.4817708333333333 0.6982421875 0.46484375 0.708984375 0.4557291666666667 0.7314453125 0.4453125 0.759765625 0.4440104166666667
0 0.673828125 0.6302083333333334 0.7001953125 0.6419270833333334 0.7197265625 0.65625 0.7421875 0.7044270833333334 0.744140625 0.7122395833333334 0.759765625 0.6888020833333334 0.765625 0.6861979166666666 0.771484375 0.6888020833333334 0.779296875 0.71484375 0.7802734375 0.7291666666666666 0.7841796875 0.73828125 0.794921875 0.7513020833333334 0.791015625 0.7643229166666666 0.794921875 0.7890625 0.79296875 0.7942708333333334 0.7880859375 0.7955729166666666 0.78125 0.8020833333333334 0.7802734375 0.8072916666666666 0.783203125 0.81640625 0.78125 0.82421875 0.751953125 0.8424479166666666 0.75390625 0.86328125 0.751953125 0.8828125 0.75 0.88671875 0.7333984375 0.8880208333333334 0.716796875 0.8658854166666666 0.7158203125 0.8606770833333334 0.712890625 0.859375 0.68359375 0.88671875 0.65625 0.89453125 0.6337890625 0.89453125 0.615234375 0.890625 0.595703125 0.8802083333333334 0.580078125 0.8658854166666666 0.556640625 0.8268229166666666 0.5498046875 0.796875 0.5478515625 0.7630208333333334 0.5546875 0.7213541666666666 0.5732421875 0.68359375 0.5888671875 0.6614583333333334 0.599609375 0.6510416666666666 0.6318359375 0.6302083333333334 0.6728515625 0.6302083333333334
0 0.2568359375 0.5182291666666666 0.27734375 0.5247395833333334 0.2890625 0.53125 0.3056640625 0.546875 0.3076171875 0.5572916666666666 0.3046875 0.5833333333333334 0.3037109375 0.6328125 0.3076171875 0.6471354166666666 0.314453125 0.6614583333333334 0.3076171875 0.6770833333333334 0.310546875 0.7018229166666666 0.3037109375 0.7161458333333334 0.294921875 0.7265625 0.2724609375 0.7421875 0.2578125 0.74609375 0.2265625 0.7447916666666666 0.2060546875 0.7330729166666666 0.19140625 0.7200520833333334 0.18359375 0.7096354166666666 0.1767578125 0.6966145833333334 0.1748046875 0.6809895833333334 0.1748046875 0.6263020833333334 0.1806640625 0.5989583333333334 0.1904296875 0.5729166666666666 0.1943359375 0.5559895833333334 0.2099609375 0.53515625 0.2373046875 0.5221354166666666 0.255859375 0.5182291666666666
0 0.30859375 0.09505208333333333 0.314453125 0.09765625 0.333984375 0.1171875 0.3525390625 0.14322916666666666 0.3603515625 0.16796875 0.3720703125 0.18880208333333334 0.3759765625 0.21223958333333334 0.37109375 0.22786458333333334 0.3681640625 0.25390625 0.35546875 0.2760416666666667 0.34765625 0.28515625 0.33203125 0.2877604166666667 0.3095703125 0.2864583333333333 0.3037109375 0.2838541666666667 0.279296875 0.2838541666666667 0.2578125 0.2916666666666667 0.2509765625 0.2916666666666667 0.244140625 0.2864583333333333 0.23046875 0.2682291666666667 0.2255859375 0.2578125 0.2197265625 0.23958333333333334 0.2158203125 0.21744791666666666 0.2158203125 0.18098958333333334 0.2265625 0.14713541666666666 0.2373046875 0.12630208333333334 0.25 0.11197916666666667 0.265625 0.1015625 0.283203125 0.09505208333333333 0.3076171875 0.09505208333333333
0 0.6103515625 0.265625 0.6162109375 0.2682291666666667 0.63671875 0.2890625 0.64453125 0.2994791666666667 0.6494140625 0.3138020833333333 0.65625 0.32421875 0.6591796875 0.3333333333333333 0.658203125 0.3411458333333333 0.673828125 0.3958333333333333 0.673828125 0.40625 0.6767578125 0.4114583333333333 0.6796875 0.4348958333333333 0.677734375 0.48828125 0.6689453125 0.51953125 0.6513671875 0.5481770833333334 0.623046875 0.5651041666666666 0.6015625 0.5638020833333334 0.5859375 0.5572916666666666 0.5732421875 0.546875 0.548828125 0.5078125 0.537109375 0.46484375 0.521484375 0.44140625 0.5244140625 0.4127604166666667 0.53125 0.3958333333333333 0.5361328125 0.3528645833333333 0.5498046875 0.3111979166666667 0.5595703125 0.2981770833333333 0.5634765625 0.2799479166666667 0.5771484375 0.2669270833333333 0.587890625 0.2643229166666667 0.609375 0.265625
0 0.6591796875 0.125 0.6748046875 0.12630208333333334 0.6875 0.13151041666666666 0.71484375 0.15885416666666666 0.7265625 0.17838541666666666 0.7314453125 0.19140625 0.7333984375 0.21223958333333334 0.736328125 0.22265625 0.736328125 0.24479166666666666 0.7333984375 0.2630208333333333 0.7275390625 0.2825520833333333 0.7021484375 0.328125 0.6923828125 0.3385416666666667 0.681640625 0.3450520833333333 0.671875 0.3372395833333333 0.662109375 0.3190104166666667 0.6533203125 0.3111979166666667 0.6484375 0.2981770833333333 0.626953125 0.2734375 0.61328125 0.26171875 0.6015625 0.2591145833333333 0.5888671875 0.25 0.5771484375 0.24609375 0.568359375 0.23307291666666666 0.5703125 0.22005208333333334 0.5771484375 0.20703125 0.58203125 0.20442708333333334 0.5888671875 0.20833333333333334 0.5908203125 0.20572916666666666 0.6015625 0.17317708333333334 0.6201171875 0.14713541666666666 0.6416015625 0.12890625 0.658203125 0.125
0 0.3486328125 0.7356770833333334 0.357421875 0.7395833333333334 0.388671875 0.76953125 0.416015625 0.78125 0.4453125 0.78515625 0.46484375 0.78125 0.4873046875 0.7721354166666666 0.490234375 0.7734375 0.4921875 0.7877604166666666 0.4912109375 0.80078125 0.45703125 0.8736979166666666 0.4521484375 0.8802083333333334 0.427734375 0.88671875 0.4072265625 0.8854166666666666 0.3857421875 0.8763020833333334 0.373046875 0.8658854166666666 0.3515625 0.8385416666666666 0.337890625 0.80078125 0.333984375 0.7786458333333334 0.326171875 0.76171875 0.3271484375 0.7513020833333334 0.3349609375 0.7369791666666666 0.34765625 0.7356770833333334
0 0.466796875 0.01171875 0.4736328125 0.016927083333333332 0.482421875 0.029947916666666668 0.5009765625 0.037760416666666664 0.5126953125 0.046875 0.5244140625 0.05078125 0.5390625 0.06380208333333333 0.5498046875 0.078125 0.5576171875 0.1015625 0.560546875 0.18359375 0.5361328125 0.22135416666666666 0.5146484375 0.23958333333333334 0.50390625 0.2421875 0.494140625 0.234375 0.48046875 0.23177083333333334 0.4541015625 0.24088541666666666 0.4384765625 0.2421875 0.4248046875 0.24739583333333334 0.40625 0.23567708333333334 0.380859375 0.20572916666666666 0.3720703125 0.17708333333333334 0.3623046875 0.15885416666666666 0.3623046875 0.13802083333333334 0.3701171875 0.10026041666666667 0.3828125 0.078125 0.3955078125 0.06510416666666667 0.4208984375 0.046875 0.44921875 0.014322916666666666 0.453125 0.01171875 0.4658203125 0.01171875
0 0.3046875 0.2890625 0.310546875 0.2916666666666667 0.3447265625 0.29296875 0.35546875 0.2994791666666667 0.359375 0.3072916666666667 0.3779296875 0.3294270833333333 0.38671875 0.3450520833333333 0.3916015625 0.3645833333333333 0.3935546875 0.3919270833333333 0.3916015625 0.4244791666666667 0.3876953125 0.44140625 0.337890625 0.4817708333333333 0.3212890625 0.5052083333333334 0.3173828125 0.515625 0.306640625 0.5247395833333334 0.2900390625 0.5234375 0.25 0.5104166666666666 0.2265625 0.4778645833333333 0.220703125 0.4661458333333333 0.2119140625 0.4348958333333333 0.2119140625 0.4140625 0.20703125 0.40234375 0.21484375 0.3828125 0.2197265625 0.3619791666666667 0.2421875 0.3359375 0.2490234375 0.3138020833333333 0.2548828125 0.3059895833333333 0.2607421875 0.2994791666666667 0.2763671875 0.2903645833333333 0.3037109375 0.2890625