0 0.44140625 0.6809895833333334 0.466796875 0.6875 0.4775390625 0.6927083333333334 0.4873046875 0.7005208333333334 0.501953125 0.7213541666666666 0.5205078125 0.76953125 0.5244140625 0.78515625 0.5283203125 0.81640625 0.5263671875 0.8619791666666666 0.513671875 0.91015625 0.505859375 0.92578125 0.5048828125 0.9375 0.5009765625 0.9427083333333334 0.4951171875 0.9427083333333334 0.482421875 0.9505208333333334 0.48046875 0.9544270833333334 0.48046875 0.9700520833333334 0.4765625 0.9817708333333334 0.470703125 0.9895833333333334 0.4580078125 0.9947916666666666 0.451171875 0.9947916666666666 0.4482421875 0.9869791666666666 0.44140625 0.9817708333333334 0.3974609375 0.9700520833333334 0.353515625 0.9440104166666666 0.34765625 0.9361979166666666 0.3369140625 0.9166666666666666 0.3291015625 0.8919270833333334 0.32421875 0.8567708333333334 0.32421875 0.82421875 0.318359375 0.8190104166666666 0.3212890625 0.8033854166666666 0.3212890625 0.7890625 0.3134765625 0.7838541666666666 0.3173828125 0.7682291666666666 0.3232421875 0.76171875 0.330078125 0.7421875 0.337890625 0.7330729166666666 0.353515625 0.72265625 0.365234375 0.70703125 0.4052734375 0.6848958333333334 0.421875 0.6809895833333334 0.4404296875 0.6809895833333334
0 0.7509765625 0.06901041666666667 0.7548828125 0.07161458333333333 0.75390625 0.08333333333333333 0.7568359375 0.08854166666666667 0.7822265625 0.10807291666666667 0.78515625 0.11197916666666667 0.7890625 0.12630208333333334 0.794921875 0.12369791666666667 0.802734375 0.125 0.802734375 0.1328125 0.794921875 0.16015625 0.7861328125 0.17057291666666666 0.7802734375 0.1875 0.7646484375 0.20572916666666666 0.7470703125 0.22135416666666666 0.712890625 0.234375 0.69140625 0.234375 0.685546875 0.23177083333333334 0.6826171875 0.2265625 0.68359375 0.17447916666666666 0.6796875 0.15885416666666666 0.6787109375 0.14322916666666666 0.693359375 0.09765625 0.69921875 0.08723958333333333 0.7216796875 0.07421875 0.75 0.06901041666666667
0 0.787109375 0.4700520833333333 0.806640625 0.484375 0.8173828125 0.4700520833333333 0.828125 0.4869791666666667 0.841796875 0.4973958333333333 0.84375 0.5026041666666666 0.8427734375 0.5325520833333334 0.8486328125 0.55078125 0.8486328125 0.5559895833333334 0.841796875 0.55078125 0.837890625 0.5533854166666666 0.84765625 0.5872395833333334 0.84765625 0.6067708333333334 0.8447265625 0.62890625 0.8388671875 0.6497395833333334 0.8232421875 0.671875 0.802734375 0.6848958333333334 0.7890625 0.6888020833333334 0.7763671875 0.6888020833333334 0.7587890625 0.68359375 0.7392578125 0.67578125 0.72265625 0.6653645833333334 0.7060546875 0.6692708333333334 0.697265625 0.66796875 0.6923828125 0.6653645833333334 0.6865234375 0.6549479166666666 0.6875 0.640625 0.6953125 0.6328125 0.693359375 0.609375 0.685546875 0.5729166666666666 0.685546875 0.5494791666666666 0.6884765625 0.5286458333333334 0.6953125 0.5091145833333334 0.7080078125 0.4908854166666667 0.7275390625 0.4765625 0.7607421875 0.47265625 0.7763671875 0.4739583333333333 0.7861328125 0.4700520833333333
0 0.2802734375 0.296875 0.3154296875 0.30859375 0.3310546875 0.3190104166666667 0.33984375 0.3307291666666667 0.3486328125 0.3489583333333333 0.353515625 0.3658854166666667 0.353515625 0.3841145833333333 0.3525390625 0.38671875 0.3359375 0.3854166666666667 0.314453125 0.3880208333333333 0.2919921875 0.3971354166666667 0.263671875 0.421875 0.2451171875 0.4453125 0.23828125 0.44140625 0.232421875 0.43359375 0.2216796875 0.41015625 0.216796875 0.3841145833333333 0.2197265625 0.3528645833333333 0.2265625 0.33203125 0.244140625 0.30859375 0.2607421875 0.2981770833333333 0.26953125 0.2955729166666667 0.279296875 0.296875
0 0.2646484375 0.6484375 0.275390625 0.6497395833333334 0.298828125 0.6653645833333334 0.3212890625 0.6927083333333334 0.3369140625 0.7044270833333334 0.3515625 0.7018229166666666 0.353515625 0.7122395833333334 0.3515625 0.7174479166666666 0.3369140625 0.7278645833333334 0.3291015625 0.7369791666666666 0.3037109375 0.7903645833333334 0.2998046875 0.8059895833333334 0.2919921875 0.81640625 0.291015625 0.8333333333333334 0.29296875 0.8359375 0.3046875 0.8359375 0.3056640625 0.8346354166666666 0.3017578125 0.8268229166666666 0.3076171875 0.82421875 0.310546875 0.8294270833333334 0.3134765625 0.8216145833333334 0.3134765625 0.8307291666666666 0.318359375 0.8372395833333334 0.3173828125 0.8541666666666666 0.3056640625 0.859375 0.287109375 0.87890625 0.2626953125 0.890625 0.2451171875 0.890625 0.2275390625 0.8854166666666666 0.2119140625 0.8776041666666666 0.2021484375 0.8671875 0.1953125 0.8658854166666666 0.1875 0.8411458333333334 0.181640625 0.8346354166666666 0.1787109375 0.8372395833333334 0.1767578125 0.8346354166666666 0.17578125 0.8177083333333334 0.1708984375 0.7981770833333334 0.1708984375 0.78125 0.1767578125 0.7565104166666666 0.1767578125 0.7421875 0.1748046875 0.7369791666666666 0.1767578125 0.7174479166666666 0.1884765625 0.7044270833333334 0.1953125 0.6875 0.1953125 0.6809895833333334 0.19140625 0.67578125 0.19140625 0.6705729166666666 0.2060546875 0.6588541666666666 0.2099609375 0.6614583333333334 0.2109375 0.66796875 0.2138671875 0.6705729166666666 0.21875 0.6640625 0.23046875 0.65625 0.2470703125 0.6497395833333334 0.263671875 0.6484375
0 0.3564453125 0.3919270833333333 0.3798828125 0.40234375 0.3994140625 0.4205729166666667 0.4111328125 0.4375 0.4189453125 0.4544270833333333 0.427734375 0.4830729166666667 0.4306640625 0.5 0.431640625 0.5286458333333334 0.427734375 0.5533854166666666 0.4287109375 0.5703125 0.419921875 0.6015625 0.4150390625 0.6119791666666666 0.40234375 0.6354166666666666 0.3935546875 0.6471354166666666 0.3759765625 0.6640625 0.3671875 0.6692708333333334 0.359375 0.6809895833333334 0.353515625 0.6848958333333334 0.345703125 0.6822916666666666 0.3349609375 0.66796875 0.30078125 0.66015625 0.2841796875 0.6484375 0.275390625 0.63671875 0.271484375 0.6276041666666666 0.2587890625 0.6145833333333334 0.2568359375 0.6067708333333334 0.2451171875 0.5859375 0.232421875 0.5768229166666666 0.2314453125 0.57421875 0.234375 0.56640625 0.2333984375 0.54296875 0.2392578125 0.5403645833333334 0.2431640625 0.50390625 0.23828125 0.49609375 0.2314453125 0.4908854166666667 0.2314453125 0.4869791666666667 0.2509765625 0.4427083333333333 0.2646484375 0.4244791666666667 0.279296875 0.41015625 0.29296875 0.3997395833333333 0.3134765625 0.3919270833333333 0.3271484375 0.3893229166666667 0.345703125 0.3893229166666667 0.35546875 0.3919270833333333
0 0.64453125 0.31640625 0.6591796875 0.3216145833333333 0.6796875 0.3229166666666667 0.6923828125 0.3268229166666667 0.71484375 0.3411458333333333 0.7275390625 0.3580729166666667 0.7373046875 0.3763020833333333 0.7412109375 0.3958333333333333 0.7412109375 0.4244791666666667 0.7392578125 0.4361979166666667 0.7333984375 0.4544270833333333 0.724609375 0.4713541666666667 0.7109375 0.4830729166666667 0.7001953125 0.49609375 0.6845703125 0.5065104166666666 0.6611328125 0.51171875 0.6279296875 0.5091145833333334 0.6123046875 0.5013020833333334 0.5986328125 0.5013020833333334 0.5703125 0.4934895833333333 0.5732421875 0.484375 0.57421875 0.4622395833333333 0.5830078125 0.4466145833333333 0.5791015625 0.4166666666666667 0.580078125 0.4010416666666667 0.591796875 0.3645833333333333 0.6025390625 0.3489583333333333 0.6259765625 0.3229166666666667 0.6328125 0.3177083333333333 0.6435546875 0.31640625
0 0.53515625 0.484375 0.546875 0.4869791666666667 0.5712890625 0.5026041666666666 0.587890625 0.5325520833333334 0.595703125 0.5598958333333334 0.5947265625 0.5963541666666666 0.5888671875 0.6171875 0.580078125 0.6302083333333334 0.5732421875 0.6341145833333334 0.5537109375 0.6536458333333334 0.5380859375 0.65625 0.5146484375 0.6549479166666666 0.4970703125 0.6471354166666666 0.4794921875 0.62890625 0.4736328125 0.6184895833333334 0.4677734375 0.5989583333333334 0.4677734375 0.578125 0.4716796875 0.5572916666666666 0.4736328125 0.5182291666666666 0.4794921875 0.51953125 0.494140625 0.4973958333333333 0.509765625 0.484375 0.5341796875 0.484375
0 0.421875 0.16015625 0.4287109375 0.16276041666666666 0.443359375 0.17447916666666666 0.4560546875 0.19140625 0.466796875 0.2109375 0.4775390625 0.24739583333333334 0.4794921875 0.2890625 0.4765625 0.2981770833333333 0.4716796875 0.3046875 0.44140625 0.3203125 0.42578125 0.33984375 0.4189453125 0.3541666666666667 0.4150390625 0.3567708333333333 0.3837890625 0.3502604166666667 0.3671875 0.3346354166666667 0.3544921875 0.3098958333333333 0.349609375 0.2890625 0.341796875 0.2825520833333333 0.3271484375 0.2604166666666667 0.3193359375 0.24348958333333334 0.3193359375 0.23828125 0.32421875 0.22005208333333334 0.330078125 0.21223958333333334 0.3447265625 0.20442708333333334 0.35546875 0.19010416666666666 0.3662109375 0.18489583333333334 0.3837890625 0.16796875 0.4033203125 0.15885416666666666 0.4208984375 0.16015625
0 0.4873046875 0.3072916666666667 0.5 0.3098958333333333 0.5166015625 0.3177083333333333 0.529296875 0.3307291666666667 0.5380859375 0.34375 0.5439453125 0.35546875 0.55078125 0.37890625 0.5537109375 0.4114583333333333 0.552734375 0.4244791666666667 0.546875 0.4505208333333333 0.5302734375 0.4778645833333333 0.51171875 0.48046875 0.490234375 0.4921875 0.466796875 0.4986979166666667 0.4560546875 0.4973958333333333 0.4443359375 0.4908854166666667 0.427734375 0.4674479166666667 0.4130859375 0.4322916666666667 0.4111328125 0.390625 0.4169921875 0.36328125 0.4345703125 0.33203125 0.4462890625 0.3203125 0.4599609375 0.3125 0.486328125 0.3072916666666667
0 0.6318359375 0.6276041666666666 0.6474609375 0.63671875 0.6689453125 0.66015625 0.6826171875 0.69140625 0.68359375 0.7044270833333334 0.6796875 0.734375 0.662109375 0.7747395833333334 0.66015625 0.7955729166666666 0.6533203125 0.81640625 0.6259765625 0.828125 0.58984375 0.8255208333333334 0.57421875 0.8190104166666666 0.5634765625 0.8098958333333334 0.5498046875 0.7916666666666666 0.541015625 0.7708333333333334 0.5361328125 0.7447916666666666 0.53515625 0.7135416666666666 0.5390625 0.6875 0.54296875 0.6744791666666666 0.5712890625 0.6393229166666666 0.5947265625 0.625 0.6142578125 0.6236979166666666 0.630859375 0.6276041666666666
0 0.609375 0.08984375 0.6240234375 0.09375 0.6435546875 0.10546875 0.646484375 0.10286458333333333 0.646484375 0.09895833333333333 0.654296875 0.10807291666666667 0.658203125 0.12109375 0.6728515625 0.14192708333333334 0.6796875 0.1640625 0.681640625 0.18229166666666666 0.6806640625 0.21614583333333334 0.6787109375 0.2265625 0.6650390625 0.26171875 0.6572265625 0.2721354166666667 0.6142578125 0.3046875 0.5810546875 0.31640625 0.556640625 0.31640625 0.5439453125 0.3138020833333333 0.5185546875 0.2994791666666667 0.5087890625 0.2877604166666667 0.501953125 0.2838541666666667 0.4892578125 0.26171875 0.4833984375 0.24088541666666666 0.482421875 0.18880208333333334 0.4853515625 0.17578125 0.4931640625 0.15625 0.509765625 0.13671875 0.5224609375 0.12630208333333334 0.5439453125 0.11197916666666667 0.572265625 0.09765625 0.6083984375 0.08984375