0 0.806640625 0.4557291666666667 0.8212890625 0.46875 0.830078125 0.48046875 0.841796875 0.4869791666666667 0.8486328125 0.4973958333333333 0.8515625 0.5052083333333334 0.8515625 0.51953125 0.861328125 0.5520833333333334 0.8642578125 0.58984375 0.861328125 0.6080729166666666 0.85546875 0.625 0.8388671875 0.6497395833333334 0.8193359375 0.6653645833333334 0.7919921875 0.6705729166666666 0.7744140625 0.66796875 0.7587890625 0.6614583333333334 0.734375 0.6432291666666666 0.72265625 0.62890625 0.7109375 0.6080729166666666 0.705078125 0.5885416666666666 0.7021484375 0.53515625 0.7060546875 0.5182291666666666 0.712890625 0.5026041666666666 0.73046875 0.47265625 0.73828125 0.46484375 0.7509765625 0.45703125 0.7646484375 0.4544270833333333 0.8056640625 0.4557291666666667
0 0.7275390625 0.64453125 0.7705078125 0.6705729166666666 0.7890625 0.6744791666666666 0.8173828125 0.6731770833333334 0.833984375 0.6953125 0.8427734375 0.7018229166666666 0.845703125 0.7109375 0.8427734375 0.7239583333333334 0.84375 0.75390625 0.8525390625 0.7552083333333334 0.8583984375 0.7604166666666666 0.8525390625 0.78125 0.8525390625 0.8033854166666666 0.859375 0.8098958333333334 0.859375 0.8177083333333334 0.8505859375 0.8411458333333334 0.8330078125 0.8489583333333334 0.8271484375 0.85546875 0.8154296875 0.8541666666666666 0.802734375 0.8723958333333334 0.7900390625 0.8841145833333334 0.7626953125 0.89453125 0.7333984375 0.8958333333333334 0.7255859375 0.8919270833333334 0.7060546875 0.890625 0.69921875 0.8841145833333334 0.6884765625 0.87890625 0.669921875 0.8567708333333334 0.6650390625 0.8541666666666666 0.6552734375 0.8203125 0.65234375 0.7994791666666666 0.6513671875 0.7552083333333334 0.654296875 0.7369791666666666 0.6650390625 0.70703125 0.6884765625 0.66796875 0.7099609375 0.6510416666666666 0.7265625 0.6458333333333334
0 0.3876953125 0.66015625 0.4072265625 0.6705729166666666 0.4208984375 0.68359375 0.42578125 0.6940104166666666 0.42578125 0.7018229166666666 0.4150390625 0.7278645833333334 0.4091796875 0.7552083333333334 0.4072265625 0.8203125 0.39453125 0.8346354166666666 0.3828125 0.8424479166666666 0.3662109375 0.84765625 0.345703125 0.84765625 0.3359375 0.8450520833333334 0.31640625 0.8294270833333334 0.3037109375 0.8046875 0.2998046875 0.7877604166666666 0.2998046875 0.765625 0.3076171875 0.7265625 0.318359375 0.703125 0.3251953125 0.6940104166666666 0.3427734375 0.6888020833333334 0.3564453125 0.6809895833333334 0.3759765625 0.66015625 0.38671875 0.66015625
0 0.642578125 0.7981770833333334 0.650390625 0.8098958333333334 0.6630859375 0.8619791666666666 0.66796875 0.8619791666666666 0.6884765625 0.8841145833333334 0.712890625 0.8971354166666666 0.7177734375 0.9153645833333334 0.7080078125 0.9544270833333334 0.69921875 0.9700520833333334 0.681640625 0.98828125 0.6708984375 0.9947916666666666 0.66015625 0.99609375 0.6572265625 0.9986979166666666 0.6328125 0.9986979166666666 0.6298828125 0.99609375 0.6181640625 0.9947916666666666 0.6064453125 0.98828125 0.5986328125 0.98828125 0.578125 0.9622395833333334 0.5712890625 0.9427083333333334 0.5673828125 0.9375 0.5556640625 0.9361979166666666 0.5498046875 0.921875 0.5498046875 0.91015625 0.5615234375 0.9036458333333334 0.5771484375 0.88671875 0.5869140625 0.8828125 0.6005859375 0.86328125 0.609375 0.83984375 0.6171875 0.7994791666666666 0.625 0.7955729166666666 0.6357421875 0.7955729166666666 0.6416015625 0.7981770833333334
0 0.27734375 0.4895833333333333 0.2890625 0.4973958333333333 0.3173828125 0.5065104166666666 0.349609375 0.5091145833333334 0.3662109375 0.515625 0.3798828125 0.515625 0.3828125 0.5260416666666666 0.3798828125 0.5716145833333334 0.3876953125 0.609375 0.3876953125 0.62109375 0.380859375 0.64453125 0.3701171875 0.6640625 0.359375 0.6744791666666666 0.3427734375 0.6848958333333334 0.328125 0.6875 0.306640625 0.6966145833333334 0.294921875 0.7096354166666666 0.2734375 0.7213541666666666 0.2685546875 0.7213541666666666 0.2568359375 0.71484375 0.2470703125 0.6966145833333334 0.244140625 0.6783854166666666 0.2392578125 0.6666666666666666 0.23046875 0.65625 0.2294921875 0.64453125 0.2119140625 0.5989583333333334 0.2109375 0.57421875 0.21875 0.5455729166666666 0.2373046875 0.5143229166666666 0.265625 0.4869791666666667 0.2763671875 0.4895833333333333
0 0.26171875 0.0013020833333333333 0.2822265625 0.005208333333333333 0.2978515625 0.0026041666666666665 0.3154296875 0.00390625 0.318359375 0.006510416666666667 0.318359375 0.013020833333333334 0.3232421875 0.020833333333333332 0.32421875 0.029947916666666668 0.333984375 0.029947916666666668 0.337890625 0.03515625 0.34375 0.037760416666666664 0.3447265625 0.049479166666666664 0.3408203125 0.0625 0.34375 0.06770833333333333 0.3515625 0.06901041666666667 0.3583984375 0.06380208333333333 0.3671875 0.06380208333333333 0.3701171875 0.06770833333333333 0.3671875 0.07161458333333333 0.3525390625 0.07291666666666667 0.353515625 0.07682291666666667 0.34765625 0.08333333333333333 0.34765625 0.08723958333333333 0.3505859375 0.09114583333333333 0.3583984375 0.09114583333333333 0.369140625 0.08463541666666667 0.3720703125 0.0859375 0.3701171875 0.09114583333333333 0.3564453125 0.10286458333333333 0.35546875 0.11067708333333333 0.353515625 0.11197916666666667 0.35546875 0.11979166666666667 0.369140625 0.13671875 0.3671875 0.13932291666666666 0.369140625 0.14192708333333334 0.373046875 0.140625 0.376953125 0.14713541666666666 0.375 0.15104166666666666 0.37890625 0.15755208333333334 0.384765625 0.15755208333333334 0.3857421875 0.15364583333333334 0.3876953125 0.15755208333333334 0.390625 0.15755208333333334 0.390625 0.16536458333333334 0.3935546875 0.17057291666666666 0.3935546875 0.18880208333333334 0.4052734375 0.2109375 0.419921875 0.23046875 0.439453125 0.2721354166666667 0.4443359375 0.3046875 0.4443359375 0.32421875 0.44140625 0.3502604166666667 0.4453125 0.3619791666666667 0.4453125 0.390625 0.4423828125 0.40234375 0.4423828125 0.4153645833333333 0.4296875 0.453125 0.4140625 0.4778645833333333 0.3994140625 0.4934895833333333 0.3798828125 0.5052083333333334 0.3681640625 0.5091145833333334 0.3525390625 0.50390625 0.32421875 0.50390625 0.2880859375 0.4921875 0.2646484375 0.4778645833333333 0.25 0.4635416666666667 0.2255859375 0.4309895833333333 0.2236328125 0.41796875 0.212890625 0.3971354166666667 0.203125 0.3645833333333333 0.1904296875 0.2903645833333333 0.19140625 0.2513020833333333 0.1953125 0.23046875 0.2021484375 0.20963541666666666 0.208984375 0.1953125 0.224609375 0.17447916666666666 0.2431640625 0.15625 0.2548828125 0.1484375 0.265625 0.14322916666666666 0.283203125 0.140625 0.3037109375 0.1328125 0.3193359375 0.1328125 0.3173828125 0.12760416666666666 0.306640625 0.12109375 0.2978515625 0.11197916666666667 0.29296875 0.11067708333333333 0.2841796875 0.09895833333333333 0.2724609375 0.08854166666666667 0.2412109375 0.049479166666666664 0.23046875 0.03125 0.2265625 0.015625 0.2265625 0.00390625 0.2607421875 0.0026041666666666665
0 0.80859375 0.15755208333333334 0.8291015625 0.16145833333333334 0.8447265625 0.17317708333333334 0.859375 0.18880208333333334 0.8798828125 0.21614583333333334 0.884765625 0.22395833333333334 0.89453125 0.25390625 0.8984375 0.2734375 0.8984375 0.2903645833333333 0.8916015625 0.3307291666666667 0.88671875 0.34765625 0.873046875 0.3802083333333333 0.859375 0.3984375 0.8388671875 0.4166666666666667 0.7958984375 0.4348958333333333 0.7744140625 0.4348958333333333 0.7451171875 0.4270833333333333 0.7236328125 0.4153645833333333 0.69921875 0.3893229166666667 0.6845703125 0.3671875 0.6767578125 0.3450520833333333 0.673828125 0.31640625 0.673828125 0.2760416666666667 0.6826171875 0.23828125 0.701171875 0.20703125 0.7119140625 0.19401041666666666 0.75 0.16796875 0.771484375 0.16276041666666666 0.787109375 0.15494791666666666 0.8076171875 0.15755208333333334
0 0.4921875 0.4479166666666667 0.5029296875 0.4518229166666667 0.5205078125 0.4661458333333333 0.5302734375 0.4778645833333333 0.541015625 0.4973958333333333 0.55078125 0.53125 0.5537109375 0.57421875 0.5478515625 0.6158854166666666 0.5400390625 0.63671875 0.5263671875 0.6536458333333334 0.51171875 0.6666666666666666 0.4775390625 0.6796875 0.44921875 0.67578125 0.4208984375 0.65625 0.396484375 0.6223958333333334 0.392578125 0.61328125 0.3857421875 0.5872395833333334 0.384765625 0.5572916666666666 0.38671875 0.5338541666666666 0.3935546875 0.5065104166666666 0.416015625 0.484375 0.4345703125 0.4596354166666667 0.4453125 0.4518229166666667 0.45703125 0.4479166666666667 0.4912109375 0.4479166666666667
0 0.5380859375 0.6536458333333334 0.544921875 0.6588541666666666 0.556640625 0.65625 0.55859375 0.6614583333333334 0.583984375 0.67578125 0.599609375 0.69921875 0.6103515625 0.7369791666666666 0.61328125 0.7565104166666666 0.61328125 0.8020833333333334 0.607421875 0.8359375 0.5966796875 0.8645833333333334 0.5654296875 0.89453125 0.54296875 0.9088541666666666 0.505859375 0.9114583333333334 0.4765625 0.9244791666666666 0.466796875 0.921875 0.439453125 0.8919270833333334 0.41796875 0.8450520833333334 0.41015625 0.8033854166666666 0.41015625 0.7786458333333334 0.4140625 0.7447916666666666 0.421875 0.7174479166666666 0.431640625 0.6953125 0.44140625 0.6796875 0.44921875 0.6783854166666666 0.4609375 0.6822916666666666 0.478515625 0.68359375 0.5126953125 0.6705729166666666 0.5322265625 0.6536458333333334 0.537109375 0.6536458333333334
0 0.58984375 0.19401041666666666 0.5908203125 0.19661458333333334 0.6171875 0.21223958333333334 0.6337890625 0.2265625 0.654296875 0.2565104166666667 0.66796875 0.2890625 0.671875 0.3502604166666667 0.6689453125 0.3723958333333333 0.6611328125 0.40234375 0.6455078125 0.4375 0.6318359375 0.4544270833333333 0.611328125 0.4713541666666667 0.5791015625 0.4830729166666667 0.5673828125 0.4830729166666667 0.5537109375 0.4778645833333333 0.5390625 0.4765625 0.5322265625 0.47265625 0.4921875 0.4205729166666667 0.484375 0.4036458333333333 0.474609375 0.3658854166666667 0.4736328125 0.3177083333333333 0.478515625 0.28515625 0.486328125 0.2604166666666667 0.5146484375 0.21875 0.5341796875 0.203125 0.576171875 0.19140625 0.5849609375 0.19140625 0.5888671875 0.19401041666666666
0 0.6337890625 0.4791666666666667 0.6611328125 0.4895833333333333 0.6796875 0.5065104166666666 0.6923828125 0.5247395833333334 0.7001953125 0.5572916666666666 0.7001953125 0.5989583333333334 0.6962890625 0.6184895833333334 0.6884765625 0.6380208333333334 0.6611328125 0.6744791666666666 0.63671875 0.6848958333333334 0.62109375 0.6822916666666666 0.5986328125 0.6653645833333334 0.58203125 0.66796875 0.5732421875 0.6640625 0.5703125 0.66015625 0.5732421875 0.6432291666666666 0.5693359375 0.62890625 0.5595703125 0.6080729166666666 0.5576171875 0.5911458333333334 0.5576171875 0.5611979166666666 0.5595703125 0.5455729166666666 0.564453125 0.5299479166666666 0.5732421875 0.51171875 0.580078125 0.50390625 0.583984375 0.50390625 0.587890625 0.5104166666666666 0.5947265625 0.5130208333333334 0.599609375 0.5078125 0.6025390625 0.48828125 0.60546875 0.4830729166666667 0.611328125 0.4791666666666667 0.6328125 0.4791666666666667