0 0.6923828125 0 0.80078125 0 0.806640625 0.028645833333333332 0.8095703125 0.05859375 0.80859375 0.08463541666666667 0.8056640625 0.1015625 0.7998046875 0.11979166666666667 0.79296875 0.13151041666666666 0.7763671875 0.14583333333333334 0.759765625 0.15494791666666666 0.7490234375 0.15755208333333334 0.7216796875 0.15755208333333334 0.716796875 0.15234375 0.71484375 0.14583333333333334 0.71484375 0.11588541666666667 0.7099609375 0.11197916666666667 0.7041015625 0.1015625 0.6962890625 0.07161458333333333 0.677734375 0.0390625 0.6796875 0.0234375 0.6923828125 0.0013020833333333333
0 0.564453125 0 0.6728515625 0 0.6728515625 0.006510416666666667 0.66796875 0.016927083333333332 0.6513671875 0.033854166666666664 0.6162109375 0.033854166666666664 0.595703125 0.0390625 0.5791015625 0.036458333333333336 0.572265625 0.032552083333333336 0.56640625 0.0234375 0.5634765625 0.006510416666666667 0.564453125 0.0013020833333333333
0 0.8056640625 0.4986979166666667 0.822265625 0.5078125 0.830078125 0.5260416666666666 0.8623046875 0.5481770833333334 0.8837890625 0.5768229166666666 0.888671875 0.5859375 0.89453125 0.60546875 0.90234375 0.6536458333333334 0.900390625 0.67578125 0.89453125 0.69140625 0.884765625 0.7083333333333334 0.87109375 0.7239583333333334 0.8427734375 0.74609375 0.8388671875 0.7513020833333334 0.8310546875 0.7747395833333334 0.810546875 0.7838541666666666 0.7802734375 0.7799479166666666 0.7666015625 0.7708333333333334 0.7626953125 0.7708333333333334 0.7587890625 0.7565104166666666 0.751953125 0.7434895833333334 0.7333984375 0.71875 0.7255859375 0.7122395833333334 0.70703125 0.68359375 0.69921875 0.6536458333333334 0.6982421875 0.6393229166666666 0.69921875 0.6145833333333334 0.70703125 0.5846354166666666 0.7177734375 0.5638020833333334 0.7333984375 0.54296875 0.748046875 0.53125 0.76953125 0.5208333333333334 0.7919921875 0.5013020833333334 0.8046875 0.4986979166666667
0 0.2392578125 0.2265625 0.248046875 0.234375 0.255859375 0.2643229166666667 0.2529296875 0.26953125 0.2431640625 0.27734375 0.23046875 0.2955729166666667 0.2138671875 0.3346354166666667 0.20703125 0.34375 0.203125 0.3580729166666667 0.1962890625 0.3671875 0.1845703125 0.3515625 0.17578125 0.3333333333333333 0.1767578125 0.328125 0.18359375 0.3229166666666667 0.1875 0.3138020833333333 0.1865234375 0.2942708333333333 0.181640625 0.2760416666666667 0.181640625 0.2682291666666667 0.185546875 0.2552083333333333 0.177734375 0.23958333333333334 0.1826171875 0.23307291666666666 0.197265625 0.22526041666666666 0.23828125 0.2265625
0 0.47265625 0.53125 0.4970703125 0.5572916666666666 0.5185546875 0.5703125 0.5537109375 0.5716145833333334 0.578125 0.5611979166666666 0.58984375 0.5859375 0.5966796875 0.6119791666666666 0.5966796875 0.6692708333333334 0.587890625 0.69921875 0.5673828125 0.7317708333333334 0.5498046875 0.7526041666666666 0.515625 0.765625 0.4931640625 0.7643229166666666 0.470703125 0.75390625 0.4521484375 0.73828125 0.4423828125 0.7265625 0.4267578125 0.6927083333333334 0.421875 0.6419270833333334 0.421875 0.6184895833333334 0.423828125 0.6080729166666666 0.4443359375 0.55078125 0.4560546875 0.5364583333333334 0.46484375 0.53125 0.4716796875 0.53125
0 0.3056640625 0.2565104166666667 0.3310546875 0.2669270833333333 0.3447265625 0.265625 0.35546875 0.2721354166666667 0.3671875 0.28515625 0.376953125 0.30078125 0.3828125 0.3177083333333333 0.396484375 0.3372395833333333 0.404296875 0.3567708333333333 0.4140625 0.3932291666666667 0.416015625 0.4609375 0.4130859375 0.50390625 0.41796875 0.5143229166666666 0.419921875 0.5260416666666666 0.41796875 0.54296875 0.404296875 0.5390625 0.404296875 0.5286458333333334 0.400390625 0.5260416666666666 0.3876953125 0.5572916666666666 0.36328125 0.58203125 0.359375 0.5872395833333334 0.3583984375 0.59765625 0.3525390625 0.6041666666666666 0.34375 0.6041666666666666 0.3310546875 0.5989583333333334 0.328125 0.5950520833333334 0.30859375 0.6015625 0.2998046875 0.5963541666666666 0.2802734375 0.5924479166666666 0.2705078125 0.5859375 0.23828125 0.5442708333333334 0.2109375 0.4947916666666667 0.2041015625 0.4752604166666667 0.1953125 0.4322916666666667 0.1962890625 0.3880208333333333 0.1982421875 0.3684895833333333 0.2041015625 0.34765625 0.203125 0.3450520833333333 0.20703125 0.3359375 0.205078125 0.32421875 0.2158203125 0.3177083333333333 0.2216796875 0.3177083333333333 0.2275390625 0.3046875 0.2265625 0.2955729166666667 0.23046875 0.2955729166666667 0.2451171875 0.27734375 0.2783203125 0.2578125 0.3046875 0.2565104166666667
0 0.4853515625 0.23307291666666666 0.4951171875 0.24479166666666666 0.50390625 0.2630208333333333 0.513671875 0.29296875 0.5087890625 0.296875 0.5029296875 0.3072916666666667 0.4892578125 0.3151041666666667 0.48046875 0.3255208333333333 0.4609375 0.3580729166666667 0.453125 0.38671875 0.4482421875 0.4401041666666667 0.4453125 0.4479166666666667 0.4326171875 0.4427083333333333 0.421875 0.43359375 0.4189453125 0.42578125 0.41796875 0.3984375 0.4130859375 0.375 0.3994140625 0.3346354166666667 0.3896484375 0.3216145833333333 0.3896484375 0.30859375 0.4033203125 0.2734375 0.41796875 0.2578125 0.4453125 0.2421875 0.4658203125 0.24088541666666666 0.478515625 0.23177083333333334 0.484375 0.23307291666666666
0 0.734375 0.20182291666666666 0.7568359375 0.20703125 0.771484375 0.21484375 0.7861328125 0.22786458333333334 0.8037109375 0.2526041666666667 0.80859375 0.2630208333333333 0.8193359375 0.2994791666666667 0.822265625 0.3255208333333333 0.822265625 0.3502604166666667 0.814453125 0.3997395833333333 0.79296875 0.4479166666666667 0.7919921875 0.4661458333333333 0.779296875 0.47265625 0.7646484375 0.4895833333333333 0.7421875 0.5065104166666666 0.7216796875 0.5182291666666666 0.6943359375 0.5247395833333334 0.6728515625 0.5247395833333334 0.658203125 0.51953125 0.6474609375 0.5091145833333334 0.63671875 0.4934895833333333 0.63671875 0.4856770833333333 0.646484375 0.4544270833333333 0.6484375 0.4244791666666667 0.646484375 0.3971354166666667 0.6416015625 0.3736979166666667 0.625 0.3333333333333333 0.615234375 0.31640625 0.6142578125 0.3059895833333333 0.662109375 0.23307291666666666 0.677734375 0.22526041666666666 0.703125 0.20703125 0.7138671875 0.203125 0.7333984375 0.20182291666666666
0 0.3232421875 0.07552083333333333 0.34765625 0.078125 0.36328125 0.09375 0.3837890625 0.12760416666666666 0.3955078125 0.16536458333333334 0.3974609375 0.21354166666666666 0.400390625 0.23307291666666666 0.3955078125 0.24739583333333334 0.37109375 0.2786458333333333 0.3681640625 0.2786458333333333 0.3466796875 0.2630208333333333 0.3330078125 0.2630208333333333 0.3037109375 0.2526041666666667 0.2880859375 0.2526041666666667 0.259765625 0.2591145833333333 0.2548828125 0.2513020833333333 0.2529296875 0.24348958333333334 0.25 0.21484375 0.25 0.1875 0.2529296875 0.17317708333333334 0.2529296875 0.15625 0.255859375 0.14453125 0.2646484375 0.13151041666666666 0.2734375 0.11197916666666667 0.28515625 0.09635416666666667 0.2978515625 0.08723958333333333 0.3056640625 0.078125 0.322265625 0.07552083333333333
0 0.380859375 0 0.5390625 0 0.5439453125 0.0078125 0.5546875 0.005208333333333333 0.560546875 0.0078125 0.5615234375 0.032552083333333336 0.564453125 0.04296875 0.564453125 0.049479166666666664 0.560546875 0.0625 0.5537109375 0.08333333333333333 0.541015625 0.11067708333333333 0.529296875 0.15885416666666666 0.525390625 0.16536458333333334 0.498046875 0.18619791666666666 0.478515625 0.19010416666666666 0.4541015625 0.18880208333333334 0.4453125 0.19921875 0.4365234375 0.19921875 0.40234375 0.16666666666666666 0.375 0.10026041666666667 0.37109375 0.0703125 0.37109375 0.040364583333333336 0.380859375 0.0013020833333333333
0 0.556640625 0.2890625 0.578125 0.2955729166666667 0.60546875 0.3125 0.619140625 0.33203125 0.6416015625 0.3854166666666667 0.64453125 0.4049479166666667 0.64453125 0.4388020833333333 0.6416015625 0.4609375 0.630859375 0.4921875 0.619140625 0.515625 0.60546875 0.5338541666666666 0.591796875 0.546875 0.5673828125 0.5625 0.5537109375 0.56640625 0.5205078125 0.5651041666666666 0.50390625 0.5559895833333334 0.4833984375 0.5364583333333334 0.4736328125 0.5221354166666666 0.4580078125 0.4869791666666667 0.4501953125 0.45703125 0.4501953125 0.4309895833333333 0.453125 0.3997395833333333 0.458984375 0.37109375 0.470703125 0.3450520833333333 0.4921875 0.3177083333333333 0.501953125 0.3125 0.5107421875 0.30078125 0.5205078125 0.2942708333333333 0.53125 0.2903645833333333 0.5556640625 0.2890625
0 0.6318359375 0.037760416666666664 0.6474609375 0.041666666666666664 0.66015625 0.05078125 0.671875 0.0546875 0.6748046875 0.052083333333333336 0.677734375 0.053385416666666664 0.673828125 0.057291666666666664 0.681640625 0.059895833333333336 0.693359375 0.07682291666666667 0.697265625 0.0859375 0.69921875 0.09895833333333333 0.7099609375 0.12630208333333334 0.7119140625 0.17578125 0.7060546875 0.20052083333333334 0.662109375 0.22786458333333334 0.62890625 0.27734375 0.61328125 0.2903645833333333 0.603515625 0.2877604166666667 0.5810546875 0.26171875 0.57421875 0.2630208333333333 0.5634765625 0.2825520833333333 0.556640625 0.2799479166666667 0.552734375 0.26953125 0.552734375 0.2526041666666667 0.5498046875 0.23567708333333334 0.54296875 0.22395833333333334 0.5419921875 0.20703125 0.5361328125 0.1875 0.5341796875 0.17447916666666666 0.5341796875 0.14973958333333334 0.5458984375 0.11067708333333333 0.552734375 0.09895833333333333 0.5673828125 0.059895833333333336 0.5751953125 0.05859375 0.5849609375 0.049479166666666664 0.5966796875 0.04296875 0.6142578125 0.037760416666666664 0.630859375 0.037760416666666664