0 0.435546875 0.4635416666666667 0.462890625 0.4765625 0.501953125 0.5078125 0.5224609375 0.5286458333333334 0.537109375 0.55078125 0.544921875 0.5690104166666666 0.5537109375 0.6145833333333334 0.552734375 0.65234375 0.54296875 0.7122395833333334 0.537109375 0.7291666666666666 0.5302734375 0.7395833333333334 0.51171875 0.8059895833333334 0.501953125 0.83203125 0.498046875 0.8411458333333334 0.482421875 0.8580729166666666 0.4697265625 0.8658854166666666 0.447265625 0.8736979166666666 0.41796875 0.8723958333333334 0.408203125 0.8658854166666666 0.396484375 0.8619791666666666 0.373046875 0.8372395833333334 0.3662109375 0.8333333333333334 0.36328125 0.8268229166666666 0.3623046875 0.8151041666666666 0.3544921875 0.8020833333333334 0.32421875 0.7747395833333334 0.2998046875 0.7395833333333334 0.2919921875 0.72265625 0.2783203125 0.671875 0.279296875 0.6484375 0.2841796875 0.6328125 0.2861328125 0.6171875 0.2861328125 0.5924479166666666 0.29296875 0.5716145833333334 0.3095703125 0.5390625 0.31640625 0.51171875 0.333984375 0.4895833333333333 0.3486328125 0.484375 0.3681640625 0.4661458333333333 0.3955078125 0.45703125 0.421875 0.4596354166666667 0.4345703125 0.4635416666666667
0 0.5703125 0.22265625 0.5791015625 0.22786458333333334 0.583984375 0.234375 0.595703125 0.24088541666666666 0.603515625 0.2630208333333333 0.603515625 0.2747395833333333 0.626953125 0.3098958333333333 0.638671875 0.3450520833333333 0.6396484375 0.359375 0.63671875 0.3841145833333333 0.626953125 0.4166666666666667 0.6162109375 0.4388020833333333 0.6162109375 0.45703125 0.60546875 0.4765625 0.59375 0.48828125 0.578125 0.4986979166666667 0.5625 0.5052083333333334 0.556640625 0.50390625 0.5478515625 0.4973958333333333 0.5146484375 0.4947916666666667 0.4892578125 0.484375 0.4501953125 0.4622395833333333 0.4443359375 0.4544270833333333 0.4345703125 0.43359375 0.4189453125 0.3919270833333333 0.4189453125 0.3658854166666667 0.4248046875 0.3372395833333333 0.4423828125 0.2994791666666667 0.455078125 0.28125 0.4814453125 0.26171875 0.505859375 0.2552083333333333 0.5166015625 0.24869791666666666 0.5244140625 0.24088541666666666 0.5244140625 0.23307291666666666 0.5283203125 0.23046875 0.5400390625 0.234375 0.560546875 0.234375 0.5634765625 0.2265625 0.5693359375 0.22395833333333334
0 0.8798828125 0.48828125 0.904296875 0.5052083333333334 0.9189453125 0.52734375 0.9248046875 0.5416666666666666 0.931640625 0.57421875 0.931640625 0.6028645833333334 0.9267578125 0.62890625 0.92578125 0.6471354166666666 0.91796875 0.67578125 0.8583984375 0.7252604166666666 0.845703125 0.73046875 0.8271484375 0.73046875 0.8134765625 0.7265625 0.7900390625 0.71484375 0.7744140625 0.69921875 0.7666015625 0.66796875 0.748046875 0.6236979166666666 0.7470703125 0.6015625 0.75 0.5768229166666666 0.76171875 0.54296875 0.791015625 0.50390625 0.8037109375 0.4934895833333333 0.818359375 0.4856770833333333 0.8388671875 0.48046875 0.861328125 0.48046875 0.87890625 0.48828125
0 0.6748046875 0.12109375 0.7060546875 0.13671875 0.7177734375 0.1484375 0.7275390625 0.16536458333333334 0.73046875 0.17447916666666666 0.732421875 0.203125 0.7275390625 0.22916666666666666 0.71484375 0.2604166666666667 0.71484375 0.2682291666666667 0.70703125 0.28125 0.6923828125 0.2877604166666667 0.6767578125 0.30078125 0.6640625 0.3059895833333333 0.6259765625 0.296875 0.6162109375 0.28515625 0.611328125 0.2760416666666667 0.6103515625 0.2643229166666667 0.607421875 0.2565104166666667 0.59375 0.23046875 0.591796875 0.22265625 0.591796875 0.20182291666666666 0.5966796875 0.1796875 0.607421875 0.15494791666666666 0.6259765625 0.13411458333333334 0.6494140625 0.12239583333333333 0.673828125 0.12109375
0 0.1806640625 0.5455729166666666 0.2080078125 0.5572916666666666 0.244140625 0.5598958333333334 0.2470703125 0.5638020833333334 0.2734375 0.5768229166666666 0.283203125 0.5872395833333334 0.28125 0.6197916666666666 0.275390625 0.65234375 0.275390625 0.671875 0.279296875 0.69140625 0.287109375 0.7135416666666666 0.2880859375 0.7265625 0.279296875 0.74609375 0.2607421875 0.7669270833333334 0.2431640625 0.7760416666666666 0.216796875 0.7825520833333334 0.181640625 0.7799479166666666 0.1552734375 0.7643229166666666 0.1357421875 0.7408854166666666 0.1298828125 0.7265625 0.125 0.7057291666666666 0.1259765625 0.6536458333333334 0.1328125 0.6263020833333334 0.1298828125 0.6158854166666666 0.138671875 0.6080729166666666 0.150390625 0.5598958333333334 0.1552734375 0.5520833333333334 0.171875 0.5442708333333334 0.1796875 0.5455729166666666
0 0.2177734375 0.2942708333333333 0.23828125 0.296875 0.265625 0.3098958333333333 0.27734375 0.3190104166666667 0.2890625 0.3333333333333333 0.296875 0.3372395833333333 0.318359375 0.35546875 0.328125 0.37109375 0.3310546875 0.3841145833333333 0.33203125 0.4036458333333333 0.3359375 0.4140625 0.3466796875 0.4283854166666667 0.3486328125 0.4348958333333333 0.3486328125 0.4427083333333333 0.341796875 0.453125 0.3310546875 0.4518229166666667 0.3203125 0.4440104166666667 0.3125 0.4739583333333333 0.3037109375 0.4934895833333333 0.29296875 0.5078125 0.2744140625 0.5260416666666666 0.2548828125 0.5364583333333334 0.2373046875 0.5416666666666666 0.20703125 0.5338541666666666 0.189453125 0.5260416666666666 0.173828125 0.5260416666666666 0.1640625 0.5208333333333334 0.1572265625 0.5234375 0.1552734375 0.5208333333333334 0.1572265625 0.51171875 0.142578125 0.4947916666666667 0.134765625 0.4752604166666667 0.1259765625 0.46484375 0.1259765625 0.4609375 0.12890625 0.4596354166666667 0.1318359375 0.453125 0.125 0.4401041666666667 0.1259765625 0.4153645833333333 0.1220703125 0.3736979166666667 0.134765625 0.3515625 0.1416015625 0.3346354166666667 0.1552734375 0.31640625 0.1708984375 0.3033854166666667 0.1962890625 0.2942708333333333 0.216796875 0.2942708333333333
0 0.3828125 0.18489583333333334 0.4130859375 0.20703125 0.4296875 0.22916666666666666 0.435546875 0.24479166666666666 0.439453125 0.265625 0.439453125 0.2916666666666667 0.4189453125 0.34375 0.4150390625 0.3658854166666667 0.4013671875 0.3815104166666667 0.3818359375 0.390625 0.3525390625 0.3828125 0.337890625 0.3815104166666667 0.3349609375 0.3723958333333333 0.3310546875 0.37109375 0.322265625 0.35546875 0.2998046875 0.3346354166666667 0.2939453125 0.3151041666666667 0.29296875 0.2682291666666667 0.2900390625 0.23697916666666666 0.2900390625 0.22786458333333334 0.2958984375 0.21875 0.3291015625 0.19270833333333334 0.3544921875 0.18359375 0.3818359375 0.18489583333333334
0 0.6923828125 0.3046875 0.7021484375 0.3059895833333333 0.70703125 0.3125 0.7197265625 0.3216145833333333 0.7314453125 0.3229166666666667 0.734375 0.328125 0.734375 0.3359375 0.7646484375 0.3385416666666667 0.7822265625 0.34765625 0.80078125 0.3697916666666667 0.8134765625 0.40234375 0.814453125 0.44140625 0.8076171875 0.46875 0.7958984375 0.4908854166666667 0.7666015625 0.5260416666666666 0.748046875 0.5625 0.7373046875 0.5625 0.68359375 0.5234375 0.671875 0.5182291666666666 0.6533203125 0.5052083333333334 0.642578125 0.4921875 0.62890625 0.4583333333333333 0.626953125 0.4388020833333333 0.62890625 0.4205729166666667 0.6396484375 0.38671875 0.6494140625 0.37109375 0.650390625 0.3645833333333333 0.65625 0.3580729166666667 0.6552734375 0.3489583333333333 0.6572265625 0.3450520833333333 0.671875 0.3333333333333333 0.671875 0.3216145833333333 0.6796875 0.31640625 0.685546875 0.3072916666666667 0.69140625 0.3059895833333333
0 0.2509765625 0 0.3623046875 0 0.3662109375 0.00390625 0.3720703125 0.01953125 0.3857421875 0.0390625 0.3837890625 0.05078125 0.3779296875 0.06380208333333333 0.3740234375 0.09244791666666667 0.375 0.12890625 0.361328125 0.171875 0.3515625 0.17838541666666666 0.3203125 0.19140625 0.30859375 0.19140625 0.2880859375 0.18098958333333334 0.2578125 0.14713541666666666 0.248046875 0.14322916666666666 0.23046875 0.12760416666666666 0.228515625 0.11588541666666667 0.2294921875 0.07421875 0.2333984375 0.0625 0.2392578125 0.024739583333333332 0.244140625 0.009114583333333334 0.2509765625 0.0013020833333333333
0 0.6875 0.5846354166666666 0.70703125 0.5911458333333334 0.7236328125 0.6041666666666666 0.74609375 0.6302083333333334 0.7587890625 0.6549479166666666 0.763671875 0.6705729166666666 0.7666015625 0.7018229166666666 0.76171875 0.7317708333333334 0.755859375 0.7473958333333334 0.755859375 0.7578125 0.7578125 0.7591145833333334 0.767578125 0.75390625 0.78515625 0.7395833333333334 0.798828125 0.7408854166666666 0.8017578125 0.7473958333333334 0.7900390625 0.7942708333333334 0.7900390625 0.8033854166666666 0.7919921875 0.8059895833333334 0.7998046875 0.8072916666666666 0.7958984375 0.82421875 0.7802734375 0.828125 0.77734375 0.8333333333333334 0.7763671875 0.84375 0.7685546875 0.8515625 0.751953125 0.8424479166666666 0.748046875 0.8489583333333334 0.7470703125 0.8619791666666666 0.7451171875 0.86328125 0.720703125 0.859375 0.7119140625 0.8515625 0.7060546875 0.8502604166666666 0.69921875 0.8606770833333334 0.681640625 0.87890625 0.6787109375 0.87890625 0.673828125 0.87109375 0.6708984375 0.85546875 0.6708984375 0.8346354166666666 0.6689453125 0.83203125 0.6357421875 0.828125 0.619140625 0.8216145833333334 0.5947265625 0.8033854166666666 0.5810546875 0.7864583333333334 0.5712890625 0.7721354166666666 0.5625 0.7513020833333334 0.5537109375 0.6966145833333334 0.55859375 0.6692708333333334 0.5673828125 0.64453125 0.5732421875 0.6328125 0.5986328125 0.6028645833333334 0.6064453125 0.6002604166666666 0.619140625 0.5911458333333334 0.640625 0.5846354166666666 0.6865234375 0.5846354166666666
0 0.5283203125 0 0.546875 0.018229166666666668 0.5537109375 0.033854166666666664 0.5703125 0.05078125 0.5908203125 0.08333333333333333 0.6015625 0.1171875 0.6025390625 0.14973958333333334 0.595703125 0.17317708333333334 0.580078125 0.19921875 0.564453125 0.21875 0.5498046875 0.2265625 0.525390625 0.2265625 0.51171875 0.23958333333333334 0.4951171875 0.24609375 0.4658203125 0.24609375 0.4482421875 0.23958333333333334 0.435546875 0.22786458333333334 0.41015625 0.1953125 0.392578125 0.16536458333333334 0.3837890625 0.14453125 0.3779296875 0.1171875 0.3779296875 0.08072916666666667 0.3818359375 0.0625 0.388671875 0.045572916666666664 0.404296875 0.02734375 0.4208984375 0.014322916666666666 0.4423828125 0.009114583333333334 0.4501953125 0.00390625 0.46875 0.0026041666666666665 0.4736328125 0 0.52734375 0