0 0.3333333333333333 0.5104166666666666 0.3628472222222222 0.5169270833333334 0.3819444444444444 0.5299479166666666 0.3871527777777778 0.5377604166666666 0.390625 0.5572916666666666 0.3975694444444444 0.5716145833333334 0.3940972222222222 0.59375 0.3802083333333333 0.6119791666666666 0.3611111111111111 0.6236979166666666 0.3368055555555556 0.6302083333333334 0.3177083333333333 0.6302083333333334 0.2881944444444444 0.62109375 0.2534722222222222 0.6015625 0.24479166666666666 0.5911458333333334 0.24131944444444445 0.58203125 0.24131944444444445 0.5677083333333334 0.24479166666666666 0.5559895833333334 0.2604166666666667 0.53125 0.28125 0.5169270833333334 0.2986111111111111 0.5104166666666666 0.3038194444444444 0.5091145833333334 0.3315972222222222 0.5104166666666666
0 0.6163194444444444 0.3893229166666667 0.6267361111111112 0.3932291666666667 0.6336805555555556 0.3984375 0.6440972222222222 0.4010416666666667 0.6527777777777778 0.4088541666666667 0.6545138888888888 0.4153645833333333 0.6701388888888888 0.4348958333333333 0.6736111111111112 0.4440104166666667 0.6736111111111112 0.4557291666666667 0.6701388888888888 0.4661458333333333 0.6579861111111112 0.4778645833333333 0.6510416666666666 0.49609375 0.6371527777777778 0.5143229166666666 0.6354166666666666 0.5182291666666666 0.6371527777777778 0.53125 0.6145833333333334 0.5416666666666666 0.6059027777777778 0.5416666666666666 0.5954861111111112 0.5377604166666666 0.5763888888888888 0.5364583333333334 0.5486111111111112 0.5377604166666666 0.5295138888888888 0.5338541666666666 0.515625 0.5286458333333334 0.4878472222222222 0.5104166666666666 0.4774305555555556 0.4973958333333333 0.4722222222222222 0.484375 0.4722222222222222 0.46484375 0.4774305555555556 0.4544270833333333 0.4826388888888889 0.43359375 0.4878472222222222 0.4244791666666667 0.5069444444444444 0.4127604166666667 0.5104166666666666 0.4075520833333333 0.5104166666666666 0.40234375 0.5069444444444444 0.3971354166666667 0.5104166666666666 0.39453125 0.5399305555555556 0.3932291666666667 0.5625 0.3880208333333333 0.6145833333333334 0.3893229166666667
0 0.6996527777777778 0.6432291666666666 0.7013888888888888 0.6471354166666666 0.7100694444444444 0.65234375 0.7604166666666666 0.65625 0.7760416666666666 0.6588541666666666 0.7881944444444444 0.6640625 0.8194444444444444 0.6861979166666666 0.8298611111111112 0.69921875 0.8368055555555556 0.71875 0.8385416666666666 0.73046875 0.8333333333333334 0.7578125 0.8159722222222222 0.7799479166666666 0.78125 0.8033854166666666 0.7569444444444444 0.8111979166666666 0.7309027777777778 0.8151041666666666 0.6909722222222222 0.8138020833333334 0.6597222222222222 0.8033854166666666 0.6388888888888888 0.7890625 0.6267361111111112 0.7721354166666666 0.6163194444444444 0.7513020833333334 0.6111111111111112 0.7265625 0.6041666666666666 0.7239583333333334 0.5972222222222222 0.73046875 0.5920138888888888 0.7317708333333334 0.5885416666666666 0.73046875 0.5885416666666666 0.7252604166666666 0.5954861111111112 0.7174479166666666 0.5954861111111112 0.703125 0.5902777777777778 0.6861979166666666 0.5920138888888888 0.6809895833333334 0.6041666666666666 0.67578125 0.6319444444444444 0.671875 0.6475694444444444 0.6627604166666666 0.6666666666666666 0.6627604166666666 0.671875 0.65625 0.6909722222222222 0.6419270833333334 0.6979166666666666 0.6432291666666666
0 0.9513888888888888 0.5872395833333334 0.9670138888888888 0.5950520833333334 0.9982638888888888 0.6015625 0.9982638888888888 0.7513020833333334 0.9913194444444444 0.75390625 0.9583333333333334 0.7513020833333334 0.9322916666666666 0.74609375 0.9166666666666666 0.7421875 0.8923611111111112 0.7317708333333334 0.8663194444444444 0.7122395833333334 0.8541666666666666 0.6979166666666666 0.8489583333333334 0.6875 0.8454861111111112 0.6614583333333334 0.8506944444444444 0.6471354166666666 0.859375 0.63671875 0.8732638888888888 0.6302083333333334 0.8854166666666666 0.6171875 0.8940972222222222 0.6119791666666666 0.90625 0.5963541666666666 0.9184027777777778 0.5872395833333334 0.921875 0.5859375 0.9496527777777778 0.5872395833333334
0 0.5260416666666666 0.796875 0.5434027777777778 0.80078125 0.5590277777777778 0.8072916666666666 0.5694444444444444 0.8125 0.5885416666666666 0.828125 0.6006944444444444 0.8411458333333334 0.6059027777777778 0.8502604166666666 0.6145833333333334 0.8815104166666666 0.6076388888888888 0.890625 0.6041666666666666 0.91015625 0.5972222222222222 0.9283854166666666 0.5833333333333334 0.9479166666666666 0.5711805555555556 0.9596354166666666 0.5555555555555556 0.9700520833333334 0.5364583333333334 0.9765625 0.5190972222222222 0.9791666666666666 0.4982638888888889 0.9778645833333334 0.4704861111111111 0.96875 0.4340277777777778 0.94140625 0.4236111111111111 0.9270833333333334 0.4166666666666667 0.9075520833333334 0.4114583333333333 0.88671875 0.4114583333333333 0.8658854166666666 0.4288194444444444 0.8307291666666666 0.4479166666666667 0.8138020833333334 0.4878472222222222 0.7981770833333334 0.5243055555555556 0.796875
0 0.2170138888888889 0.6536458333333334 0.24479166666666666 0.6614583333333334 0.2673611111111111 0.6614583333333334 0.2795138888888889 0.6640625 0.328125 0.68359375 0.3524305555555556 0.7005208333333334 0.3628472222222222 0.7135416666666666 0.3715277777777778 0.7291666666666666 0.3767361111111111 0.7473958333333334 0.3767361111111111 0.765625 0.3732638888888889 0.77734375 0.3541666666666667 0.8059895833333334 0.3246527777777778 0.828125 0.3072916666666667 0.8346354166666666 0.2986111111111111 0.8411458333333334 0.2934027777777778 0.8515625 0.2899305555555556 0.8515625 0.28125 0.8450520833333334 0.2760416666666667 0.8450520833333334 0.24479166666666666 0.8528645833333334 0.2013888888888889 0.8541666666666666 0.19270833333333334 0.8502604166666666 0.1701388888888889 0.8463541666666666 0.1423611111111111 0.8372395833333334 0.13368055555555555 0.8307291666666666 0.1076388888888889 0.8177083333333334 0.09722222222222222 0.80859375 0.08680555555555555 0.79296875 0.08333333333333333 0.7825520833333334 0.08854166666666667 0.75390625 0.09895833333333333 0.7330729166666666 0.12152777777777778 0.7044270833333334 0.13020833333333334 0.6966145833333334 0.13368055555555555 0.6888020833333334 0.1545138888888889 0.6770833333333334 0.16319444444444445 0.6770833333333334 0.21006944444444445 0.6640625 0.2152777777777778 0.66015625 0.2170138888888889 0.6549479166666666
0 0.8194444444444444 0.4388020833333333 0.8506944444444444 0.4453125 0.875 0.4557291666666667 0.9079861111111112 0.484375 0.9131944444444444 0.4908854166666667 0.9184027777777778 0.5052083333333334 0.921875 0.5234375 0.921875 0.5455729166666666 0.9184027777777778 0.5638020833333334 0.9114583333333334 0.5807291666666666 0.8854166666666666 0.5989583333333334 0.8836805555555556 0.609375 0.8680555555555556 0.625 0.8298611111111112 0.64453125 0.7934027777777778 0.6510416666666666 0.75 0.6510416666666666 0.7204861111111112 0.6471354166666666 0.6944444444444444 0.6354166666666666 0.6649305555555556 0.6158854166666666 0.6493055555555556 0.5924479166666666 0.6493055555555556 0.56640625 0.6458333333333334 0.5572916666666666 0.6458333333333334 0.5130208333333334 0.6701388888888888 0.4765625 0.7065972222222222 0.44921875 0.7326388888888888 0.44140625 0.7430555555555556 0.44140625 0.7482638888888888 0.4388020833333333 0.7708333333333334 0.4361979166666667 0.7934027777777778 0.4361979166666667 0.8177083333333334 0.4388020833333333
0 0.4184027777777778 0.33984375 0.4409722222222222 0.3489583333333333 0.4670138888888889 0.37109375 0.484375 0.3958333333333333 0.4861111111111111 0.4010416666666667 0.484375 0.41796875 0.4791666666666667 0.4244791666666667 0.46875 0.4583333333333333 0.453125 0.4765625 0.4322916666666667 0.4921875 0.421875 0.4973958333333333 0.3993055555555556 0.5052083333333334 0.3680555555555556 0.51171875 0.3541666666666667 0.51171875 0.3315972222222222 0.5065104166666666 0.3090277777777778 0.50390625 0.2986111111111111 0.5052083333333334 0.2951388888888889 0.50390625 0.2829861111111111 0.4830729166666667 0.2777777777777778 0.4791666666666667 0.265625 0.4817708333333333 0.2604166666666667 0.48046875 0.2586805555555556 0.4674479166666667 0.2604166666666667 0.4544270833333333 0.2482638888888889 0.4322916666666667 0.2482638888888889 0.421875 0.2638888888888889 0.4088541666666667 0.2725694444444444 0.3971354166666667 0.2881944444444444 0.3932291666666667 0.3055555555555556 0.37890625 0.3229166666666667 0.3697916666666667 0.328125 0.3606770833333333 0.3402777777777778 0.3502604166666667 0.3454861111111111 0.3424479166666667 0.3645833333333333 0.3385416666666667 0.4166666666666667 0.33984375
0 0.7795138888888888 0.3307291666666667 0.7899305555555556 0.3359375 0.8055555555555556 0.3385416666666667 0.8246527777777778 0.34765625 0.8472222222222222 0.3619791666666667 0.8611111111111112 0.38671875 0.859375 0.41015625 0.8524305555555556 0.4205729166666667 0.8315972222222222 0.4348958333333333 0.8177083333333334 0.4361979166666667 0.8020833333333334 0.43359375 0.7621527777777778 0.43359375 0.7222222222222222 0.44140625 0.7048611111111112 0.4401041666666667 0.6840277777777778 0.41796875 0.6805555555555556 0.3958333333333333 0.6840277777777778 0.3776041666666667 0.6909722222222222 0.3684895833333333 0.7222222222222222 0.3489583333333333 0.7378472222222222 0.3463541666666667 0.7534722222222222 0.3307291666666667 0.7569444444444444 0.3294270833333333 0.7777777777777778 0.3307291666666667
0 0.9982638888888888 0.4791666666666667 0.9982638888888888 0.5494791666666666 0.9895833333333334 0.5494791666666666 0.9809027777777778 0.5520833333333334 0.9444444444444444 0.55078125 0.9357638888888888 0.5481770833333334 0.9288194444444444 0.54296875 0.9236111111111112 0.5065104166666666 0.9149305555555556 0.4869791666666667 0.9166666666666666 0.4830729166666667 0.9340277777777778 0.4765625 0.9444444444444444 0.4752604166666667 0.9774305555555556 0.4752604166666667 0.9965277777777778 0.4791666666666667
0 0.5121527777777778 0.58984375 0.5451388888888888 0.6015625 0.5694444444444444 0.6197916666666666 0.5850694444444444 0.6419270833333334 0.5902777777777778 0.6692708333333334 0.5833333333333334 0.6861979166666666 0.5815972222222222 0.6979166666666666 0.5729166666666666 0.7096354166666666 0.5555555555555556 0.7252604166666666 0.546875 0.7317708333333334 0.53125 0.73828125 0.5034722222222222 0.7421875 0.484375 0.7408854166666666 0.4513888888888889 0.734375 0.4079861111111111 0.703125 0.3993055555555556 0.6927083333333334 0.3923611111111111 0.6770833333333334 0.390625 0.65625 0.3940972222222222 0.6419270833333334 0.4045138888888889 0.6223958333333334 0.4149305555555556 0.6119791666666666 0.4375 0.59765625 0.4461805555555556 0.59375 0.4722222222222222 0.5885416666666666 0.5104166666666666 0.58984375
0 0.6059027777777778 0.21614583333333334 0.6215277777777778 0.22786458333333334 0.6302083333333334 0.2421875 0.6440972222222222 0.24739583333333334 0.6545138888888888 0.2591145833333333 0.6684027777777778 0.2799479166666667 0.6684027777777778 0.2942708333333333 0.6579861111111112 0.3190104166666667 0.6440972222222222 0.3359375 0.6232638888888888 0.3489583333333333 0.5920138888888888 0.35546875 0.5694444444444444 0.35546875 0.5572916666666666 0.3528645833333333 0.5416666666666666 0.3463541666666667 0.5295138888888888 0.3372395833333333 0.5138888888888888 0.3177083333333333 0.5086805555555556 0.3072916666666667 0.5069444444444444 0.2786458333333333 0.5138888888888888 0.2630208333333333 0.53125 0.24739583333333334 0.5503472222222222 0.23697916666666666 0.5659722222222222 0.23177083333333334 0.5833333333333334 0.21875 0.59375 0.21484375 0.6041666666666666 0.21614583333333334