0 0.5732421875 0.21484375 0.5908203125 0.22395833333333334 0.595703125 0.23046875 0.568359375 0.2513020833333333 0.544921875 0.2799479166666667 0.5361328125 0.3059895833333333 0.5322265625 0.3346354166666667 0.5263671875 0.3411458333333333 0.5 0.3294270833333333 0.4951171875 0.32421875 0.4951171875 0.3216145833333333 0.50390625 0.3098958333333333 0.5234375 0.2955729166666667 0.529296875 0.2864583333333333 0.5322265625 0.26171875 0.5419921875 0.23958333333333334 0.5439453125 0.21223958333333334 0.5458984375 0.20963541666666666 0.5625 0.20963541666666666 0.572265625 0.21484375
0 0.73046875 0.4270833333333333 0.7373046875 0.4309895833333333 0.75 0.4309895833333333 0.7548828125 0.43359375 0.76171875 0.44921875 0.7763671875 0.4700520833333333 0.787109375 0.4973958333333333 0.7900390625 0.5130208333333334 0.791015625 0.5364583333333334 0.7890625 0.5533854166666666 0.7841796875 0.5716145833333334 0.7744140625 0.5963541666666666 0.7626953125 0.6158854166666666 0.763671875 0.6263020833333334 0.748046875 0.6302083333333334 0.7353515625 0.6419270833333334 0.716796875 0.6484375 0.6748046875 0.6484375 0.6611328125 0.6432291666666666 0.6494140625 0.6328125 0.6455078125 0.5872395833333334 0.634765625 0.5455729166666666 0.6181640625 0.51171875 0.619140625 0.4973958333333333 0.615234375 0.484375 0.619140625 0.4739583333333333 0.654296875 0.4427083333333333 0.6650390625 0.4375 0.6787109375 0.4388020833333333 0.69921875 0.4361979166666667 0.716796875 0.4283854166666667 0.7294921875 0.4270833333333333
0 0.5029296875 0.33203125 0.513671875 0.3372395833333333 0.5283203125 0.3489583333333333 0.5302734375 0.3893229166666667 0.5390625 0.41796875 0.5390625 0.4348958333333333 0.5322265625 0.4596354166666667 0.5126953125 0.4661458333333333 0.486328125 0.46484375 0.482421875 0.4622395833333333 0.4833984375 0.4557291666666667 0.4951171875 0.4283854166666667 0.4970703125 0.3854166666666667 0.4931640625 0.3671875 0.48046875 0.3411458333333333 0.48046875 0.3359375 0.48828125 0.3307291666666667 0.501953125 0.33203125
0 0.412109375 0.2890625 0.46484375 0.3268229166666667 0.4814453125 0.3450520833333333 0.48828125 0.3580729166666667 0.494140625 0.3776041666666667 0.4951171875 0.4088541666666667 0.4931640625 0.4296875 0.478515625 0.4609375 0.4599609375 0.4713541666666667 0.421875 0.5013020833333334 0.39453125 0.51171875 0.3623046875 0.5026041666666666 0.3232421875 0.4609375 0.3134765625 0.44140625 0.3095703125 0.42578125 0.30859375 0.3854166666666667 0.3134765625 0.3684895833333333 0.32421875 0.34765625 0.3515625 0.3203125 0.3798828125 0.3020833333333333 0.39453125 0.2890625 0.4111328125 0.2890625
0 0.8525390625 0.41015625 0.869140625 0.4231770833333333 0.884765625 0.44140625 0.8984375 0.4713541666666667 0.9111328125 0.4869791666666667 0.912109375 0.49609375 0.908203125 0.5104166666666666 0.8984375 0.5065104166666666 0.89453125 0.5104166666666666 0.8876953125 0.5364583333333334 0.8681640625 0.5638020833333334 0.8603515625 0.5690104166666666 0.8466796875 0.5716145833333334 0.8203125 0.5703125 0.7958984375 0.5390625 0.791015625 0.5013020833333334 0.7880859375 0.4895833333333333 0.7783203125 0.4674479166666667 0.7783203125 0.4596354166666667 0.787109375 0.4388020833333333 0.806640625 0.4153645833333333 0.8173828125 0.41015625 0.8310546875 0.4075520833333333 0.8515625 0.41015625
0 0.3251953125 0.4674479166666667 0.3310546875 0.4765625 0.345703125 0.4895833333333333 0.357421875 0.5052083333333334 0.359375 0.5143229166666666 0.35546875 0.5299479166666666 0.3388671875 0.5638020833333334 0.326171875 0.5807291666666666 0.3056640625 0.5950520833333334 0.28125 0.59765625 0.263671875 0.59765625 0.240234375 0.5885416666666666 0.220703125 0.5703125 0.1982421875 0.5364583333333334 0.193359375 0.5221354166666666 0.189453125 0.5013020833333334 0.189453125 0.4908854166666667 0.1923828125 0.46484375 0.2021484375 0.4322916666666667 0.2138671875 0.4114583333333333 0.2265625 0.40234375 0.251953125 0.390625 0.263671875 0.38671875 0.30078125 0.3880208333333333 0.3056640625 0.3932291666666667 0.306640625 0.4270833333333333 0.3095703125 0.4401041666666667 0.32421875 0.4674479166666667
0 0.388671875 0.171875 0.390625 0.17447916666666666 0.390625 0.22786458333333334 0.388671875 0.234375 0.388671875 0.2552083333333333 0.3916015625 0.27734375 0.39453125 0.2825520833333333 0.3935546875 0.28515625 0.376953125 0.30078125 0.3505859375 0.3177083333333333 0.337890625 0.33203125 0.326171875 0.3411458333333333 0.306640625 0.3736979166666667 0.298828125 0.359375 0.2958984375 0.3307291666666667 0.296875 0.3046875 0.3017578125 0.2890625 0.31640625 0.2669270833333333 0.3271484375 0.2604166666666667 0.3310546875 0.2552083333333333 0.3330078125 0.24348958333333334 0.3408203125 0.23177083333333334 0.3466796875 0.21744791666666666 0.35546875 0.20833333333333334 0.3583984375 0.19921875 0.3701171875 0.1875 0.376953125 0.17708333333333334 0.3876953125 0.171875
0 0.62890625 0.2265625 0.63671875 0.22916666666666666 0.650390625 0.23958333333333334 0.6767578125 0.2734375 0.6787109375 0.2825520833333333 0.68359375 0.2903645833333333 0.6845703125 0.3046875 0.6875 0.3151041666666667 0.6865234375 0.3268229166666667 0.6904296875 0.3424479166666667 0.7021484375 0.375 0.7138671875 0.3932291666666667 0.720703125 0.4127604166666667 0.720703125 0.4192708333333333 0.7060546875 0.4296875 0.6630859375 0.4322916666666667 0.650390625 0.4388020833333333 0.63671875 0.4505208333333333 0.626953125 0.4544270833333333 0.5859375 0.4505208333333333 0.5693359375 0.4453125 0.556640625 0.4361979166666667 0.54296875 0.4192708333333333 0.5361328125 0.4010416666666667 0.5322265625 0.37890625 0.5322265625 0.3580729166666667 0.5390625 0.3059895833333333 0.5458984375 0.2838541666666667 0.552734375 0.2721354166666667 0.5693359375 0.2526041666666667 0.58984375 0.23697916666666666 0.61328125 0.2265625 0.6279296875 0.2265625
0 0.556640625 0.4505208333333333 0.580078125 0.46875 0.5947265625 0.4830729166666667 0.60546875 0.4973958333333333 0.6298828125 0.5416666666666666 0.6416015625 0.5833333333333334 0.64453125 0.6380208333333334 0.640625 0.66796875 0.6318359375 0.69921875 0.6171875 0.7291666666666666 0.6083984375 0.7421875 0.59375 0.7591145833333334 0.560546875 0.7799479166666666 0.537109375 0.7864583333333334 0.5068359375 0.78515625 0.490234375 0.78125 0.48046875 0.79296875 0.47265625 0.7955729166666666 0.47265625 0.7760416666666666 0.470703125 0.7734375 0.4580078125 0.7682291666666666 0.443359375 0.7578125 0.4306640625 0.7447916666666666 0.408203125 0.7122395833333334 0.3955078125 0.6796875 0.3896484375 0.6536458333333334 0.38671875 0.609375 0.3935546875 0.5807291666666666 0.3935546875 0.5703125 0.40234375 0.5403645833333334 0.4111328125 0.5247395833333334 0.4150390625 0.51171875 0.4296875 0.50390625 0.4453125 0.48828125 0.470703125 0.4700520833333333 0.4794921875 0.4674479166666667 0.48828125 0.4700520833333333 0.513671875 0.4700520833333333 0.51953125 0.4674479166666667 0.533203125 0.46875 0.5556640625 0.4518229166666667
0 0.41796875 0.10546875 0.4248046875 0.11848958333333333 0.431640625 0.11588541666666667 0.44921875 0.11588541666666667 0.4697265625 0.12109375 0.48046875 0.12109375 0.4912109375 0.13151041666666666 0.5068359375 0.13932291666666666 0.5224609375 0.15494791666666666 0.529296875 0.1640625 0.5390625 0.18619791666666666 0.541015625 0.20182291666666666 0.5400390625 0.23958333333333334 0.5302734375 0.2643229166666667 0.5302734375 0.2760416666666667 0.52734375 0.2864583333333333 0.5224609375 0.29296875 0.5107421875 0.2994791666666667 0.4990234375 0.3111979166666667 0.4853515625 0.31640625 0.4755859375 0.32421875 0.46875 0.32421875 0.458984375 0.3190104166666667 0.4169921875 0.2877604166666667 0.400390625 0.2838541666666667 0.392578125 0.2708333333333333 0.390625 0.23567708333333334 0.392578125 0.20572916666666666 0.3955078125 0.19140625 0.3935546875 0.1875 0.3935546875 0.17057291666666666 0.4033203125 0.12239583333333333 0.400390625 0.10807291666666667 0.4091796875 0.11197916666666667 0.4140625 0.10546875 0.4169921875 0.10546875
0 0.56640625 0.2109375 0.5869140625 0.22135416666666666 0.5927734375 0.22526041666666666 0.595703125 0.23046875 0.5703125 0.25 0.5400390625 0.2838541666666667 0.533203125 0.2786458333333333 0.53125 0.2682291666666667 0.5419921875 0.23828125 0.5439453125 0.21223958333333334 0.5458984375 0.20963541666666666 0.5654296875 0.2109375
0 0.669921875 0.2604166666666667 0.677734375 0.2604166666666667 0.69921875 0.2734375 0.716796875 0.2890625 0.73828125 0.31640625 0.748046875 0.3333333333333333 0.75390625 0.3502604166666667 0.76171875 0.359375 0.7646484375 0.390625 0.76171875 0.4192708333333333 0.7578125 0.42578125 0.736328125 0.4270833333333333 0.7255859375 0.421875 0.716796875 0.3932291666666667 0.7138671875 0.38671875 0.7041015625 0.3763020833333333 0.6953125 0.3528645833333333 0.6875 0.3216145833333333 0.68359375 0.2890625 0.6787109375 0.28125 0.6787109375 0.2747395833333333 0.669921875 0.26171875