0 0.755859375 0.68359375 0.783203125 0.6953125 0.8037109375 0.7213541666666666 0.8134765625 0.7526041666666666 0.814453125 0.765625 0.8125 0.7890625 0.8154296875 0.7942708333333334 0.8212890625 0.7981770833333334 0.8232421875 0.8072916666666666 0.818359375 0.8255208333333334 0.802734375 0.8268229166666666 0.7822265625 0.8346354166666666 0.751953125 0.8359375 0.736328125 0.8346354166666666 0.7265625 0.8268229166666666 0.7158203125 0.82421875 0.6982421875 0.80859375 0.6884765625 0.78125 0.6875 0.7473958333333334 0.6982421875 0.71484375 0.7099609375 0.6953125 0.7197265625 0.6888020833333334 0.734375 0.68359375 0.7548828125 0.68359375
0 0.6103515625 0.7044270833333334 0.634765625 0.7109375 0.6435546875 0.71484375 0.654296875 0.7239583333333334 0.6689453125 0.74609375 0.6796875 0.7786458333333334 0.6806640625 0.8138020833333334 0.6787109375 0.84375 0.6572265625 0.87890625 0.6376953125 0.8893229166666666 0.6064453125 0.8880208333333334 0.591796875 0.8736979166666666 0.5712890625 0.8463541666666666 0.5625 0.8216145833333334 0.5615234375 0.8098958333333334 0.5556640625 0.7942708333333334 0.5546875 0.7786458333333334 0.560546875 0.75 0.5712890625 0.73828125 0.5849609375 0.7291666666666666 0.5966796875 0.7122395833333334 0.609375 0.7044270833333334
0 0.203125 0.4036458333333333 0.2158203125 0.4140625 0.244140625 0.4453125 0.251953125 0.4700520833333333 0.2666015625 0.4869791666666667 0.271484375 0.4986979166666667 0.310546875 0.5130208333333334 0.322265625 0.5143229166666666 0.3349609375 0.5234375 0.3486328125 0.5182291666666666 0.3515625 0.5221354166666666 0.3525390625 0.5286458333333334 0.3583984375 0.5364583333333334 0.359375 0.5455729166666666 0.376953125 0.578125 0.384765625 0.5885416666666666 0.3876953125 0.6067708333333334 0.3876953125 0.6223958333333334 0.3779296875 0.6653645833333334 0.3671875 0.6731770833333334 0.3525390625 0.69140625 0.333984375 0.7005208333333334 0.3125 0.6979166666666666 0.2890625 0.6888020833333334 0.275390625 0.6796875 0.265625 0.6783854166666666 0.251953125 0.6653645833333334 0.2314453125 0.6536458333333334 0.2265625 0.6458333333333334 0.224609375 0.63671875 0.2099609375 0.6041666666666666 0.2109375 0.5690104166666666 0.2197265625 0.53515625 0.2021484375 0.5260416666666666 0.1875 0.5143229166666666 0.154296875 0.4947916666666667 0.1513671875 0.4908854166666667 0.1513671875 0.4856770833333333 0.15625 0.4752604166666667 0.15625 0.46875 0.1513671875 0.4609375 0.138671875 0.453125 0.1376953125 0.44140625 0.1298828125 0.4375 0.1298828125 0.4309895833333333 0.1435546875 0.4166666666666667 0.166015625 0.4036458333333333 0.2021484375 0.4036458333333333
0 0.4248046875 0.33984375 0.4375 0.3502604166666667 0.4423828125 0.3528645833333333 0.4521484375 0.3528645833333333 0.46484375 0.3645833333333333 0.4765625 0.3684895833333333 0.4912109375 0.390625 0.49609375 0.4049479166666667 0.498046875 0.4205729166666667 0.4970703125 0.4544270833333333 0.4921875 0.4752604166666667 0.4853515625 0.4908854166666667 0.46484375 0.5182291666666666 0.4560546875 0.5234375 0.435546875 0.5286458333333334 0.4169921875 0.5260416666666666 0.3974609375 0.5143229166666666 0.3857421875 0.5026041666666666 0.375 0.4869791666666667 0.369140625 0.4739583333333333 0.3642578125 0.44140625 0.365234375 0.4088541666666667 0.3681640625 0.3958333333333333 0.37890625 0.37109375 0.396484375 0.3489583333333333 0.4052734375 0.34375 0.423828125 0.33984375
0 0.66796875 0.30859375 0.6943359375 0.3190104166666667 0.697265625 0.3190104166666667 0.7021484375 0.3138020833333333 0.70703125 0.3138020833333333 0.7099609375 0.3177083333333333 0.7109375 0.3268229166666667 0.708984375 0.3359375 0.7119140625 0.34375 0.7138671875 0.3463541666666667 0.736328125 0.3463541666666667 0.740234375 0.3489583333333333 0.74609375 0.3763020833333333 0.7421875 0.3828125 0.732421875 0.3828125 0.728515625 0.3854166666666667 0.7294921875 0.3971354166666667 0.736328125 0.4127604166666667 0.736328125 0.421875 0.73046875 0.45703125 0.724609375 0.4739583333333333 0.720703125 0.5026041666666666 0.703125 0.5247395833333334 0.6884765625 0.5364583333333334 0.642578125 0.5559895833333334 0.6044921875 0.5559895833333334 0.5703125 0.5286458333333334 0.556640625 0.50390625 0.5478515625 0.4765625 0.5439453125 0.45703125 0.54296875 0.4140625 0.5498046875 0.3828125 0.5576171875 0.3658854166666667 0.5712890625 0.3463541666666667 0.58984375 0.3268229166666667 0.603515625 0.3203125 0.63671875 0.3229166666666667 0.6669921875 0.30859375
0 0.302734375 0.17447916666666666 0.3115234375 0.18229166666666666 0.3291015625 0.21875 0.3525390625 0.2526041666666667 0.3681640625 0.2916666666666667 0.37109375 0.3111979166666667 0.37109375 0.3411458333333333 0.3671875 0.3541666666666667 0.341796875 0.38671875 0.330078125 0.3958333333333333 0.314453125 0.421875 0.3037109375 0.4283854166666667 0.283203125 0.42578125 0.267578125 0.4088541666666667 0.265625 0.390625 0.2451171875 0.3697916666666667 0.2265625 0.33984375 0.2216796875 0.3151041666666667 0.2236328125 0.2916666666666667 0.2333984375 0.2643229166666667 0.248046875 0.24348958333333334 0.2861328125 0.203125 0.28515625 0.19010416666666666 0.2900390625 0.17708333333333334 0.3017578125 0.17447916666666666
0 0.470703125 0.7174479166666666 0.48828125 0.7330729166666666 0.509765625 0.7473958333333334 0.5146484375 0.7565104166666666 0.517578125 0.7708333333333334 0.517578125 0.8229166666666666 0.5078125 0.8515625 0.4873046875 0.8723958333333334 0.4765625 0.87890625 0.451171875 0.8763020833333334 0.4296875 0.8658854166666666 0.419921875 0.85546875 0.4033203125 0.8268229166666666 0.3984375 0.8125 0.400390625 0.7708333333333334 0.4052734375 0.7578125 0.416015625 0.7408854166666666 0.421875 0.7330729166666666 0.4326171875 0.7252604166666666 0.4609375 0.7174479166666666 0.4697265625 0.7174479166666666
0 0.5400390625 0.5026041666666666 0.5537109375 0.5078125 0.56640625 0.5299479166666666 0.59765625 0.55859375 0.5986328125 0.5625 0.6123046875 0.5794270833333334 0.6181640625 0.5963541666666666 0.6201171875 0.609375 0.619140625 0.6497395833333334 0.6123046875 0.6770833333333334 0.6044921875 0.6966145833333334 0.578125 0.73046875 0.564453125 0.7395833333333334 0.5400390625 0.7434895833333334 0.517578125 0.7421875 0.50390625 0.73828125 0.48046875 0.7200520833333334 0.4716796875 0.7057291666666666 0.4638671875 0.6861979166666666 0.4443359375 0.6640625 0.439453125 0.640625 0.439453125 0.6145833333333334 0.443359375 0.5846354166666666 0.44921875 0.5677083333333334 0.46484375 0.5403645833333334 0.482421875 0.5208333333333334 0.4990234375 0.5091145833333334 0.5185546875 0.5026041666666666 0.5390625 0.5026041666666666
0 0.4521484375 0.11848958333333333 0.462890625 0.1171875 0.4794921875 0.12239583333333333 0.4892578125 0.13020833333333334 0.494140625 0.13151041666666666 0.4990234375 0.12890625 0.4990234375 0.13411458333333334 0.5048828125 0.13932291666666666 0.5087890625 0.13932291666666666 0.51171875 0.13411458333333334 0.51953125 0.14973958333333334 0.5380859375 0.171875 0.548828125 0.1953125 0.5537109375 0.2109375 0.5537109375 0.22526041666666666 0.55859375 0.25390625 0.5576171875 0.2747395833333333 0.5546875 0.2890625 0.541015625 0.3177083333333333 0.525390625 0.3346354166666667 0.501953125 0.3463541666666667 0.478515625 0.3463541666666667 0.462890625 0.3541666666666667 0.44921875 0.3424479166666667 0.4423828125 0.33984375 0.4384765625 0.3411458333333333 0.4140625 0.3151041666666667 0.40625 0.2994791666666667 0.4013671875 0.2708333333333333 0.396484375 0.2552083333333333 0.396484375 0.21354166666666666 0.3984375 0.203125 0.40625 0.18098958333333334 0.419921875 0.15625 0.4384765625 0.13932291666666666 0.4521484375 0.13411458333333334 0.4560546875 0.13020833333333334 0.4521484375 0.11979166666666667
0 0.6337890625 0.10546875 0.6494140625 0.11067708333333333 0.6611328125 0.11848958333333333 0.681640625 0.13932291666666666 0.689453125 0.14973958333333334 0.6923828125 0.15755208333333334 0.697265625 0.19010416666666666 0.6962890625 0.23697916666666666 0.693359375 0.2526041666666667 0.6865234375 0.26953125 0.6787109375 0.2838541666666667 0.658203125 0.3072916666666667 0.6513671875 0.3125 0.63671875 0.3177083333333333 0.6171875 0.3177083333333333 0.609375 0.3151041666666667 0.591796875 0.3033854166666667 0.5810546875 0.29296875 0.5673828125 0.2682291666666667 0.5634765625 0.2552083333333333 0.55859375 0.23307291666666666 0.556640625 0.20963541666666666 0.55859375 0.17708333333333334 0.564453125 0.15755208333333334 0.572265625 0.14192708333333334 0.5849609375 0.125 0.5927734375 0.11979166666666667 0.6162109375 0.10677083333333333 0.6328125 0.10546875
0 0.7275390625 0.5065104166666666 0.7568359375 0.515625 0.7685546875 0.5234375 0.7802734375 0.5403645833333334 0.7890625 0.55859375 0.79296875 0.5729166666666666 0.79296875 0.5872395833333334 0.78125 0.6119791666666666 0.779296875 0.6263020833333334 0.7802734375 0.6354166666666666 0.775390625 0.6497395833333334 0.7724609375 0.6536458333333334 0.7607421875 0.6497395833333334 0.751953125 0.6575520833333334 0.7392578125 0.66015625 0.7109375 0.6575520833333334 0.6953125 0.6510416666666666 0.6796875 0.63671875 0.6708984375 0.6236979166666666 0.6650390625 0.6080729166666666 0.6591796875 0.5703125 0.66015625 0.5572916666666666 0.6640625 0.55078125 0.6787109375 0.5455729166666666 0.697265625 0.5338541666666666 0.716796875 0.51171875 0.7265625 0.5065104166666666