0 0.2708333333333333 0.3177083333333333 0.2934027777777778 0.31640625 0.3177083333333333 0.32421875 0.3576388888888889 0.3268229166666667 0.3802083333333333 0.3333333333333333 0.3958333333333333 0.3411458333333333 0.4045138888888889 0.3489583333333333 0.4149305555555556 0.3619791666666667 0.4201388888888889 0.3763020833333333 0.4201388888888889 0.38671875 0.4149305555555556 0.40234375 0.3975694444444444 0.4192708333333333 0.3767361111111111 0.43359375 0.3611111111111111 0.4505208333333333 0.3541666666666667 0.4544270833333333 0.3368055555555556 0.453125 0.3020833333333333 0.4440104166666667 0.2847222222222222 0.4427083333333333 0.2621527777777778 0.4348958333333333 0.2534722222222222 0.4296875 0.2361111111111111 0.4127604166666667 0.22916666666666666 0.4010416666666667 0.22743055555555555 0.3841145833333333 0.22916666666666666 0.3763020833333333 0.2465277777777778 0.35546875 0.24479166666666666 0.34765625 0.2534722222222222 0.33984375 0.2725694444444444 0.3346354166666667 0.2743055555555556 0.3268229166666667 0.2708333333333333 0.3190104166666667
0 0.5659722222222222 0.24609375 0.5746527777777778 0.24869791666666666 0.5885416666666666 0.24869791666666666 0.6006944444444444 0.24479166666666666 0.6076388888888888 0.25 0.6302083333333334 0.2565104166666667 0.6545138888888888 0.2669270833333333 0.6822916666666666 0.29296875 0.6892361111111112 0.3072916666666667 0.6909722222222222 0.3294270833333333 0.6840277777777778 0.3515625 0.6597222222222222 0.3880208333333333 0.6458333333333334 0.3984375 0.6371527777777778 0.4010416666666667 0.6284722222222222 0.4075520833333333 0.6128472222222222 0.4127604166666667 0.5972222222222222 0.421875 0.5607638888888888 0.4309895833333333 0.5295138888888888 0.4296875 0.4982638888888889 0.41796875 0.4861111111111111 0.4166666666666667 0.46875 0.4114583333333333 0.4583333333333333 0.4036458333333333 0.4375 0.3802083333333333 0.4357638888888889 0.35546875 0.4409722222222222 0.3385416666666667 0.4513888888888889 0.328125 0.4652777777777778 0.30859375 0.4895833333333333 0.2877604166666667 0.5 0.2747395833333333 0.5138888888888888 0.2643229166666667 0.5277777777777778 0.2604166666666667 0.5381944444444444 0.25390625 0.5590277777777778 0.24609375 0.5642361111111112 0.24609375
0 0.6649305555555556 0.4140625 0.6822916666666666 0.41796875 0.6909722222222222 0.42578125 0.6961805555555556 0.44140625 0.6961805555555556 0.4674479166666667 0.6909722222222222 0.4713541666666667 0.6649305555555556 0.48046875 0.6510416666666666 0.4817708333333333 0.6302083333333334 0.48828125 0.6128472222222222 0.5 0.5989583333333334 0.4986979166666667 0.5763888888888888 0.4908854166666667 0.5659722222222222 0.4817708333333333 0.5607638888888888 0.4661458333333333 0.5625 0.4388020833333333 0.5659722222222222 0.4348958333333333 0.5798611111111112 0.4283854166666667 0.6006944444444444 0.4231770833333333 0.6111111111111112 0.4166666666666667 0.6493055555555556 0.4010416666666667 0.6545138888888888 0.4036458333333333 0.6631944444444444 0.4140625
0 0.5625 0.5520833333333334 0.5763888888888888 0.5546875 0.6024305555555556 0.56640625 0.625 0.58984375 0.6319444444444444 0.62890625 0.6284722222222222 0.6588541666666666 0.6145833333333334 0.68359375 0.6024305555555556 0.6940104166666666 0.5607638888888888 0.7096354166666666 0.5295138888888888 0.71484375 0.5121527777777778 0.7135416666666666 0.4930555555555556 0.70703125 0.4479166666666667 0.66796875 0.4427083333333333 0.6549479166666666 0.4322916666666667 0.6458333333333334 0.4322916666666667 0.6158854166666666 0.4409722222222222 0.5963541666666666 0.4513888888888889 0.58203125 0.4652777777777778 0.5716145833333334 0.4895833333333333 0.55859375 0.5208333333333334 0.5494791666666666 0.5434027777777778 0.5494791666666666 0.5607638888888888 0.5520833333333334
0 0.3663194444444444 0.20052083333333334 0.3784722222222222 0.20182291666666666 0.4149305555555556 0.2109375 0.4392361111111111 0.2265625 0.4565972222222222 0.24088541666666666 0.4548611111111111 0.2526041666666667 0.4583333333333333 0.27734375 0.453125 0.296875 0.4427083333333333 0.3111979166666667 0.4236111111111111 0.32421875 0.3958333333333333 0.3346354166666667 0.3854166666666667 0.3333333333333333 0.375 0.328125 0.3576388888888889 0.32421875 0.3246527777777778 0.3216145833333333 0.3003472222222222 0.3151041666666667 0.2916666666666667 0.3098958333333333 0.28125 0.2981770833333333 0.2690972222222222 0.2721354166666667 0.2708333333333333 0.25 0.2899305555555556 0.22395833333333334 0.3090277777777778 0.21484375 0.3229166666666667 0.203125 0.34375 0.203125 0.3489583333333333 0.20052083333333334 0.3645833333333333 0.20052083333333334
0 0.2743055555555556 0.4440104166666667 0.3038194444444444 0.453125 0.3246527777777778 0.4544270833333333 0.3350694444444444 0.4596354166666667 0.3489583333333333 0.4986979166666667 0.3489583333333333 0.52734375 0.3420138888888889 0.54296875 0.3211805555555556 0.5625 0.3107638888888889 0.56640625 0.2725694444444444 0.5703125 0.265625 0.5729166666666666 0.23958333333333334 0.5703125 0.19791666666666666 0.5533854166666666 0.19618055555555555 0.546875 0.18055555555555555 0.5260416666666666 0.1736111111111111 0.50390625 0.1753472222222222 0.4921875 0.18229166666666666 0.4765625 0.1909722222222222 0.4661458333333333 0.203125 0.45703125 0.2326388888888889 0.4466145833333333 0.2725694444444444 0.4440104166666667
0 0.7482638888888888 0.4622395833333333 0.765625 0.4661458333333333 0.7760416666666666 0.4752604166666667 0.7795138888888888 0.4856770833333333 0.7795138888888888 0.50390625 0.7951388888888888 0.52734375 0.8038194444444444 0.55078125 0.8107638888888888 0.55859375 0.8072916666666666 0.5651041666666666 0.8072916666666666 0.5716145833333334 0.7899305555555556 0.5872395833333334 0.7638888888888888 0.60546875 0.7395833333333334 0.61328125 0.7135416666666666 0.6158854166666666 0.7013888888888888 0.62109375 0.6909722222222222 0.6223958333333334 0.6736111111111112 0.6197916666666666 0.6684027777777778 0.625 0.6666666666666666 0.6315104166666666 0.6579861111111112 0.6197916666666666 0.6527777777777778 0.6236979166666666 0.6458333333333334 0.6184895833333334 0.6371527777777778 0.6002604166666666 0.6232638888888888 0.5794270833333334 0.6111111111111112 0.5703125 0.6041666666666666 0.55859375 0.6024305555555556 0.53125 0.6111111111111112 0.5104166666666666 0.625 0.4934895833333333 0.640625 0.4869791666666667 0.6649305555555556 0.4830729166666667 0.6961805555555556 0.4713541666666667 0.7065972222222222 0.4713541666666667 0.7309027777777778 0.4635416666666667 0.7465277777777778 0.4622395833333333
0 0.2013888888888889 0.5598958333333334 0.22916666666666666 0.5729166666666666 0.23958333333333334 0.5833333333333334 0.2569444444444444 0.6145833333333334 0.2586805555555556 0.6223958333333334 0.2569444444444444 0.640625 0.2534722222222222 0.6471354166666666 0.24479166666666666 0.6536458333333334 0.2361111111111111 0.65625 0.21006944444444445 0.67578125 0.19618055555555555 0.6940104166666666 0.19270833333333334 0.703125 0.1875 0.70703125 0.1597222222222222 0.7109375 0.13368055555555555 0.7109375 0.1076388888888889 0.70703125 0.08680555555555555 0.6966145833333334 0.0763888888888889 0.6861979166666666 0.06597222222222222 0.6627604166666666 0.06076388888888889 0.6549479166666666 0.05381944444444445 0.6497395833333334 0.052083333333333336 0.6432291666666666 0.059027777777777776 0.6380208333333334 0.0625 0.6315104166666666 0.06076388888888889 0.6158854166666666 0.0642361111111111 0.609375 0.10243055555555555 0.5755208333333334 0.11805555555555555 0.5677083333333334 0.14756944444444445 0.5572916666666666 0.1875 0.5559895833333334 0.1996527777777778 0.5598958333333334
0 0.6006944444444444 0.74609375 0.6267361111111112 0.7565104166666666 0.6493055555555556 0.7747395833333334 0.6614583333333334 0.7903645833333334 0.6684027777777778 0.8098958333333334 0.6684027777777778 0.82421875 0.6649305555555556 0.8359375 0.6493055555555556 0.8619791666666666 0.6371527777777778 0.8736979166666666 0.6267361111111112 0.8802083333333334 0.6180555555555556 0.8841145833333334 0.6024305555555556 0.88671875 0.5746527777777778 0.8841145833333334 0.5538194444444444 0.8776041666666666 0.5381944444444444 0.8763020833333334 0.5225694444444444 0.8723958333333334 0.4965277777777778 0.8567708333333334 0.4895833333333333 0.8489583333333334 0.4826388888888889 0.8346354166666666 0.484375 0.7981770833333334 0.4913194444444444 0.7864583333333334 0.5121527777777778 0.7669270833333334 0.5347222222222222 0.75390625 0.5677083333333334 0.7434895833333334 0.5833333333333334 0.7421875 0.5989583333333334 0.74609375
0 0.3663194444444444 0.6328125 0.3802083333333333 0.63671875 0.3871527777777778 0.6419270833333334 0.4149305555555556 0.64453125 0.4270833333333333 0.6510416666666666 0.4392361111111111 0.6666666666666666 0.4652777777777778 0.6875 0.4774305555555556 0.703125 0.484375 0.7083333333333334 0.4913194444444444 0.7239583333333334 0.4930555555555556 0.7473958333333334 0.4809027777777778 0.7864583333333334 0.4670138888888889 0.8033854166666666 0.4427083333333333 0.8216145833333334 0.4114583333333333 0.8346354166666666 0.3871527777777778 0.8411458333333334 0.3576388888888889 0.8450520833333334 0.3263888888888889 0.84375 0.2916666666666667 0.8359375 0.2326388888888889 0.8072916666666666 0.22395833333333334 0.80078125 0.2222222222222222 0.7955729166666666 0.1996527777777778 0.7669270833333334 0.19270833333333334 0.75 0.1909722222222222 0.73046875 0.19270833333333334 0.7109375 0.19791666666666666 0.6979166666666666 0.2152777777777778 0.67578125 0.2326388888888889 0.6627604166666666 0.2569444444444444 0.65234375 0.2673611111111111 0.6432291666666666 0.2951388888888889 0.64453125 0.3229166666666667 0.63671875 0.3645833333333333 0.6328125
0 0.7690972222222222 0.6302083333333334 0.7829861111111112 0.6341145833333334 0.796875 0.6354166666666666 0.8263888888888888 0.6471354166666666 0.859375 0.6731770833333334 0.875 0.6927083333333334 0.8802083333333334 0.7057291666666666 0.8836805555555556 0.7083333333333334 0.890625 0.7083333333333334 0.8993055555555556 0.7044270833333334 0.9045138888888888 0.7044270833333334 0.9097222222222222 0.7122395833333334 0.9045138888888888 0.74609375 0.8767361111111112 0.7877604166666666 0.8611111111111112 0.796875 0.8298611111111112 0.8098958333333334 0.8020833333333334 0.8203125 0.7881944444444444 0.8229166666666666 0.7638888888888888 0.8229166666666666 0.7465277777777778 0.8190104166666666 0.7204861111111112 0.8177083333333334 0.7083333333333334 0.8151041666666666 0.6927083333333334 0.8072916666666666 0.6649305555555556 0.7877604166666666 0.640625 0.76171875 0.6284722222222222 0.7408854166666666 0.6232638888888888 0.7200520833333334 0.6232638888888888 0.7057291666666666 0.6319444444444444 0.6940104166666666 0.6302083333333334 0.6796875 0.6371527777777778 0.6666666666666666 0.6527777777777778 0.6497395833333334 0.6579861111111112 0.6471354166666666 0.6701388888888888 0.6471354166666666 0.6770833333333334 0.64453125 0.6857638888888888 0.63671875 0.6875 0.6302083333333334 0.6927083333333334 0.6263020833333334 0.7065972222222222 0.6236979166666666 0.7239583333333334 0.6171875 0.75 0.6171875 0.7673611111111112 0.6302083333333334
0 0.4809027777777778 0.4192708333333333 0.5086805555555556 0.4309895833333333 0.5260416666666666 0.4466145833333333 0.5364583333333334 0.4765625 0.5225694444444444 0.51953125 0.4982638888888889 0.53515625 0.4618055555555556 0.5442708333333334 0.4427083333333333 0.5442708333333334 0.4322916666666667 0.5416666666666666 0.4045138888888889 0.5325520833333334 0.3923611111111111 0.5247395833333334 0.3784722222222222 0.5104166666666666 0.3697916666666667 0.4869791666666667 0.3697916666666667 0.4739583333333333 0.3784722222222222 0.4544270833333333 0.4131944444444444 0.4296875 0.4444444444444444 0.41796875 0.4670138888888889 0.4153645833333333 0.4791666666666667 0.4192708333333333