0 0.5190972222222222 0.2552083333333333 0.5520833333333334 0.2604166666666667 0.5815972222222222 0.2721354166666667 0.6145833333333334 0.2994791666666667 0.6232638888888888 0.3151041666666667 0.6267361111111112 0.328125 0.625 0.3515625 0.6197916666666666 0.3658854166666667 0.5694444444444444 0.41015625 0.5520833333333334 0.4296875 0.5416666666666666 0.43359375 0.53125 0.43359375 0.5225694444444444 0.4283854166666667 0.5086805555555556 0.42578125 0.4965277777777778 0.4114583333333333 0.4878472222222222 0.4088541666666667 0.4739583333333333 0.4088541666666667 0.4635416666666667 0.4010416666666667 0.453125 0.3971354166666667 0.4322916666666667 0.3802083333333333 0.4201388888888889 0.359375 0.4166666666666667 0.3424479166666667 0.4201388888888889 0.31640625 0.4253472222222222 0.3033854166666667 0.4444444444444444 0.28125 0.4600694444444444 0.2708333333333333 0.4826388888888889 0.26171875 0.4965277777777778 0.2578125 0.5173611111111112 0.2552083333333333
0 0.7847222222222222 0.5559895833333334 0.8263888888888888 0.55859375 0.8715277777777778 0.5729166666666666 0.890625 0.5872395833333334 0.9010416666666666 0.6015625 0.9131944444444444 0.6393229166666666 0.9131944444444444 0.6653645833333334 0.8993055555555556 0.6809895833333334 0.8732638888888888 0.6966145833333334 0.8524305555555556 0.7044270833333334 0.8159722222222222 0.7083333333333334 0.8107638888888888 0.7109375 0.7986111111111112 0.7109375 0.7673611111111112 0.69921875 0.7274305555555556 0.6744791666666666 0.7118055555555556 0.65625 0.7100694444444444 0.6471354166666666 0.7013888888888888 0.6302083333333334 0.703125 0.6015625 0.7048611111111112 0.5950520833333334 0.7118055555555556 0.5859375 0.7291666666666666 0.5755208333333334 0.7829861111111112 0.5559895833333334
0 0.3506944444444444 0.3971354166666667 0.3645833333333333 0.40625 0.3958333333333333 0.41796875 0.4201388888888889 0.4348958333333333 0.4322916666666667 0.453125 0.4392361111111111 0.4778645833333333 0.4375 0.5052083333333334 0.4236111111111111 0.53125 0.4253472222222222 0.5546875 0.421875 0.5651041666666666 0.4131944444444444 0.5716145833333334 0.3923611111111111 0.5729166666666666 0.3715277777777778 0.578125 0.3559027777777778 0.5885416666666666 0.2829861111111111 0.5846354166666666 0.2725694444444444 0.58203125 0.2482638888888889 0.5807291666666666 0.2222222222222222 0.57421875 0.19444444444444445 0.5533854166666666 0.18055555555555555 0.53125 0.17708333333333334 0.51953125 0.17708333333333334 0.4921875 0.18055555555555555 0.4752604166666667 0.21180555555555555 0.4375 0.22743055555555555 0.4244791666666667 0.24131944444444445 0.4166666666666667 0.2638888888888889 0.4088541666666667 0.2708333333333333 0.4088541666666667 0.2760416666666667 0.40625 0.2899305555555556 0.4049479166666667 0.3159722222222222 0.3984375 0.3489583333333333 0.3971354166666667
0 0.22395833333333334 0.5794270833333334 0.24305555555555555 0.5846354166666666 0.2760416666666667 0.5872395833333334 0.2916666666666667 0.5911458333333334 0.3263888888888889 0.5924479166666666 0.3385416666666667 0.59765625 0.3628472222222222 0.59765625 0.3732638888888889 0.6002604166666666 0.3888888888888889 0.6106770833333334 0.4097222222222222 0.6315104166666666 0.4184027777777778 0.64453125 0.4253472222222222 0.6666666666666666 0.4270833333333333 0.6953125 0.4253472222222222 0.7083333333333334 0.4201388888888889 0.72265625 0.3993055555555556 0.7526041666666666 0.3888888888888889 0.7799479166666666 0.3767361111111111 0.7864583333333334 0.3541666666666667 0.7864583333333334 0.3506944444444444 0.7838541666666666 0.3055555555555556 0.7838541666666666 0.3038194444444444 0.78515625 0.2569444444444444 0.7838541666666666 0.24305555555555555 0.7799479166666666 0.2361111111111111 0.7799479166666666 0.21006944444444445 0.7721354166666666 0.19444444444444445 0.7643229166666666 0.1753472222222222 0.7513020833333334 0.16319444444444445 0.73828125 0.1579861111111111 0.72265625 0.1579861111111111 0.6953125 0.16319444444444445 0.6783854166666666 0.1857638888888889 0.6419270833333334 0.1875 0.6328125 0.18055555555555555 0.6119791666666666 0.1875 0.5989583333333334 0.19444444444444445 0.5924479166666666 0.21354166666666666 0.5807291666666666 0.2222222222222222 0.5794270833333334
0 0.7361111111111112 0.3528645833333333 0.765625 0.3658854166666667 0.7829861111111112 0.3802083333333333 0.796875 0.3984375 0.8055555555555556 0.4283854166666667 0.8072916666666666 0.4609375 0.8038194444444444 0.4674479166666667 0.7951388888888888 0.4752604166666667 0.7951388888888888 0.48046875 0.8020833333333334 0.484375 0.8038194444444444 0.48828125 0.8003472222222222 0.4947916666666667 0.78125 0.5130208333333334 0.7743055555555556 0.51171875 0.765625 0.515625 0.7569444444444444 0.5065104166666666 0.7395833333333334 0.5065104166666666 0.7309027777777778 0.5169270833333334 0.7239583333333334 0.5208333333333334 0.6857638888888888 0.5260416666666666 0.6666666666666666 0.5260416666666666 0.640625 0.5104166666666666 0.6145833333333334 0.5 0.6059027777777778 0.4934895833333333 0.6041666666666666 0.4869791666666667 0.5746527777777778 0.4674479166666667 0.5711805555555556 0.4557291666666667 0.5729166666666666 0.42578125 0.5833333333333334 0.40625 0.5972222222222222 0.3893229166666667 0.6128472222222222 0.3763020833333333 0.6423611111111112 0.3606770833333333 0.6597222222222222 0.3541666666666667 0.6805555555555556 0.3502604166666667 0.7204861111111112 0.3502604166666667 0.734375 0.3528645833333333
0 0.2899305555555556 0.17447916666666666 0.3524305555555556 0.20442708333333334 0.3697916666666667 0.21875 0.3715277777777778 0.22395833333333334 0.3975694444444444 0.2513020833333333 0.4114583333333333 0.2799479166666667 0.4149305555555556 0.2955729166666667 0.4149305555555556 0.3268229166666667 0.4114583333333333 0.33984375 0.3940972222222222 0.3684895833333333 0.3871527777777778 0.3763020833333333 0.3645833333333333 0.390625 0.3524305555555556 0.3919270833333333 0.3385416666666667 0.3880208333333333 0.3177083333333333 0.3893229166666667 0.3020833333333333 0.3919270833333333 0.2881944444444444 0.3971354166666667 0.2777777777777778 0.3971354166666667 0.2725694444444444 0.3997395833333333 0.2604166666666667 0.4010416666666667 0.2517361111111111 0.4075520833333333 0.24479166666666666 0.4088541666666667 0.2309027777777778 0.4088541666666667 0.2065972222222222 0.4049479166666667 0.16493055555555555 0.390625 0.11805555555555555 0.35546875 0.10416666666666667 0.3372395833333333 0.0920138888888889 0.3111979166666667 0.0920138888888889 0.2994791666666667 0.08854166666666667 0.2903645833333333 0.09027777777777778 0.2565104166666667 0.09722222222222222 0.24088541666666666 0.15104166666666666 0.20182291666666666 0.16493055555555555 0.1953125 0.17708333333333334 0.19270833333333334 0.1909722222222222 0.19270833333333334 0.2065972222222222 0.18619791666666666 0.2204861111111111 0.18359375 0.24131944444444445 0.18489583333333334 0.265625 0.171875 0.28125 0.171875 0.2881944444444444 0.17447916666666666
0 0.7708333333333334 0.13411458333333334 0.8194444444444444 0.15364583333333334 0.8368055555555556 0.16276041666666666 0.8506944444444444 0.17317708333333334 0.8663194444444444 0.18098958333333334 0.9010416666666666 0.20703125 0.9149305555555556 0.22916666666666666 0.9166666666666666 0.25390625 0.9114583333333334 0.2708333333333333 0.8940972222222222 0.2994791666666667 0.8663194444444444 0.32421875 0.8333333333333334 0.3359375 0.8055555555555556 0.33984375 0.7951388888888888 0.34375 0.7743055555555556 0.34375 0.7621527777777778 0.34765625 0.7517361111111112 0.34765625 0.7430555555555556 0.33984375 0.7274305555555556 0.3359375 0.7135416666666666 0.3294270833333333 0.6875 0.3229166666666667 0.6736111111111112 0.3125 0.6649305555555556 0.3098958333333333 0.65625 0.3033854166666667 0.6145833333333334 0.2591145833333333 0.6076388888888888 0.24479166666666666 0.6041666666666666 0.22916666666666666 0.6041666666666666 0.20833333333333334 0.6076388888888888 0.18880208333333334 0.6128472222222222 0.17838541666666666 0.6336805555555556 0.15885416666666666 0.7065972222222222 0.13541666666666666 0.7274305555555556 0.1328125 0.7690972222222222 0.13411458333333334
0 0.5295138888888888 0.4869791666666667 0.53125 0.4895833333333333 0.5364583333333334 0.4869791666666667 0.5451388888888888 0.4908854166666667 0.5572916666666666 0.4921875 0.5607638888888888 0.4947916666666667 0.59375 0.49609375 0.6371527777777778 0.5130208333333334 0.6649305555555556 0.53125 0.6684027777777778 0.5377604166666666 0.6770833333333334 0.5455729166666666 0.6875 0.5755208333333334 0.6875 0.5963541666666666 0.6840277777777778 0.609375 0.6770833333333334 0.6236979166666666 0.6649305555555556 0.6393229166666666 0.6631944444444444 0.6471354166666666 0.6579861111111112 0.6510416666666666 0.6354166666666666 0.6510416666666666 0.6145833333333334 0.6458333333333334 0.59375 0.6458333333333334 0.5729166666666666 0.65625 0.5642361111111112 0.6666666666666666 0.5520833333333334 0.6731770833333334 0.5260416666666666 0.671875 0.4947916666666667 0.6640625 0.4826388888888889 0.6588541666666666 0.4479166666666667 0.6354166666666666 0.4305555555555556 0.6171875 0.421875 0.5963541666666666 0.421875 0.5755208333333334 0.4305555555555556 0.5625 0.4305555555555556 0.5481770833333334 0.4340277777777778 0.5403645833333334 0.4444444444444444 0.5260416666666666 0.4652777777777778 0.5130208333333334 0.4774305555555556 0.5091145833333334 0.4878472222222222 0.5026041666666666 0.4965277777777778 0.5026041666666666 0.5138888888888888 0.4934895833333333 0.5260416666666666 0.4921875 0.5295138888888888 0.48828125
0 0.9409722222222222 0.3098958333333333 0.9670138888888888 0.3151041666666667 0.9878472222222222 0.3294270833333333 0.9913194444444444 0.3372395833333333 0.9982638888888888 0.3424479166666667 0.9982638888888888 0.38671875 0.9913194444444444 0.38671875 0.9774305555555556 0.3828125 0.9652777777777778 0.3828125 0.9496527777777778 0.37890625 0.9288194444444444 0.37890625 0.9114583333333334 0.3841145833333333 0.8541666666666666 0.390625 0.8402777777777778 0.390625 0.8333333333333334 0.3880208333333333 0.828125 0.3828125 0.8263888888888888 0.3776041666666667 0.8125 0.3619791666666667 0.8107638888888888 0.3528645833333333 0.8159722222222222 0.3450520833333333 0.8246527777777778 0.3411458333333333 0.8333333333333334 0.3411458333333333 0.8559027777777778 0.3333333333333333 0.8836805555555556 0.3177083333333333 0.9392361111111112 0.3098958333333333
0 0.6145833333333334 0.6510416666666666 0.6215277777777778 0.6536458333333334 0.6493055555555556 0.6575520833333334 0.6701388888888888 0.6640625 0.6857638888888888 0.6744791666666666 0.6944444444444444 0.6848958333333334 0.7048611111111112 0.6927083333333334 0.7222222222222222 0.7018229166666666 0.7447916666666666 0.71875 0.75 0.7291666666666666 0.7708333333333334 0.75 0.7795138888888888 0.7630208333333334 0.7881944444444444 0.7942708333333334 0.7864583333333334 0.8411458333333334 0.7743055555555556 0.86328125 0.7621527777777778 0.8763020833333334 0.7309027777777778 0.8932291666666666 0.6909722222222222 0.9088541666666666 0.6770833333333334 0.9127604166666666 0.6423611111111112 0.91796875 0.6076388888888888 0.9166666666666666 0.5798611111111112 0.9088541666666666 0.5520833333333334 0.9075520833333334 0.5434027777777778 0.9049479166666666 0.4982638888888889 0.8776041666666666 0.4878472222222222 0.8802083333333334 0.4739583333333333 0.87890625 0.4652777777777778 0.8684895833333334 0.4635416666666667 0.8606770833333334 0.4548611111111111 0.8463541666666666 0.4548611111111111 0.8411458333333334 0.4583333333333333 0.8359375 0.4618055555555556 0.8359375 0.4704861111111111 0.8307291666666666 0.4652777777777778 0.8268229166666666 0.4635416666666667 0.8216145833333334 0.4600694444444444 0.7890625 0.4635416666666667 0.7825520833333334 0.4722222222222222 0.7369791666666666 0.4809027777777778 0.7239583333333334 0.5052083333333334 0.7044270833333334 0.5381944444444444 0.6888020833333334 0.5642361111111112 0.6822916666666666 0.5815972222222222 0.6822916666666666 0.59375 0.6744791666666666 0.5954861111111112 0.6705729166666666 0.5833333333333334 0.6692708333333334 0.578125 0.6666666666666666 0.578125 0.6640625 0.5902777777777778 0.6536458333333334 0.6006944444444444 0.6510416666666666 0.6128472222222222 0.6510416666666666
0 0.4878472222222222 0.12109375 0.515625 0.12890625 0.5329861111111112 0.140625 0.5434027777777778 0.15104166666666666 0.5555555555555556 0.17838541666666666 0.5538194444444444 0.21484375 0.5399305555555556 0.23697916666666666 0.5225694444444444 0.2513020833333333 0.4861111111111111 0.2578125 0.4427083333333333 0.2760416666666667 0.4305555555555556 0.2760416666666667 0.4201388888888889 0.2734375 0.4114583333333333 0.2669270833333333 0.3993055555555556 0.24739583333333334 0.3784722222222222 0.22526041666666666 0.3697916666666667 0.21223958333333334 0.3472222222222222 0.19661458333333334 0.3472222222222222 0.19140625 0.3524305555555556 0.18619791666666666 0.3628472222222222 0.16536458333333334 0.3819444444444444 0.14322916666666666 0.421875 0.12760416666666666 0.4409722222222222 0.12239583333333333 0.4861111111111111 0.12109375
0 0.4131944444444444 0.81640625 0.4340277777777778 0.8385416666666666 0.4409722222222222 0.8515625 0.4409722222222222 0.859375 0.4496527777777778 0.8763020833333334 0.4548611111111111 0.8958333333333334 0.4565972222222222 0.90625 0.4548611111111111 0.9231770833333334 0.4496527777777778 0.9375 0.4340277777777778 0.9583333333333334 0.390625 0.9895833333333334 0.3767361111111111 0.9947916666666666 0.3645833333333333 0.99609375 0.3611111111111111 0.9986979166666666 0.24131944444444445 0.9986979166666666 0.2361111111111111 0.9869791666666666 0.2326388888888889 0.9622395833333334 0.22569444444444445 0.9518229166666666 0.2222222222222222 0.9348958333333334 0.2065972222222222 0.9153645833333334 0.2048611111111111 0.9049479166666666 0.2065972222222222 0.8815104166666666 0.21354166666666666 0.8619791666666666 0.22916666666666666 0.84375 0.24479166666666666 0.83203125 0.2934027777777778 0.8125 0.3072916666666667 0.8046875 0.3211805555555556 0.8033854166666666 0.3541666666666667 0.7955729166666666 0.3680555555555556 0.7942708333333334 0.3888888888888889 0.7955729166666666 0.4114583333333333 0.81640625