0 0.130859375 0.2109375 0.1513671875 0.22005208333333334 0.1767578125 0.22265625 0.19921875 0.23177083333333334 0.2158203125 0.2421875 0.2275390625 0.2526041666666667 0.2451171875 0.27734375 0.251953125 0.296875 0.2568359375 0.3203125 0.2578125 0.33984375 0.25390625 0.3606770833333333 0.2470703125 0.3802083333333333 0.23828125 0.3932291666666667 0.216796875 0.4153645833333333 0.1962890625 0.42578125 0.177734375 0.4309895833333333 0.1748046875 0.4361979166666667 0.1748046875 0.4427083333333333 0.166015625 0.44921875 0.1552734375 0.4479166666666667 0.1494140625 0.4309895833333333 0.1455078125 0.42578125 0.115234375 0.4075520833333333 0.091796875 0.3828125 0.0712890625 0.34765625 0.06640625 0.3255208333333333 0.0654296875 0.3020833333333333 0.07421875 0.2747395833333333 0.0947265625 0.24739583333333334 0.099609375 0.23697916666666666 0.111328125 0.22786458333333334 0.12109375 0.22786458333333334 0.125 0.21354166666666666 0.1298828125 0.2109375
0 0.802734375 0.4908854166666667 0.8173828125 0.4986979166666667 0.83203125 0.5143229166666666 0.845703125 0.5416666666666666 0.8525390625 0.56640625 0.8681640625 0.59375 0.869140625 0.6041666666666666 0.8662109375 0.6119791666666666 0.8623046875 0.6158854166666666 0.8330078125 0.6341145833333334 0.8173828125 0.65625 0.798828125 0.66796875 0.7890625 0.6705729166666666 0.775390625 0.6705729166666666 0.755859375 0.6640625 0.7373046875 0.6484375 0.7236328125 0.6302083333333334 0.7109375 0.59375 0.7099609375 0.5559895833333334 0.720703125 0.52734375 0.7373046875 0.5065104166666666 0.7626953125 0.4921875 0.7802734375 0.4895833333333333 0.8017578125 0.4908854166666667
0 0.6474609375 0.6497395833333334 0.66796875 0.65625 0.6767578125 0.6627604166666666 0.6845703125 0.6731770833333334 0.693359375 0.7005208333333334 0.7001953125 0.7096354166666666 0.69921875 0.7200520833333334 0.701171875 0.7265625 0.7138671875 0.7434895833333334 0.7177734375 0.75390625 0.71484375 0.7721354166666666 0.7041015625 0.7877604166666666 0.6923828125 0.8138020833333334 0.6728515625 0.8385416666666666 0.662109375 0.8463541666666666 0.6474609375 0.8515625 0.6279296875 0.8502604166666666 0.6103515625 0.8411458333333334 0.5986328125 0.8268229166666666 0.587890625 0.80859375 0.5849609375 0.7994791666666666 0.5859375 0.7864583333333334 0.5986328125 0.7330729166666666 0.5986328125 0.6927083333333334 0.5966796875 0.671875 0.6005859375 0.6666666666666666 0.619140625 0.6536458333333334 0.6298828125 0.6497395833333334 0.646484375 0.6497395833333334
0 0.306640625 0.4401041666666667 0.3173828125 0.4453125 0.328125 0.45703125 0.3525390625 0.4596354166666667 0.359375 0.4661458333333333 0.3623046875 0.4830729166666667 0.361328125 0.5052083333333334 0.3642578125 0.5182291666666666 0.369140625 0.5286458333333334 0.3671875 0.5481770833333334 0.376953125 0.5638020833333334 0.3837890625 0.5807291666666666 0.3837890625 0.5846354166666666 0.373046875 0.5859375 0.369140625 0.59375 0.365234375 0.609375 0.36328125 0.6328125 0.357421875 0.6549479166666666 0.3515625 0.66796875 0.3310546875 0.6940104166666666 0.3056640625 0.7135416666666666 0.2734375 0.7135416666666666 0.2490234375 0.703125 0.2431640625 0.703125 0.240234375 0.7018229166666666 0.23828125 0.6966145833333334 0.212890625 0.6653645833333334 0.2109375 0.6510416666666666 0.2021484375 0.6302083333333334 0.197265625 0.6028645833333334 0.197265625 0.5690104166666666 0.2001953125 0.5455729166666666 0.2060546875 0.52734375 0.2138671875 0.51171875 0.2314453125 0.4895833333333333 0.248046875 0.4791666666666667 0.2783203125 0.4700520833333333 0.3115234375 0.4713541666666667 0.3125 0.4661458333333333 0.3037109375 0.453125 0.306640625 0.44140625
0 0.677734375 0.17057291666666666 0.685546875 0.17708333333333334 0.6943359375 0.19270833333333334 0.7060546875 0.20182291666666666 0.7060546875 0.20833333333333334 0.7021484375 0.21614583333333334 0.7021484375 0.22135416666666666 0.7177734375 0.24739583333333334 0.7216796875 0.2578125 0.7265625 0.2643229166666667 0.736328125 0.2682291666666667 0.7490234375 0.2877604166666667 0.7578125 0.2942708333333333 0.759765625 0.2994791666666667 0.755859375 0.3033854166666667 0.7587890625 0.3216145833333333 0.7548828125 0.3359375 0.751953125 0.3671875 0.740234375 0.3919270833333333 0.73046875 0.4049479166666667 0.71484375 0.41796875 0.6767578125 0.43359375 0.658203125 0.4309895833333333 0.640625 0.4088541666666667 0.6171875 0.40234375 0.6015625 0.3893229166666667 0.587890625 0.3658854166666667 0.5791015625 0.3424479166666667 0.57421875 0.3190104166666667 0.5712890625 0.2864583333333333 0.5712890625 0.2760416666666667 0.5771484375 0.2526041666666667 0.583984375 0.23046875 0.591796875 0.21614583333333334 0.591796875 0.20833333333333334 0.599609375 0.20703125 0.607421875 0.20052083333333334 0.6181640625 0.20052083333333334 0.62109375 0.19661458333333334 0.6181640625 0.19140625 0.619140625 0.18359375 0.6435546875 0.18359375 0.6650390625 0.17838541666666666 0.671875 0.17057291666666666 0.6767578125 0.17057291666666666
0 0.248046875 0 0.341796875 0 0.3447265625 0.0026041666666666665 0.3505859375 0 0.427734375 0 0.4296875 0.00390625 0.4287109375 0.03125 0.4326171875 0.053385416666666664 0.4345703125 0.08854166666666667 0.4345703125 0.10807291666666667 0.4306640625 0.12890625 0.4140625 0.16276041666666666 0.3955078125 0.18880208333333334 0.375 0.20963541666666666 0.3515625 0.22265625 0.3427734375 0.22526041666666666 0.326171875 0.22526041666666666 0.306640625 0.22135416666666666 0.2783203125 0.19921875 0.267578125 0.18619791666666666 0.255859375 0.1640625 0.2490234375 0.13932291666666666 0.240234375 0.12239583333333333 0.2421875 0.10416666666666667 0.2392578125 0.08072916666666667 0.2392578125 0.048177083333333336 0.2412109375 0.041666666666666664 0.2412109375 0.018229166666666668 0.2431640625 0.0078125 0.248046875 0.0013020833333333333
0 0.4111328125 0.265625 0.4384765625 0.27734375 0.4541015625 0.2955729166666667 0.4638671875 0.3125 0.4716796875 0.3333333333333333 0.4716796875 0.3841145833333333 0.4609375 0.41796875 0.4501953125 0.4361979166666667 0.431640625 0.4557291666666667 0.421875 0.4622395833333333 0.400390625 0.4700520833333333 0.3818359375 0.4700520833333333 0.3681640625 0.4661458333333333 0.361328125 0.4609375 0.357421875 0.4544270833333333 0.34765625 0.4505208333333333 0.3349609375 0.4401041666666667 0.322265625 0.421875 0.3134765625 0.4010416666666667 0.3095703125 0.3684895833333333 0.3125 0.34765625 0.32421875 0.3151041666666667 0.3271484375 0.2994791666666667 0.3330078125 0.2981770833333333 0.3466796875 0.2890625 0.375 0.2669270833333333 0.38671875 0.2643229166666667 0.41015625 0.265625
0 0.45703125 0.5546875 0.4873046875 0.5559895833333334 0.5234375 0.5638020833333334 0.5537109375 0.5872395833333334 0.5673828125 0.6041666666666666 0.5703125 0.6119791666666666 0.5810546875 0.6276041666666666 0.58984375 0.65234375 0.5947265625 0.6875 0.5947265625 0.7369791666666666 0.5849609375 0.7799479166666666 0.5751953125 0.8046875 0.57421875 0.8125 0.556640625 0.8385416666666666 0.5205078125 0.8671875 0.494140625 0.8723958333333334 0.4765625 0.8723958333333334 0.4609375 0.8658854166666666 0.455078125 0.8658854166666666 0.44140625 0.8567708333333334 0.4306640625 0.8567708333333334 0.4248046875 0.8541666666666666 0.4150390625 0.8450520833333334 0.4111328125 0.83984375 0.41015625 0.8294270833333334 0.4033203125 0.8190104166666666 0.4013671875 0.8111979166666666 0.388671875 0.7994791666666666 0.384765625 0.79296875 0.3779296875 0.7708333333333334 0.369140625 0.7578125 0.3642578125 0.7447916666666666 0.361328125 0.7239583333333334 0.361328125 0.6692708333333334 0.3642578125 0.6549479166666666 0.369140625 0.64453125 0.369140625 0.62890625 0.3759765625 0.6106770833333334 0.4033203125 0.5729166666666666 0.41015625 0.56640625 0.419921875 0.5598958333333334 0.4404296875 0.5533854166666666 0.4560546875 0.5546875
0 0.53515625 0.13541666666666666 0.556640625 0.14973958333333334 0.5693359375 0.16536458333333334 0.5791015625 0.19010416666666666 0.5810546875 0.20963541666666666 0.583984375 0.21875 0.5751953125 0.2513020833333333 0.5615234375 0.2786458333333333 0.5478515625 0.2942708333333333 0.5380859375 0.2981770833333333 0.5244140625 0.2994791666666667 0.498046875 0.2955729166666667 0.4716796875 0.2825520833333333 0.4541015625 0.2526041666666667 0.451171875 0.23307291666666666 0.451171875 0.21223958333333334 0.46484375 0.171875 0.478515625 0.15234375 0.484375 0.13932291666666666 0.49609375 0.13671875 0.5048828125 0.13151041666666666 0.525390625 0.13151041666666666 0.5341796875 0.13541666666666666
0 0.58203125 0.3958333333333333 0.6015625 0.3971354166666667 0.6259765625 0.4114583333333333 0.63671875 0.41015625 0.646484375 0.421875 0.6591796875 0.44921875 0.6650390625 0.45703125 0.66796875 0.4583333333333333 0.67578125 0.4544270833333333 0.6787109375 0.4596354166666667 0.6796875 0.4791666666666667 0.67578125 0.4895833333333333 0.6787109375 0.5013020833333334 0.677734375 0.5234375 0.673828125 0.55859375 0.6708984375 0.5677083333333334 0.6650390625 0.578125 0.6552734375 0.5885416666666666 0.65234375 0.5989583333333334 0.6474609375 0.5989583333333334 0.619140625 0.6171875 0.607421875 0.62109375 0.5869140625 0.62109375 0.5810546875 0.6184895833333334 0.57421875 0.609375 0.5693359375 0.5911458333333334 0.5634765625 0.5833333333333334 0.5458984375 0.578125 0.5244140625 0.5572916666666666 0.517578125 0.5572916666666666 0.509765625 0.5533854166666666 0.501953125 0.5299479166666666 0.50390625 0.5143229166666666 0.51171875 0.49609375 0.5126953125 0.4700520833333333 0.529296875 0.4309895833333333 0.54296875 0.4127604166666667 0.55078125 0.40625 0.568359375 0.3971354166666667 0.5810546875 0.3958333333333333
0 0.458984375 0.8684895833333334 0.482421875 0.8763020833333334 0.51953125 0.8723958333333334 0.5224609375 0.8802083333333334 0.525390625 0.9205729166666666 0.5185546875 0.95703125 0.5078125 0.9830729166666666 0.4990234375 0.9947916666666666 0.490234375 0.9986979166666666 0.4326171875 0.9986979166666666 0.431640625 0.96875 0.4375 0.953125 0.4365234375 0.9309895833333334 0.4384765625 0.9192708333333334 0.447265625 0.8958333333333334 0.4482421875 0.8815104166666666 0.451171875 0.87109375 0.4580078125 0.8684895833333334
0 0.3291015625 0.7434895833333334 0.3447265625 0.7513020833333334 0.3603515625 0.7682291666666666 0.3779296875 0.7981770833333334 0.3935546875 0.81640625 0.4033203125 0.83203125 0.4072265625 0.8528645833333334 0.404296875 0.8645833333333334 0.404296875 0.8828125 0.396484375 0.8841145833333334 0.39453125 0.88671875 0.3828125 0.92578125 0.375 0.9427083333333334 0.3623046875 0.9622395833333334 0.35546875 0.9791666666666666 0.3515625 0.9791666666666666 0.341796875 0.9895833333333334 0.3310546875 0.9895833333333334 0.3115234375 0.9947916666666666 0.2822265625 0.98828125 0.255859375 0.9700520833333334 0.2392578125 0.9479166666666666 0.2333984375 0.9361979166666666 0.2216796875 0.8971354166666666 0.216796875 0.88671875 0.216796875 0.8815104166666666 0.220703125 0.8671875 0.2216796875 0.8502604166666666 0.2265625 0.8333333333333334 0.2373046875 0.8046875 0.2470703125 0.7877604166666666 0.2626953125 0.76953125 0.2890625 0.75 0.3037109375 0.7434895833333334 0.328125 0.7434895833333334