0 0.748046875 0.2825520833333333 0.7587890625 0.2890625 0.7666015625 0.2981770833333333 0.77734375 0.3138020833333333 0.7822265625 0.3268229166666667 0.7841796875 0.33984375 0.7841796875 0.37890625 0.787109375 0.3828125 0.787109375 0.390625 0.771484375 0.40234375 0.7587890625 0.41796875 0.7529296875 0.421875 0.7265625 0.4296875 0.7041015625 0.42578125 0.6845703125 0.4114583333333333 0.673828125 0.3815104166666667 0.6689453125 0.3372395833333333 0.6806640625 0.3125 0.6884765625 0.3033854166666667 0.697265625 0.2994791666666667 0.703125 0.2916666666666667 0.7236328125 0.28125 0.7333984375 0.2799479166666667 0.7470703125 0.2825520833333333
0 0.7255859375 0.6393229166666666 0.751953125 0.6419270833333334 0.767578125 0.6497395833333334 0.7841796875 0.66796875 0.791015625 0.6901041666666666 0.79296875 0.7252604166666666 0.7900390625 0.7395833333333334 0.775390625 0.7669270833333334 0.7646484375 0.7760416666666666 0.751953125 0.7799479166666666 0.724609375 0.77734375 0.7080078125 0.7708333333333334 0.6943359375 0.7604166666666666 0.6884765625 0.7526041666666666 0.6845703125 0.7408854166666666 0.6845703125 0.7330729166666666 0.681640625 0.7239583333333334 0.681640625 0.7018229166666666 0.6875 0.6705729166666666 0.6923828125 0.66015625 0.703125 0.6471354166666666 0.7158203125 0.6393229166666666 0.724609375 0.6393229166666666
0 0.7578125 0.4765625 0.7685546875 0.4856770833333333 0.779296875 0.4908854166666667 0.7958984375 0.5091145833333334 0.802734375 0.5234375 0.80859375 0.54296875 0.8095703125 0.5755208333333334 0.802734375 0.59375 0.791015625 0.6158854166666666 0.7724609375 0.6315104166666666 0.751953125 0.63671875 0.7314453125 0.63671875 0.71484375 0.6315104166666666 0.7080078125 0.6276041666666666 0.6943359375 0.61328125 0.6806640625 0.5846354166666666 0.6767578125 0.5651041666666666 0.677734375 0.5377604166666666 0.669921875 0.53125 0.669921875 0.5260416666666666 0.67578125 0.5182291666666666 0.6884765625 0.51171875 0.6953125 0.49609375 0.7119140625 0.4791666666666667 0.7294921875 0.4752604166666667 0.7568359375 0.4765625
0 0.3564453125 0.4947916666666667 0.369140625 0.4973958333333333 0.384765625 0.5065104166666666 0.400390625 0.5247395833333334 0.4111328125 0.5481770833333334 0.4140625 0.5611979166666666 0.4150390625 0.58203125 0.40625 0.6119791666666666 0.3935546875 0.6328125 0.375 0.6471354166666666 0.35546875 0.6536458333333334 0.330078125 0.6510416666666666 0.3154296875 0.64453125 0.2998046875 0.6328125 0.287109375 0.6158854166666666 0.279296875 0.6119791666666666 0.271484375 0.6015625 0.263671875 0.59765625 0.2734375 0.5807291666666666 0.275390625 0.5651041666666666 0.279296875 0.5559895833333334 0.2822265625 0.5572916666666666 0.287109375 0.55078125 0.2939453125 0.5299479166666666 0.306640625 0.51171875 0.3232421875 0.5 0.3388671875 0.4947916666666667 0.35546875 0.4947916666666667
0 0.380859375 0.2916666666666667 0.3935546875 0.2981770833333333 0.4130859375 0.31640625 0.423828125 0.33984375 0.4267578125 0.37890625 0.4228515625 0.4036458333333333 0.4150390625 0.421875 0.4091796875 0.4296875 0.39453125 0.44140625 0.376953125 0.44921875 0.3671875 0.44921875 0.341796875 0.4401041666666667 0.3203125 0.41796875 0.3134765625 0.4049479166666667 0.3076171875 0.3828125 0.306640625 0.35546875 0.3173828125 0.32421875 0.3388671875 0.3020833333333333 0.365234375 0.2916666666666667 0.3798828125 0.2916666666666667
0 0.62890625 0.5794270833333334 0.6455078125 0.5872395833333334 0.662109375 0.609375 0.6728515625 0.6380208333333334 0.6787109375 0.6783854166666666 0.677734375 0.7122395833333334 0.6748046875 0.7356770833333334 0.662109375 0.7591145833333334 0.66015625 0.7708333333333334 0.6484375 0.78125 0.6455078125 0.7981770833333334 0.6337890625 0.8033854166666666 0.6298828125 0.7877604166666666 0.61328125 0.7877604166666666 0.6015625 0.7838541666666666 0.5791015625 0.765625 0.568359375 0.7604166666666666 0.560546875 0.75 0.5498046875 0.7291666666666666 0.54296875 0.6979166666666666 0.54296875 0.6861979166666666 0.5361328125 0.66796875 0.5361328125 0.64453125 0.54296875 0.6236979166666666 0.548828125 0.6184895833333334 0.5546875 0.6080729166666666 0.5654296875 0.6002604166666666 0.5732421875 0.58984375 0.5947265625 0.5807291666666666 0.6279296875 0.5794270833333334
0 0.4990234375 0.40625 0.515625 0.41015625 0.529296875 0.4166666666666667 0.5439453125 0.4283854166666667 0.5556640625 0.4427083333333333 0.568359375 0.47265625 0.576171875 0.51171875 0.576171875 0.5325520833333334 0.5712890625 0.55859375 0.564453125 0.578125 0.548828125 0.5989583333333334 0.5498046875 0.60546875 0.5478515625 0.6106770833333334 0.5458984375 0.6119791666666666 0.5390625 0.6080729166666666 0.525390625 0.6197916666666666 0.5146484375 0.6236979166666666 0.4931640625 0.6223958333333334 0.46875 0.6080729166666666 0.44921875 0.5807291666666666 0.4365234375 0.54296875 0.4306640625 0.5377604166666666 0.4287109375 0.5325520833333334 0.4365234375 0.5065104166666666 0.4384765625 0.4830729166666667 0.4453125 0.4661458333333333 0.4521484375 0.4388020833333333 0.4609375 0.4375 0.4775390625 0.4296875 0.4912109375 0.4192708333333333 0.494140625 0.4088541666666667 0.498046875 0.40625
0 0.5166015625 0.67578125 0.529296875 0.6848958333333334 0.541015625 0.703125 0.546875 0.7265625 0.544921875 0.7447916666666666 0.5517578125 0.76171875 0.5517578125 0.7669270833333334 0.5478515625 0.7747395833333334 0.5419921875 0.77734375 0.5380859375 0.7825520833333334 0.533203125 0.7981770833333334 0.525390625 0.80859375 0.5078125 0.8203125 0.4951171875 0.82421875 0.4853515625 0.8229166666666666 0.478515625 0.8190104166666666 0.466796875 0.8046875 0.4541015625 0.7955729166666666 0.4521484375 0.7903645833333334 0.453125 0.77734375 0.44921875 0.76171875 0.44921875 0.7291666666666666 0.4560546875 0.7057291666666666 0.474609375 0.6796875 0.486328125 0.6744791666666666 0.515625 0.67578125
0 0.6298828125 0.11848958333333333 0.634765625 0.12890625 0.640625 0.13151041666666666 0.65234375 0.13020833333333334 0.6611328125 0.12369791666666667 0.6640625 0.12890625 0.66796875 0.13020833333333334 0.6748046875 0.12239583333333333 0.677734375 0.12630208333333334 0.6806640625 0.14453125 0.6806640625 0.17578125 0.6748046875 0.19661458333333334 0.6689453125 0.2109375 0.6640625 0.21744791666666666 0.650390625 0.23046875 0.6279296875 0.24348958333333334 0.6279296875 0.2604166666666667 0.6259765625 0.26953125 0.61328125 0.29296875 0.609375 0.3046875 0.591796875 0.3255208333333333 0.564453125 0.3424479166666667 0.546875 0.3463541666666667 0.5322265625 0.3450520833333333 0.52734375 0.3463541666666667 0.5224609375 0.35546875 0.51171875 0.35546875 0.515625 0.3489583333333333 0.5126953125 0.34375 0.501953125 0.3385416666666667 0.4765625 0.3151041666666667 0.4736328125 0.3177083333333333 0.4697265625 0.31640625 0.4736328125 0.30859375 0.4716796875 0.296875 0.46484375 0.28125 0.46484375 0.24739583333333334 0.470703125 0.23828125 0.4814453125 0.20963541666666666 0.4990234375 0.18359375 0.5107421875 0.171875 0.525390625 0.16145833333333334 0.5400390625 0.15625 0.568359375 0.15494791666666666 0.587890625 0.1640625 0.5908203125 0.16276041666666666 0.6083984375 0.13671875 0.62890625 0.11979166666666667
0 0.6318359375 0.3828125 0.6533203125 0.3893229166666667 0.671875 0.4036458333333333 0.6826171875 0.4205729166666667 0.6875 0.43359375 0.6904296875 0.44921875 0.6875 0.4830729166666667 0.6787109375 0.5078125 0.662109375 0.5260416666666666 0.6396484375 0.5338541666666666 0.623046875 0.53125 0.6123046875 0.5260416666666666 0.603515625 0.5182291666666666 0.5947265625 0.5052083333333334 0.5859375 0.4856770833333333 0.5810546875 0.45703125 0.583984375 0.42578125 0.591796875 0.4075520833333333 0.59765625 0.3997395833333333 0.61328125 0.3880208333333333 0.630859375 0.3828125
0 0.3701171875 0.6666666666666666 0.3818359375 0.6705729166666666 0.3916015625 0.6770833333333334 0.4052734375 0.6940104166666666 0.4150390625 0.7291666666666666 0.4140625 0.7578125 0.40625 0.7799479166666666 0.3837890625 0.8111979166666666 0.375 0.8177083333333334 0.359375 0.8229166666666666 0.3427734375 0.8216145833333334 0.3349609375 0.8294270833333334 0.3271484375 0.828125 0.322265625 0.82421875 0.322265625 0.8203125 0.3271484375 0.8151041666666666 0.3056640625 0.7890625 0.3017578125 0.7799479166666666 0.2998046875 0.7591145833333334 0.3017578125 0.7356770833333334 0.3125 0.7018229166666666 0.3291015625 0.6770833333333334 0.3525390625 0.6666666666666666 0.369140625 0.6666666666666666