0 0.44140625 0.2604166666666667 0.447265625 0.2643229166666667 0.4599609375 0.2643229166666667 0.4755859375 0.2734375 0.4912109375 0.2981770833333333 0.498046875 0.3177083333333333 0.501953125 0.3385416666666667 0.5009765625 0.3619791666666667 0.494140625 0.3971354166666667 0.48828125 0.4010416666666667 0.48046875 0.4153645833333333 0.46484375 0.4322916666666667 0.453125 0.4401041666666667 0.44140625 0.4427083333333333 0.4365234375 0.4427083333333333 0.43359375 0.4388020833333333 0.4326171875 0.4140625 0.427734375 0.3932291666666667 0.4130859375 0.3619791666666667 0.3916015625 0.3424479166666667 0.3681640625 0.3294270833333333 0.369140625 0.3177083333333333 0.375 0.30859375 0.3974609375 0.2890625 0.42578125 0.2578125 0.4306640625 0.25390625 0.435546875 0.25390625 0.4404296875 0.2604166666666667
0 0.4775390625 0.014322916666666666 0.4814453125 0.018229166666666668 0.4853515625 0.018229166666666668 0.490234375 0.00390625 0.4931640625 0.00390625 0.4970703125 0.009114583333333334 0.5068359375 0.032552083333333336 0.5107421875 0.0703125 0.5087890625 0.078125 0.5048828125 0.08203125 0.49609375 0.08463541666666667 0.486328125 0.09244791666666667 0.4677734375 0.1171875 0.458984375 0.13541666666666666 0.455078125 0.1328125 0.4482421875 0.10416666666666667 0.4423828125 0.09114583333333333 0.427734375 0.06770833333333333 0.4208984375 0.06380208333333333 0.416015625 0.057291666666666664 0.435546875 0.020833333333333332 0.439453125 0.020833333333333332 0.4482421875 0.032552083333333336 0.4541015625 0.032552083333333336 0.4619140625 0.029947916666666668 0.4697265625 0.018229166666666668 0.4765625 0.014322916666666666
0 0.6650390625 0.5911458333333334 0.6962890625 0.5924479166666666 0.716796875 0.6002604166666666 0.7373046875 0.6223958333333334 0.7431640625 0.6458333333333334 0.7451171875 0.703125 0.7421875 0.7330729166666666 0.716796875 0.76171875 0.689453125 0.7721354166666666 0.666015625 0.7721354166666666 0.6416015625 0.76171875 0.6357421875 0.7565104166666666 0.62109375 0.734375 0.615234375 0.7213541666666666 0.6123046875 0.7083333333333334 0.611328125 0.6692708333333334 0.6123046875 0.6536458333333334 0.6162109375 0.6354166666666666 0.646484375 0.6067708333333334 0.6572265625 0.5924479166666666 0.6640625 0.5911458333333334
0 0.787109375 0.4388020833333333 0.7958984375 0.44140625 0.8125 0.4518229166666667 0.8203125 0.4596354166666667 0.8310546875 0.4765625 0.8359375 0.5052083333333334 0.8359375 0.52734375 0.83203125 0.5520833333333334 0.8330078125 0.5729166666666666 0.830078125 0.5833333333333334 0.8271484375 0.5859375 0.8203125 0.5859375 0.8115234375 0.5794270833333334 0.806640625 0.5794270833333334 0.7900390625 0.59375 0.7734375 0.6015625 0.76171875 0.6015625 0.7431640625 0.5950520833333334 0.71875 0.57421875 0.7119140625 0.55859375 0.7080078125 0.54296875 0.70703125 0.5013020833333334 0.705078125 0.4895833333333333 0.7060546875 0.4830729166666667 0.712890625 0.4700520833333333 0.732421875 0.4479166666666667 0.748046875 0.4479166666666667 0.767578125 0.4388020833333333 0.7861328125 0.4388020833333333
0 0.2568359375 0.6510416666666666 0.2822265625 0.6575520833333334 0.306640625 0.6770833333333334 0.3203125 0.6953125 0.3359375 0.7239583333333334 0.3544921875 0.7447916666666666 0.357421875 0.7578125 0.3671875 0.7721354166666666 0.3662109375 0.7903645833333334 0.3623046875 0.8020833333333334 0.3583984375 0.8072916666666666 0.3515625 0.8111979166666666 0.341796875 0.8059895833333334 0.333984375 0.8098958333333334 0.318359375 0.8255208333333334 0.310546875 0.8385416666666666 0.291015625 0.8619791666666666 0.2734375 0.8736979166666666 0.2587890625 0.87890625 0.2255859375 0.87890625 0.2158203125 0.8736979166666666 0.2021484375 0.8580729166666666 0.177734375 0.8111979166666666 0.169921875 0.8033854166666666 0.1640625 0.8033854166666666 0.154296875 0.7981770833333334 0.1494140625 0.7916666666666666 0.1455078125 0.77734375 0.1455078125 0.7643229166666666 0.1533203125 0.7330729166666666 0.162109375 0.7174479166666666 0.1728515625 0.7161458333333334 0.18359375 0.7096354166666666 0.197265625 0.6875 0.203125 0.68359375 0.2158203125 0.6653645833333334 0.22265625 0.66015625 0.2353515625 0.65234375 0.255859375 0.6510416666666666
0 0.39453125 0.05078125 0.4013671875 0.057291666666666664 0.4150390625 0.061197916666666664 0.4267578125 0.0703125 0.443359375 0.09765625 0.4560546875 0.14322916666666666 0.455078125 0.18489583333333334 0.4453125 0.21875 0.4326171875 0.24088541666666666 0.41796875 0.2604166666666667 0.3857421875 0.29296875 0.373046875 0.30078125 0.3515625 0.3072916666666667 0.310546875 0.3059895833333333 0.298828125 0.2942708333333333 0.2900390625 0.2890625 0.2763671875 0.2721354166666667 0.267578125 0.2578125 0.2578125 0.22265625 0.2578125 0.17708333333333334 0.2646484375 0.16015625 0.2861328125 0.12369791666666667 0.310546875 0.08984375 0.3291015625 0.07161458333333333 0.333984375 0.06380208333333333 0.349609375 0.057291666666666664 0.36328125 0.048177083333333336 0.3935546875 0.05078125
0 0.2412109375 0.33203125 0.275390625 0.3450520833333333 0.2841796875 0.3515625 0.2822265625 0.3580729166666667 0.2744140625 0.3658854166666667 0.259765625 0.3932291666666667 0.24609375 0.4440104166666667 0.24609375 0.4583333333333333 0.25 0.4752604166666667 0.2578125 0.4934895833333333 0.2724609375 0.5104166666666666 0.27734375 0.5286458333333334 0.2666015625 0.5364583333333334 0.2490234375 0.5403645833333334 0.224609375 0.5390625 0.2119140625 0.5338541666666666 0.201171875 0.5260416666666666 0.1943359375 0.5169270833333334 0.181640625 0.5065104166666666 0.169921875 0.4908854166666667 0.158203125 0.4557291666666667 0.158203125 0.4296875 0.162109375 0.3958333333333333 0.1650390625 0.3841145833333333 0.173828125 0.3684895833333333 0.193359375 0.3489583333333333 0.2353515625 0.33203125 0.240234375 0.33203125
0 0.6708984375 0.20182291666666666 0.6826171875 0.20572916666666666 0.69140625 0.21223958333333334 0.7119140625 0.23697916666666666 0.716796875 0.24739583333333334 0.7255859375 0.2786458333333333 0.7314453125 0.3177083333333333 0.7314453125 0.34375 0.7294921875 0.3580729166666667 0.7265625 0.3723958333333333 0.7158203125 0.40234375 0.7021484375 0.4244791666666667 0.69921875 0.4375 0.6865234375 0.44140625 0.677734375 0.46875 0.673828125 0.47265625 0.65625 0.4700520833333333 0.654296875 0.4661458333333333 0.6552734375 0.4557291666666667 0.6533203125 0.453125 0.64453125 0.44921875 0.6142578125 0.42578125 0.6044921875 0.4244791666666667 0.576171875 0.41015625 0.5673828125 0.39453125 0.5634765625 0.3828125 0.55859375 0.3619791666666667 0.5576171875 0.3307291666666667 0.55078125 0.3203125 0.556640625 0.2799479166666667 0.5625 0.26171875 0.580078125 0.23307291666666666 0.599609375 0.21354166666666666 0.6103515625 0.20703125 0.634765625 0.20052083333333334 0.669921875 0.20182291666666666
0 0.5791015625 0.4166666666666667 0.6162109375 0.4322916666666667 0.63671875 0.4479166666666667 0.64453125 0.4583333333333333 0.654296875 0.4791666666666667 0.6611328125 0.5091145833333334 0.6611328125 0.53125 0.6552734375 0.5625 0.654296875 0.58203125 0.6328125 0.6119791666666666 0.615234375 0.6263020833333334 0.609375 0.6354166666666666 0.5947265625 0.63671875 0.583984375 0.640625 0.5654296875 0.640625 0.5556640625 0.6380208333333334 0.5302734375 0.6236979166666666 0.525390625 0.6158854166666666 0.521484375 0.6015625 0.5009765625 0.5638020833333334 0.4970703125 0.5455729166666666 0.490234375 0.5286458333333334 0.4912109375 0.5208333333333334 0.5009765625 0.5 0.5087890625 0.4765625 0.5380859375 0.4348958333333333 0.5615234375 0.4205729166666667 0.578125 0.4166666666666667
0 0.4306640625 0.515625 0.44921875 0.51953125 0.4609375 0.53125 0.470703125 0.5325520833333334 0.4990234375 0.5677083333333334 0.5205078125 0.609375 0.52734375 0.6458333333333334 0.5283203125 0.6848958333333334 0.525390625 0.70703125 0.5224609375 0.71875 0.5126953125 0.7408854166666666 0.4951171875 0.765625 0.490234375 0.76953125 0.47265625 0.7799479166666666 0.4560546875 0.7838541666666666 0.4345703125 0.7838541666666666 0.4091796875 0.7760416666666666 0.39453125 0.765625 0.3798828125 0.7604166666666666 0.375 0.7486979166666666 0.3564453125 0.7369791666666666 0.349609375 0.7213541666666666 0.337890625 0.7057291666666666 0.3369140625 0.6888020833333334 0.3251953125 0.6484375 0.3251953125 0.6028645833333334 0.3310546875 0.5807291666666666 0.3388671875 0.56640625 0.376953125 0.5533854166666666 0.39453125 0.5403645833333334 0.41015625 0.5234375 0.4296875 0.515625
0 0.5537109375 0.07421875 0.5869140625 0.09505208333333333 0.6064453125 0.12109375 0.615234375 0.15104166666666666 0.6171875 0.18098958333333334 0.6162109375 0.1875 0.6064453125 0.20182291666666666 0.5771484375 0.23046875 0.560546875 0.2565104166666667 0.54296875 0.2682291666666667 0.5302734375 0.2721354166666667 0.5166015625 0.265625 0.5048828125 0.25390625 0.494140625 0.24739583333333334 0.47265625 0.2265625 0.4619140625 0.21223958333333334 0.458984375 0.203125 0.4580078125 0.19010416666666666 0.4599609375 0.14192708333333334 0.4619140625 0.1328125 0.47265625 0.11328125 0.482421875 0.10026041666666667 0.494140625 0.08984375 0.521484375 0.07552083333333333 0.5419921875 0.07161458333333333 0.552734375 0.07421875
0 0.3544921875 0.33203125 0.3896484375 0.3450520833333333 0.412109375 0.3658854166666667 0.4248046875 0.3919270833333333 0.4287109375 0.4049479166666667 0.4306640625 0.4153645833333333 0.431640625 0.4505208333333333 0.4287109375 0.47265625 0.423828125 0.4869791666666667 0.41015625 0.5143229166666666 0.3994140625 0.5286458333333334 0.373046875 0.5494791666666666 0.3427734375 0.55859375 0.3359375 0.55859375 0.3037109375 0.5455729166666666 0.2841796875 0.5299479166666666 0.2802734375 0.5247395833333334 0.27734375 0.51171875 0.259765625 0.4921875 0.25390625 0.4791666666666667 0.25 0.46484375 0.2490234375 0.4453125 0.25390625 0.4192708333333333 0.263671875 0.3893229166666667 0.2744140625 0.37109375 0.2900390625 0.3515625 0.3017578125 0.3411458333333333 0.3134765625 0.3346354166666667 0.337890625 0.3307291666666667 0.353515625 0.33203125