0 0.712890625 0.66796875 0.7431640625 0.6848958333333334 0.7626953125 0.7096354166666666 0.7734375 0.7395833333333334 0.77734375 0.7721354166666666 0.775390625 0.8046875 0.7724609375 0.8151041666666666 0.7626953125 0.8346354166666666 0.7509765625 0.8489583333333334 0.736328125 0.8606770833333334 0.7177734375 0.8671875 0.6923828125 0.8619791666666666 0.66796875 0.8502604166666666 0.638671875 0.8125 0.6328125 0.80078125 0.6298828125 0.7890625 0.6298828125 0.7825520833333334 0.6328125 0.7760416666666666 0.6572265625 0.7408854166666666 0.6611328125 0.7174479166666666 0.6708984375 0.6927083333333334 0.6728515625 0.671875 0.6943359375 0.6666666666666666 0.7119140625 0.66796875
0 0.369140625 0.3828125 0.3818359375 0.3919270833333333 0.3896484375 0.4075520833333333 0.3984375 0.4192708333333333 0.4453125 0.4388020833333333 0.474609375 0.4622395833333333 0.4814453125 0.4713541666666667 0.4912109375 0.4947916666666667 0.498046875 0.5234375 0.4990234375 0.5559895833333334 0.4970703125 0.5677083333333334 0.486328125 0.58984375 0.474609375 0.6067708333333334 0.44921875 0.6328125 0.447265625 0.6380208333333334 0.447265625 0.6549479166666666 0.4306640625 0.66796875 0.421875 0.6692708333333334 0.404296875 0.6692708333333334 0.3876953125 0.6614583333333334 0.3505859375 0.6614583333333334 0.333984375 0.6575520833333334 0.3212890625 0.6510416666666666 0.298828125 0.6328125 0.294921875 0.6276041666666666 0.2861328125 0.60546875 0.2841796875 0.5950520833333334 0.2841796875 0.5572916666666666 0.2861328125 0.5403645833333334 0.291015625 0.5221354166666666 0.306640625 0.48828125 0.33984375 0.4440104166666667 0.3544921875 0.3997395833333333 0.36328125 0.3854166666666667 0.3681640625 0.3841145833333333
0 0.5810546875 0.37890625 0.599609375 0.390625 0.619140625 0.41015625 0.6396484375 0.44140625 0.6484375 0.4596354166666667 0.6533203125 0.4765625 0.654296875 0.51953125 0.6474609375 0.546875 0.638671875 0.5625 0.62890625 0.57421875 0.6083984375 0.5885416666666666 0.5791015625 0.5924479166666666 0.568359375 0.5924479166666666 0.556640625 0.5885416666666666 0.5322265625 0.5716145833333334 0.515625 0.5520833333333334 0.5068359375 0.5364583333333334 0.5 0.5143229166666666 0.4951171875 0.4557291666666667 0.49609375 0.44140625 0.501953125 0.41796875 0.5068359375 0.40625 0.5185546875 0.3932291666666667 0.5478515625 0.3776041666666667 0.5703125 0.3763020833333333 0.580078125 0.37890625
0 0.30859375 0.6458333333333334 0.330078125 0.66015625 0.3525390625 0.6653645833333334 0.3837890625 0.6653645833333334 0.40234375 0.6744791666666666 0.4140625 0.6770833333333334 0.423828125 0.6848958333333334 0.4287109375 0.69921875 0.431640625 0.7252604166666666 0.431640625 0.7395833333333334 0.4267578125 0.7630208333333334 0.421875 0.7747395833333334 0.412109375 0.7890625 0.396484375 0.80078125 0.38671875 0.8046875 0.3642578125 0.8046875 0.345703125 0.80078125 0.30859375 0.8020833333333334 0.271484375 0.75390625 0.263671875 0.7526041666666666 0.2568359375 0.7552083333333334 0.2529296875 0.7513020833333334 0.251953125 0.7447916666666666 0.24609375 0.7408854166666666 0.2451171875 0.734375 0.2470703125 0.7239583333333334 0.25390625 0.7161458333333334 0.2578125 0.70703125 0.2578125 0.6809895833333334 0.267578125 0.6809895833333334 0.2734375 0.6927083333333334 0.275390625 0.6953125 0.27734375 0.6940104166666666 0.2900390625 0.6640625 0.302734375 0.6458333333333334 0.3076171875 0.6458333333333334
0 0.75390625 0.4518229166666667 0.787109375 0.4596354166666667 0.798828125 0.46875 0.8115234375 0.48828125 0.822265625 0.54296875 0.8271484375 0.5546875 0.826171875 0.5768229166666666 0.828125 0.5859375 0.833984375 0.59765625 0.8349609375 0.6197916666666666 0.8251953125 0.6432291666666666 0.8095703125 0.6471354166666666 0.7763671875 0.64453125 0.7509765625 0.6588541666666666 0.716796875 0.6614583333333334 0.7001953125 0.6536458333333334 0.6923828125 0.6432291666666666 0.6845703125 0.6263020833333334 0.66796875 0.6041666666666666 0.6591796875 0.5859375 0.6533203125 0.5559895833333334 0.6533203125 0.5416666666666666 0.65625 0.53515625 0.6591796875 0.515625 0.6591796875 0.4778645833333333 0.6650390625 0.46875 0.703125 0.4609375 0.708984375 0.4557291666666667 0.7197265625 0.4518229166666667 0.7529296875 0.4518229166666667
0 0.3291015625 0.010416666666666666 0.34375 0.015625 0.373046875 0.03515625 0.3974609375 0.06640625 0.404296875 0.08463541666666667 0.4091796875 0.08723958333333333 0.4130859375 0.08072916666666667 0.41796875 0.08203125 0.4248046875 0.109375 0.419921875 0.16015625 0.4189453125 0.19791666666666666 0.4072265625 0.23958333333333334 0.392578125 0.2643229166666667 0.365234375 0.28515625 0.3544921875 0.296875 0.3359375 0.3033854166666667 0.3125 0.3020833333333333 0.294921875 0.2942708333333333 0.2705078125 0.2760416666666667 0.25390625 0.2760416666666667 0.248046875 0.2682291666666667 0.2373046875 0.23958333333333334 0.23828125 0.2265625 0.232421875 0.21484375 0.2265625 0.20963541666666666 0.21875 0.20963541666666666 0.2060546875 0.21484375 0.189453125 0.2265625 0.185546875 0.2265625 0.181640625 0.22265625 0.1787109375 0.21484375 0.173828125 0.19140625 0.1748046875 0.18229166666666666 0.1884765625 0.16145833333333334 0.19921875 0.16015625 0.208984375 0.17057291666666666 0.2138671875 0.17317708333333334 0.21875 0.17057291666666666 0.2177734375 0.15625 0.2109375 0.14583333333333334 0.2080078125 0.1328125 0.2177734375 0.12109375 0.216796875 0.10416666666666667 0.2197265625 0.09765625 0.2197265625 0.08723958333333333 0.2333984375 0.055989583333333336 0.2548828125 0.037760416666666664 0.2705078125 0.014322916666666666 0.2900390625 0.016927083333333332 0.3095703125 0.010416666666666666 0.328125 0.010416666666666666
0 0.208984375 0.3138020833333333 0.2216796875 0.3216145833333333 0.2431640625 0.3294270833333333 0.2529296875 0.34375 0.265625 0.38671875 0.267578125 0.41015625 0.2666015625 0.4427083333333333 0.263671875 0.4583333333333333 0.255859375 0.4778645833333333 0.2451171875 0.4908854166666667 0.2109375 0.5052083333333334 0.19140625 0.5065104166666666 0.1484375 0.5065104166666666 0.1396484375 0.5 0.12109375 0.4505208333333333 0.11328125 0.4192708333333333 0.111328125 0.3828125 0.12109375 0.3463541666666667 0.1318359375 0.33203125 0.162109375 0.3177083333333333 0.1923828125 0.3138020833333333 0.197265625 0.3111979166666667 0.2080078125 0.3138020833333333
0 0.638671875 0 0.7841796875 0 0.79296875 0.024739583333333332 0.7998046875 0.05859375 0.7998046875 0.07682291666666667 0.7978515625 0.08463541666666667 0.7998046875 0.1015625 0.787109375 0.12369791666666667 0.7841796875 0.13932291666666666 0.775390625 0.16145833333333334 0.7685546875 0.16927083333333334 0.765625 0.171875 0.7587890625 0.171875 0.75 0.16276041666666666 0.7412109375 0.16927083333333334 0.7236328125 0.17447916666666666 0.6806640625 0.17447916666666666 0.6552734375 0.16276041666666666 0.6513671875 0.15755208333333334 0.6484375 0.14453125 0.6337890625 0.13020833333333334 0.6298828125 0.12109375 0.626953125 0.0390625 0.634765625 0.009114583333333334 0.638671875 0.0013020833333333333
0 0.5302734375 0.57421875 0.5556640625 0.5911458333333334 0.5654296875 0.5950520833333334 0.5947265625 0.5950520833333334 0.615234375 0.5872395833333334 0.623046875 0.5885416666666666 0.6396484375 0.6106770833333334 0.65625 0.65234375 0.662109375 0.6588541666666666 0.6669921875 0.671875 0.666015625 0.6953125 0.6591796875 0.7096354166666666 0.654296875 0.7356770833333334 0.6416015625 0.75390625 0.6376953125 0.7643229166666666 0.6279296875 0.77734375 0.6142578125 0.7877604166666666 0.5908203125 0.80078125 0.580078125 0.8020833333333334 0.564453125 0.80078125 0.548828125 0.7955729166666666 0.5185546875 0.76953125 0.4921875 0.7369791666666666 0.482421875 0.7174479166666666 0.474609375 0.6940104166666666 0.47265625 0.6796875 0.4736328125 0.6223958333333334 0.4873046875 0.6223958333333334 0.4892578125 0.6145833333333334 0.4931640625 0.609375 0.5068359375 0.5989583333333334 0.515625 0.5846354166666666 0.5234375 0.578125 0.525390625 0.5729166666666666 0.529296875 0.57421875
0 0.5009765625 0.75390625 0.5390625 0.7955729166666666 0.5400390625 0.8177083333333334 0.533203125 0.8424479166666666 0.5283203125 0.8515625 0.501953125 0.8880208333333334 0.490234375 0.9114583333333334 0.482421875 0.9192708333333334 0.47265625 0.9192708333333334 0.4677734375 0.9140625 0.44921875 0.8802083333333334 0.43359375 0.86328125 0.4208984375 0.84375 0.4140625 0.8229166666666666 0.4130859375 0.7955729166666666 0.4296875 0.765625 0.4345703125 0.7447916666666666 0.453125 0.7239583333333334 0.46875 0.7122395833333334 0.4736328125 0.7109375 0.5 0.75390625
0 0.5634765625 0.8177083333333334 0.5712890625 0.8125 0.5986328125 0.8059895833333334 0.6162109375 0.7955729166666666 0.6259765625 0.796875 0.630859375 0.80859375 0.6640625 0.8515625 0.6806640625 0.8606770833333334 0.685546875 0.8671875 0.6875 0.8893229166666666 0.67578125 0.9192708333333334 0.658203125 0.9453125 0.6298828125 0.9817708333333334 0.619140625 0.9869791666666666 0.6103515625 0.99609375 0.53125 0.9986979166666666 0.5263671875 0.9947916666666666 0.509765625 0.9661458333333334 0.5029296875 0.9348958333333334 0.5009765625 0.9114583333333334 0.501953125 0.8971354166666666 0.51171875 0.8802083333333334 0.521484375 0.87109375 0.5439453125 0.8307291666666666 0.5615234375 0.8229166666666666 0.5634765625 0.8190104166666666