0 0.5746527777777778 0.2916666666666667 0.6145833333333334 0.29296875 0.6232638888888888 0.2903645833333333 0.6388888888888888 0.2903645833333333 0.6510416666666666 0.2942708333333333 0.6614583333333334 0.3033854166666667 0.6822916666666666 0.3346354166666667 0.6788194444444444 0.3411458333333333 0.6666666666666666 0.3450520833333333 0.6458333333333334 0.3606770833333333 0.6388888888888888 0.37109375 0.6336805555555556 0.38671875 0.6319444444444444 0.4153645833333333 0.6180555555555556 0.4166666666666667 0.6076388888888888 0.41015625 0.5590277777777778 0.4036458333333333 0.53125 0.3880208333333333 0.5138888888888888 0.3723958333333333 0.5121527777777778 0.3463541666666667 0.5295138888888888 0.3307291666666667 0.5486111111111112 0.3203125 0.5746527777777778 0.29296875
0 0.4861111111111111 0.3489583333333333 0.4947916666666667 0.3528645833333333 0.5052083333333334 0.3697916666666667 0.5086805555555556 0.3880208333333333 0.5190972222222222 0.3997395833333333 0.5208333333333334 0.4114583333333333 0.53125 0.4375 0.5295138888888888 0.46875 0.515625 0.4895833333333333 0.4947916666666667 0.5052083333333334 0.484375 0.5104166666666666 0.46875 0.5169270833333334 0.4565972222222222 0.51953125 0.421875 0.5221354166666666 0.375 0.515625 0.3541666666666667 0.5078125 0.34375 0.5013020833333334 0.3229166666666667 0.4830729166666667 0.3177083333333333 0.4752604166666667 0.3177083333333333 0.4661458333333333 0.3125 0.4544270833333333 0.3142361111111111 0.4322916666666667 0.3315972222222222 0.4036458333333333 0.3576388888888889 0.375 0.3715277777777778 0.3658854166666667 0.3819444444444444 0.3619791666666667 0.3958333333333333 0.3619791666666667 0.421875 0.35546875 0.4357638888888889 0.3541666666666667 0.4652777777777778 0.35546875 0.484375 0.3489583333333333
0 0.8854166666666666 0.6770833333333334 0.9114583333333334 0.6796875 0.9305555555555556 0.6848958333333334 0.9409722222222222 0.6848958333333334 0.9583333333333334 0.69140625 0.9791666666666666 0.6927083333333334 0.9861111111111112 0.6953125 0.9982638888888888 0.7057291666666666 0.9982638888888888 0.8515625 0.9895833333333334 0.85546875 0.9444444444444444 0.8645833333333334 0.90625 0.8763020833333334 0.8802083333333334 0.8802083333333334 0.8576388888888888 0.87890625 0.8246527777777778 0.8723958333333334 0.8020833333333334 0.86328125 0.7795138888888888 0.8489583333333334 0.7569444444444444 0.8151041666666666 0.7552083333333334 0.765625 0.7673611111111112 0.7330729166666666 0.7777777777777778 0.7174479166666666 0.7881944444444444 0.7057291666666666 0.8125 0.6861979166666666 0.8472222222222222 0.6770833333333334 0.8836805555555556 0.6770833333333334
0 0.9583333333333334 0.4505208333333333 0.9704861111111112 0.45703125 0.984375 0.4557291666666667 0.9982638888888888 0.45703125 0.9982638888888888 0.6197916666666666 0.9965277777777778 0.62109375 0.9982638888888888 0.6953125 0.9947916666666666 0.6953125 0.9930555555555556 0.69140625 0.9809027777777778 0.6848958333333334 0.9288194444444444 0.6783854166666666 0.9114583333333334 0.6731770833333334 0.8993055555555556 0.6731770833333334 0.8697916666666666 0.6588541666666666 0.84375 0.6393229166666666 0.8246527777777778 0.62109375 0.8229166666666666 0.5950520833333334 0.8194444444444444 0.5911458333333334 0.8211805555555556 0.5872395833333334 0.8107638888888888 0.58203125 0.8072916666666666 0.57421875 0.8107638888888888 0.5377604166666666 0.8315972222222222 0.5221354166666666 0.8315972222222222 0.5078125 0.828125 0.50390625 0.8368055555555556 0.4973958333333333 0.8420138888888888 0.4869791666666667 0.8541666666666666 0.4765625 0.8645833333333334 0.4622395833333333 0.890625 0.4505208333333333 0.9097222222222222 0.4505208333333333 0.921875 0.453125 0.9565972222222222 0.4505208333333333
0 0.4444444444444444 0.640625 0.4548611111111111 0.6484375 0.4635416666666667 0.6432291666666666 0.484375 0.6419270833333334 0.5069444444444444 0.6328125 0.5381944444444444 0.6341145833333334 0.5729166666666666 0.64453125 0.5833333333333334 0.6458333333333334 0.609375 0.65625 0.6354166666666666 0.6627604166666666 0.6527777777777778 0.671875 0.6631944444444444 0.6731770833333334 0.6805555555555556 0.6692708333333334 0.6892361111111112 0.6744791666666666 0.6996527777777778 0.6848958333333334 0.7048611111111112 0.6940104166666666 0.7239583333333334 0.71484375 0.7395833333333334 0.7447916666666666 0.7482638888888888 0.7799479166666666 0.75 0.7955729166666666 0.7482638888888888 0.8125 0.7361111111111112 0.8463541666666666 0.7152777777777778 0.87890625 0.6770833333333334 0.9140625 0.6440972222222222 0.9361979166666666 0.6076388888888888 0.9505208333333334 0.5659722222222222 0.9609375 0.5555555555555556 0.9609375 0.546875 0.9635416666666666 0.4861111111111111 0.9622395833333334 0.4375 0.9544270833333334 0.4201388888888889 0.94921875 0.4114583333333333 0.9427083333333334 0.4010416666666667 0.9427083333333334 0.3663194444444444 0.9283854166666666 0.3454861111111111 0.9166666666666666 0.3142361111111111 0.890625 0.2951388888888889 0.8658854166666666 0.2795138888888889 0.8372395833333334 0.2760416666666667 0.79296875 0.28125 0.7682291666666666 0.2899305555555556 0.7473958333333334 0.3038194444444444 0.7291666666666666 0.3229166666666667 0.7096354166666666 0.3263888888888889 0.69921875 0.3350694444444444 0.6953125 0.3368055555555556 0.6966145833333334 0.3524305555555556 0.6953125 0.3576388888888889 0.6927083333333334 0.3680555555555556 0.6796875 0.3802083333333333 0.6692708333333334 0.3940972222222222 0.6614583333333334 0.4131944444444444 0.65625 0.4184027777777778 0.6510416666666666 0.4375 0.640625 0.4427083333333333 0.640625
0 0.19444444444444445 0.640625 0.21354166666666666 0.6432291666666666 0.24479166666666666 0.65625 0.2569444444444444 0.6640625 0.2725694444444444 0.6783854166666666 0.2847222222222222 0.6848958333333334 0.2951388888888889 0.6979166666666666 0.3020833333333333 0.7239583333333334 0.2829861111111111 0.75 0.2725694444444444 0.7799479166666666 0.2708333333333333 0.8385416666666666 0.2621527777777778 0.8424479166666666 0.24479166666666666 0.85546875 0.22395833333333334 0.8658854166666666 0.19270833333333334 0.8776041666666666 0.16666666666666666 0.8841145833333334 0.13020833333333334 0.8841145833333334 0.09722222222222222 0.8763020833333334 0.08506944444444445 0.8697916666666666 0.052083333333333336 0.8450520833333334 0.03993055555555555 0.8333333333333334 0.03298611111111111 0.8307291666666666 0.024305555555555556 0.8307291666666666 0.020833333333333332 0.828125 0.019097222222222224 0.82421875 0.024305555555555556 0.8138020833333334 0.024305555555555556 0.796875 0.008680555555555556 0.7708333333333334 0.008680555555555556 0.7578125 0.017361111111111112 0.73828125 0.046875 0.6953125 0.08854166666666667 0.66015625 0.10069444444444445 0.6536458333333334 0.13541666666666666 0.6419270833333334 0.16493055555555555 0.6393229166666666 0.19270833333333334 0.640625
0 0.17708333333333334 0.17447916666666666 0.1909722222222222 0.17447916666666666 0.2048611111111111 0.18489583333333334 0.2152777777777778 0.18880208333333334 0.2204861111111111 0.18880208333333334 0.2309027777777778 0.18098958333333334 0.2361111111111111 0.18098958333333334 0.24305555555555555 0.18359375 0.2534722222222222 0.19401041666666666 0.2482638888888889 0.20572916666666666 0.2621527777777778 0.22005208333333334 0.2795138888888889 0.2526041666666667 0.2795138888888889 0.27734375 0.2725694444444444 0.296875 0.2638888888888889 0.3072916666666667 0.2152777777777778 0.30078125 0.2013888888888889 0.30078125 0.1909722222222222 0.2981770833333333 0.1684027777777778 0.2981770833333333 0.1440972222222222 0.3046875 0.12152777777777778 0.3059895833333333 0.1076388888888889 0.3098958333333333 0.09895833333333333 0.3151041666666667 0.09722222222222222 0.3203125 0.0954861111111111 0.3177083333333333 0.08680555555555555 0.3229166666666667 0.07291666666666667 0.3177083333333333 0.059027777777777776 0.3059895833333333 0.04861111111111111 0.2942708333333333 0.041666666666666664 0.2747395833333333 0.046875 0.23828125 0.07291666666666667 0.20442708333333334 0.08680555555555555 0.203125 0.09375 0.20052083333333334 0.10590277777777778 0.19010416666666666 0.12152777777777778 0.18489583333333334 0.1371527777777778 0.18229166666666666 0.1736111111111111 0.18098958333333334 0.17708333333333334 0.17578125
0 0.2638888888888889 0.4596354166666667 0.2708333333333333 0.4661458333333333 0.2743055555555556 0.4739583333333333 0.3072916666666667 0.5052083333333334 0.3194444444444444 0.5221354166666666 0.3315972222222222 0.55078125 0.3298611111111111 0.5807291666666666 0.3263888888888889 0.58984375 0.3159722222222222 0.6041666666666666 0.296875 0.6158854166666666 0.265625 0.62890625 0.2170138888888889 0.63671875 0.1909722222222222 0.63671875 0.1840277777777778 0.6341145833333334 0.1527777777777778 0.6354166666666666 0.1423611111111111 0.6341145833333334 0.13541666666666666 0.625 0.1076388888888889 0.6067708333333334 0.08333333333333333 0.578125 0.0763888888888889 0.5598958333333334 0.0763888888888889 0.5325520833333334 0.0798611111111111 0.5234375 0.09027777777777778 0.5091145833333334 0.10416666666666667 0.49609375 0.1267361111111111 0.4817708333333333 0.16319444444444445 0.4700520833333333 0.2013888888888889 0.46875 0.21875 0.4661458333333333 0.2378472222222222 0.4596354166666667 0.2517361111111111 0.4583333333333333 0.2621527777777778 0.4596354166666667
0 0.6857638888888888 0.4609375 0.7118055555555556 0.46875 0.7326388888888888 0.4791666666666667 0.7586805555555556 0.5026041666666666 0.7829861111111112 0.53515625 0.7916666666666666 0.5690104166666666 0.7916666666666666 0.5989583333333334 0.7847222222222222 0.6223958333333334 0.7743055555555556 0.6393229166666666 0.7586805555555556 0.6549479166666666 0.7309027777777778 0.6705729166666666 0.7065972222222222 0.6783854166666666 0.7013888888888888 0.6783854166666666 0.6857638888888888 0.6627604166666666 0.6805555555555556 0.66015625 0.6545138888888888 0.6666666666666666 0.6371527777777778 0.6575520833333334 0.6111111111111112 0.6497395833333334 0.5972222222222222 0.63671875 0.578125 0.6328125 0.5694444444444444 0.6276041666666666 0.5520833333333334 0.6276041666666666 0.53125 0.62109375 0.5260416666666666 0.6171875 0.5173611111111112 0.6028645833333334 0.5104166666666666 0.5807291666666666 0.5086805555555556 0.5533854166666666 0.5121527777777778 0.5364583333333334 0.5277777777777778 0.5104166666666666 0.5486111111111112 0.48828125 0.5607638888888888 0.4791666666666667 0.5920138888888888 0.46484375 0.6197916666666666 0.4583333333333333 0.6701388888888888 0.4583333333333333 0.6840277777777778 0.4609375
0 0.1909722222222222 0.3020833333333333 0.1996527777777778 0.3046875 0.2222222222222222 0.3046875 0.25 0.30859375 0.2638888888888889 0.3125 0.2829861111111111 0.3229166666666667 0.3003472222222222 0.3385416666666667 0.3125 0.3619791666666667 0.3107638888888889 0.3919270833333333 0.2951388888888889 0.4270833333333333 0.2881944444444444 0.4375 0.2829861111111111 0.4505208333333333 0.2829861111111111 0.45703125 0.2795138888888889 0.4609375 0.2743055555555556 0.4609375 0.2569444444444444 0.453125 0.24305555555555555 0.45703125 0.234375 0.45703125 0.2152777777777778 0.4635416666666667 0.16493055555555555 0.4661458333333333 0.1423611111111111 0.47265625 0.11631944444444445 0.46484375 0.10069444444444445 0.45703125 0.08680555555555555 0.4466145833333333 0.07291666666666667 0.4283854166666667 0.06944444444444445 0.4205729166666667 0.06770833333333333 0.4049479166666667 0.06944444444444445 0.3958333333333333 0.08159722222222222 0.3723958333333333 0.08159722222222222 0.3697916666666667 0.07465277777777778 0.3671875 0.07465277777777778 0.36328125 0.078125 0.35546875 0.08333333333333333 0.3541666666666667 0.0954861111111111 0.3450520833333333 0.09895833333333333 0.33203125 0.11284722222222222 0.3216145833333333 0.1232638888888889 0.3177083333333333 0.1284722222222222 0.3125 0.1701388888888889 0.3020833333333333 0.1892361111111111 0.3020833333333333
0 0.7795138888888888 0.2825520833333333 0.8055555555555556 0.29296875 0.8090277777777778 0.3033854166666667 0.8298611111111112 0.3255208333333333 0.859375 0.3346354166666667 0.8923611111111112 0.3567708333333333 0.90625 0.3723958333333333 0.9114583333333334 0.3841145833333333 0.9079861111111112 0.3932291666666667 0.9045138888888888 0.4205729166666667 0.890625 0.4440104166666667 0.8836805555555556 0.44921875 0.8645833333333334 0.45703125 0.8350694444444444 0.48828125 0.8298611111111112 0.4921875 0.8159722222222222 0.49609375 0.8038194444444444 0.5026041666666666 0.7934027777777778 0.5182291666666666 0.7864583333333334 0.51953125 0.7829861111111112 0.5182291666666666 0.7864583333333334 0.5143229166666666 0.7847222222222222 0.51171875 0.78125 0.5104166666666666 0.7777777777777778 0.5130208333333334 0.7621527777777778 0.5013020833333334 0.7361111111111112 0.4765625 0.6944444444444444 0.4583333333333333 0.6753472222222222 0.45703125 0.6597222222222222 0.453125 0.6527777777777778 0.4479166666666667 0.6475694444444444 0.4401041666666667 0.6371527777777778 0.4153645833333333 0.6388888888888888 0.37890625 0.6493055555555556 0.3619791666666667 0.6701388888888888 0.3463541666666667 0.6840277777777778 0.3411458333333333 0.6892361111111112 0.3294270833333333 0.6961805555555556 0.3229166666666667 0.7170138888888888 0.3151041666666667 0.7309027777777778 0.29296875 0.7482638888888888 0.2864583333333333 0.7690972222222222 0.28515625 0.7777777777777778 0.2825520833333333
0 0.5138888888888888 0.14322916666666666 0.5347222222222222 0.15104166666666666 0.5677083333333334 0.17447916666666666 0.5746527777777778 0.18359375 0.5850694444444444 0.20572916666666666 0.5885416666666666 0.24088541666666666 0.5815972222222222 0.2591145833333333 0.5746527777777778 0.2669270833333333 0.5677083333333334 0.2890625 0.5538194444444444 0.3033854166666667 0.5538194444444444 0.3072916666666667 0.5451388888888888 0.3177083333333333 0.53125 0.32421875 0.5225694444444444 0.3307291666666667 0.5208333333333334 0.3346354166666667 0.5069444444444444 0.3450520833333333 0.5 0.34765625 0.4913194444444444 0.3450520833333333 0.4826388888888889 0.3450520833333333 0.46875 0.3489583333333333 0.4496527777777778 0.3489583333333333 0.4131944444444444 0.3528645833333333 0.3975694444444444 0.3580729166666667 0.3854166666666667 0.3580729166666667 0.3697916666666667 0.3619791666666667 0.3506944444444444 0.3606770833333333 0.3177083333333333 0.3424479166666667 0.3107638888888889 0.3346354166666667 0.3090277777777778 0.3203125 0.3020833333333333 0.3072916666666667 0.3003472222222222 0.2981770833333333 0.3055555555555556 0.2669270833333333 0.3159722222222222 0.2421875 0.3246527777777778 0.20703125 0.3315972222222222 0.19791666666666666 0.3697916666666667 0.16666666666666666 0.4079861111111111 0.1484375 0.4548611111111111 0.13802083333333334 0.4947916666666667 0.13802083333333334 0.5121527777777778 0.14322916666666666