0 0.75390625 0.55078125 0.7763671875 0.5546875 0.8193359375 0.5768229166666666 0.8427734375 0.59765625 0.8623046875 0.62109375 0.876953125 0.64453125 0.890625 0.6783854166666666 0.8974609375 0.71484375 0.8984375 0.74609375 0.892578125 0.7760416666666666 0.876953125 0.8138020833333334 0.859375 0.83984375 0.841796875 0.85546875 0.8251953125 0.8671875 0.8115234375 0.8723958333333334 0.76953125 0.8971354166666666 0.748046875 0.8997395833333334 0.740234375 0.8958333333333334 0.732421875 0.8958333333333334 0.716796875 0.91015625 0.7041015625 0.9114583333333334 0.6787109375 0.9036458333333334 0.6748046875 0.8997395833333334 0.6748046875 0.8919270833333334 0.6689453125 0.8919270833333334 0.6640625 0.8880208333333334 0.6640625 0.8763020833333334 0.681640625 0.87109375 0.6845703125 0.8658854166666666 0.6845703125 0.859375 0.6728515625 0.8333333333333334 0.6650390625 0.8294270833333334 0.654296875 0.828125 0.6474609375 0.8203125 0.642578125 0.8072916666666666 0.63671875 0.7994791666666666 0.6328125 0.7825520833333334 0.626953125 0.76953125 0.625 0.75390625 0.634765625 0.73046875 0.6494140625 0.6796875 0.6533203125 0.6432291666666666 0.6572265625 0.6328125 0.6572265625 0.6197916666666666 0.662109375 0.6158854166666666 0.66796875 0.6158854166666666 0.6708984375 0.6119791666666666 0.671875 0.6041666666666666 0.6787109375 0.5924479166666666 0.6787109375 0.57421875 0.6904296875 0.5638020833333334 0.7021484375 0.5611979166666666 0.72265625 0.55078125 0.7529296875 0.55078125
0 0.9990234375 0.7799479166666666 0.9990234375 0.9127604166666666 0.994140625 0.9153645833333334 0.96484375 0.9036458333333334 0.9443359375 0.8854166666666666 0.9267578125 0.8619791666666666 0.9140625 0.8385416666666666 0.9091796875 0.8177083333333334 0.900390625 0.7942708333333334 0.904296875 0.7005208333333334 0.9140625 0.6549479166666666 0.921875 0.63671875 0.921875 0.6236979166666666 0.9248046875 0.609375 0.9365234375 0.58203125 0.943359375 0.5716145833333334 0.94921875 0.5520833333333334 0.955078125 0.5403645833333334 0.978515625 0.5104166666666666 0.994140625 0.4986979166666667 0.9990234375 0.4986979166666667 0.9990234375 0.74609375 0.99609375 0.7486979166666666 0.99609375 0.7721354166666666 0.998046875 0.7799479166666666
0 0.51953125 0.8294270833333334 0.5341796875 0.8307291666666666 0.548828125 0.8359375 0.5615234375 0.8463541666666666 0.5849609375 0.875 0.59375 0.8958333333333334 0.6171875 0.9322916666666666 0.61328125 0.94140625 0.61328125 0.9518229166666666 0.623046875 0.9908854166666666 0.62109375 0.9986979166666666 0.544921875 0.9986979166666666 0.54296875 0.99609375 0.5390625 0.9986979166666666 0.5361328125 0.99609375 0.52734375 0.99609375 0.525390625 0.9986979166666666 0.4033203125 0.9986979166666666 0.40234375 0.9934895833333334 0.4072265625 0.9466145833333334 0.41796875 0.91015625 0.427734375 0.8880208333333334 0.44140625 0.8723958333333334 0.4736328125 0.85546875 0.4853515625 0.83984375 0.4931640625 0.8333333333333334 0.5185546875 0.8294270833333334
0 0.2724609375 0.5768229166666666 0.2890625 0.5846354166666666 0.3056640625 0.5963541666666666 0.341796875 0.6341145833333334 0.359375 0.6614583333333334 0.3681640625 0.6822916666666666 0.3720703125 0.69921875 0.3759765625 0.7057291666666666 0.3837890625 0.6888020833333334 0.396484375 0.6848958333333334 0.4072265625 0.6875 0.4111328125 0.6848958333333334 0.4150390625 0.6966145833333334 0.4248046875 0.7122395833333334 0.42578125 0.7239583333333334 0.4296875 0.7330729166666666 0.431640625 0.8216145833333334 0.4287109375 0.84375 0.4150390625 0.8763020833333334 0.400390625 0.89453125 0.3935546875 0.91796875 0.3857421875 0.9361979166666666 0.3828125 0.9544270833333334 0.353515625 0.9947916666666666 0.345703125 0.9986979166666666 0.3359375 0.99609375 0.3291015625 0.9986979166666666 0.3232421875 0.99609375 0.318359375 0.99609375 0.3173828125 0.9986979166666666 0.2607421875 0.9986979166666666 0.2587890625 0.99609375 0.248046875 0.99609375 0.2470703125 0.9986979166666666 0.2392578125 0.9986979166666666 0.2373046875 0.99609375 0.2353515625 0.9986979166666666 0.2265625 0.9986979166666666 0.2099609375 0.9947916666666666 0.2021484375 0.9986979166666666 0.1708984375 0.9986979166666666 0.1689453125 0.99609375 0.1650390625 0.9986979166666666 0.150390625 0.9986979166666666 0.1474609375 0.9947916666666666 0.1396484375 0.9921875 0.125 0.99609375 0.1123046875 0.99609375 0.1083984375 0.9986979166666666 0.107421875 0.99609375 0.0986328125 0.9934895833333334 0.0869140625 0.9752604166666666 0.0771484375 0.9544270833333334 0.0595703125 0.9036458333333334 0.052734375 0.8450520833333334 0.0546875 0.8020833333333334 0.0458984375 0.7955729166666666 0.041015625 0.7825520833333334 0.04296875 0.7721354166666666 0.0478515625 0.765625 0.05859375 0.7395833333333334 0.0625 0.7161458333333334 0.068359375 0.6979166666666666 0.06640625 0.69140625 0.0556640625 0.6783854166666666 0.0537109375 0.6705729166666666 0.0556640625 0.6614583333333334 0.064453125 0.6497395833333334 0.0771484375 0.6419270833333334 0.0859375 0.6276041666666666 0.1005859375 0.6119791666666666 0.1171875 0.609375 0.119140625 0.6067708333333334 0.1220703125 0.6080729166666666 0.119140625 0.6158854166666666 0.111328125 0.6184895833333334 0.1181640625 0.6328125 0.123046875 0.63671875 0.125 0.6276041666666666 0.138671875 0.6119791666666666 0.146484375 0.6080729166666666 0.158203125 0.5950520833333334 0.177734375 0.5846354166666666 0.212890625 0.5846354166666666 0.2353515625 0.58203125 0.2578125 0.5755208333333334 0.271484375 0.5768229166666666
0 0.86328125 0.2669270833333333 0.8974609375 0.27734375 0.923828125 0.29296875 0.935546875 0.3059895833333333 0.9599609375 0.3385416666666667 0.970703125 0.3763020833333333 0.9736328125 0.40234375 0.970703125 0.4557291666666667 0.9501953125 0.51171875 0.9326171875 0.53515625 0.923828125 0.55078125 0.908203125 0.56640625 0.8671875 0.5846354166666666 0.8486328125 0.5846354166666666 0.8349609375 0.5807291666666666 0.765625 0.5377604166666666 0.7421875 0.5286458333333334 0.7255859375 0.5169270833333334 0.7216796875 0.51171875 0.7177734375 0.4973958333333333 0.71875 0.4830729166666667 0.724609375 0.4713541666666667 0.720703125 0.4596354166666667 0.7216796875 0.4557291666666667 0.7353515625 0.4388020833333333 0.73828125 0.4283854166666667 0.7392578125 0.41796875 0.734375 0.4049479166666667 0.7333984375 0.3828125 0.7373046875 0.3619791666666667 0.75 0.3307291666666667 0.767578125 0.30859375 0.798828125 0.2838541666666667 0.822265625 0.2721354166666667 0.8623046875 0.2669270833333333
0 0.8828125 0.8333333333333334 0.9013671875 0.84375 0.9248046875 0.8723958333333334 0.931640625 0.88671875 0.9462890625 0.8997395833333334 0.9501953125 0.9127604166666666 0.9609375 0.9309895833333334 0.98046875 0.9752604166666666 0.98046875 0.9986979166666666 0.9208984375 0.9986979166666666 0.9189453125 0.99609375 0.916015625 0.99609375 0.9150390625 0.9986979166666666 0.8857421875 0.9986979166666666 0.884765625 0.9908854166666666 0.876953125 0.9700520833333334 0.8662109375 0.94921875 0.8466796875 0.8958333333333334 0.8466796875 0.8841145833333334 0.8505859375 0.875 0.8603515625 0.86328125 0.875 0.8372395833333334 0.8818359375 0.8346354166666666
0 0.38671875 0.07421875 0.3994140625 0.08203125 0.4111328125 0.09635416666666667 0.41796875 0.109375 0.4189453125 0.12109375 0.421875 0.12890625 0.4228515625 0.15364583333333334 0.4208984375 0.16536458333333334 0.4228515625 0.18489583333333334 0.421875 0.20052083333333334 0.41796875 0.21484375 0.41796875 0.23046875 0.423828125 0.2682291666666667 0.4228515625 0.2825520833333333 0.4248046875 0.3046875 0.4287109375 0.3203125 0.4287109375 0.3541666666666667 0.4140625 0.3932291666666667 0.4033203125 0.4140625 0.375 0.4479166666666667 0.33203125 0.4765625 0.3046875 0.4869791666666667 0.2900390625 0.4895833333333333 0.2587890625 0.48828125 0.2060546875 0.47265625 0.1982421875 0.4661458333333333 0.189453125 0.4635416666666667 0.1875 0.4557291666666667 0.173828125 0.4440104166666667 0.158203125 0.4192708333333333 0.1357421875 0.3541666666666667 0.1259765625 0.2994791666666667 0.1259765625 0.2786458333333333 0.1240234375 0.2682291666666667 0.125 0.22526041666666666 0.1318359375 0.1875 0.1533203125 0.13151041666666666 0.1787109375 0.1015625 0.1904296875 0.09895833333333333 0.2099609375 0.08984375 0.2373046875 0.0859375 0.2646484375 0.08723958333333333 0.29296875 0.09375 0.328125 0.09505208333333333 0.3388671875 0.08203125 0.3525390625 0.078125 0.357421875 0.07421875 0.369140625 0.07682291666666667 0.375 0.07421875 0.3857421875 0.07421875
0 0 0.26953125 0.021484375 0.2734375 0.052734375 0.2890625 0.0751953125 0.3111979166666667 0.1083984375 0.3619791666666667 0.1162109375 0.3645833333333333 0.123046875 0.38671875 0.130859375 0.4010416666666667 0.1533203125 0.4739583333333333 0.1640625 0.4791666666666667 0.171875 0.4947916666666667 0.171875 0.5078125 0.16796875 0.5130208333333334 0.162109375 0.5143229166666666 0.134765625 0.5416666666666666 0.1171875 0.5677083333333334 0.1044921875 0.59375 0.1015625 0.5963541666666666 0.095703125 0.59375 0.0771484375 0.5963541666666666 0.0361328125 0.6328125 0.0166015625 0.64453125 0 0.6484375 0 0.2708333333333333
0 0.6552734375 0 0.994140625 0 0.9990234375 0.006510416666666667 0.9990234375 0.052083333333333336 0.9970703125 0.053385416666666664 0.9990234375 0.057291666666666664 0.9990234375 0.12109375 0.990234375 0.13411458333333334 0.98828125 0.14322916666666666 0.974609375 0.16145833333333334 0.970703125 0.171875 0.92578125 0.22135416666666666 0.884765625 0.25 0.853515625 0.26171875 0.81640625 0.2643229166666667 0.767578125 0.2578125 0.7548828125 0.25390625 0.740234375 0.24479166666666666 0.7265625 0.23177083333333334 0.7265625 0.22395833333333334 0.732421875 0.203125 0.732421875 0.19010416666666666 0.734375 0.1875 0.748046875 0.18619791666666666 0.7529296875 0.1796875 0.7548828125 0.16015625 0.7529296875 0.15494791666666666 0.75390625 0.14322916666666666 0.7509765625 0.13151041666666666 0.7451171875 0.11458333333333333 0.7392578125 0.10677083333333333 0.7333984375 0.10416666666666667 0.7265625 0.10546875 0.7041015625 0.07161458333333333 0.6953125 0.06901041666666667 0.6884765625 0.07291666666666667 0.6845703125 0.07161458333333333 0.6787109375 0.06380208333333333 0.6767578125 0.057291666666666664 0.658203125 0.029947916666666668 0.654296875 0.013020833333333334 0.6552734375 0.0013020833333333333
0 0.994140625 0.14322916666666666 0.9990234375 0.14453125 0.9990234375 0.40234375 0.98828125 0.40234375 0.9765625 0.3958333333333333 0.96875 0.3541666666666667 0.962890625 0.3372395833333333 0.9365234375 0.30078125 0.9091796875 0.2760416666666667 0.9033203125 0.2682291666666667 0.9013671875 0.2552083333333333 0.9013671875 0.24739583333333334 0.9033203125 0.24348958333333334 0.9287109375 0.22265625 0.958984375 0.19140625 0.9716796875 0.17578125 0.9794921875 0.16015625 0.9873046875 0.15104166666666666 0.9931640625 0.1484375 0.994140625 0.14453125
0 0.486328125 0.41015625 0.5009765625 0.4153645833333333 0.5263671875 0.4088541666666667 0.5458984375 0.4114583333333333 0.5634765625 0.4192708333333333 0.58203125 0.4388020833333333 0.5859375 0.4466145833333333 0.6064453125 0.4713541666666667 0.6220703125 0.4986979166666667 0.62890625 0.515625 0.638671875 0.5286458333333334 0.6416015625 0.5377604166666666 0.642578125 0.5546875 0.6455078125 0.5638020833333334 0.6494140625 0.5950520833333334 0.650390625 0.6341145833333334 0.64453125 0.6809895833333334 0.6376953125 0.69921875 0.63671875 0.7109375 0.626953125 0.7369791666666666 0.611328125 0.76171875 0.5869140625 0.78515625 0.5615234375 0.8033854166666666 0.5400390625 0.8125 0.5244140625 0.8151041666666666 0.498046875 0.8151041666666666 0.478515625 0.8111979166666666 0.4638671875 0.8046875 0.4453125 0.7916666666666666 0.4375 0.7799479166666666 0.4365234375 0.7330729166666666 0.4306640625 0.7096354166666666 0.4228515625 0.6940104166666666 0.41015625 0.67578125 0.3974609375 0.6744791666666666 0.384765625 0.6770833333333334 0.3740234375 0.66796875 0.3701171875 0.6119791666666666 0.37109375 0.578125 0.380859375 0.5325520833333334 0.400390625 0.4817708333333333 0.4169921875 0.4544270833333333 0.4365234375 0.4322916666666667 0.455078125 0.4192708333333333 0.4853515625 0.41015625
0 0.5859375 0 0.5947265625 0.006510416666666667 0.6064453125 0.0078125 0.6162109375 0.014322916666666666 0.6376953125 0.020833333333333332 0.646484375 0.028645833333333332 0.66796875 0.052083333333333336 0.67578125 0.06770833333333333 0.689453125 0.08723958333333333 0.6953125 0.08723958333333333 0.7021484375 0.09505208333333333 0.7060546875 0.09505208333333333 0.7060546875 0.09895833333333333 0.703125 0.09505208333333333 0.6982421875 0.09895833333333333 0.6982421875 0.10807291666666667 0.703125 0.11848958333333333 0.708984375 0.10807291666666667 0.712890625 0.10807291666666667 0.7236328125 0.11848958333333333 0.728515625 0.11848958333333333 0.7373046875 0.12369791666666667 0.7392578125 0.12890625 0.744140625 0.1328125 0.7470703125 0.140625 0.7451171875 0.14973958333333334 0.748046875 0.15364583333333334 0.748046875 0.16276041666666666 0.7412109375 0.17578125 0.7265625 0.17578125 0.724609375 0.17838541666666666 0.724609375 0.20963541666666666 0.7158203125 0.22916666666666666 0.7138671875 0.2578125 0.7060546875 0.2890625 0.6982421875 0.3033854166666667 0.6904296875 0.3255208333333333 0.6728515625 0.3489583333333333 0.658203125 0.3619791666666667 0.623046875 0.3841145833333333 0.6015625 0.3893229166666667 0.5966796875 0.3932291666666667 0.5361328125 0.3932291666666667 0.5283203125 0.3958333333333333 0.5234375 0.4036458333333333 0.5126953125 0.4075520833333333 0.5009765625 0.4075520833333333 0.4892578125 0.4036458333333333 0.4833984375 0.39453125 0.4716796875 0.3567708333333333 0.458984375 0.3346354166666667 0.44921875 0.3255208333333333 0.4423828125 0.3151041666666667 0.435546875 0.2643229166666667 0.427734375 0.23697916666666666 0.427734375 0.13151041666666666 0.4248046875 0.1171875 0.4248046875 0.10546875 0.44140625 0.06640625 0.46875 0.032552083333333336 0.490234375 0.01171875 0.513671875 0 0.5849609375 0