0 0.40234375 0.4934895833333333 0.4287109375 0.50390625 0.439453125 0.5130208333333334 0.453125 0.5338541666666666 0.4580078125 0.5481770833333334 0.46875 0.56640625 0.4716796875 0.5794270833333334 0.47265625 0.6393229166666666 0.46484375 0.6640625 0.447265625 0.6888020833333334 0.4130859375 0.7057291666666666 0.3955078125 0.7057291666666666 0.3837890625 0.7018229166666666 0.365234375 0.6875 0.3544921875 0.6744791666666666 0.341796875 0.6549479166666666 0.3369140625 0.6432291666666666 0.333984375 0.6197916666666666 0.3349609375 0.609375 0.330078125 0.5911458333333334 0.330078125 0.5755208333333334 0.333984375 0.55859375 0.33984375 0.5403645833333334 0.349609375 0.5221354166666666 0.3583984375 0.5104166666666666 0.373046875 0.4986979166666667 0.390625 0.4934895833333333 0.4013671875 0.4934895833333333
0 0.4541015625 0.3346354166666667 0.462890625 0.3346354166666667 0.48046875 0.34765625 0.5009765625 0.3528645833333333 0.517578125 0.3619791666666667 0.5361328125 0.3854166666666667 0.5439453125 0.4114583333333333 0.54296875 0.4505208333333333 0.5341796875 0.4778645833333333 0.5224609375 0.4973958333333333 0.5078125 0.51171875 0.4912109375 0.5182291666666666 0.466796875 0.5182291666666666 0.4443359375 0.5052083333333334 0.435546875 0.4973958333333333 0.4208984375 0.4778645833333333 0.4140625 0.4622395833333333 0.4111328125 0.44921875 0.41015625 0.4361979166666667 0.4140625 0.40625 0.4267578125 0.3763020833333333 0.4365234375 0.359375 0.4404296875 0.3450520833333333 0.4462890625 0.3372395833333333 0.453125 0.3346354166666667
0 0.7314453125 0.5104166666666666 0.7548828125 0.5182291666666666 0.7734375 0.5325520833333334 0.7802734375 0.5416666666666666 0.791015625 0.5611979166666666 0.7958984375 0.5755208333333334 0.8037109375 0.6158854166666666 0.8037109375 0.6341145833333334 0.7998046875 0.6549479166666666 0.791015625 0.67578125 0.7646484375 0.71484375 0.75390625 0.7174479166666666 0.740234375 0.7265625 0.716796875 0.7278645833333334 0.69921875 0.7330729166666666 0.6875 0.7317708333333334 0.669921875 0.7200520833333334 0.654296875 0.7057291666666666 0.640625 0.6848958333333334 0.6318359375 0.6653645833333334 0.6240234375 0.6380208333333334 0.6259765625 0.5989583333333334 0.62890625 0.5872395833333334 0.640625 0.5611979166666666 0.6474609375 0.5494791666666666 0.6650390625 0.5286458333333334 0.69140625 0.5143229166666666 0.73046875 0.5104166666666666
0 0.220703125 0.5182291666666666 0.220703125 0.5260416666666666 0.2255859375 0.5338541666666666 0.228515625 0.5338541666666666 0.2373046875 0.5260416666666666 0.2509765625 0.52734375 0.26171875 0.5247395833333334 0.2802734375 0.52734375 0.2900390625 0.5325520833333334 0.306640625 0.5481770833333334 0.3212890625 0.5690104166666666 0.326171875 0.58203125 0.33203125 0.6145833333333334 0.3310546875 0.6328125 0.3349609375 0.6536458333333334 0.32421875 0.69140625 0.318359375 0.6953125 0.30078125 0.7174479166666666 0.29296875 0.7239583333333334 0.2568359375 0.7421875 0.2392578125 0.7421875 0.212890625 0.7278645833333334 0.1884765625 0.6953125 0.1796875 0.6888020833333334 0.17578125 0.6744791666666666 0.173828125 0.6575520833333334 0.1748046875 0.6184895833333334 0.185546875 0.5677083333333334 0.189453125 0.5598958333333334 0.19921875 0.5546875 0.21484375 0.5390625 0.2158203125 0.5338541666666666 0.2119140625 0.5221354166666666 0.21484375 0.5182291666666666 0.2197265625 0.5182291666666666
0 0.396484375 0.26171875 0.416015625 0.265625 0.4375 0.2799479166666667 0.4462890625 0.2825520833333333 0.462890625 0.3033854166666667 0.458984375 0.3125 0.4609375 0.3294270833333333 0.458984375 0.33203125 0.4453125 0.3333333333333333 0.44140625 0.3372395833333333 0.4326171875 0.3619791666666667 0.4150390625 0.3919270833333333 0.4111328125 0.3854166666666667 0.41015625 0.3684895833333333 0.400390625 0.3411458333333333 0.388671875 0.3190104166666667 0.3779296875 0.3059895833333333 0.37109375 0.29296875 0.37109375 0.27734375 0.3798828125 0.2643229166666667 0.384765625 0.26171875 0.3955078125 0.26171875
0 0.3017578125 0.26171875 0.3212890625 0.2643229166666667 0.341796875 0.2721354166666667 0.353515625 0.2786458333333333 0.3623046875 0.2877604166666667 0.388671875 0.32421875 0.4013671875 0.3489583333333333 0.408203125 0.3736979166666667 0.408203125 0.4049479166666667 0.4052734375 0.4296875 0.4072265625 0.45703125 0.4033203125 0.4635416666666667 0.400390625 0.4765625 0.3916015625 0.4869791666666667 0.3779296875 0.4908854166666667 0.3642578125 0.4986979166666667 0.3544921875 0.5091145833333334 0.3408203125 0.5299479166666666 0.333984375 0.53515625 0.3232421875 0.53515625 0.306640625 0.5260416666666666 0.2841796875 0.51953125 0.2490234375 0.49609375 0.22265625 0.4622395833333333 0.20703125 0.4296875 0.2060546875 0.3971354166666667 0.2099609375 0.37109375 0.2275390625 0.3098958333333333 0.255859375 0.2786458333333333 0.2822265625 0.2643229166666667 0.30078125 0.26171875
0 0.7490234375 0.24348958333333334 0.7705078125 0.24609375 0.787109375 0.25390625 0.7998046875 0.2643229166666667 0.814453125 0.2838541666666667 0.822265625 0.2890625 0.8291015625 0.3033854166666667 0.845703125 0.3229166666666667 0.8466796875 0.3307291666666667 0.8447265625 0.3411458333333333 0.853515625 0.37890625 0.8525390625 0.4231770833333333 0.84765625 0.4453125 0.84765625 0.4544270833333333 0.8291015625 0.4869791666666667 0.81640625 0.5026041666666666 0.7998046875 0.5143229166666666 0.783203125 0.5182291666666666 0.763671875 0.5182291666666666 0.7421875 0.5078125 0.7275390625 0.5052083333333334 0.7158203125 0.4986979166666667 0.681640625 0.4635416666666667 0.6767578125 0.4622395833333333 0.6748046875 0.46484375 0.669921875 0.4635416666666667 0.6611328125 0.4661458333333333 0.6533203125 0.4635416666666667 0.650390625 0.4596354166666667 0.650390625 0.4544270833333333 0.6572265625 0.4557291666666667 0.66015625 0.4518229166666667 0.6572265625 0.44921875 0.658203125 0.4479166666666667 0.6611328125 0.4466145833333333 0.6650390625 0.44921875 0.669921875 0.4466145833333333 0.6650390625 0.4401041666666667 0.6611328125 0.4440104166666667 0.6572265625 0.4427083333333333 0.6611328125 0.4348958333333333 0.6650390625 0.43359375 0.6669921875 0.421875 0.6669921875 0.41015625 0.6611328125 0.390625 0.66015625 0.34765625 0.6630859375 0.3372395833333333 0.6748046875 0.3190104166666667 0.6806640625 0.3046875 0.69140625 0.26171875 0.712890625 0.24739583333333334 0.7275390625 0.24348958333333334 0.748046875 0.24348958333333334
0 0.5654296875 0.4973958333333333 0.5830078125 0.5013020833333334 0.6005859375 0.5143229166666666 0.61328125 0.5364583333333334 0.6201171875 0.5703125 0.6201171875 0.60546875 0.6162109375 0.6236979166666666 0.6181640625 0.64453125 0.6123046875 0.66015625 0.603515625 0.671875 0.58203125 0.6770833333333334 0.5673828125 0.6848958333333334 0.5244140625 0.6822916666666666 0.51171875 0.6744791666666666 0.4970703125 0.6588541666666666 0.490234375 0.6471354166666666 0.4853515625 0.6341145833333334 0.4814453125 0.6145833333333334 0.4814453125 0.5950520833333334 0.490234375 0.5625 0.48828125 0.54296875 0.490234375 0.5260416666666666 0.498046875 0.5208333333333334 0.521484375 0.5130208333333334 0.5302734375 0.5065104166666666 0.564453125 0.4973958333333333
0 0.505859375 0.11328125 0.5302734375 0.13020833333333334 0.5478515625 0.15364583333333334 0.5615234375 0.18619791666666666 0.5615234375 0.2109375 0.560546875 0.21744791666666666 0.5458984375 0.234375 0.533203125 0.25390625 0.5244140625 0.2890625 0.513671875 0.2981770833333333 0.49609375 0.3033854166666667 0.478515625 0.3033854166666667 0.46875 0.30078125 0.458984375 0.29296875 0.4482421875 0.2799479166666667 0.4384765625 0.2565104166666667 0.4267578125 0.21484375 0.4150390625 0.19010416666666666 0.4130859375 0.17057291666666666 0.416015625 0.15885416666666666 0.4228515625 0.15234375 0.4560546875 0.13802083333333334 0.470703125 0.12369791666666667 0.482421875 0.11588541666666667 0.490234375 0.11328125 0.5048828125 0.11328125
0 0.625 0.21354166666666666 0.6484375 0.22526041666666666 0.6640625 0.23958333333333334 0.6767578125 0.2578125 0.6806640625 0.2708333333333333 0.681640625 0.2838541666666667 0.6748046875 0.3072916666666667 0.65625 0.3359375 0.6533203125 0.3684895833333333 0.6328125 0.3854166666666667 0.5986328125 0.3971354166666667 0.587890625 0.3971354166666667 0.56640625 0.37890625 0.5380859375 0.34375 0.5244140625 0.3307291666666667 0.5205078125 0.3177083333333333 0.515625 0.3098958333333333 0.5185546875 0.30859375 0.52734375 0.3125 0.5302734375 0.3098958333333333 0.529296875 0.2903645833333333 0.5322265625 0.2708333333333333 0.5419921875 0.24479166666666666 0.5556640625 0.22916666666666666 0.5634765625 0.22265625 0.578125 0.21614583333333334 0.591796875 0.21614583333333334 0.5986328125 0.21223958333333334 0.6240234375 0.21354166666666666
0 0.658203125 0 0.6826171875 0.016927083333333332 0.7001953125 0.040364583333333336 0.7138671875 0.07942708333333333 0.716796875 0.09765625 0.716796875 0.11328125 0.7138671875 0.12890625 0.70703125 0.14713541666666666 0.6962890625 0.16536458333333334 0.6904296875 0.18359375 0.671875 0.21223958333333334 0.658203125 0.22265625 0.6396484375 0.21223958333333334 0.6328125 0.21223958333333334 0.625 0.20833333333333334 0.587890625 0.20833333333333334 0.5810546875 0.1953125 0.5693359375 0.19270833333333334 0.56640625 0.18229166666666666 0.552734375 0.15625 0.5517578125 0.14453125 0.552734375 0.109375 0.5556640625 0.09765625 0.5693359375 0.06640625 0.5888671875 0.040364583333333336 0.595703125 0.026041666666666668 0.59765625 0.016927083333333332 0.6064453125 0.014322916666666666 0.6181640625 0.00390625 0.6357421875 0.0026041666666666665 0.638671875 0 0.6572265625 0
0 0.7841796875 0.12369791666666667 0.79296875 0.13020833333333334 0.7998046875 0.14192708333333334 0.8037109375 0.15364583333333334 0.80859375 0.18880208333333334 0.8076171875 0.22916666666666666 0.8046875 0.2421875 0.7978515625 0.2565104166666667 0.775390625 0.24479166666666666 0.755859375 0.24088541666666666 0.7265625 0.24088541666666666 0.7119140625 0.24479166666666666 0.69921875 0.2526041666666667 0.6943359375 0.2526041666666667 0.69140625 0.25 0.6875 0.23567708333333334 0.6865234375 0.21744791666666666 0.693359375 0.18489583333333334 0.701171875 0.16276041666666666 0.7177734375 0.1328125 0.732421875 0.125 0.7431640625 0.12369791666666667 0.7509765625 0.11848958333333333 0.783203125 0.12369791666666667