0 0.4201388888888889 0.5807291666666666 0.4548611111111111 0.59765625 0.484375 0.6263020833333334 0.4913194444444444 0.6432291666666666 0.4878472222222222 0.6640625 0.4739583333333333 0.6796875 0.4583333333333333 0.7057291666666666 0.4548611111111111 0.71875 0.453125 0.7552083333333334 0.4322916666666667 0.765625 0.421875 0.7682291666666666 0.3784722222222222 0.7682291666666666 0.3611111111111111 0.76171875 0.3506944444444444 0.76171875 0.328125 0.75390625 0.2916666666666667 0.7291666666666666 0.2777777777777778 0.72265625 0.2708333333333333 0.7174479166666666 0.2638888888888889 0.7057291666666666 0.265625 0.68359375 0.2708333333333333 0.6744791666666666 0.2795138888888889 0.64453125 0.2934027777777778 0.6184895833333334 0.3090277777777778 0.6015625 0.3350694444444444 0.5859375 0.3541666666666667 0.578125 0.375 0.5755208333333334 0.4010416666666667 0.5755208333333334 0.4184027777777778 0.5807291666666666
0 0.6736111111111112 0.10286458333333333 0.6840277777777778 0.10677083333333333 0.7013888888888888 0.10807291666666667 0.7274305555555556 0.11458333333333333 0.7482638888888888 0.12630208333333334 0.7534722222222222 0.13541666666666666 0.7604166666666666 0.140625 0.7760416666666666 0.16796875 0.7777777777777778 0.1796875 0.7760416666666666 0.22265625 0.75 0.2643229166666667 0.7395833333333334 0.2721354166666667 0.734375 0.28515625 0.7100694444444444 0.2994791666666667 0.6822916666666666 0.3216145833333333 0.6736111111111112 0.3255208333333333 0.6631944444444444 0.3268229166666667 0.625 0.3424479166666667 0.5954861111111112 0.3463541666666667 0.5677083333333334 0.3450520833333333 0.5486111111111112 0.3385416666666667 0.5277777777777778 0.3346354166666667 0.5173611111111112 0.3294270833333333 0.5052083333333334 0.3177083333333333 0.4913194444444444 0.30859375 0.484375 0.2981770833333333 0.4739583333333333 0.2721354166666667 0.4739583333333333 0.25 0.4930555555555556 0.21744791666666666 0.5069444444444444 0.19791666666666666 0.5190972222222222 0.18619791666666666 0.5243055555555556 0.17057291666666666 0.5711805555555556 0.12890625 0.5815972222222222 0.12630208333333334 0.5989583333333334 0.11458333333333333 0.6197916666666666 0.10807291666666667 0.6579861111111112 0.1015625 0.671875 0.10286458333333333
0 0.4496527777777778 0.3346354166666667 0.4722222222222222 0.33984375 0.4878472222222222 0.3463541666666667 0.5086805555555556 0.3658854166666667 0.5208333333333334 0.3841145833333333 0.5190972222222222 0.38671875 0.4982638888888889 0.3958333333333333 0.4826388888888889 0.40625 0.4704861111111111 0.41015625 0.4548611111111111 0.42578125 0.4496527777777778 0.4348958333333333 0.4322916666666667 0.4479166666666667 0.4166666666666667 0.4674479166666667 0.4114583333333333 0.5065104166666666 0.3888888888888889 0.5052083333333334 0.3697916666666667 0.4973958333333333 0.3506944444444444 0.484375 0.34375 0.4752604166666667 0.3350694444444444 0.4479166666666667 0.3385416666666667 0.4153645833333333 0.3368055555555556 0.3919270833333333 0.3472222222222222 0.3776041666666667 0.3680555555555556 0.359375 0.3888888888888889 0.3463541666666667 0.4236111111111111 0.3346354166666667 0.4305555555555556 0.3333333333333333 0.4479166666666667 0.3346354166666667
0 0.1892361111111111 0.59375 0.22569444444444445 0.6080729166666666 0.2326388888888889 0.6080729166666666 0.2569444444444444 0.6171875 0.2743055555555556 0.6197916666666666 0.2795138888888889 0.6302083333333334 0.2690972222222222 0.66796875 0.2586805555555556 0.6927083333333334 0.2586805555555556 0.7057291666666666 0.265625 0.71875 0.2638888888888889 0.7252604166666666 0.2465277777777778 0.7369791666666666 0.234375 0.7421875 0.2170138888888889 0.7473958333333334 0.1857638888888889 0.7526041666666666 0.1423611111111111 0.7513020833333334 0.12152777777777778 0.7447916666666666 0.09722222222222222 0.73046875 0.0798611111111111 0.7044270833333334 0.07291666666666667 0.6848958333333334 0.06770833333333333 0.6770833333333334 0.06076388888888889 0.671875 0.059027777777777776 0.6653645833333334 0.050347222222222224 0.6549479166666666 0.04861111111111111 0.64453125 0.05555555555555555 0.6354166666666666 0.07291666666666667 0.62890625 0.08159722222222222 0.6223958333333334 0.09722222222222222 0.6236979166666666 0.10590277777777778 0.6223958333333334 0.1232638888888889 0.6106770833333334 0.1545138888888889 0.5950520833333334 0.171875 0.5911458333333334 0.1840277777777778 0.5911458333333334 0.1875 0.59375
0 0.6510416666666666 0.6197916666666666 0.7170138888888888 0.6471354166666666 0.7447916666666666 0.6640625 0.7760416666666666 0.6875 0.7951388888888888 0.7161458333333334 0.8003472222222222 0.7369791666666666 0.8072916666666666 0.7526041666666666 0.8107638888888888 0.7708333333333334 0.8090277777777778 0.7955729166666666 0.7881944444444444 0.8268229166666666 0.7743055555555556 0.83984375 0.7569444444444444 0.8528645833333334 0.7256944444444444 0.8697916666666666 0.703125 0.8776041666666666 0.6666666666666666 0.8854166666666666 0.6354166666666666 0.8854166666666666 0.6232638888888888 0.8828125 0.5850694444444444 0.8815104166666666 0.5729166666666666 0.8776041666666666 0.5520833333333334 0.875 0.5381944444444444 0.8671875 0.5173611111111112 0.8619791666666666 0.4982638888888889 0.8502604166666666 0.4930555555555556 0.8502604166666666 0.4878472222222222 0.85546875 0.4774305555555556 0.85546875 0.4722222222222222 0.8515625 0.4652777777777778 0.8411458333333334 0.4635416666666667 0.8333333333333334 0.4548611111111111 0.8216145833333334 0.4635416666666667 0.8046875 0.4774305555555556 0.796875 0.4704861111111111 0.7890625 0.4652777777777778 0.7578125 0.4600694444444444 0.75 0.4600694444444444 0.7174479166666666 0.4670138888888889 0.69921875 0.4791666666666667 0.6809895833333334 0.5086805555555556 0.6575520833333334 0.5364583333333334 0.64453125 0.5451388888888888 0.6380208333333334 0.546875 0.6341145833333334 0.5607638888888888 0.6328125 0.5677083333333334 0.6263020833333334 0.5850694444444444 0.625 0.5902777777777778 0.6223958333333334 0.6180555555555556 0.6184895833333334 0.6493055555555556 0.6197916666666666
0 0.265625 0.3216145833333333 0.2795138888888889 0.3229166666666667 0.2899305555555556 0.3268229166666667 0.2951388888888889 0.3307291666666667 0.3020833333333333 0.3424479166666667 0.3420138888888889 0.37109375 0.3420138888888889 0.3776041666666667 0.328125 0.3958333333333333 0.328125 0.4036458333333333 0.3333333333333333 0.4153645833333333 0.3315972222222222 0.4375 0.328125 0.4440104166666667 0.3229166666666667 0.4466145833333333 0.2951388888888889 0.4427083333333333 0.2552083333333333 0.4427083333333333 0.2222222222222222 0.44921875 0.21006944444444445 0.44921875 0.1875 0.4361979166666667 0.1736111111111111 0.4127604166666667 0.171875 0.38671875 0.1840277777777778 0.3619791666666667 0.1857638888888889 0.3489583333333333 0.2048611111111111 0.3333333333333333 0.2361111111111111 0.3229166666666667 0.2638888888888889 0.3216145833333333
0 0.4357638888888889 0.8138020833333334 0.4444444444444444 0.8151041666666666 0.4479166666666667 0.8177083333333334 0.4496527777777778 0.8255208333333334 0.4704861111111111 0.85546875 0.4774305555555556 0.8606770833333334 0.4878472222222222 0.8606770833333334 0.4913194444444444 0.8580729166666666 0.5 0.8580729166666666 0.5052083333333334 0.8606770833333334 0.5190972222222222 0.87109375 0.5243055555555556 0.8723958333333334 0.5329861111111112 0.8919270833333334 0.5329861111111112 0.9192708333333334 0.5260416666666666 0.9427083333333334 0.4878472222222222 0.98828125 0.46875 0.9986979166666666 0.4253472222222222 0.9986979166666666 0.421875 0.99609375 0.4027777777777778 0.9934895833333334 0.390625 0.9947916666666666 0.3854166666666667 0.9986979166666666 0.3524305555555556 0.9986979166666666 0.3524305555555556 0.9908854166666666 0.3559027777777778 0.9830729166666666 0.34375 0.97265625 0.3333333333333333 0.9700520833333334 0.3298611111111111 0.9583333333333334 0.3211805555555556 0.9479166666666666 0.3229166666666667 0.9348958333333334 0.3177083333333333 0.9166666666666666 0.3194444444444444 0.8880208333333334 0.3333333333333333 0.859375 0.34375 0.8489583333333334 0.3784722222222222 0.8268229166666666 0.4131944444444444 0.8151041666666666 0.4340277777777778 0.8138020833333334
0 0.24479166666666666 0.7513020833333334 0.2795138888888889 0.7604166666666666 0.2864583333333333 0.7643229166666666 0.3038194444444444 0.78125 0.3107638888888889 0.7916666666666666 0.3125 0.8033854166666666 0.3194444444444444 0.8203125 0.3177083333333333 0.84765625 0.3142361111111111 0.8606770833333334 0.3038194444444444 0.875 0.28125 0.89453125 0.265625 0.9036458333333334 0.2517361111111111 0.9088541666666666 0.234375 0.9140625 0.21180555555555555 0.9166666666666666 0.1857638888888889 0.9153645833333334 0.1736111111111111 0.9127604166666666 0.14930555555555555 0.90234375 0.13020833333333334 0.88671875 0.125 0.8736979166666666 0.1284722222222222 0.828125 0.13194444444444445 0.8138020833333334 0.1388888888888889 0.8046875 0.140625 0.7981770833333334 0.15625 0.7747395833333334 0.1701388888888889 0.7630208333333334 0.18055555555555555 0.7578125 0.19270833333333334 0.7552083333333334 0.2152777777777778 0.75390625 0.22395833333333334 0.7513020833333334 0.24305555555555555 0.7513020833333334
0 0.2986111111111111 0.4466145833333333 0.3315972222222222 0.4557291666666667 0.3454861111111111 0.484375 0.3802083333333333 0.5104166666666666 0.3836805555555556 0.5182291666666666 0.3854166666666667 0.5364583333333334 0.3819444444444444 0.5481770833333334 0.3697916666666667 0.5625 0.3559027777777778 0.5716145833333334 0.3472222222222222 0.57421875 0.3385416666666667 0.5807291666666666 0.3159722222222222 0.5911458333333334 0.3072916666666667 0.59765625 0.3038194444444444 0.6041666666666666 0.2916666666666667 0.6119791666666666 0.2569444444444444 0.609375 0.22569444444444445 0.6002604166666666 0.21354166666666666 0.5989583333333334 0.203125 0.5924479166666666 0.1892361111111111 0.5885416666666666 0.17881944444444445 0.5794270833333334 0.1701388888888889 0.5572916666666666 0.16319444444444445 0.5494791666666666 0.171875 0.53515625 0.1684027777777778 0.49609375 0.1736111111111111 0.4856770833333333 0.1840277777777778 0.48046875 0.19444444444444445 0.46875 0.21006944444444445 0.45703125 0.22916666666666666 0.4505208333333333 0.24305555555555555 0.44921875 0.2552083333333333 0.4453125 0.296875 0.4466145833333333
0 0.6510416666666666 0.3854166666666667 0.6684027777777778 0.3880208333333333 0.6875 0.3958333333333333 0.6927083333333334 0.3958333333333333 0.7065972222222222 0.3880208333333333 0.7135416666666666 0.38671875 0.7326388888888888 0.3984375 0.7604166666666666 0.4244791666666667 0.7690972222222222 0.4375 0.7847222222222222 0.4765625 0.7847222222222222 0.5143229166666666 0.7743055555555556 0.5416666666666666 0.7673611111111112 0.5533854166666666 0.7534722222222222 0.5651041666666666 0.7395833333333334 0.58203125 0.7170138888888888 0.5989583333333334 0.6909722222222222 0.6119791666666666 0.671875 0.6171875 0.6631944444444444 0.6171875 0.6493055555555556 0.61328125 0.6163194444444444 0.61328125 0.5902777777777778 0.6184895833333334 0.5451388888888888 0.6171875 0.5399305555555556 0.6197916666666666 0.5225694444444444 0.6158854166666666 0.5173611111111112 0.609375 0.5017361111111112 0.6041666666666666 0.4947916666666667 0.5989583333333334 0.4739583333333333 0.58984375 0.4444444444444444 0.56640625 0.4270833333333333 0.5403645833333334 0.4201388888888889 0.5234375 0.4184027777777778 0.48046875 0.421875 0.4661458333333333 0.4270833333333333 0.4596354166666667 0.4461805555555556 0.4466145833333333 0.4583333333333333 0.4283854166666667 0.4704861111111111 0.4166666666666667 0.5243055555555556 0.3893229166666667 0.5486111111111112 0.3854166666666667 0.5659722222222222 0.37890625 0.5920138888888888 0.3736979166666667 0.625 0.3763020833333333 0.6354166666666666 0.37890625 0.640625 0.3841145833333333 0.6493055555555556 0.3854166666666667
0 0.8958333333333334 0 0.9583333333333334 0 0.9600694444444444 0.0026041666666666665 0.9652777777777778 0.022135416666666668 0.9722222222222222 0.036458333333333336 0.9722222222222222 0.06380208333333333 0.9583333333333334 0.08333333333333333 0.9565972222222222 0.10286458333333333 0.9166666666666666 0.13541666666666666 0.90625 0.14713541666666666 0.875 0.16796875 0.8402777777777778 0.17708333333333334 0.8072916666666666 0.19921875 0.7829861111111112 0.20833333333333334 0.7777777777777778 0.21223958333333334 0.7743055555555556 0.2265625 0.7517361111111112 0.2604166666666667 0.7534722222222222 0.26953125 0.7586805555555556 0.2747395833333333 0.7569444444444444 0.2890625 0.75 0.2903645833333333 0.7378472222222222 0.2890625 0.71875 0.2942708333333333 0.6822916666666666 0.3229166666666667 0.6736111111111112 0.3268229166666667 0.6649305555555556 0.3268229166666667 0.6197916666666666 0.34375 0.6076388888888888 0.3502604166666667 0.6024305555555556 0.3463541666666667 0.5833333333333334 0.3450520833333333 0.5677083333333334 0.3463541666666667 0.5520833333333334 0.33984375 0.5225694444444444 0.3333333333333333 0.4913194444444444 0.3098958333333333 0.4739583333333333 0.2721354166666667 0.4739583333333333 0.25 0.5 0.20703125 0.5190972222222222 0.18489583333333334 0.5225694444444444 0.171875 0.5729166666666666 0.12630208333333334 0.5885416666666666 0.12109375 0.5954861111111112 0.11588541666666667 0.609375 0.11067708333333333 0.6493055555555556 0.10286458333333333 0.6510416666666666 0.1015625 0.6458333333333334 0.09635416666666667 0.6371527777777778 0.09505208333333333 0.65625 0.09505208333333333 0.6770833333333334 0.10416666666666667 0.7170138888888888 0.11067708333333333 0.7309027777777778 0.11588541666666667 0.7517361111111112 0.12760416666666666 0.7795138888888888 0.09375 0.8020833333333334 0.07421875 0.8298611111111112 0.03125 0.8420138888888888 0.0078125 0.8524305555555556 0.01171875 0.8611111111111112 0.018229166666666668 0.8715277777777778 0.018229166666666668 0.8871527777777778 0.013020833333333334 0.8923611111111112 0.009114583333333334 0.8958333333333334 0.0013020833333333333
0 0.4114583333333333 0.20833333333333334 0.4270833333333333 0.2109375 0.4496527777777778 0.22005208333333334 0.46875 0.23697916666666666 0.4704861111111111 0.24479166666666666 0.4670138888888889 0.25390625 0.4670138888888889 0.2708333333333333 0.4739583333333333 0.296875 0.4722222222222222 0.3190104166666667 0.4670138888888889 0.3307291666666667 0.4635416666666667 0.3333333333333333 0.4583333333333333 0.3346354166666667 0.4513888888888889 0.33203125 0.4288194444444444 0.3307291666666667 0.40625 0.3359375 0.3888888888888889 0.3424479166666667 0.3576388888888889 0.3619791666666667 0.3454861111111111 0.3619791666666667 0.3263888888888889 0.35546875 0.3055555555555556 0.3411458333333333 0.2986111111111111 0.3294270833333333 0.2916666666666667 0.3111979166666667 0.2916666666666667 0.2942708333333333 0.3038194444444444 0.2630208333333333 0.3020833333333333 0.24739583333333334 0.3090277777777778 0.24609375 0.3177083333333333 0.23958333333333334 0.3229166666666667 0.23828125 0.3315972222222222 0.23046875 0.3350694444444444 0.22395833333333334 0.3420138888888889 0.22135416666666666 0.3576388888888889 0.21875 0.3854166666666667 0.20963541666666666 0.4097222222222222 0.20833333333333334