0 0.939453125 0.15104166666666666 0.9443359375 0.15364583333333334 0.9609375 0.15494791666666666 0.9755859375 0.16145833333333334 0.9990234375 0.16666666666666666 0.9990234375 0.3854166666666667 0.9921875 0.3958333333333333 0.962890625 0.40625 0.9482421875 0.4036458333333333 0.9306640625 0.3854166666666667 0.9189453125 0.3802083333333333 0.90625 0.3776041666666667 0.8701171875 0.3802083333333333 0.8642578125 0.3776041666666667 0.8515625 0.359375 0.84765625 0.3489583333333333 0.8447265625 0.3372395833333333 0.841796875 0.3072916666666667 0.84375 0.2721354166666667 0.8525390625 0.2421875 0.849609375 0.23958333333333334 0.82421875 0.23697916666666666 0.82421875 0.234375 0.8330078125 0.2265625 0.8720703125 0.20442708333333334 0.87890625 0.1953125 0.87890625 0.18489583333333334 0.8837890625 0.17838541666666666 0.8935546875 0.17578125 0.904296875 0.1640625 0.9248046875 0.15234375 0.9306640625 0.14973958333333334 0.9384765625 0.15104166666666666
0 0.748046875 0.052083333333333336 0.7568359375 0.06770833333333333 0.7822265625 0.08203125 0.798828125 0.10026041666666667 0.8125 0.12239583333333333 0.814453125 0.13151041666666666 0.8154296875 0.16145833333333334 0.8115234375 0.18880208333333334 0.8056640625 0.20833333333333334 0.7998046875 0.21875 0.791015625 0.2265625 0.7626953125 0.2265625 0.7265625 0.21875 0.7021484375 0.22395833333333334 0.677734375 0.23567708333333334 0.6591796875 0.22526041666666666 0.64453125 0.19401041666666666 0.6416015625 0.16666666666666666 0.6484375 0.125 0.66015625 0.10807291666666667 0.705078125 0.06640625 0.720703125 0.05859375 0.7333984375 0.048177083333333336 0.7421875 0.048177083333333336 0.7470703125 0.052083333333333336
0 0.744140625 0.4283854166666667 0.7783203125 0.4453125 0.796875 0.4622395833333333 0.8154296875 0.4895833333333333 0.822265625 0.5052083333333334 0.8330078125 0.5416666666666666 0.8359375 0.5716145833333334 0.8359375 0.6028645833333334 0.828125 0.6380208333333334 0.8076171875 0.6731770833333334 0.796875 0.6875 0.7841796875 0.69921875 0.76171875 0.7122395833333334 0.73046875 0.71875 0.71875 0.71875 0.6982421875 0.7135416666666666 0.6748046875 0.6979166666666666 0.662109375 0.6809895833333334 0.6494140625 0.66015625 0.6474609375 0.6497395833333334 0.6484375 0.6432291666666666 0.64453125 0.6341145833333334 0.64453125 0.6263020833333334 0.634765625 0.609375 0.6171875 0.5703125 0.6123046875 0.5546875 0.6123046875 0.54296875 0.6201171875 0.5234375 0.6240234375 0.5052083333333334 0.626953125 0.5013020833333334 0.6396484375 0.4986979166666667 0.6513671875 0.4791666666666667 0.6708984375 0.4557291666666667 0.6875 0.4427083333333333 0.7021484375 0.4375 0.712890625 0.4296875 0.7431640625 0.4283854166666667
0 0.4326171875 0.12109375 0.4423828125 0.12369791666666667 0.451171875 0.13671875 0.4482421875 0.15625 0.455078125 0.16927083333333334 0.4541015625 0.2109375 0.4501953125 0.22265625 0.43359375 0.24869791666666666 0.4296875 0.26171875 0.4228515625 0.2708333333333333 0.40625 0.3033854166666667 0.3984375 0.3111979166666667 0.3818359375 0.30859375 0.3603515625 0.29296875 0.3203125 0.2799479166666667 0.3154296875 0.26953125 0.3076171875 0.24088541666666666 0.30859375 0.19921875 0.3173828125 0.16927083333333334 0.333984375 0.14583333333333334 0.34375 0.13802083333333334 0.3623046875 0.13671875 0.3876953125 0.13020833333333334 0.4033203125 0.13020833333333334 0.431640625 0.12109375
0 0.5498046875 0.1875 0.5615234375 0.19010416666666666 0.5830078125 0.20182291666666666 0.59765625 0.21484375 0.6103515625 0.23046875 0.623046875 0.2526041666666667 0.640625 0.296875 0.64453125 0.3294270833333333 0.6474609375 0.3385416666666667 0.6474609375 0.34765625 0.6337890625 0.3541666666666667 0.62890625 0.359375 0.642578125 0.375 0.6455078125 0.3854166666666667 0.6455078125 0.3932291666666667 0.634765625 0.4283854166666667 0.6181640625 0.4622395833333333 0.59765625 0.4752604166666667 0.5927734375 0.5130208333333334 0.587890625 0.51953125 0.5634765625 0.5182291666666666 0.556640625 0.5104166666666666 0.5576171875 0.4986979166666667 0.5537109375 0.4934895833333333 0.5244140625 0.4973958333333333 0.515625 0.49609375 0.490234375 0.4830729166666667 0.474609375 0.46875 0.45703125 0.4609375 0.4482421875 0.44921875 0.4345703125 0.41796875 0.4296875 0.3971354166666667 0.42578125 0.37109375 0.42578125 0.3541666666666667 0.421875 0.3385416666666667 0.41796875 0.3359375 0.416015625 0.3385416666666667 0.404296875 0.3411458333333333 0.4013671875 0.3359375 0.404296875 0.31640625 0.4228515625 0.2825520833333333 0.4375 0.2643229166666667 0.4423828125 0.24609375 0.4580078125 0.22005208333333334 0.47265625 0.20572916666666666 0.4833984375 0.203125 0.4951171875 0.1953125 0.5185546875 0.18880208333333334 0.548828125 0.1875
0 0.9072265625 0.3841145833333333 0.92578125 0.3880208333333333 0.935546875 0.4010416666666667 0.94921875 0.4114583333333333 0.958984375 0.4270833333333333 0.96484375 0.44140625 0.9775390625 0.4596354166666667 0.9951171875 0.46875 0.99609375 0.4856770833333333 0.994140625 0.4908854166666667 0.978515625 0.5091145833333334 0.96875 0.5403645833333334 0.9599609375 0.5520833333333334 0.9462890625 0.578125 0.92578125 0.6015625 0.9169921875 0.6067708333333334 0.912109375 0.6067708333333334 0.8984375 0.6171875 0.88671875 0.6223958333333334 0.8759765625 0.6223958333333334 0.865234375 0.6171875 0.859375 0.6080729166666666 0.8583984375 0.59765625 0.845703125 0.5846354166666666 0.8408203125 0.5703125 0.8369140625 0.54296875 0.8291015625 0.5130208333333334 0.80859375 0.4622395833333333 0.80859375 0.4518229166666667 0.810546875 0.4427083333333333 0.8154296875 0.4388020833333333 0.82421875 0.4205729166666667 0.853515625 0.3958333333333333 0.880859375 0.3828125 0.90625 0.3841145833333333
0 0.32421875 0.4817708333333333 0.3515625 0.4921875 0.3642578125 0.5 0.376953125 0.515625 0.3935546875 0.5455729166666666 0.40625 0.54296875 0.41015625 0.55078125 0.400390625 0.5729166666666666 0.3916015625 0.58203125 0.388671875 0.5963541666666666 0.3857421875 0.6015625 0.3837890625 0.6471354166666666 0.3779296875 0.68359375 0.373046875 0.7018229166666666 0.365234375 0.71484375 0.36328125 0.7252604166666666 0.3427734375 0.7421875 0.3076171875 0.7513020833333334 0.2880859375 0.7486979166666666 0.2607421875 0.7330729166666666 0.228515625 0.6901041666666666 0.224609375 0.6888020833333334 0.2177734375 0.6796875 0.212890625 0.66796875 0.1953125 0.640625 0.18359375 0.62890625 0.177734375 0.6145833333333334 0.1591796875 0.5950520833333334 0.1708984375 0.59765625 0.1845703125 0.6067708333333334 0.203125 0.6080729166666666 0.20703125 0.6028645833333334 0.208984375 0.5950520833333334 0.2080078125 0.5768229166666666 0.2158203125 0.5403645833333334 0.2255859375 0.5208333333333334 0.2421875 0.49609375 0.2548828125 0.4869791666666667 0.2841796875 0.4791666666666667 0.294921875 0.4778645833333333 0.3232421875 0.4817708333333333
0 0.7412109375 0.22395833333333334 0.7548828125 0.22916666666666666 0.7841796875 0.23307291666666666 0.7939453125 0.23828125 0.8095703125 0.2578125 0.8349609375 0.30859375 0.8427734375 0.3502604166666667 0.83984375 0.37890625 0.8310546875 0.40234375 0.810546875 0.4296875 0.794921875 0.4427083333333333 0.78515625 0.4427083333333333 0.7421875 0.4231770833333333 0.712890625 0.4231770833333333 0.69921875 0.4270833333333333 0.6875 0.4361979166666667 0.6806640625 0.4361979166666667 0.67578125 0.4309895833333333 0.6708984375 0.4205729166666667 0.669921875 0.4140625 0.671875 0.4036458333333333 0.658203125 0.3958333333333333 0.6533203125 0.3893229166666667 0.6484375 0.375 0.646484375 0.3541666666666667 0.6513671875 0.34765625 0.6552734375 0.3346354166666667 0.65234375 0.31640625 0.6533203125 0.2955729166666667 0.6552734375 0.28515625 0.666015625 0.26171875 0.6826171875 0.23958333333333334 0.6953125 0.23046875 0.716796875 0.22265625 0.740234375 0.22395833333333334
0 0.525390625 0.50390625 0.5517578125 0.5169270833333334 0.580078125 0.5416666666666666 0.6005859375 0.5716145833333334 0.619140625 0.6158854166666666 0.62890625 0.6497395833333334 0.6328125 0.6744791666666666 0.6337890625 0.7122395833333334 0.63671875 0.7239583333333334 0.63671875 0.7395833333333334 0.62890625 0.7916666666666666 0.62109375 0.8203125 0.60546875 0.8541666666666666 0.5927734375 0.8763020833333334 0.5751953125 0.8971354166666666 0.56640625 0.9049479166666666 0.5380859375 0.9192708333333334 0.51953125 0.9192708333333334 0.4970703125 0.9153645833333334 0.4765625 0.9075520833333334 0.4638671875 0.9088541666666666 0.46484375 0.9036458333333334 0.4619140625 0.8984375 0.44140625 0.8815104166666666 0.4130859375 0.8411458333333334 0.3935546875 0.8255208333333334 0.3916015625 0.7916666666666666 0.384765625 0.7734375 0.3720703125 0.7578125 0.3701171875 0.7291666666666666 0.3701171875 0.7200520833333334 0.3779296875 0.7083333333333334 0.3818359375 0.6783854166666666 0.3857421875 0.6640625 0.3896484375 0.6015625 0.41796875 0.5520833333333334 0.4384765625 0.52734375 0.4609375 0.51171875 0.490234375 0.5013020833333334 0.5126953125 0.5013020833333334 0.5244140625 0.50390625
0 0.4423828125 0 0.5380859375 0 0.5390625 0.0026041666666666665 0.544921875 0.0026041666666666665 0.546875 0 0.650390625 0 0.6513671875 0.00390625 0.6474609375 0.029947916666666668 0.6357421875 0.045572916666666664 0.60546875 0.11197916666666667 0.6015625 0.11197916666666667 0.5859375 0.12760416666666666 0.5693359375 0.13802083333333334 0.5537109375 0.14583333333333334 0.54296875 0.14713541666666666 0.525390625 0.15494791666666666 0.5166015625 0.1640625 0.5146484375 0.17057291666666666 0.5078125 0.17447916666666666 0.5009765625 0.17447916666666666 0.4931640625 0.17057291666666666 0.4873046875 0.1640625 0.4736328125 0.15885416666666666 0.4716796875 0.15234375 0.4560546875 0.13541666666666666 0.447265625 0.11588541666666667 0.435546875 0.09765625 0.4306640625 0.08463541666666667 0.427734375 0.06770833333333333 0.427734375 0.04296875 0.431640625 0.024739583333333332 0.4423828125 0.0013020833333333333
0 0.333984375 0.2890625 0.361328125 0.2981770833333333 0.3828125 0.31640625 0.39453125 0.3333333333333333 0.408203125 0.3723958333333333 0.4150390625 0.4153645833333333 0.4140625 0.4375 0.3984375 0.4739583333333333 0.38671875 0.4908854166666667 0.3759765625 0.5013020833333334 0.3720703125 0.5013020833333334 0.3583984375 0.4908854166666667 0.3310546875 0.4778645833333333 0.298828125 0.47265625 0.2783203125 0.4739583333333333 0.2666015625 0.45703125 0.2568359375 0.44921875 0.248046875 0.4348958333333333 0.2470703125 0.4205729166666667 0.25390625 0.39453125 0.2587890625 0.3528645833333333 0.2734375 0.3216145833333333 0.28515625 0.3072916666666667 0.3017578125 0.2955729166666667 0.314453125 0.2890625 0.3330078125 0.2890625