0 0.60546875 0.12109375 0.6162109375 0.125 0.64453125 0.14322916666666666 0.6552734375 0.15755208333333334 0.66796875 0.18098958333333334 0.6748046875 0.203125 0.6748046875 0.21354166666666666 0.669921875 0.22916666666666666 0.66796875 0.25390625 0.662109375 0.2721354166666667 0.6328125 0.3059895833333333 0.609375 0.30859375 0.5986328125 0.3138020833333333 0.5537109375 0.3046875 0.541015625 0.2864583333333333 0.5283203125 0.23697916666666666 0.53125 0.22265625 0.53125 0.1953125 0.537109375 0.171875 0.5595703125 0.13802083333333334 0.58203125 0.125 0.6044921875 0.12239583333333333
0 0.68359375 0.55859375 0.703125 0.5638020833333334 0.736328125 0.5846354166666666 0.7626953125 0.609375 0.7685546875 0.6171875 0.775390625 0.6341145833333334 0.7783203125 0.6640625 0.779296875 0.7174479166666666 0.77734375 0.73828125 0.7744140625 0.7604166666666666 0.7646484375 0.7916666666666666 0.7451171875 0.8255208333333334 0.734375 0.8359375 0.7099609375 0.84765625 0.697265625 0.8502604166666666 0.6806640625 0.8502604166666666 0.6533203125 0.8424479166666666 0.640625 0.8346354166666666 0.6171875 0.80859375 0.6123046875 0.80859375 0.60546875 0.8151041666666666 0.59765625 0.8151041666666666 0.5869140625 0.8046875 0.5712890625 0.796875 0.568359375 0.79296875 0.5625 0.7643229166666666 0.5625 0.7526041666666666 0.56640625 0.73828125 0.56640625 0.7291666666666666 0.57421875 0.7044270833333334 0.5791015625 0.6341145833333334 0.58203125 0.62109375 0.587890625 0.609375 0.60546875 0.5872395833333334 0.630859375 0.56640625 0.650390625 0.5598958333333334 0.6826171875 0.55859375
0 0.3271484375 0.3893229166666667 0.34765625 0.40625 0.376953125 0.44140625 0.400390625 0.4596354166666667 0.404296875 0.4752604166666667 0.396484375 0.4856770833333333 0.396484375 0.4947916666666667 0.3818359375 0.5078125 0.3779296875 0.5143229166666666 0.376953125 0.5325520833333334 0.37109375 0.5416666666666666 0.359375 0.5716145833333334 0.341796875 0.58984375 0.318359375 0.5963541666666666 0.298828125 0.5950520833333334 0.2744140625 0.5872395833333334 0.255859375 0.5846354166666666 0.240234375 0.5716145833333334 0.2255859375 0.5481770833333334 0.224609375 0.5390625 0.21484375 0.51171875 0.2138671875 0.4895833333333333 0.21875 0.4583333333333333 0.2236328125 0.4440104166666667 0.23046875 0.4309895833333333 0.2509765625 0.40625 0.275390625 0.3893229166666667 0.2880859375 0.3841145833333333 0.31640625 0.3841145833333333 0.326171875 0.3893229166666667
0 0.5791015625 0.3151041666666667 0.6005859375 0.3268229166666667 0.609375 0.3346354166666667 0.6201171875 0.3502604166666667 0.62109375 0.3919270833333333 0.6298828125 0.4114583333333333 0.6474609375 0.43359375 0.6494140625 0.4466145833333333 0.646484375 0.4856770833333333 0.634765625 0.51953125 0.6181640625 0.546875 0.603515625 0.5638020833333334 0.58984375 0.57421875 0.578125 0.578125 0.5576171875 0.5768229166666666 0.5439453125 0.5598958333333334 0.5380859375 0.5559895833333334 0.533203125 0.5559895833333334 0.5234375 0.5638020833333334 0.5166015625 0.5638020833333334 0.5009765625 0.5572916666666666 0.4853515625 0.53515625 0.478515625 0.5364583333333334 0.4716796875 0.5338541666666666 0.4658203125 0.5494791666666666 0.451171875 0.55078125 0.443359375 0.5455729166666666 0.435546875 0.53125 0.423828125 0.5182291666666666 0.421875 0.51171875 0.4287109375 0.4869791666666667 0.427734375 0.4752604166666667 0.423828125 0.4635416666666667 0.4267578125 0.44921875 0.435546875 0.4348958333333333 0.4453125 0.4322916666666667 0.44921875 0.42578125 0.44921875 0.421875 0.453125 0.41796875 0.4658203125 0.41796875 0.4677734375 0.4153645833333333 0.4765625 0.3815104166666667 0.4873046875 0.3580729166666667 0.4990234375 0.33984375 0.515625 0.3268229166666667 0.5419921875 0.3138020833333333 0.568359375 0.3125 0.578125 0.3151041666666667
0 0.9130859375 0.5182291666666666 0.9306640625 0.5260416666666666 0.9462890625 0.5377604166666666 0.96484375 0.5611979166666666 0.9775390625 0.5859375 0.9833984375 0.6002604166666666 0.9892578125 0.625 0.9931640625 0.6614583333333334 0.99609375 0.6705729166666666 0.9970703125 0.69921875 0.994140625 0.71484375 0.9765625 0.7174479166666666 0.962890625 0.7317708333333334 0.955078125 0.7421875 0.953125 0.7486979166666666 0.935546875 0.7552083333333334 0.9150390625 0.7786458333333334 0.8984375 0.7838541666666666 0.87890625 0.7825520833333334 0.8544921875 0.7721354166666666 0.8388671875 0.7565104166666666 0.822265625 0.7330729166666666 0.810546875 0.70703125 0.802734375 0.6966145833333334 0.79296875 0.6901041666666666 0.79296875 0.6731770833333334 0.7841796875 0.640625 0.7841796875 0.62109375 0.7763671875 0.6119791666666666 0.7744140625 0.6002604166666666 0.77734375 0.5950520833333334 0.7900390625 0.5885416666666666 0.7998046875 0.578125 0.8115234375 0.5598958333333334 0.82421875 0.5494791666666666 0.8271484375 0.5442708333333334 0.8408203125 0.5377604166666666 0.8544921875 0.52734375 0.875 0.5182291666666666 0.8876953125 0.515625 0.904296875 0.515625 0.912109375 0.5182291666666666
0 0.359375 0.046875 0.369140625 0.048177083333333336 0.3740234375 0.052083333333333336 0.3740234375 0.057291666666666664 0.3662109375 0.078125 0.361328125 0.10546875 0.361328125 0.11848958333333333 0.365234375 0.13020833333333334 0.3671875 0.15494791666666666 0.3681640625 0.20442708333333334 0.36328125 0.21354166666666666 0.3505859375 0.22265625 0.3388671875 0.23697916666666666 0.3330078125 0.24088541666666666 0.330078125 0.24088541666666666 0.326171875 0.234375 0.3154296875 0.1953125 0.298828125 0.16015625 0.291015625 0.12239583333333333 0.2958984375 0.10546875 0.3076171875 0.09114583333333333 0.318359375 0.08463541666666667 0.3466796875 0.045572916666666664 0.3525390625 0.044270833333333336 0.3583984375 0.046875
0 0.2509765625 0.58984375 0.2890625 0.59765625 0.3076171875 0.6067708333333334 0.3349609375 0.6315104166666666 0.3486328125 0.6588541666666666 0.34765625 0.66796875 0.3525390625 0.68359375 0.3544921875 0.70703125 0.3623046875 0.7252604166666666 0.3623046875 0.7578125 0.369140625 0.7721354166666666 0.3701171875 0.7864583333333334 0.361328125 0.8463541666666666 0.3544921875 0.8671875 0.33984375 0.8958333333333334 0.3056640625 0.9361979166666666 0.279296875 0.9557291666666666 0.25390625 0.96484375 0.2041015625 0.9596354166666666 0.185546875 0.953125 0.1552734375 0.921875 0.1279296875 0.8763020833333334 0.12109375 0.8580729166666666 0.119140625 0.8346354166666666 0.1103515625 0.82421875 0.1142578125 0.8111979166666666 0.11328125 0.7825520833333334 0.1181640625 0.7630208333333334 0.1181640625 0.7552083333333334 0.1142578125 0.74609375 0.1044921875 0.7330729166666666 0.103515625 0.72265625 0.1181640625 0.6901041666666666 0.134765625 0.66796875 0.1455078125 0.6484375 0.154296875 0.6419270833333334 0.1630859375 0.62890625 0.1787109375 0.6158854166666666 0.220703125 0.5950520833333334 0.25 0.5911458333333334
0 0.2490234375 0.12760416666666666 0.26953125 0.140625 0.2958984375 0.16666666666666666 0.3037109375 0.17708333333333334 0.310546875 0.19140625 0.3173828125 0.22135416666666666 0.31640625 0.24869791666666666 0.3193359375 0.2682291666666667 0.318359375 0.2825520833333333 0.2998046875 0.3125 0.294921875 0.328125 0.275390625 0.3567708333333333 0.267578125 0.36328125 0.2578125 0.3763020833333333 0.25 0.3802083333333333 0.2333984375 0.3984375 0.2216796875 0.4075520833333333 0.1806640625 0.4127604166666667 0.150390625 0.41015625 0.146484375 0.4075520833333333 0.1240234375 0.3763020833333333 0.1103515625 0.33984375 0.10546875 0.3177083333333333 0.1044921875 0.3033854166666667 0.1083984375 0.2630208333333333 0.1171875 0.24348958333333334 0.138671875 0.21484375 0.1435546875 0.1953125 0.162109375 0.17578125 0.1689453125 0.16145833333333334 0.177734375 0.15625 0.185546875 0.15494791666666666 0.1923828125 0.14583333333333334 0.2119140625 0.13151041666666666 0.23046875 0.12630208333333334 0.248046875 0.12760416666666666
0 0.1630859375 0.4661458333333333 0.1796875 0.47265625 0.1953125 0.4830729166666667 0.2099609375 0.50390625 0.21484375 0.5247395833333334 0.2216796875 0.5403645833333334 0.224609375 0.5598958333333334 0.224609375 0.5807291666666666 0.2216796875 0.5885416666666666 0.201171875 0.6002604166666666 0.18359375 0.6067708333333334 0.16015625 0.6263020833333334 0.154296875 0.63671875 0.1376953125 0.6510416666666666 0.126953125 0.6731770833333334 0.1162109375 0.6809895833333334 0.1083984375 0.6744791666666666 0.0908203125 0.6510416666666666 0.07421875 0.6106770833333334 0.06640625 0.5833333333333334 0.064453125 0.5651041666666666 0.0654296875 0.5364583333333334 0.068359375 0.5234375 0.076171875 0.5052083333333334 0.08984375 0.4856770833333333 0.09765625 0.4791666666666667 0.109375 0.4713541666666667 0.1298828125 0.4635416666666667 0.1552734375 0.4622395833333333 0.162109375 0.4661458333333333
0 0.78125 0.20703125 0.80078125 0.21484375 0.8212890625 0.22916666666666666 0.8525390625 0.2721354166666667 0.8681640625 0.3138020833333333 0.8759765625 0.3424479166666667 0.87890625 0.3658854166666667 0.87890625 0.3880208333333333 0.876953125 0.4049479166666667 0.8779296875 0.421875 0.87109375 0.4479166666666667 0.869140625 0.46875 0.86328125 0.4869791666666667 0.853515625 0.49609375 0.841796875 0.5143229166666666 0.8291015625 0.51953125 0.81640625 0.51953125 0.7998046875 0.5286458333333334 0.7763671875 0.5338541666666666 0.759765625 0.53125 0.736328125 0.51953125 0.712890625 0.5182291666666666 0.693359375 0.5026041666666666 0.6806640625 0.4856770833333333 0.6689453125 0.46484375 0.66015625 0.44140625 0.654296875 0.4153645833333333 0.6494140625 0.4088541666666667 0.6337890625 0.3997395833333333 0.6259765625 0.3880208333333333 0.625 0.3606770833333333 0.6357421875 0.3151041666666667 0.6474609375 0.296875 0.6552734375 0.2916666666666667 0.6640625 0.2799479166666667 0.677734375 0.2552083333333333 0.7158203125 0.22395833333333334 0.7275390625 0.21744791666666666 0.7509765625 0.20963541666666666 0.7802734375 0.20703125
0 0.46484375 0.5572916666666666 0.49609375 0.5690104166666666 0.5302734375 0.578125 0.53515625 0.5768229166666666 0.5380859375 0.5729166666666666 0.5390625 0.56640625 0.54296875 0.5690104166666666 0.546875 0.5755208333333334 0.5498046875 0.5963541666666666 0.5595703125 0.6171875 0.5595703125 0.64453125 0.5654296875 0.6770833333333334 0.564453125 0.7174479166666666 0.556640625 0.7552083333333334 0.556640625 0.7838541666666666 0.54296875 0.8111979166666666 0.53125 0.8255208333333334 0.5087890625 0.83984375 0.4765625 0.8489583333333334 0.4521484375 0.8450520833333334 0.4375 0.83984375 0.4267578125 0.8294270833333334 0.419921875 0.8190104166666666 0.40234375 0.8138020833333334 0.3876953125 0.7981770833333334 0.380859375 0.7734375 0.3720703125 0.7591145833333334 0.3681640625 0.7265625 0.3662109375 0.6705729166666666 0.3603515625 0.6536458333333334 0.3828125 0.6041666666666666 0.404296875 0.5768229166666666 0.421875 0.5651041666666666 0.4365234375 0.5598958333333334 0.4453125 0.5572916666666666 0.4638671875 0.5572916666666666
0 0.4111328125 0.22135416666666666 0.41796875 0.22395833333333334 0.470703125 0.22526041666666666 0.4814453125 0.23177083333333334 0.4912109375 0.24479166666666666 0.4912109375 0.25 0.4833984375 0.2526041666666667 0.48046875 0.2565104166666667 0.478515625 0.2747395833333333 0.490234375 0.28515625 0.4970703125 0.3151041666666667 0.49609375 0.3346354166666667 0.4755859375 0.3763020833333333 0.4638671875 0.4088541666666667 0.4560546875 0.40625 0.447265625 0.4166666666666667 0.4423828125 0.4270833333333333 0.4345703125 0.4296875 0.4287109375 0.4375 0.421875 0.44140625 0.3955078125 0.4401041666666667 0.380859375 0.4322916666666667 0.3623046875 0.41796875 0.3447265625 0.39453125 0.3349609375 0.375 0.326171875 0.34765625 0.322265625 0.3138020833333333 0.3232421875 0.2916666666666667 0.330078125 0.2669270833333333 0.333984375 0.2591145833333333 0.35546875 0.23307291666666666 0.375 0.22395833333333334 0.41015625 0.22135416666666666