0 0.1923828125 0.2109375 0.2041015625 0.21614583333333334 0.2294921875 0.24739583333333334 0.2509765625 0.265625 0.2578125 0.2747395833333333 0.2734375 0.3072916666666667 0.275390625 0.3177083333333333 0.275390625 0.3489583333333333 0.271484375 0.3684895833333333 0.259765625 0.3919270833333333 0.251953125 0.4010416666666667 0.2392578125 0.41015625 0.1826171875 0.4296875 0.1796875 0.4322916666666667 0.181640625 0.44921875 0.17578125 0.4518229166666667 0.162109375 0.4518229166666667 0.1591796875 0.44921875 0.15625 0.4401041666666667 0.15625 0.4361979166666667 0.1611328125 0.4270833333333333 0.16015625 0.4205729166666667 0.140625 0.390625 0.126953125 0.3776041666666667 0.111328125 0.3567708333333333 0.1064453125 0.3424479166666667 0.1044921875 0.328125 0.1044921875 0.2994791666666667 0.1064453125 0.28515625 0.1123046875 0.26953125 0.1279296875 0.25 0.1435546875 0.23958333333333334 0.146484375 0.22916666666666666 0.1591796875 0.22265625 0.181640625 0.22786458333333334 0.1865234375 0.21484375 0.19140625 0.21223958333333334
0 0.7412109375 0.5338541666666666 0.7578125 0.5416666666666666 0.7724609375 0.55859375 0.787109375 0.5833333333333334 0.8076171875 0.6080729166666666 0.8076171875 0.6158854166666666 0.796875 0.6315104166666666 0.7822265625 0.64453125 0.76171875 0.6783854166666666 0.7548828125 0.6848958333333334 0.73828125 0.6901041666666666 0.7177734375 0.6888020833333334 0.6953125 0.6744791666666666 0.6826171875 0.65625 0.671875 0.6341145833333334 0.666015625 0.6015625 0.6748046875 0.5703125 0.6875 0.5481770833333334 0.708984375 0.53515625 0.740234375 0.5338541666666666
0 0.302734375 0.4583333333333333 0.341796875 0.4817708333333333 0.3603515625 0.5052083333333334 0.373046875 0.5416666666666666 0.376953125 0.578125 0.376953125 0.5963541666666666 0.3720703125 0.6197916666666666 0.361328125 0.6497395833333334 0.345703125 0.66796875 0.322265625 0.6861979166666666 0.3046875 0.6927083333333334 0.2890625 0.6940104166666666 0.2685546875 0.6901041666666666 0.244140625 0.6770833333333334 0.2353515625 0.6692708333333334 0.2197265625 0.6432291666666666 0.2119140625 0.6171875 0.208984375 0.6002604166666666 0.208984375 0.5703125 0.2177734375 0.5169270833333334 0.2236328125 0.5026041666666666 0.234375 0.4869791666666667 0.248046875 0.47265625 0.26953125 0.4609375 0.2841796875 0.45703125 0.3017578125 0.4583333333333333
0 0.6220703125 0.2747395833333333 0.6298828125 0.2825520833333333 0.638671875 0.2825520833333333 0.650390625 0.2890625 0.650390625 0.3033854166666667 0.6533203125 0.3098958333333333 0.6982421875 0.3671875 0.7001953125 0.3802083333333333 0.701171875 0.41796875 0.6953125 0.42578125 0.6875 0.4453125 0.6767578125 0.4609375 0.6689453125 0.4661458333333333 0.6416015625 0.4752604166666667 0.6376953125 0.4739583333333333 0.6123046875 0.4401041666666667 0.6064453125 0.4375 0.595703125 0.4375 0.5859375 0.4296875 0.568359375 0.4244791666666667 0.556640625 0.40625 0.5498046875 0.3776041666666667 0.5498046875 0.3359375 0.5595703125 0.3033854166666667 0.5673828125 0.29296875 0.5830078125 0.2799479166666667 0.5986328125 0.2786458333333333 0.611328125 0.2734375 0.62109375 0.2747395833333333
0 0.3720703125 0.02734375 0.3759765625 0.03125 0.390625 0.03515625 0.400390625 0.041666666666666664 0.412109375 0.0546875 0.421875 0.07421875 0.4384765625 0.09244791666666667 0.4453125 0.11197916666666667 0.4453125 0.140625 0.43359375 0.203125 0.4287109375 0.21614583333333334 0.3935546875 0.25390625 0.3701171875 0.2669270833333333 0.349609375 0.2721354166666667 0.3349609375 0.2708333333333333 0.3212890625 0.2643229166666667 0.310546875 0.2552083333333333 0.287109375 0.22395833333333334 0.2783203125 0.20572916666666666 0.275390625 0.1875 0.271484375 0.17708333333333334 0.2705078125 0.13671875 0.2802734375 0.09895833333333333 0.3056640625 0.0546875 0.3427734375 0.028645833333333332 0.361328125 0.0234375 0.3662109375 0.0234375 0.37109375 0.02734375
0 0.6318359375 0.6627604166666666 0.646484375 0.6705729166666666 0.66015625 0.6848958333333334 0.6748046875 0.7161458333333334 0.6767578125 0.7252604166666666 0.6865234375 0.73828125 0.693359375 0.7526041666666666 0.6923828125 0.76171875 0.681640625 0.7838541666666666 0.6748046875 0.8046875 0.666015625 0.8203125 0.650390625 0.8424479166666666 0.6337890625 0.8515625 0.6171875 0.8515625 0.609375 0.8489583333333334 0.591796875 0.8346354166666666 0.5732421875 0.8111979166666666 0.5732421875 0.80078125 0.5791015625 0.7877604166666666 0.580078125 0.7747395833333334 0.5869140625 0.7552083333333334 0.5927734375 0.71875 0.5947265625 0.6692708333333334 0.5986328125 0.6640625 0.6083984375 0.66015625 0.623046875 0.66015625 0.630859375 0.6627604166666666
0 0.4111328125 0.3046875 0.44140625 0.3203125 0.4609375 0.34375 0.4697265625 0.3658854166666667 0.4716796875 0.3932291666666667 0.4677734375 0.4153645833333333 0.45703125 0.4427083333333333 0.44140625 0.4622395833333333 0.4296875 0.4700520833333333 0.41015625 0.4778645833333333 0.388671875 0.4778645833333333 0.3818359375 0.4752604166666667 0.3779296875 0.4713541666666667 0.375 0.4609375 0.369140625 0.4544270833333333 0.3525390625 0.4479166666666667 0.3388671875 0.4388020833333333 0.330078125 0.4270833333333333 0.32421875 0.3958333333333333 0.32421875 0.3776041666666667 0.3271484375 0.3619791666666667 0.341796875 0.3333333333333333 0.34375 0.32421875 0.359375 0.3190104166666667 0.3837890625 0.3020833333333333 0.41015625 0.3046875
0 0.484375 0.5494791666666666 0.505859375 0.5572916666666666 0.51953125 0.55859375 0.53125 0.5651041666666666 0.548828125 0.5703125 0.560546875 0.578125 0.56640625 0.5963541666666666 0.5791015625 0.6145833333333334 0.5869140625 0.6354166666666666 0.591796875 0.67578125 0.591796875 0.6966145833333334 0.5849609375 0.7473958333333334 0.5810546875 0.76171875 0.5751953125 0.7721354166666666 0.57421875 0.7903645833333334 0.5654296875 0.80859375 0.55078125 0.8255208333333334 0.5302734375 0.8424479166666666 0.5146484375 0.8502604166666666 0.4873046875 0.8567708333333334 0.458984375 0.8528645833333334 0.4248046875 0.8359375 0.419921875 0.8111979166666666 0.41015625 0.78515625 0.390625 0.7721354166666666 0.3681640625 0.7473958333333334 0.359375 0.7057291666666666 0.3603515625 0.6901041666666666 0.369140625 0.6432291666666666 0.384765625 0.59765625 0.4033203125 0.5716145833333334 0.416015625 0.5598958333333334 0.4287109375 0.5533854166666666 0.4833984375 0.5494791666666666
0 0.4892578125 0.21484375 0.498046875 0.22005208333333334 0.5146484375 0.22265625 0.544921875 0.24479166666666666 0.548828125 0.2513020833333333 0.552734375 0.26953125 0.552734375 0.3033854166666667 0.546875 0.3294270833333333 0.5244140625 0.359375 0.517578125 0.36328125 0.50390625 0.3658854166666667 0.4873046875 0.3645833333333333 0.4716796875 0.3567708333333333 0.46484375 0.34375 0.4443359375 0.3177083333333333 0.4423828125 0.3125 0.4443359375 0.28125 0.4501953125 0.2643229166666667 0.46484375 0.23828125 0.470703125 0.23307291666666666 0.482421875 0.21484375 0.48828125 0.21484375
0 0.5703125 0.4296875 0.5849609375 0.4322916666666667 0.59765625 0.4427083333333333 0.61328125 0.4453125 0.6162109375 0.4544270833333333 0.6259765625 0.4622395833333333 0.6337890625 0.4739583333333333 0.640625 0.4895833333333333 0.6494140625 0.5208333333333334 0.6474609375 0.5716145833333334 0.64453125 0.5794270833333334 0.6328125 0.5963541666666666 0.61328125 0.6145833333333334 0.595703125 0.6263020833333334 0.5888671875 0.6263020833333334 0.5869140625 0.6236979166666666 0.580078125 0.6028645833333334 0.5703125 0.5950520833333334 0.5673828125 0.5807291666666666 0.5625 0.57421875 0.5224609375 0.5533854166666666 0.5087890625 0.5533854166666666 0.4970703125 0.5494791666666666 0.4931640625 0.5403645833333334 0.4931640625 0.5325520833333334 0.4990234375 0.5247395833333334 0.50390625 0.5065104166666666 0.50390625 0.4921875 0.5078125 0.4791666666666667 0.521484375 0.4518229166666667 0.53515625 0.4361979166666667 0.556640625 0.4296875 0.5693359375 0.4296875
0 0.50390625 0.8580729166666666 0.5087890625 0.8645833333333334 0.5224609375 0.8984375 0.525390625 0.91015625 0.525390625 0.9322916666666666 0.51953125 0.9596354166666666 0.515625 0.96875 0.5078125 0.9830729166666666 0.4951171875 0.9986979166666666 0.423828125 0.9986979166666666 0.42578125 0.9453125 0.431640625 0.9231770833333334 0.4375 0.91015625 0.4384765625 0.8932291666666666 0.45703125 0.8580729166666666 0.4677734375 0.8567708333333334 0.4775390625 0.8606770833333334 0.5029296875 0.8580729166666666
0 0.33203125 0.7252604166666666 0.4072265625 0.7916666666666666 0.4140625 0.8059895833333334 0.41796875 0.82421875 0.41796875 0.8346354166666666 0.41015625 0.8580729166666666 0.3984375 0.8697916666666666 0.3916015625 0.8854166666666666 0.3828125 0.921875 0.3642578125 0.9544270833333334 0.361328125 0.96484375 0.3447265625 0.9791666666666666 0.318359375 0.9817708333333334 0.294921875 0.9791666666666666 0.279296875 0.9739583333333334 0.2548828125 0.95703125 0.2353515625 0.9361979166666666 0.2294921875 0.9322916666666666 0.2197265625 0.9322916666666666 0.2119140625 0.9283854166666666 0.1982421875 0.90625 0.1962890625 0.89453125 0.201171875 0.87890625 0.2138671875 0.8515625 0.224609375 0.8138020833333334 0.2353515625 0.7942708333333334 0.2421875 0.7747395833333334 0.251953125 0.76171875 0.271484375 0.7421875 0.28515625 0.7330729166666666 0.3037109375 0.7252604166666666 0.3310546875 0.7252604166666666