0 0.837890625 0.16276041666666666 0.857421875 0.17708333333333334 0.8720703125 0.19661458333333334 0.880859375 0.22395833333333334 0.884765625 0.2552083333333333 0.8955078125 0.2630208333333333 0.90234375 0.2734375 0.8955078125 0.2877604166666667 0.8828125 0.3033854166666667 0.876953125 0.328125 0.8564453125 0.3619791666666667 0.8486328125 0.3697916666666667 0.833984375 0.37890625 0.8251953125 0.3828125 0.802734375 0.3854166666666667 0.798828125 0.3880208333333333 0.7978515625 0.3971354166666667 0.77734375 0.4036458333333333 0.7685546875 0.4036458333333333 0.759765625 0.3958333333333333 0.759765625 0.3776041666666667 0.7373046875 0.3450520833333333 0.724609375 0.3046875 0.7177734375 0.2708333333333333 0.7177734375 0.2591145833333333 0.724609375 0.24609375 0.7294921875 0.21875 0.748046875 0.19791666666666666 0.7626953125 0.1875 0.7861328125 0.16536458333333334 0.8056640625 0.15885416666666666 0.8369140625 0.16276041666666666
0 0.4853515625 0.6510416666666666 0.494140625 0.6536458333333334 0.5029296875 0.66796875 0.5185546875 0.67578125 0.5263671875 0.6979166666666666 0.529296875 0.7161458333333334 0.5361328125 0.7265625 0.5400390625 0.7395833333333334 0.5380859375 0.7786458333333334 0.5341796875 0.79296875 0.5234375 0.8125 0.513671875 0.8255208333333334 0.5048828125 0.8307291666666666 0.49609375 0.8411458333333334 0.462890625 0.8502604166666666 0.451171875 0.8502604166666666 0.4462890625 0.8541666666666666 0.443359375 0.8502604166666666 0.4326171875 0.8502604166666666 0.416015625 0.84375 0.40625 0.83203125 0.4013671875 0.8177083333333334 0.400390625 0.8046875 0.3935546875 0.7799479166666666 0.390625 0.7473958333333334 0.3916015625 0.7200520833333334 0.4033203125 0.6848958333333334 0.4130859375 0.6731770833333334 0.4287109375 0.66015625 0.4453125 0.65234375 0.462890625 0.6497395833333334 0.484375 0.6510416666666666
0 0.5263671875 0.515625 0.5087890625 0.5729166666666666 0.5078125 0.6341145833333334 0.509765625 0.6432291666666666 0.5048828125 0.6458333333333334 0.5029296875 0.6510416666666666 0.509765625 0.6575520833333334 0.5048828125 0.6614583333333334 0.5009765625 0.6497395833333334 0.4951171875 0.6419270833333334 0.482421875 0.6419270833333334 0.478515625 0.63671875 0.47265625 0.62109375 0.4697265625 0.60546875 0.4697265625 0.578125 0.4736328125 0.5598958333333334 0.4873046875 0.5390625 0.515625 0.5169270833333334 0.525390625 0.515625
0 0.703125 0.6393229166666666 0.7314453125 0.6575520833333334 0.7529296875 0.6575520833333334 0.7685546875 0.6536458333333334 0.78515625 0.65625 0.8076171875 0.6796875 0.818359375 0.6953125 0.8212890625 0.7044270833333334 0.82421875 0.73828125 0.822265625 0.7565104166666666 0.8173828125 0.7721354166666666 0.796875 0.8020833333333334 0.771484375 0.8294270833333334 0.7490234375 0.8658854166666666 0.73828125 0.86328125 0.7314453125 0.8580729166666666 0.7265625 0.8606770833333334 0.7236328125 0.8567708333333334 0.72265625 0.8489583333333334 0.71484375 0.8424479166666666 0.68359375 0.8372395833333334 0.669921875 0.83203125 0.6533203125 0.8190104166666666 0.642578125 0.8059895833333334 0.638671875 0.7955729166666666 0.634765625 0.7604166666666666 0.6298828125 0.73828125 0.6298828125 0.7278645833333334 0.6474609375 0.7109375 0.662109375 0.69140625 0.6943359375 0.6393229166666666 0.7021484375 0.6393229166666666
0 0.7568359375 0.4153645833333333 0.7724609375 0.41796875 0.7861328125 0.4244791666666667 0.791015625 0.4244791666666667 0.7939453125 0.4205729166666667 0.80859375 0.4205729166666667 0.8134765625 0.4231770833333333 0.82421875 0.4622395833333333 0.8427734375 0.4934895833333333 0.845703125 0.5078125 0.8515625 0.515625 0.8583984375 0.5078125 0.8544921875 0.5364583333333334 0.8466796875 0.5572916666666666 0.84375 0.5768229166666666 0.828125 0.609375 0.80859375 0.6341145833333334 0.7841796875 0.6471354166666666 0.767578125 0.6497395833333334 0.7509765625 0.6497395833333334 0.7373046875 0.6432291666666666 0.734375 0.6497395833333334 0.7314453125 0.6497395833333334 0.7255859375 0.64453125 0.712890625 0.640625 0.705078125 0.6341145833333334 0.701171875 0.62890625 0.703125 0.6223958333333334 0.720703125 0.62109375 0.724609375 0.6184895833333334 0.7294921875 0.5950520833333334 0.728515625 0.57421875 0.720703125 0.5625 0.6767578125 0.5364583333333334 0.6689453125 0.5299479166666666 0.666015625 0.5234375 0.666015625 0.4895833333333333 0.6767578125 0.4622395833333333 0.689453125 0.4440104166666667 0.70703125 0.4283854166666667 0.7236328125 0.4192708333333333 0.7373046875 0.4153645833333333 0.755859375 0.4153645833333333
0 0.2861328125 0.421875 0.2890625 0.41796875 0.3076171875 0.4075520833333333 0.322265625 0.4036458333333333 0.3447265625 0.40234375 0.3466796875 0.40625 0.3486328125 0.453125 0.3525390625 0.4596354166666667 0.359375 0.484375 0.3623046875 0.5 0.361328125 0.5052083333333334 0.345703125 0.5065104166666666 0.3359375 0.5013020833333334 0.318359375 0.4791666666666667 0.3046875 0.4674479166666667 0.29296875 0.4609375 0.291015625 0.4557291666666667 0.296875 0.4440104166666667 0.296875 0.4361979166666667 0.287109375 0.4231770833333333
0 0.5546875 0.7239583333333334 0.5810546875 0.7369791666666666 0.6162109375 0.7317708333333334 0.6279296875 0.75390625 0.6318359375 0.765625 0.6357421875 0.7903645833333334 0.6337890625 0.8216145833333334 0.6298828125 0.83984375 0.6240234375 0.8528645833333334 0.611328125 0.8684895833333334 0.6005859375 0.8763020833333334 0.5751953125 0.8841145833333334 0.5478515625 0.87890625 0.5380859375 0.8802083333333334 0.5263671875 0.859375 0.51171875 0.8515625 0.5048828125 0.8450520833333334 0.5048828125 0.8411458333333334 0.513671875 0.83203125 0.53515625 0.796875 0.541015625 0.7760416666666666 0.541015625 0.7630208333333334 0.546875 0.7252604166666666 0.548828125 0.7213541666666666 0.5537109375 0.7239583333333334
0 0.3662109375 0.51171875 0.39453125 0.53515625 0.4169921875 0.5442708333333334 0.4306640625 0.5442708333333334 0.4384765625 0.5481770833333334 0.462890625 0.5924479166666666 0.470703125 0.6302083333333334 0.4697265625 0.6393229166666666 0.4658203125 0.6432291666666666 0.4365234375 0.6510416666666666 0.41015625 0.6731770833333334 0.3984375 0.6888020833333334 0.390625 0.7161458333333334 0.38671875 0.71875 0.37890625 0.7122395833333334 0.365234375 0.6940104166666666 0.359375 0.6940104166666666 0.3486328125 0.7005208333333334 0.3447265625 0.69921875 0.3427734375 0.6940104166666666 0.3330078125 0.6848958333333334 0.3330078125 0.6770833333333334 0.337890625 0.6783854166666666 0.3408203125 0.6744791666666666 0.337890625 0.6705729166666666 0.3330078125 0.671875 0.3310546875 0.67578125 0.328125 0.6744791666666666 0.33203125 0.6614583333333334 0.3310546875 0.6536458333333334 0.3330078125 0.6510416666666666 0.3271484375 0.640625 0.326171875 0.6315104166666666 0.3095703125 0.6041666666666666 0.3095703125 0.5859375 0.3125 0.5703125 0.31640625 0.5559895833333334 0.32421875 0.5390625 0.3466796875 0.5169270833333334 0.3583984375 0.51171875 0.365234375 0.51171875
0 0.431640625 0.3190104166666667 0.44140625 0.3229166666666667 0.4677734375 0.3424479166666667 0.466796875 0.3619791666666667 0.470703125 0.40234375 0.4736328125 0.41015625 0.4755859375 0.42578125 0.4892578125 0.4622395833333333 0.4873046875 0.48046875 0.4755859375 0.5052083333333334 0.4482421875 0.5338541666666666 0.4423828125 0.5377604166666666 0.431640625 0.5390625 0.4130859375 0.5390625 0.404296875 0.5364583333333334 0.3779296875 0.5182291666666666 0.3623046875 0.5026041666666666 0.3583984375 0.5052083333333334 0.3466796875 0.5052083333333334 0.3349609375 0.4986979166666667 0.3251953125 0.484375 0.314453125 0.4739583333333333 0.29296875 0.4596354166666667 0.2919921875 0.4557291666666667 0.296875 0.4453125 0.2978515625 0.4361979166666667 0.2880859375 0.4244791666666667 0.2900390625 0.41796875 0.306640625 0.4088541666666667 0.3408203125 0.40234375 0.345703125 0.4049479166666667 0.349609375 0.3984375 0.359375 0.3645833333333333 0.365234375 0.3515625 0.3837890625 0.3294270833333333 0.400390625 0.3203125 0.4306640625 0.3190104166666667
0 0.431640625 0.3190104166666667 0.4677734375 0.3424479166666667 0.466796875 0.3658854166666667 0.46875 0.390625 0.4755859375 0.42578125 0.48828125 0.4583333333333333 0.4892578125 0.4713541666666667 0.482421875 0.4934895833333333 0.47265625 0.5091145833333334 0.447265625 0.5338541666666666 0.439453125 0.5377604166666666 0.4287109375 0.5390625 0.4169921875 0.5390625 0.3974609375 0.5325520833333334 0.3759765625 0.515625 0.365234375 0.5026041666666666 0.3505859375 0.4479166666666667 0.349609375 0.3997395833333333 0.36328125 0.35546875 0.380859375 0.33203125 0.3916015625 0.32421875 0.40234375 0.3203125 0.4306640625 0.3190104166666667
0 0.5859375 0.4921875 0.6083984375 0.4934895833333333 0.630859375 0.5026041666666666 0.6513671875 0.5169270833333334 0.671875 0.5377604166666666 0.7099609375 0.5598958333333334 0.7197265625 0.5716145833333334 0.724609375 0.5833333333333334 0.7236328125 0.6145833333333334 0.716796875 0.6184895833333334 0.7080078125 0.6184895833333334 0.7041015625 0.6158854166666666 0.69921875 0.6184895833333334 0.697265625 0.625 0.6748046875 0.6614583333333334 0.6689453125 0.6744791666666666 0.64453125 0.7083333333333334 0.630859375 0.7200520833333334 0.619140625 0.7265625 0.5859375 0.734375 0.568359375 0.7278645833333334 0.5556640625 0.7200520833333334 0.5498046875 0.71484375 0.533203125 0.6901041666666666 0.51953125 0.66015625 0.5107421875 0.6002604166666666 0.513671875 0.5611979166666666 0.5224609375 0.5299479166666666 0.53125 0.5143229166666666 0.544921875 0.50390625 0.5703125 0.4934895833333333 0.5849609375 0.4921875
0 0.609375 0.21614583333333334 0.6474609375 0.23307291666666666 0.65625 0.2421875 0.6640625 0.24609375 0.6708984375 0.23828125 0.677734375 0.24088541666666666 0.6796875 0.24869791666666666 0.6748046875 0.26953125 0.6796875 0.2864583333333333 0.6845703125 0.2942708333333333 0.708984375 0.29296875 0.7099609375 0.3268229166666667 0.7041015625 0.3346354166666667 0.6923828125 0.3359375 0.6904296875 0.3385416666666667 0.69140625 0.3541666666666667 0.6953125 0.3697916666666667 0.6904296875 0.4010416666666667 0.669921875 0.421875 0.669921875 0.43359375 0.66796875 0.4388020833333333 0.6533203125 0.4596354166666667 0.623046875 0.4817708333333333 0.595703125 0.4869791666666667 0.5751953125 0.4869791666666667 0.548828125 0.4986979166666667 0.537109375 0.4986979166666667 0.5048828125 0.4791666666666667 0.4931640625 0.4622395833333333 0.482421875 0.4375 0.4765625 0.4166666666666667 0.470703125 0.3828125 0.470703125 0.3606770833333333 0.474609375 0.3190104166666667 0.478515625 0.3033854166666667 0.490234375 0.28125 0.5166015625 0.24739583333333334 0.53125 0.23567708333333334 0.5439453125 0.22786458333333334 0.5595703125 0.22395833333333334 0.572265625 0.21744791666666666 0.6083984375 0.21614583333333334