0 0.7734375 0.4700520833333333 0.7822265625 0.47265625 0.7939453125 0.48046875 0.8076171875 0.4934895833333333 0.8232421875 0.5143229166666666 0.833984375 0.5390625 0.8369140625 0.5611979166666666 0.8369140625 0.5846354166666666 0.8310546875 0.609375 0.814453125 0.6380208333333334 0.7861328125 0.6588541666666666 0.7666015625 0.6614583333333334 0.7578125 0.6614583333333334 0.7431640625 0.65625 0.73046875 0.6484375 0.7119140625 0.6302083333333334 0.6982421875 0.60546875 0.6962890625 0.59765625 0.6923828125 0.5625 0.6923828125 0.5390625 0.70703125 0.515625 0.7138671875 0.49609375 0.7265625 0.48046875 0.74609375 0.4700520833333333 0.7724609375 0.4700520833333333
0 0.744140625 0.7057291666666666 0.75390625 0.7083333333333334 0.7666015625 0.7161458333333334 0.7861328125 0.7356770833333334 0.7939453125 0.75 0.8037109375 0.7760416666666666 0.8076171875 0.7994791666666666 0.8076171875 0.82421875 0.7998046875 0.85546875 0.775390625 0.8854166666666666 0.748046875 0.90234375 0.7138671875 0.8971354166666666 0.701171875 0.8893229166666666 0.6884765625 0.8763020833333334 0.677734375 0.8619791666666666 0.6669921875 0.8411458333333334 0.6591796875 0.7955729166666666 0.6591796875 0.77734375 0.6611328125 0.76953125 0.6689453125 0.7578125 0.677734375 0.75 0.6953125 0.7135416666666666 0.7041015625 0.71484375 0.712890625 0.7083333333333334 0.7255859375 0.7044270833333334 0.7431640625 0.7057291666666666
0 0.7001953125 0.18098958333333334 0.720703125 0.19401041666666666 0.7373046875 0.1953125 0.7431640625 0.20703125 0.7587890625 0.203125 0.7607421875 0.20572916666666666 0.759765625 0.23307291666666666 0.751953125 0.2513020833333333 0.748046875 0.2760416666666667 0.7373046875 0.29296875 0.73046875 0.2994791666666667 0.7275390625 0.3138020833333333 0.6962890625 0.3411458333333333 0.6923828125 0.3411458333333333 0.67578125 0.3515625 0.6533203125 0.3450520833333333 0.6474609375 0.3307291666666667 0.6416015625 0.3268229166666667 0.6376953125 0.3177083333333333 0.62109375 0.2981770833333333 0.6181640625 0.29296875 0.6171875 0.2825520833333333 0.6318359375 0.22526041666666666 0.63671875 0.21354166666666666 0.6494140625 0.1953125 0.673828125 0.17708333333333334 0.6875 0.171875 0.6943359375 0.171875 0.69921875 0.18098958333333334
0 0.302734375 0.70703125 0.3251953125 0.71875 0.34765625 0.75 0.353515625 0.7682291666666666 0.357421875 0.7916666666666666 0.3583984375 0.8229166666666666 0.345703125 0.8606770833333334 0.3251953125 0.8919270833333334 0.3037109375 0.9075520833333334 0.26953125 0.9166666666666666 0.2509765625 0.9127604166666666 0.23046875 0.8997395833333334 0.208984375 0.8697916666666666 0.2060546875 0.8515625 0.203125 0.8463541666666666 0.19921875 0.8450520833333334 0.1904296875 0.84765625 0.1865234375 0.8450520833333334 0.1787109375 0.8450520833333334 0.177734375 0.8216145833333334 0.17578125 0.8151041666666666 0.1884765625 0.80078125 0.1953125 0.78515625 0.2099609375 0.76953125 0.2109375 0.7643229166666666 0.224609375 0.7434895833333334 0.240234375 0.7252604166666666 0.2578125 0.7161458333333334 0.2666015625 0.7083333333333334 0.3017578125 0.70703125
0 0.3212890625 0.46484375 0.34765625 0.4791666666666667 0.3671875 0.5013020833333334 0.380859375 0.5442708333333334 0.3798828125 0.5768229166666666 0.37109375 0.6080729166666666 0.35546875 0.6315104166666666 0.3369140625 0.6419270833333334 0.322265625 0.6536458333333334 0.294921875 0.6614583333333334 0.28515625 0.6614583333333334 0.275390625 0.65234375 0.26171875 0.6497395833333334 0.2392578125 0.6302083333333334 0.2294921875 0.6106770833333334 0.2216796875 0.5885416666666666 0.216796875 0.5625 0.2177734375 0.55078125 0.2216796875 0.5325520833333334 0.2294921875 0.5143229166666666 0.2470703125 0.4895833333333333 0.2578125 0.4791666666666667 0.275390625 0.46875 0.2939453125 0.4622395833333333 0.3125 0.4622395833333333 0.3203125 0.46484375
0 0.66796875 0.8489583333333334 0.67578125 0.86328125 0.7001953125 0.8919270833333334 0.7138671875 0.8997395833333334 0.7451171875 0.9049479166666666 0.751953125 0.91015625 0.7548828125 0.9283854166666666 0.75390625 0.9609375 0.7412109375 0.9947916666666666 0.7373046875 0.9986979166666666 0.6611328125 0.9986979166666666 0.6474609375 0.9765625 0.6396484375 0.9544270833333334 0.6396484375 0.9440104166666666 0.6474609375 0.9075520833333334 0.6484375 0.8841145833333334 0.6552734375 0.8723958333333334 0.6591796875 0.8502604166666666 0.6630859375 0.8450520833333334 0.6669921875 0.8489583333333334
0 0.4228515625 0.8984375 0.4453125 0.90625 0.4619140625 0.90625 0.4697265625 0.90234375 0.478515625 0.90234375 0.48828125 0.9140625 0.4921875 0.92578125 0.4970703125 0.9661458333333334 0.4921875 0.9986979166666666 0.396484375 0.9986979166666666 0.3935546875 0.9869791666666666 0.3955078125 0.9244791666666666 0.400390625 0.91015625 0.41015625 0.89453125 0.421875 0.8984375
0 0.474609375 0.6419270833333334 0.4990234375 0.6419270833333334 0.505859375 0.64453125 0.5205078125 0.6536458333333334 0.5302734375 0.6653645833333334 0.5439453125 0.6875 0.5498046875 0.7057291666666666 0.552734375 0.72265625 0.5537109375 0.76171875 0.55078125 0.7825520833333334 0.541015625 0.8177083333333334 0.533203125 0.8346354166666666 0.5205078125 0.8515625 0.5087890625 0.875 0.482421875 0.8932291666666666 0.4599609375 0.90234375 0.4365234375 0.9010416666666666 0.4248046875 0.8958333333333334 0.4091796875 0.8828125 0.40234375 0.8723958333333334 0.3916015625 0.8463541666666666 0.38671875 0.828125 0.3857421875 0.7591145833333334 0.3876953125 0.73828125 0.4052734375 0.69140625 0.4150390625 0.6783854166666666 0.4228515625 0.6731770833333334 0.4345703125 0.66015625 0.46484375 0.6419270833333334 0.4736328125 0.6419270833333334
0 0.58984375 0.8125 0.6044921875 0.81640625 0.6240234375 0.8307291666666666 0.63671875 0.8502604166666666 0.6435546875 0.8776041666666666 0.64453125 0.9010416666666666 0.642578125 0.9192708333333334 0.638671875 0.9401041666666666 0.62890625 0.9596354166666666 0.6279296875 0.98828125 0.6259765625 0.9947916666666666 0.6162109375 0.9986979166666666 0.5595703125 0.9986979166666666 0.5576171875 0.99609375 0.5537109375 0.9986979166666666 0.55078125 0.99609375 0.5419921875 0.99609375 0.5400390625 0.9986979166666666 0.51171875 0.9986979166666666 0.5078125 0.9921875 0.5 0.9661458333333334 0.498046875 0.9427083333333334 0.4931640625 0.9192708333333334 0.494140625 0.8971354166666666 0.4970703125 0.8880208333333334 0.509765625 0.8815104166666666 0.5244140625 0.8515625 0.5517578125 0.8229166666666666 0.5673828125 0.8138020833333334 0.5888671875 0.8125
0 0.548828125 0.2630208333333333 0.5908203125 0.2747395833333333 0.6123046875 0.2916666666666667 0.646484375 0.3346354166666667 0.6474609375 0.3385416666666667 0.6455078125 0.3411458333333333 0.650390625 0.34765625 0.6591796875 0.3736979166666667 0.6630859375 0.39453125 0.6572265625 0.4609375 0.6484375 0.48828125 0.626953125 0.5208333333333334 0.6064453125 0.54296875 0.587890625 0.5546875 0.56640625 0.5611979166666666 0.5400390625 0.5611979166666666 0.51171875 0.5403645833333334 0.494140625 0.5325520833333334 0.48828125 0.51953125 0.48046875 0.5091145833333334 0.4580078125 0.48828125 0.4462890625 0.4622395833333333 0.4423828125 0.4583333333333333 0.4443359375 0.4427083333333333 0.4375 0.4153645833333333 0.4375 0.4049479166666667 0.443359375 0.3763020833333333 0.4521484375 0.3528645833333333 0.4677734375 0.3216145833333333 0.50390625 0.2786458333333333 0.5302734375 0.265625 0.5478515625 0.2630208333333333
0 0.3310546875 0.8971354166666666 0.3486328125 0.9270833333333334 0.35546875 0.9518229166666666 0.35546875 0.9856770833333334 0.3525390625 0.9986979166666666 0.2353515625 0.9986979166666666 0.234375 0.9583333333333334 0.2392578125 0.9388020833333334 0.248046875 0.91796875 0.2578125 0.9166666666666666 0.2626953125 0.9205729166666666 0.26953125 0.9205729166666666 0.306640625 0.9088541666666666 0.32421875 0.8958333333333334 0.330078125 0.8971354166666666
0 0.646484375 0.58984375 0.6650390625 0.6002604166666666 0.685546875 0.6236979166666666 0.6962890625 0.6510416666666666 0.6982421875 0.6731770833333334 0.6904296875 0.71484375 0.67578125 0.74609375 0.658203125 0.7669270833333334 0.638671875 0.7721354166666666 0.6220703125 0.7721354166666666 0.6064453125 0.7669270833333334 0.5869140625 0.7526041666666666 0.578125 0.7408854166666666 0.572265625 0.7278645833333334 0.568359375 0.7109375 0.56640625 0.6705729166666666 0.5693359375 0.6484375 0.5888671875 0.6106770833333334 0.615234375 0.5924479166666666 0.6279296875 0.5885416666666666 0.6455078125 0.58984375