0 0.7763671875 0.5729166666666666 0.8037109375 0.5794270833333334 0.8291015625 0.5950520833333334 0.8515625 0.6171875 0.8603515625 0.6197916666666666 0.876953125 0.6432291666666666 0.8779296875 0.6510416666666666 0.890625 0.6875 0.89453125 0.7135416666666666 0.89453125 0.7330729166666666 0.890625 0.7486979166666666 0.890625 0.7578125 0.8935546875 0.76171875 0.8935546875 0.7721354166666666 0.8916015625 0.7760416666666666 0.876953125 0.7955729166666666 0.861328125 0.8059895833333334 0.8525390625 0.81640625 0.849609375 0.82421875 0.8515625 0.8294270833333334 0.8505859375 0.83203125 0.8369140625 0.83203125 0.8037109375 0.8411458333333334 0.7802734375 0.8385416666666666 0.7412109375 0.8177083333333334 0.7255859375 0.8125 0.71484375 0.8046875 0.7060546875 0.79296875 0.6865234375 0.7565104166666666 0.6796875 0.7317708333333334 0.6787109375 0.6966145833333334 0.681640625 0.671875 0.6953125 0.6393229166666666 0.7041015625 0.62890625 0.6923828125 0.6197916666666666 0.681640625 0.6184895833333334 0.6787109375 0.6158854166666666 0.7021484375 0.60546875 0.7197265625 0.6080729166666666 0.732421875 0.5950520833333334 0.7333984375 0.5846354166666666 0.736328125 0.58203125 0.775390625 0.5729166666666666
0 0.345703125 0.7005208333333334 0.369140625 0.7096354166666666 0.390625 0.7252604166666666 0.3984375 0.734375 0.4072265625 0.75 0.4091796875 0.7552083333333334 0.4091796875 0.7682291666666666 0.4052734375 0.7864583333333334 0.404296875 0.8541666666666666 0.3994140625 0.8671875 0.373046875 0.9036458333333334 0.3583984375 0.91796875 0.337890625 0.9296875 0.2939453125 0.9283854166666666 0.2822265625 0.9231770833333334 0.271484375 0.9140625 0.26171875 0.89453125 0.255859375 0.8723958333333334 0.2333984375 0.8450520833333334 0.23046875 0.8307291666666666 0.2333984375 0.82421875 0.24609375 0.8229166666666666 0.2470703125 0.8046875 0.2548828125 0.7682291666666666 0.283203125 0.7265625 0.3017578125 0.7109375 0.32421875 0.7005208333333334 0.3447265625 0.7005208333333334
0 0.169921875 0.5950520833333334 0.185546875 0.6015625 0.201171875 0.61328125 0.2109375 0.625 0.2236328125 0.6497395833333334 0.2314453125 0.68359375 0.2314453125 0.7044270833333334 0.228515625 0.7317708333333334 0.220703125 0.75390625 0.19921875 0.7890625 0.1767578125 0.80859375 0.1552734375 0.8177083333333334 0.140625 0.8203125 0.1162109375 0.8177083333333334 0.1015625 0.8111979166666666 0.0849609375 0.7994791666666666 0.072265625 0.78125 0.0615234375 0.7890625 0.0517578125 0.7877604166666666 0.0458984375 0.7825520833333334 0.0361328125 0.7643229166666666 0.0380859375 0.76171875 0.0498046875 0.7604166666666666 0.0478515625 0.75 0.052734375 0.7408854166666666 0.0498046875 0.73046875 0.0498046875 0.7161458333333334 0.056640625 0.6901041666666666 0.0693359375 0.67578125 0.095703125 0.62890625 0.1337890625 0.59765625 0.1484375 0.5924479166666666 0.1689453125 0.5950520833333334
0 0.7392578125 0.8255208333333334 0.7626953125 0.8359375 0.7900390625 0.8580729166666666 0.8134765625 0.8984375 0.8203125 0.9348958333333334 0.8203125 0.9661458333333334 0.818359375 0.9934895833333334 0.81640625 0.9986979166666666 0.6328125 0.9986979166666666 0.62890625 0.9934895833333334 0.6220703125 0.9700520833333334 0.6220703125 0.9127604166666666 0.62890625 0.8880208333333334 0.642578125 0.8580729166666666 0.6611328125 0.8346354166666666 0.6826171875 0.8229166666666666 0.6953125 0.8190104166666666 0.7158203125 0.8190104166666666 0.73828125 0.8255208333333334
0 0.3427734375 0.18619791666666666 0.3720703125 0.19140625 0.380859375 0.19791666666666666 0.3974609375 0.21875 0.4052734375 0.23307291666666666 0.4091796875 0.24609375 0.4130859375 0.2825520833333333 0.412109375 0.29296875 0.40234375 0.3190104166666667 0.400390625 0.3333333333333333 0.388671875 0.35546875 0.3798828125 0.3671875 0.3701171875 0.375 0.341796875 0.3815104166666667 0.3203125 0.3802083333333333 0.30078125 0.3684895833333333 0.2861328125 0.3489583333333333 0.27734375 0.3424479166666667 0.267578125 0.328125 0.2607421875 0.30859375 0.2578125 0.2890625 0.2587890625 0.2643229166666667 0.2626953125 0.23828125 0.271484375 0.22005208333333334 0.283203125 0.20833333333333334 0.310546875 0.19010416666666666 0.3173828125 0.1875 0.341796875 0.18619791666666666
0 0.783203125 0.32421875 0.7958984375 0.3359375 0.8154296875 0.328125 0.83203125 0.3255208333333333 0.8505859375 0.3268229166666667 0.861328125 0.3307291666666667 0.8720703125 0.3372395833333333 0.8818359375 0.3489583333333333 0.9013671875 0.38671875 0.90625 0.4114583333333333 0.9052734375 0.4453125 0.90234375 0.4700520833333333 0.8955078125 0.4908854166666667 0.9072265625 0.5091145833333334 0.9091796875 0.515625 0.908203125 0.5221354166666666 0.9033203125 0.5299479166666666 0.8896484375 0.53515625 0.857421875 0.5338541666666666 0.8466796875 0.5377604166666666 0.8154296875 0.5377604166666666 0.7939453125 0.5338541666666666 0.7861328125 0.5299479166666666 0.77734375 0.5221354166666666 0.7646484375 0.515625 0.7509765625 0.5026041666666666 0.740234375 0.4778645833333333 0.736328125 0.4375 0.7373046875 0.3658854166666667 0.7412109375 0.35546875 0.7568359375 0.3333333333333333 0.7734375 0.3255208333333333 0.7822265625 0.32421875
0 0.537109375 0.62890625 0.5576171875 0.6354166666666666 0.5986328125 0.66015625 0.60546875 0.6666666666666666 0.6171875 0.6848958333333334 0.626953125 0.7057291666666666 0.63671875 0.7369791666666666 0.640625 0.77734375 0.640625 0.83203125 0.63671875 0.8606770833333334 0.6259765625 0.8828125 0.615234375 0.9205729166666666 0.607421875 0.9348958333333334 0.5791015625 0.9700520833333334 0.5771484375 0.9869791666666666 0.57421875 0.9908854166666666 0.56640625 0.9908854166666666 0.5537109375 0.98046875 0.548828125 0.98046875 0.544921875 0.984375 0.5400390625 0.99609375 0.5283203125 0.99609375 0.5263671875 0.9986979166666666 0.5166015625 0.99609375 0.5087890625 0.9986979166666666 0.5048828125 0.9947916666666666 0.513671875 0.9778645833333334 0.51171875 0.9739583333333334 0.4814453125 0.9661458333333334 0.4599609375 0.9479166666666666 0.451171875 0.9348958333333334 0.443359375 0.9166666666666666 0.4169921875 0.87890625 0.41015625 0.8567708333333334 0.408203125 0.796875 0.4091796875 0.7825520833333334 0.4169921875 0.7473958333333334 0.41796875 0.7317708333333334 0.4228515625 0.7135416666666666 0.4287109375 0.7018229166666666 0.431640625 0.6861979166666666 0.44921875 0.6575520833333334 0.466796875 0.6419270833333334 0.4794921875 0.640625 0.5009765625 0.625 0.5361328125 0.62890625
0 0.4248046875 0.3567708333333333 0.4384765625 0.3619791666666667 0.458984375 0.3619791666666667 0.466796875 0.3567708333333333 0.484375 0.3645833333333333 0.498046875 0.375 0.5244140625 0.4075520833333333 0.5341796875 0.4270833333333333 0.54296875 0.4544270833333333 0.5478515625 0.4921875 0.5478515625 0.5182291666666666 0.54296875 0.5533854166666666 0.533203125 0.5833333333333334 0.5166015625 0.6119791666666666 0.5068359375 0.6184895833333334 0.498046875 0.6197916666666666 0.48046875 0.6341145833333334 0.462890625 0.6354166666666666 0.458984375 0.6419270833333334 0.4541015625 0.64453125 0.4443359375 0.6432291666666666 0.439453125 0.6471354166666666 0.4287109375 0.6497395833333334 0.4130859375 0.6484375 0.3955078125 0.6419270833333334 0.3720703125 0.6236979166666666 0.3525390625 0.6002604166666666 0.3330078125 0.5559895833333334 0.3291015625 0.5390625 0.326171875 0.5052083333333334 0.3291015625 0.4557291666666667 0.33984375 0.4375 0.349609375 0.4088541666666667 0.3662109375 0.3880208333333333 0.3876953125 0.3684895833333333 0.4072265625 0.3567708333333333 0.423828125 0.3567708333333333
0 0.6630859375 0.40234375 0.6767578125 0.41015625 0.7021484375 0.4309895833333333 0.7216796875 0.45703125 0.734375 0.4921875 0.7373046875 0.5104166666666666 0.7373046875 0.53125 0.7275390625 0.56640625 0.7080078125 0.5963541666666666 0.677734375 0.609375 0.669921875 0.6184895833333334 0.6611328125 0.6223958333333334 0.63671875 0.6197916666666666 0.6220703125 0.61328125 0.6015625 0.5963541666666666 0.5927734375 0.5846354166666666 0.576171875 0.5494791666666666 0.5712890625 0.51953125 0.5703125 0.4908854166666667 0.572265625 0.4739583333333333 0.5810546875 0.4453125 0.587890625 0.4322916666666667 0.5986328125 0.4192708333333333 0.611328125 0.41015625 0.626953125 0.4036458333333333 0.638671875 0.4010416666666667 0.662109375 0.40234375
0 0.630859375 0.11067708333333333 0.6435546875 0.125 0.646484375 0.12239583333333333 0.6484375 0.11458333333333333 0.6640625 0.12239583333333333 0.666015625 0.13020833333333334 0.677734375 0.13802083333333334 0.6953125 0.16145833333333334 0.7021484375 0.17708333333333334 0.705078125 0.17708333333333334 0.7236328125 0.16276041666666666 0.748046875 0.15104166666666666 0.7529296875 0.16145833333333334 0.7626953125 0.17057291666666666 0.771484375 0.17057291666666666 0.7841796875 0.16276041666666666 0.7890625 0.16276041666666666 0.79296875 0.16927083333333334 0.796875 0.16927083333333334 0.806640625 0.16145833333333334 0.80859375 0.16796875 0.80859375 0.19270833333333334 0.8046875 0.20703125 0.8037109375 0.22005208333333334 0.7958984375 0.23177083333333334 0.7939453125 0.24088541666666666 0.7802734375 0.265625 0.736328125 0.2799479166666667 0.72265625 0.2799479166666667 0.70703125 0.2747395833333333 0.6943359375 0.2760416666666667 0.6845703125 0.2825520833333333 0.673828125 0.2955729166666667 0.6611328125 0.3033854166666667 0.65234375 0.3151041666666667 0.650390625 0.328125 0.623046875 0.3359375 0.619140625 0.3489583333333333 0.6162109375 0.3515625 0.6123046875 0.3515625 0.6083984375 0.3424479166666667 0.5849609375 0.34375 0.5498046875 0.3346354166666667 0.5419921875 0.3359375 0.541015625 0.3333333333333333 0.5361328125 0.3333333333333333 0.51953125 0.3229166666666667 0.501953125 0.2942708333333333 0.494140625 0.2760416666666667 0.4921875 0.23958333333333334 0.49609375 0.20963541666666666 0.4990234375 0.20052083333333334 0.5283203125 0.16666666666666666 0.57421875 0.1328125 0.591796875 0.12760416666666666 0.6044921875 0.11979166666666667 0.61328125 0.11848958333333333 0.6240234375 0.109375 0.6298828125 0.11067708333333333
0 0.23046875 0.3828125 0.23828125 0.3893229166666667 0.255859375 0.39453125 0.2841796875 0.4192708333333333 0.298828125 0.4401041666666667 0.306640625 0.4557291666666667 0.310546875 0.46875 0.3125 0.4908854166666667 0.3115234375 0.5325520833333334 0.306640625 0.5494791666666666 0.2978515625 0.5533854166666666 0.2880859375 0.5677083333333334 0.2685546875 0.5859375 0.2509765625 0.5963541666666666 0.236328125 0.5989583333333334 0.2177734375 0.5989583333333334 0.1962890625 0.5924479166666666 0.1787109375 0.5833333333333334 0.1572265625 0.56640625 0.1357421875 0.5390625 0.130859375 0.5286458333333334 0.12109375 0.484375 0.12109375 0.4778645833333333 0.1240234375 0.4739583333333333 0.1259765625 0.46484375 0.1259765625 0.4557291666666667 0.1318359375 0.4375 0.140625 0.4205729166666667 0.1552734375 0.3997395833333333 0.1826171875 0.3893229166666667 0.2001953125 0.3854166666666667 0.2138671875 0.3854166666666667 0.22265625 0.3802083333333333 0.2294921875 0.3828125