0 0.265625 0.24088541666666666 0.2673611111111111 0.2421875 0.2777777777777778 0.24088541666666666 0.2795138888888889 0.24479166666666666 0.2934027777777778 0.2526041666666667 0.3368055555555556 0.2643229166666667 0.375 0.28125 0.3975694444444444 0.2994791666666667 0.4097222222222222 0.3138020833333333 0.421875 0.3359375 0.4288194444444444 0.3606770833333333 0.4288194444444444 0.37890625 0.4253472222222222 0.4010416666666667 0.421875 0.4075520833333333 0.421875 0.4244791666666667 0.4149305555555556 0.4427083333333333 0.3836805555555556 0.4661458333333333 0.3506944444444444 0.484375 0.3385416666666667 0.484375 0.3211805555555556 0.4778645833333333 0.3003472222222222 0.4778645833333333 0.2638888888888889 0.47265625 0.234375 0.4635416666666667 0.2204861111111111 0.4622395833333333 0.2013888888888889 0.45703125 0.19618055555555555 0.4479166666666667 0.1857638888888889 0.4466145833333333 0.1736111111111111 0.44140625 0.1579861111111111 0.4466145833333333 0.140625 0.4453125 0.13368055555555555 0.44921875 0.11631944444444445 0.4518229166666667 0.11284722222222222 0.4505208333333333 0.10416666666666667 0.4401041666666667 0.0920138888888889 0.4153645833333333 0.09027777777777778 0.4088541666666667 0.0920138888888889 0.3567708333333333 0.109375 0.3255208333333333 0.12152777777777778 0.3111979166666667 0.14756944444444445 0.2877604166666667 0.16145833333333334 0.2825520833333333 0.1701388888888889 0.2760416666666667 0.19270833333333334 0.265625 0.1996527777777778 0.265625 0.2152777777777778 0.2591145833333333 0.2309027777777778 0.2565104166666667 0.24479166666666666 0.24869791666666666 0.2569444444444444 0.24609375 0.2638888888888889 0.24088541666666666
0 0.4288194444444444 0.04296875 0.4565972222222222 0.044270833333333336 0.4722222222222222 0.048177083333333336 0.484375 0.053385416666666664 0.5017361111111112 0.06640625 0.515625 0.0859375 0.5225694444444444 0.10026041666666667 0.5260416666666666 0.11588541666666667 0.5243055555555556 0.13020833333333334 0.5208333333333334 0.1328125 0.4704861111111111 0.13411458333333334 0.4513888888888889 0.140625 0.4149305555555556 0.16145833333333334 0.3923611111111111 0.18098958333333334 0.3871527777777778 0.17838541666666666 0.3836805555555556 0.17317708333333334 0.3715277777777778 0.14453125 0.3506944444444444 0.11458333333333333 0.3298611111111111 0.09895833333333333 0.3229166666666667 0.09114583333333333 0.3211805555555556 0.08333333333333333 0.3298611111111111 0.0625 0.3402777777777778 0.053385416666666664 0.3611111111111111 0.049479166666666664 0.375 0.05078125 0.3958333333333333 0.045572916666666664 0.4270833333333333 0.04296875
0 0.7916666666666666 0.032552083333333336 0.8090277777777778 0.040364583333333336 0.8211805555555556 0.0390625 0.8350694444444444 0.04296875 0.8420138888888888 0.052083333333333336 0.8472222222222222 0.06901041666666667 0.8628472222222222 0.0859375 0.8819444444444444 0.09505208333333333 0.8871527777777778 0.09505208333333333 0.9045138888888888 0.1015625 0.9131944444444444 0.1015625 0.9166666666666666 0.10416666666666667 0.9236111111111112 0.140625 0.921875 0.16536458333333334 0.9079861111111112 0.1953125 0.890625 0.2109375 0.8663194444444444 0.2265625 0.84375 0.23177083333333334 0.8263888888888888 0.2265625 0.7934027777777778 0.20442708333333334 0.7760416666666666 0.19921875 0.7586805555555556 0.19661458333333334 0.7204861111111112 0.19661458333333334 0.6875 0.20182291666666666 0.6649305555555556 0.20052083333333334 0.6302083333333334 0.18880208333333334 0.6215277777777778 0.17708333333333334 0.5989583333333334 0.16145833333333334 0.59375 0.15364583333333334 0.5798611111111112 0.1171875 0.5798611111111112 0.09765625 0.5868055555555556 0.07942708333333333 0.5989583333333334 0.06640625 0.625 0.053385416666666664 0.6475694444444444 0.046875 0.6579861111111112 0.0390625 0.6840277777777778 0.040364583333333336 0.7291666666666666 0.049479166666666664 0.7447916666666666 0.049479166666666664 0.7482638888888888 0.045572916666666664 0.7673611111111112 0.036458333333333336 0.7899305555555556 0.033854166666666664
0 0.7100694444444444 0.54296875 0.7118055555555556 0.5494791666666666 0.7204861111111112 0.5546875 0.7291666666666666 0.55078125 0.7395833333333334 0.5533854166666666 0.7447916666666666 0.5494791666666666 0.7690972222222222 0.55078125 0.7743055555555556 0.5481770833333334 0.7899305555555556 0.5494791666666666 0.8020833333333334 0.546875 0.8055555555555556 0.55078125 0.8263888888888888 0.55078125 0.8697916666666666 0.56640625 0.8819444444444444 0.5690104166666666 0.890625 0.5755208333333334 0.8923611111111112 0.5794270833333334 0.9027777777777778 0.5872395833333334 0.9079861111111112 0.5885416666666666 0.9565972222222222 0.625 0.9756944444444444 0.6536458333333334 0.9878472222222222 0.6653645833333334 0.9982638888888888 0.68359375 0.9982638888888888 0.7591145833333334 0.9965277777777778 0.7604166666666666 0.9982638888888888 0.8151041666666666 0.9861111111111112 0.8346354166666666 0.9722222222222222 0.8489583333333334 0.9357638888888888 0.8776041666666666 0.921875 0.8854166666666666 0.9114583333333334 0.89453125 0.8958333333333334 0.9010416666666666 0.8819444444444444 0.91015625 0.8263888888888888 0.9296875 0.765625 0.9388020833333334 0.6736111111111112 0.9309895833333334 0.6527777777777778 0.9231770833333334 0.6336805555555556 0.9192708333333334 0.6267361111111112 0.9231770833333334 0.625 0.9270833333333334 0.6111111111111112 0.9283854166666666 0.609375 0.9270833333333334 0.6111111111111112 0.9166666666666666 0.5989583333333334 0.8919270833333334 0.5902777777777778 0.8854166666666666 0.5850694444444444 0.8763020833333334 0.5729166666666666 0.8671875 0.5694444444444444 0.8671875 0.5677083333333334 0.8697916666666666 0.5572916666666666 0.8697916666666666 0.5520833333333334 0.8671875 0.5451388888888888 0.8606770833333334 0.5416666666666666 0.8528645833333334 0.5173611111111112 0.828125 0.5069444444444444 0.8072916666666666 0.5069444444444444 0.7994791666666666 0.515625 0.79296875 0.515625 0.7890625 0.5069444444444444 0.7734375 0.5052083333333334 0.75 0.5104166666666666 0.7356770833333334 0.5104166666666666 0.7239583333333334 0.5138888888888888 0.71875 0.5104166666666666 0.7096354166666666 0.5138888888888888 0.6770833333333334 0.5225694444444444 0.6549479166666666 0.5399305555555556 0.6328125 0.5642361111111112 0.6106770833333334 0.6232638888888888 0.5833333333333334 0.65625 0.5729166666666666 0.6736111111111112 0.5625 0.671875 0.5533854166666666 0.6736111111111112 0.55078125 0.6788194444444444 0.5520833333333334 0.6857638888888888 0.55078125 0.6944444444444444 0.5455729166666666 0.7083333333333334 0.54296875
0 0.9652777777777778 0.41015625 0.984375 0.4166666666666667 0.9982638888888888 0.4244791666666667 0.9982638888888888 0.6197916666666666 0.9826388888888888 0.6263020833333334 0.9722222222222222 0.6263020833333334 0.9618055555555556 0.6236979166666666 0.9079861111111112 0.5833333333333334 0.9010416666666666 0.5807291666666666 0.8854166666666666 0.56640625 0.8298611111111112 0.546875 0.8038194444444444 0.52734375 0.7934027777777778 0.51171875 0.7934027777777778 0.49609375 0.8020833333333334 0.4739583333333333 0.8211805555555556 0.45703125 0.8420138888888888 0.4479166666666667 0.8541666666666666 0.4388020833333333 0.8576388888888888 0.4270833333333333 0.8732638888888888 0.41015625 0.8854166666666666 0.40625 0.890625 0.4153645833333333 0.8958333333333334 0.4192708333333333 0.9201388888888888 0.4192708333333333 0.9305555555555556 0.4153645833333333 0.9513888888888888 0.4153645833333333 0.9635416666666666 0.4114583333333333
0 0.1684027777777778 0.4479166666666667 0.17881944444444445 0.44921875 0.1840277777777778 0.453125 0.19444444444444445 0.4557291666666667 0.1996527777777778 0.4609375 0.21354166666666666 0.4661458333333333 0.23958333333333334 0.4700520833333333 0.24305555555555555 0.47265625 0.2621527777777778 0.4765625 0.2725694444444444 0.4817708333333333 0.3194444444444444 0.484375 0.3454861111111111 0.4921875 0.3923611111111111 0.5143229166666666 0.4131944444444444 0.53125 0.4253472222222222 0.55078125 0.4375 0.5846354166666666 0.4392361111111111 0.62890625 0.4288194444444444 0.6653645833333334 0.4045138888888889 0.7122395833333334 0.4027777777777778 0.7473958333333334 0.3975694444444444 0.7565104166666666 0.3836805555555556 0.765625 0.3645833333333333 0.765625 0.3559027777777778 0.7643229166666666 0.3506944444444444 0.7604166666666666 0.3385416666666667 0.7565104166666666 0.3315972222222222 0.7565104166666666 0.3177083333333333 0.7526041666666666 0.3142361111111111 0.75 0.2534722222222222 0.7513020833333334 0.24305555555555555 0.75390625 0.21006944444444445 0.75 0.13541666666666666 0.7278645833333334 0.09375 0.7096354166666666 0.07118055555555555 0.6927083333333334 0.05555555555555555 0.6744791666666666 0.050347222222222224 0.6666666666666666 0.046875 0.6497395833333334 0.04861111111111111 0.6158854166666666 0.06076388888888889 0.5911458333333334 0.09027777777777778 0.55078125 0.0954861111111111 0.5338541666666666 0.109375 0.5143229166666666 0.10069444444444445 0.5078125 0.09722222222222222 0.5 0.10590277777777778 0.4765625 0.10590277777777778 0.46875 0.11979166666666667 0.4596354166666667 0.1388888888888889 0.4544270833333333 0.15104166666666666 0.4557291666666667 0.16319444444444445 0.44921875 0.16666666666666666 0.44921875
0 0.7534722222222222 0.19921875 0.78125 0.20442708333333334 0.796875 0.2109375 0.8125 0.22135416666666666 0.8402777777777778 0.24609375 0.8489583333333334 0.2604166666666667 0.8576388888888888 0.2825520833333333 0.8732638888888888 0.3072916666666667 0.8767361111111112 0.3177083333333333 0.8732638888888888 0.3372395833333333 0.8802083333333334 0.3463541666666667 0.8802083333333334 0.359375 0.8697916666666666 0.375 0.8541666666666666 0.37890625 0.8402777777777778 0.3763020833333333 0.8385416666666666 0.3723958333333333 0.8298611111111112 0.3815104166666667 0.796875 0.40625 0.7743055555555556 0.4140625 0.7638888888888888 0.4127604166666667 0.7326388888888888 0.37890625 0.7204861111111112 0.3697916666666667 0.7083333333333334 0.3697916666666667 0.6822916666666666 0.3528645833333333 0.6631944444444444 0.3489583333333333 0.6545138888888888 0.3450520833333333 0.625 0.33984375 0.59375 0.3372395833333333 0.5902777777777778 0.3346354166666667 0.5902777777777778 0.328125 0.5850694444444444 0.3203125 0.5850694444444444 0.3046875 0.59375 0.2825520833333333 0.6111111111111112 0.2643229166666667 0.625 0.24088541666666666 0.6475694444444444 0.22395833333333334 0.6666666666666666 0.21484375 0.6770833333333334 0.21354166666666666 0.7013888888888888 0.20442708333333334 0.7517361111111112 0.19921875
0 0.22395833333333334 0.05078125 0.24305555555555555 0.055989583333333336 0.2708333333333333 0.06770833333333333 0.2881944444444444 0.07161458333333333 0.3142361111111111 0.08723958333333333 0.328125 0.1015625 0.3472222222222222 0.11458333333333333 0.3715277777777778 0.15234375 0.3819444444444444 0.1796875 0.3836805555555556 0.19661458333333334 0.3802083333333333 0.22265625 0.375 0.23177083333333334 0.3697916666666667 0.2513020833333333 0.3628472222222222 0.2630208333333333 0.359375 0.265625 0.3506944444444444 0.265625 0.3038194444444444 0.24869791666666666 0.3003472222222222 0.23567708333333334 0.2951388888888889 0.23177083333333334 0.2864583333333333 0.23177083333333334 0.2760416666666667 0.22786458333333334 0.2569444444444444 0.22916666666666666 0.24305555555555555 0.23567708333333334 0.23958333333333334 0.24348958333333334 0.2326388888888889 0.24869791666666666 0.2222222222222222 0.2526041666666667 0.2065972222222222 0.2526041666666667 0.1857638888888889 0.2643229166666667 0.171875 0.2669270833333333 0.16145833333333334 0.2721354166666667 0.14930555555555555 0.2747395833333333 0.140625 0.28125 0.1388888888888889 0.2864583333333333 0.125 0.3033854166666667 0.109375 0.31640625 0.10069444444444445 0.31640625 0.08506944444444445 0.3098958333333333 0.052083333333333336 0.2877604166666667 0.03298611111111111 0.2669270833333333 0.020833333333333332 0.24739583333333334 0.010416666666666666 0.21744791666666666 0.008680555555555556 0.19140625 0.010416666666666666 0.16145833333333334 0.017361111111111112 0.140625 0.024305555555555556 0.12760416666666666 0.04513888888888889 0.1171875 0.0625 0.1015625 0.08854166666666667 0.08723958333333333 0.1423611111111111 0.07421875 0.1892361111111111 0.057291666666666664 0.19791666666666666 0.052083333333333336 0.2222222222222222 0.05078125
0 0.6059027777777778 0.34375 0.6319444444444444 0.3450520833333333 0.6649305555555556 0.3515625 0.671875 0.35546875 0.6840277777777778 0.3580729166666667 0.7065972222222222 0.375 0.7152777777777778 0.375 0.7274305555555556 0.3802083333333333 0.7517361111111112 0.4049479166666667 0.765625 0.4283854166666667 0.7725694444444444 0.453125 0.7725694444444444 0.4895833333333333 0.7673611111111112 0.5104166666666666 0.7604166666666666 0.5182291666666666 0.7309027777777778 0.5169270833333334 0.7239583333333334 0.5143229166666666 0.703125 0.5130208333333334 0.6875 0.5078125 0.6458333333333334 0.5130208333333334 0.6354166666666666 0.5208333333333334 0.6336805555555556 0.5247395833333334 0.6336805555555556 0.5481770833333334 0.6388888888888888 0.5533854166666666 0.6388888888888888 0.56640625 0.6423611111111112 0.5703125 0.5954861111111112 0.5911458333333334 0.5711805555555556 0.5989583333333334 0.5329861111111112 0.5924479166666666 0.4947916666666667 0.5768229166666666 0.4826388888888889 0.5703125 0.4357638888888889 0.5325520833333334 0.4184027777777778 0.49609375 0.4166666666666667 0.4622395833333333 0.4270833333333333 0.4388020833333333 0.4288194444444444 0.41796875 0.4392361111111111 0.4010416666666667 0.4756944444444444 0.375 0.5138888888888888 0.3606770833333333 0.5434027777777778 0.3463541666666667 0.6041666666666666 0.34375
0 0.53125 0.13802083333333334 0.5763888888888888 0.15364583333333334 0.5954861111111112 0.16666666666666666 0.6006944444444444 0.17317708333333334 0.6163194444444444 0.18489583333333334 0.6267361111111112 0.20052083333333334 0.6284722222222222 0.22916666666666666 0.6197916666666666 0.23828125 0.609375 0.25390625 0.609375 0.2578125 0.59375 0.2747395833333333 0.5798611111111112 0.296875 0.5677083333333334 0.3046875 0.546875 0.3046875 0.53125 0.3125 0.5208333333333334 0.3138020833333333 0.515625 0.3125 0.4652777777777778 0.3138020833333333 0.4375 0.3072916666666667 0.4184027777777778 0.296875 0.4027777777777778 0.2799479166666667 0.3923611111111111 0.2565104166666667 0.3871527777777778 0.23828125 0.3871527777777778 0.21223958333333334 0.3888888888888889 0.19921875 0.3958333333333333 0.18489583333333334 0.4097222222222222 0.16927083333333334 0.4340277777777778 0.15234375 0.4548611111111111 0.14192708333333334 0.4722222222222222 0.13671875 0.515625 0.13541666666666666 0.5295138888888888 0.13802083333333334
0 0.375 0.77734375 0.3888888888888889 0.7786458333333334 0.3975694444444444 0.78515625 0.4131944444444444 0.7903645833333334 0.4201388888888889 0.7916666666666666 0.4340277777777778 0.7903645833333334 0.4409722222222222 0.79296875 0.4878472222222222 0.82421875 0.4878472222222222 0.8333333333333334 0.4826388888888889 0.83984375 0.4826388888888889 0.84375 0.4947916666666667 0.8580729166666666 0.5138888888888888 0.890625 0.5208333333333334 0.9075520833333334 0.5243055555555556 0.9283854166666666 0.5243055555555556 0.9583333333333334 0.5069444444444444 0.9986979166666666 0.3628472222222222 0.9986979166666666 0.3611111111111111 0.9973958333333334 0.3229166666666667 0.9986979166666666 0.3194444444444444 0.99609375 0.3177083333333333 0.9986979166666666 0.3072916666666667 0.9973958333333334 0.3055555555555556 0.9986979166666666 0.2986111111111111 0.9973958333333334 0.2465277777777778 0.9986979166666666 0.24305555555555555 0.99609375 0.2361111111111111 0.99609375 0.2326388888888889 0.9986979166666666 0.2309027777777778 0.9973958333333334 0.19791666666666666 0.9986979166666666 0.19444444444444445 0.99609375 0.19270833333333334 0.9986979166666666 0.14583333333333334 0.9986979166666666 0.1284722222222222 0.96875 0.11284722222222222 0.95703125 0.109375 0.9453125 0.1111111111111111 0.9231770833333334 0.11805555555555555 0.8919270833333334 0.13368055555555555 0.859375 0.16493055555555555 0.8307291666666666 0.1753472222222222 0.82421875 0.1909722222222222 0.8190104166666666 0.21875 0.8020833333333334 0.2465277777777778 0.7955729166666666 0.2708333333333333 0.7825520833333334 0.2951388888888889 0.7799479166666666 0.3055555555555556 0.7760416666666666 0.328125 0.77734375 0.34375 0.7747395833333334 0.3628472222222222 0.7747395833333334 0.3732638888888889 0.77734375