0 0.27734375 0.24088541666666666 0.3037109375 0.25390625 0.3134765625 0.26171875 0.3173828125 0.2682291666666667 0.318359375 0.2799479166666667 0.3076171875 0.3125 0.302734375 0.3515625 0.3037109375 0.38671875 0.31640625 0.4283854166666667 0.314453125 0.4322916666666667 0.2724609375 0.4453125 0.25390625 0.4440104166666667 0.240234375 0.4388020833333333 0.212890625 0.41015625 0.2041015625 0.3984375 0.1953125 0.3776041666666667 0.19140625 0.359375 0.1904296875 0.3424479166666667 0.193359375 0.2981770833333333 0.2099609375 0.2630208333333333 0.232421875 0.24869791666666666 0.2421875 0.23958333333333334 0.2666015625 0.23828125 0.2763671875 0.24088541666666666
0 0.328125 0.45703125 0.361328125 0.4947916666666667 0.4033203125 0.52734375 0.408203125 0.5416666666666666 0.41015625 0.59375 0.404296875 0.6067708333333334 0.3837890625 0.6236979166666666 0.3681640625 0.6315104166666666 0.3583984375 0.6432291666666666 0.35546875 0.6536458333333334 0.3427734375 0.67578125 0.3349609375 0.703125 0.3046875 0.7018229166666666 0.2958984375 0.70703125 0.279296875 0.7057291666666666 0.2705078125 0.7018229166666666 0.2646484375 0.6927083333333334 0.2607421875 0.671875 0.2509765625 0.6640625 0.2470703125 0.6549479166666666 0.2373046875 0.6484375 0.2255859375 0.6184895833333334 0.22265625 0.5755208333333334 0.2275390625 0.5598958333333334 0.2294921875 0.5403645833333334 0.2333984375 0.5299479166666666 0.2333984375 0.5182291666666666 0.2470703125 0.484375 0.2578125 0.4713541666666667 0.2666015625 0.46484375 0.2763671875 0.46484375 0.29296875 0.4583333333333333 0.3271484375 0.45703125
0 0.7236328125 0.3684895833333333 0.7451171875 0.3736979166666667 0.7548828125 0.3854166666666667 0.763671875 0.3919270833333333 0.7783203125 0.4127604166666667 0.7919921875 0.4505208333333333 0.794921875 0.48046875 0.79296875 0.5065104166666666 0.779296875 0.546875 0.76953125 0.5625 0.7578125 0.5716145833333334 0.7314453125 0.5807291666666666 0.71484375 0.58203125 0.7001953125 0.5794270833333334 0.67578125 0.5859375 0.66796875 0.5859375 0.6591796875 0.58203125 0.6513671875 0.57421875 0.64453125 0.5572916666666666 0.642578125 0.54296875 0.6318359375 0.5247395833333334 0.623046875 0.50390625 0.6201171875 0.4869791666666667 0.6220703125 0.4348958333333333 0.625 0.4283854166666667 0.6572265625 0.38671875 0.685546875 0.3723958333333333 0.7060546875 0.3684895833333333 0.72265625 0.3684895833333333
0 0.2646484375 0.18880208333333334 0.2822265625 0.19270833333333334 0.296875 0.203125 0.30078125 0.23046875 0.3046875 0.24348958333333334 0.3046875 0.25 0.2998046875 0.25 0.2783203125 0.23828125 0.2607421875 0.234375 0.2607421875 0.19921875 0.2646484375 0.19010416666666666
0 0 0 0.0390625 0 0.0029296875 0.016927083333333332 0 0.016927083333333332 0 0.0013020833333333333
0 0.435546875 0.5950520833333334 0.455078125 0.59765625 0.46484375 0.59375 0.4775390625 0.59375 0.4794921875 0.5963541666666666 0.4814453125 0.61328125 0.486328125 0.62109375 0.4931640625 0.625 0.5048828125 0.625 0.521484375 0.63671875 0.5302734375 0.6393229166666666 0.5400390625 0.6497395833333334 0.55078125 0.6692708333333334 0.5576171875 0.7044270833333334 0.5576171875 0.7486979166666666 0.548828125 0.7786458333333334 0.537109375 0.80078125 0.5234375 0.8177083333333334 0.4951171875 0.8411458333333334 0.482421875 0.8463541666666666 0.458984375 0.8502604166666666 0.439453125 0.8502604166666666 0.421875 0.8463541666666666 0.3974609375 0.8372395833333334 0.3798828125 0.8255208333333334 0.365234375 0.8098958333333334 0.34765625 0.7825520833333334 0.3369140625 0.7408854166666666 0.3369140625 0.71875 0.3408203125 0.6979166666666666 0.3486328125 0.6744791666666666 0.3544921875 0.6640625 0.365234375 0.65625 0.373046875 0.6419270833333334 0.3828125 0.6380208333333334 0.3837890625 0.6328125 0.4169921875 0.6015625 0.427734375 0.5950520833333334 0.4345703125 0.5950520833333334
0 0.142578125 0.21223958333333334 0.1650390625 0.21875 0.181640625 0.23046875 0.1962890625 0.25 0.201171875 0.2591145833333333 0.203125 0.2682291666666667 0.1904296875 0.2994791666666667 0.1865234375 0.3697916666666667 0.1669921875 0.3854166666666667 0.1513671875 0.3880208333333333 0.1259765625 0.3984375 0.11328125 0.39453125 0.099609375 0.3854166666666667 0.08984375 0.3763020833333333 0.07421875 0.3528645833333333 0.06640625 0.3502604166666667 0.0625 0.3059895833333333 0.0625 0.27734375 0.0732421875 0.25 0.0947265625 0.22395833333333334 0.1181640625 0.21484375 0.1416015625 0.21223958333333334
0 0.1806640625 0.39453125 0.2041015625 0.4036458333333333 0.2255859375 0.4283854166666667 0.2421875 0.4557291666666667 0.2451171875 0.4778645833333333 0.2373046875 0.5013020833333334 0.2265625 0.51953125 0.224609375 0.5325520833333334 0.220703125 0.5390625 0.21484375 0.5442708333333334 0.2060546875 0.55859375 0.1923828125 0.5651041666666666 0.189453125 0.5729166666666666 0.181640625 0.58203125 0.1640625 0.5885416666666666 0.1552734375 0.5885416666666666 0.1474609375 0.5703125 0.1318359375 0.5677083333333334 0.123046875 0.5533854166666666 0.107421875 0.5364583333333334 0.0986328125 0.5208333333333334 0.091796875 0.5026041666666666 0.0888671875 0.4739583333333333 0.0908203125 0.4583333333333333 0.1015625 0.4322916666666667 0.1259765625 0.4036458333333333 0.1484375 0.3932291666666667 0.1796875 0.39453125
0 0.7001953125 0.15364583333333334 0.720703125 0.16015625 0.734375 0.16927083333333334 0.7529296875 0.19010416666666666 0.7607421875 0.20572916666666666 0.7666015625 0.22916666666666666 0.7666015625 0.2591145833333333 0.7626953125 0.2890625 0.7646484375 0.30078125 0.76171875 0.3138020833333333 0.7490234375 0.328125 0.748046875 0.3372395833333333 0.7294921875 0.35546875 0.71875 0.3619791666666667 0.6640625 0.3723958333333333 0.6552734375 0.3763020833333333 0.646484375 0.3763020833333333 0.6318359375 0.3684895833333333 0.6083984375 0.33984375 0.5947265625 0.3098958333333333 0.5908203125 0.2721354166666667 0.59765625 0.2552083333333333 0.599609375 0.23958333333333334 0.6044921875 0.2265625 0.6064453125 0.20833333333333334 0.611328125 0.18880208333333334 0.6103515625 0.17838541666666666 0.6123046875 0.17447916666666666 0.62890625 0.16666666666666666 0.6689453125 0.15625 0.69921875 0.15364583333333334
0 0.5673828125 0.45703125 0.5791015625 0.4609375 0.5908203125 0.46875 0.6123046875 0.4908854166666667 0.6171875 0.4986979166666667 0.626953125 0.5247395833333334 0.6328125 0.5546875 0.630859375 0.5807291666666666 0.623046875 0.6067708333333334 0.6044921875 0.6328125 0.5947265625 0.640625 0.5830078125 0.64453125 0.56640625 0.64453125 0.546875 0.640625 0.509765625 0.6236979166666666 0.4990234375 0.6106770833333334 0.4921875 0.58984375 0.490234375 0.5768229166666666 0.490234375 0.52734375 0.4931640625 0.51171875 0.50390625 0.48828125 0.5166015625 0.47265625 0.537109375 0.4583333333333333 0.54296875 0.4557291666666667 0.56640625 0.45703125
0 0.337890625 0.048177083333333336 0.3408203125 0.0546875 0.3408203125 0.078125 0.3447265625 0.08203125 0.3525390625 0.08072916666666667 0.35546875 0.08463541666666667 0.3564453125 0.09635416666666667 0.353515625 0.10416666666666667 0.353515625 0.125 0.3583984375 0.16796875 0.3603515625 0.17708333333333334 0.369140625 0.19010416666666666 0.376953125 0.2109375 0.3779296875 0.22135416666666666 0.3701171875 0.22916666666666666 0.3623046875 0.23177083333333334 0.3525390625 0.2421875 0.3408203125 0.24869791666666666 0.3251953125 0.265625 0.3203125 0.2643229166666667 0.310546875 0.2552083333333333 0.3046875 0.2421875 0.2978515625 0.2109375 0.294921875 0.16666666666666666 0.2978515625 0.15104166666666666 0.2978515625 0.13671875 0.3046875 0.11979166666666667 0.314453125 0.08333333333333333 0.330078125 0.053385416666666664 0.333984375 0.048177083333333336 0.3369140625 0.048177083333333336
0 0.4541015625 0.22005208333333334 0.4765625 0.24088541666666666 0.5224609375 0.3046875 0.5302734375 0.3385416666666667 0.5322265625 0.37890625 0.5263671875 0.41796875 0.5166015625 0.4296875 0.505859375 0.4518229166666667 0.4951171875 0.4661458333333333 0.4833984375 0.4752604166666667 0.470703125 0.4921875 0.462890625 0.4973958333333333 0.4560546875 0.5078125 0.4453125 0.5143229166666666 0.4306640625 0.5169270833333334 0.4267578125 0.5286458333333334 0.4228515625 0.5286458333333334 0.41015625 0.5169270833333334 0.3974609375 0.5143229166666666 0.380859375 0.5052083333333334 0.36328125 0.4908854166666667 0.341796875 0.4661458333333333 0.3095703125 0.3971354166666667 0.3056640625 0.37890625 0.306640625 0.3372395833333333 0.310546875 0.3138020833333333 0.3203125 0.28515625 0.3310546875 0.265625 0.3447265625 0.25 0.3525390625 0.24609375 0.36328125 0.23567708333333334 0.3701171875 0.234375 0.37890625 0.2265625 0.3935546875 0.21875 0.419921875 0.21484375 0.4443359375 0.21614583333333334 0.453125 0.22005208333333334
0 0.5888671875 0.09635416666666667 0.60546875 0.10677083333333333 0.611328125 0.14322916666666666 0.6083984375 0.1640625 0.6025390625 0.1796875 0.603515625 0.19791666666666666 0.6015625 0.22135416666666666 0.591796875 0.2552083333333333 0.5849609375 0.2669270833333333 0.564453125 0.2825520833333333 0.5439453125 0.2890625 0.52734375 0.2877604166666667 0.5166015625 0.2825520833333333 0.501953125 0.26953125 0.484375 0.24479166666666666 0.4755859375 0.22395833333333334 0.4716796875 0.20442708333333334 0.4716796875 0.18359375 0.474609375 0.16666666666666666 0.4833984375 0.13932291666666666 0.490234375 0.125 0.5009765625 0.11588541666666667 0.5185546875 0.109375 0.5234375 0.10026041666666667 0.5419921875 0.10286458333333333 0.587890625 0.09635416666666667
0 0.150390625 0.5846354166666666 0.1552734375 0.5911458333333334 0.16015625 0.5924479166666666 0.181640625 0.5885416666666666 0.1865234375 0.5859375 0.19921875 0.5716145833333334 0.216796875 0.5729166666666666 0.21875 0.58203125 0.2177734375 0.5924479166666666 0.224609375 0.6276041666666666 0.2373046875 0.6549479166666666 0.248046875 0.66796875 0.248046875 0.6770833333333334 0.244140625 0.6875 0.234375 0.7018229166666666 0.212890625 0.7200520833333334 0.1923828125 0.73046875 0.1767578125 0.7291666666666666 0.162109375 0.7200520833333334 0.1396484375 0.69140625 0.1298828125 0.6705729166666666 0.1259765625 0.65234375 0.1240234375 0.62890625 0.1357421875 0.5989583333333334 0.1494140625 0.5846354166666666