0 0.263671875 0.57421875 0.2724609375 0.5755208333333334 0.2734375 0.5794270833333334 0.2568359375 0.5950520833333334 0.251953125 0.6028645833333334 0.2431640625 0.6223958333333334 0.2353515625 0.65625 0.2353515625 0.6783854166666666 0.2392578125 0.6927083333333334 0.2392578125 0.703125 0.244140625 0.7213541666666666 0.24609375 0.7421875 0.251953125 0.7578125 0.2490234375 0.78125 0.25 0.7877604166666666 0.2548828125 0.79296875 0.244140625 0.8138020833333334 0.220703125 0.8072916666666666 0.2001953125 0.7825520833333334 0.19140625 0.7799479166666666 0.1845703125 0.7721354166666666 0.181640625 0.76171875 0.1826171875 0.7408854166666666 0.171875 0.7239583333333334 0.16796875 0.7096354166666666 0.1669921875 0.6731770833333334 0.169921875 0.6653645833333334 0.1728515625 0.64453125 0.1787109375 0.6276041666666666 0.1943359375 0.60546875 0.2041015625 0.5963541666666666 0.2158203125 0.5924479166666666 0.234375 0.5794270833333334 0.2451171875 0.5755208333333334 0.2626953125 0.57421875
0 0.361328125 0.5559895833333334 0.3837890625 0.5703125 0.4013671875 0.5859375 0.4140625 0.6015625 0.42578125 0.625 0.4296875 0.6393229166666666 0.43359375 0.6692708333333334 0.4375 0.6809895833333334 0.4384765625 0.70703125 0.4365234375 0.7239583333333334 0.4248046875 0.7552083333333334 0.4091796875 0.7786458333333334 0.365234375 0.8072916666666666 0.3447265625 0.8125 0.328125 0.8216145833333334 0.3193359375 0.8333333333333334 0.318359375 0.8463541666666666 0.3134765625 0.85546875 0.302734375 0.8658854166666666 0.287109375 0.8723958333333334 0.279296875 0.8723958333333334 0.2783203125 0.8684895833333334 0.287109375 0.8580729166666666 0.294921875 0.8424479166666666 0.294921875 0.8372395833333334 0.275390625 0.8255208333333334 0.259765625 0.82421875 0.25 0.8203125 0.2490234375 0.8072916666666666 0.25390625 0.80078125 0.2568359375 0.7916666666666666 0.2529296875 0.7825520833333334 0.25390625 0.7643229166666666 0.2470703125 0.7408854166666666 0.24609375 0.7174479166666666 0.2373046875 0.6822916666666666 0.2373046875 0.6549479166666666 0.240234375 0.6393229166666666 0.25390625 0.6028645833333334 0.2607421875 0.59375 0.28125 0.5768229166666666 0.3212890625 0.5572916666666666 0.349609375 0.5533854166666666 0.3603515625 0.5559895833333334
0 0.4814453125 0.5559895833333334 0.4921875 0.55859375 0.4970703125 0.5651041666666666 0.498046875 0.6119791666666666 0.4951171875 0.6145833333333334 0.4765625 0.6171875 0.4658203125 0.6236979166666666 0.4423828125 0.6588541666666666 0.4365234375 0.6536458333333334 0.4296875 0.6276041666666666 0.4169921875 0.6002604166666666 0.3994140625 0.5807291666666666 0.390625 0.57421875 0.38671875 0.56640625 0.39453125 0.55859375 0.4111328125 0.5533854166666666 0.4228515625 0.5546875 0.4384765625 0.5625 0.4580078125 0.5625 0.48046875 0.5559895833333334
0 0.7294921875 0.4348958333333333 0.7421875 0.4401041666666667 0.7646484375 0.4583333333333333 0.7744140625 0.4700520833333333 0.7861328125 0.4908854166666667 0.79296875 0.51171875 0.796875 0.5338541666666666 0.796875 0.5716145833333334 0.79296875 0.6015625 0.775390625 0.6536458333333334 0.771484375 0.69921875 0.7646484375 0.7096354166666666 0.7490234375 0.7174479166666666 0.7421875 0.7239583333333334 0.7265625 0.7213541666666666 0.705078125 0.73828125 0.693359375 0.7434895833333334 0.6806640625 0.7447916666666666 0.666015625 0.7526041666666666 0.6357421875 0.7513020833333334 0.6220703125 0.7447916666666666 0.6123046875 0.7330729166666666 0.6005859375 0.6979166666666666 0.56640625 0.6341145833333334 0.564453125 0.578125 0.568359375 0.5690104166666666 0.5703125 0.5546875 0.5791015625 0.5247395833333334 0.5888671875 0.50390625 0.6015625 0.4856770833333333 0.6328125 0.4544270833333333 0.6552734375 0.44140625 0.6845703125 0.4322916666666667 0.7119140625 0.4309895833333333 0.728515625 0.4348958333333333
0 0.263671875 0.57421875 0.2734375 0.5768229166666666 0.2734375 0.5794270833333334 0.251953125 0.6028645833333334 0.2421875 0.625 0.2353515625 0.65234375 0.2353515625 0.68359375 0.2392578125 0.6966145833333334 0.2431640625 0.73046875 0.2509765625 0.7578125 0.248046875 0.7721354166666666 0.248046875 0.78515625 0.251953125 0.796875 0.24609375 0.8072916666666666 0.2412109375 0.8111979166666666 0.228515625 0.8098958333333334 0.216796875 0.8033854166666666 0.201171875 0.7825520833333334 0.189453125 0.7786458333333334 0.185546875 0.7734375 0.1826171875 0.7630208333333334 0.18359375 0.7408854166666666 0.1748046875 0.7291666666666666 0.1689453125 0.71484375 0.1669921875 0.6744791666666666 0.1708984375 0.6510416666666666 0.177734375 0.62890625 0.193359375 0.6067708333333334 0.205078125 0.5963541666666666 0.216796875 0.5924479166666666 0.2353515625 0.5794270833333334 0.2451171875 0.5755208333333334 0.2626953125 0.57421875
0 0.2548828125 0.30859375 0.2685546875 0.3229166666666667 0.2734375 0.3333333333333333 0.3125 0.38671875 0.3203125 0.4075520833333333 0.3203125 0.4140625 0.328125 0.4309895833333333 0.328125 0.4518229166666667 0.322265625 0.48046875 0.310546875 0.5104166666666666 0.302734375 0.5234375 0.2998046875 0.53515625 0.291015625 0.5481770833333334 0.26171875 0.5559895833333334 0.2294921875 0.5533854166666666 0.2119140625 0.5455729166666666 0.2001953125 0.5364583333333334 0.18359375 0.51171875 0.17578125 0.4947916666666667 0.173828125 0.48046875 0.16796875 0.4674479166666667 0.1630859375 0.4361979166666667 0.1630859375 0.4192708333333333 0.16796875 0.40625 0.173828125 0.37109375 0.1826171875 0.3515625 0.1962890625 0.3307291666666667 0.205078125 0.3229166666666667 0.2255859375 0.3125 0.25390625 0.30859375
0 0.4521484375 0 0.6064453125 0 0.609375 0.013020833333333334 0.6083984375 0.048177083333333336 0.603515625 0.07552083333333333 0.599609375 0.08723958333333333 0.5859375 0.11197916666666667 0.57421875 0.11979166666666667 0.5615234375 0.12239583333333333 0.5439453125 0.1328125 0.513671875 0.1328125 0.494140625 0.125 0.466796875 0.09114583333333333 0.462890625 0.06640625 0.4521484375 0.032552083333333336 0.4521484375 0.0013020833333333333
0 0.11328125 0.5247395833333334 0.1181640625 0.515625 0.1357421875 0.4986979166666667 0.1552734375 0.4895833333333333 0.1689453125 0.4869791666666667 0.1728515625 0.4895833333333333 0.17578125 0.5013020833333334 0.1923828125 0.5286458333333334 0.2080078125 0.5455729166666666 0.21484375 0.5494791666666666 0.2314453125 0.5559895833333334 0.2529296875 0.5572916666666666 0.2724609375 0.5559895833333334 0.279296875 0.5520833333333334 0.29296875 0.5494791666666666 0.29296875 0.5572916666666666 0.2890625 0.56640625 0.2529296875 0.5716145833333334 0.2265625 0.5807291666666666 0.21875 0.5872395833333334 0.205078125 0.5924479166666666 0.1787109375 0.6236979166666666 0.173828125 0.6236979166666666 0.138671875 0.6015625 0.1376953125 0.5963541666666666 0.1435546875 0.5846354166666666 0.1416015625 0.5651041666666666 0.13671875 0.5572916666666666 0.1259765625 0.5481770833333334 0.125 0.53515625 0.1162109375 0.5299479166666666 0.1142578125 0.5260416666666666
0 0.6474609375 0.13671875 0.6533203125 0.13671875 0.6611328125 0.14713541666666666 0.6611328125 0.15104166666666666 0.6689453125 0.16536458333333334 0.6748046875 0.17057291666666666 0.6787109375 0.1875 0.6796875 0.2109375 0.685546875 0.22005208333333334 0.693359375 0.2265625 0.6943359375 0.24739583333333334 0.69921875 0.2721354166666667 0.69921875 0.328125 0.697265625 0.3385416666666667 0.6875 0.3619791666666667 0.673828125 0.3841145833333333 0.654296875 0.4049479166666667 0.6201171875 0.4205729166666667 0.6171875 0.4244791666666667 0.6171875 0.4348958333333333 0.615234375 0.4388020833333333 0.6015625 0.4388020833333333 0.5849609375 0.4283854166666667 0.5830078125 0.4231770833333333 0.578125 0.4192708333333333 0.552734375 0.4192708333333333 0.5498046875 0.4166666666666667 0.54296875 0.3684895833333333 0.5458984375 0.3424479166666667 0.5498046875 0.3307291666666667 0.5625 0.3294270833333333 0.564453125 0.3268229166666667 0.5673828125 0.3098958333333333 0.56640625 0.2955729166666667 0.5595703125 0.2747395833333333 0.55078125 0.2643229166666667 0.5146484375 0.265625 0.5 0.26953125 0.4970703125 0.2669270833333333 0.49609375 0.26171875 0.5 0.23828125 0.5146484375 0.20442708333333334 0.541015625 0.17447916666666666 0.5693359375 0.15625 0.6123046875 0.15625 0.62109375 0.16276041666666666 0.6376953125 0.16927083333333334 0.650390625 0.1796875 0.658203125 0.18359375 0.6650390625 0.18359375 0.66796875 0.1796875 0.6669921875 0.17057291666666666 0.650390625 0.14713541666666666 0.6474609375 0.13802083333333334
0 0.396484375 0.09114583333333333 0.40625 0.09505208333333333 0.4140625 0.09505208333333333 0.4208984375 0.09114583333333333 0.435546875 0.11848958333333333 0.4443359375 0.11328125 0.466796875 0.11328125 0.4775390625 0.140625 0.4775390625 0.14713541666666666 0.470703125 0.15494791666666666 0.470703125 0.16015625 0.4755859375 0.171875 0.4765625 0.19270833333333334 0.48046875 0.20703125 0.478515625 0.23828125 0.478515625 0.24609375 0.48046875 0.25 0.4794921875 0.26953125 0.4775390625 0.2734375 0.4697265625 0.2786458333333333 0.45703125 0.2825520833333333 0.4072265625 0.2864583333333333 0.3798828125 0.2955729166666667 0.3427734375 0.33203125 0.3330078125 0.3606770833333333 0.3291015625 0.3854166666666667 0.32421875 0.3854166666666667 0.3115234375 0.37890625 0.2783203125 0.3333333333333333 0.263671875 0.3020833333333333 0.2548828125 0.26953125 0.251953125 0.24869791666666666 0.251953125 0.21744791666666666 0.255859375 0.19661458333333334 0.2607421875 0.18098958333333334 0.2685546875 0.16536458333333334 0.28515625 0.13932291666666666 0.302734375 0.1171875 0.3154296875 0.10677083333333333 0.3271484375 0.09895833333333333 0.34765625 0.09114583333333333 0.3955078125 0.09114583333333333
0 0.505859375 0.6171875 0.5302734375 0.62109375 0.544921875 0.6302083333333334 0.5693359375 0.6510416666666666 0.58203125 0.6692708333333334 0.595703125 0.6979166666666666 0.603515625 0.7213541666666666 0.607421875 0.7486979166666666 0.6044921875 0.7903645833333334 0.587890625 0.8411458333333334 0.572265625 0.8580729166666666 0.556640625 0.8841145833333334 0.5400390625 0.8893229166666666 0.5166015625 0.890625 0.5 0.890625 0.494140625 0.8880208333333334 0.478515625 0.8802083333333334 0.4599609375 0.8645833333333334 0.4501953125 0.859375 0.4462890625 0.8450520833333334 0.4443359375 0.84375 0.4423828125 0.8463541666666666 0.44140625 0.8411458333333334 0.4287109375 0.828125 0.427734375 0.81640625 0.4208984375 0.8020833333333334 0.4169921875 0.78515625 0.41796875 0.7734375 0.43359375 0.7434895833333334 0.4404296875 0.7200520833333334 0.443359375 0.67578125 0.4423828125 0.6666666666666666 0.4443359375 0.6614583333333334 0.4609375 0.6341145833333334 0.4716796875 0.6223958333333334 0.4833984375 0.6184895833333334 0.5048828125 0.6171875
0 0.5478515625 0.2721354166666667 0.556640625 0.2786458333333333 0.5595703125 0.2838541666666667 0.5634765625 0.2994791666666667 0.5634765625 0.3111979166666667 0.560546875 0.3255208333333333 0.5498046875 0.3255208333333333 0.5439453125 0.33203125 0.5380859375 0.3528645833333333 0.5439453125 0.40625 0.54296875 0.4361979166666667 0.5341796875 0.4830729166666667 0.5263671875 0.50390625 0.5078125 0.5390625 0.4892578125 0.55078125 0.4609375 0.55859375 0.4404296875 0.55859375 0.4169921875 0.5481770833333334 0.4033203125 0.546875 0.392578125 0.5403645833333334 0.3876953125 0.53125 0.3798828125 0.5286458333333334 0.3798828125 0.5208333333333334 0.373046875 0.5182291666666666 0.361328125 0.51953125 0.3623046875 0.5078125 0.35546875 0.5052083333333334 0.3515625 0.4973958333333333 0.353515625 0.48828125 0.3505859375 0.4856770833333333 0.34375 0.4661458333333333 0.3349609375 0.43359375 0.333984375 0.3828125 0.337890625 0.3567708333333333 0.3427734375 0.3411458333333333 0.3486328125 0.33203125 0.380859375 0.3020833333333333 0.400390625 0.29296875 0.4189453125 0.2890625 0.4501953125 0.2903645833333333 0.462890625 0.2877604166666667 0.474609375 0.28125 0.515625 0.2708333333333333 0.546875 0.2721354166666667
0 0.431640625 0.8333333333333334 0.4453125 0.8424479166666666 0.4482421875 0.8541666666666666 0.4560546875 0.8645833333333334 0.458984375 0.8645833333333334 0.4833984375 0.8841145833333334 0.5009765625 0.8919270833333334 0.5361328125 0.890625 0.5546875 0.88671875 0.56640625 0.8723958333333334 0.580078125 0.8502604166666666 0.587890625 0.8450520833333334 0.5908203125 0.8567708333333334 0.5908203125 0.875 0.5859375 0.9049479166666666 0.580078125 0.921875 0.5634765625 0.9505208333333334 0.5419921875 0.9739583333333334 0.525390625 0.9830729166666666 0.4814453125 0.984375 0.470703125 0.98046875 0.451171875 0.9596354166666666 0.439453125 0.9427083333333334 0.4228515625 0.8893229166666666 0.4208984375 0.8723958333333334 0.4248046875 0.84765625 0.427734375 0.8372395833333334 0.4306640625 0.8346354166666666