0 0.697265625 0.029947916666666668 0.708984375 0.037760416666666664 0.7255859375 0.037760416666666664 0.7294921875 0.041666666666666664 0.73828125 0.04296875 0.748046875 0.048177083333333336 0.7666015625 0.0703125 0.775390625 0.08854166666666667 0.7861328125 0.08203125 0.794921875 0.09244791666666667 0.806640625 0.09114583333333333 0.818359375 0.07421875 0.8232421875 0.07421875 0.828125 0.078125 0.8349609375 0.06510416666666667 0.837890625 0.06510416666666667 0.8408203125 0.06901041666666667 0.8447265625 0.07942708333333333 0.845703125 0.11588541666666667 0.833984375 0.14583333333333334 0.8017578125 0.16666666666666666 0.76953125 0.17057291666666666 0.7529296875 0.17447916666666666 0.7470703125 0.17838541666666666 0.7392578125 0.17838541666666666 0.7275390625 0.17057291666666666 0.697265625 0.140625 0.6787109375 0.13151041666666666 0.6708984375 0.1328125 0.6669921875 0.13020833333333334 0.6572265625 0.13020833333333334 0.6484375 0.13411458333333334 0.6298828125 0.1484375 0.6123046875 0.15364583333333334 0.5927734375 0.12239583333333333 0.59375 0.1171875 0.6083984375 0.09895833333333333 0.6298828125 0.08072916666666667 0.638671875 0.07682291666666667 0.6611328125 0.048177083333333336 0.6669921875 0.048177083333333336 0.6875 0.03125 0.6962890625 0.029947916666666668
0 0.5693359375 0.11588541666666667 0.5830078125 0.12109375 0.595703125 0.1328125 0.6064453125 0.15755208333333334 0.60546875 0.16145833333333334 0.5947265625 0.171875 0.578125 0.20703125 0.572265625 0.22916666666666666 0.56640625 0.2760416666666667 0.548828125 0.2708333333333333 0.529296875 0.2760416666666667 0.5087890625 0.2760416666666667 0.5009765625 0.2734375 0.498046875 0.2669270833333333 0.4970703125 0.23177083333333334 0.4892578125 0.19661458333333334 0.4892578125 0.1796875 0.4931640625 0.15885416666666666 0.498046875 0.15234375 0.513671875 0.14713541666666666 0.51953125 0.14322916666666666 0.5283203125 0.13151041666666666 0.5390625 0.125 0.568359375 0.11588541666666667
0 0.69921875 0.3268229166666667 0.70703125 0.33203125 0.72265625 0.3346354166666667 0.73046875 0.3385416666666667 0.7451171875 0.3515625 0.7568359375 0.3580729166666667 0.7802734375 0.39453125 0.791015625 0.41796875 0.8037109375 0.46484375 0.8037109375 0.4934895833333333 0.796875 0.5338541666666666 0.77734375 0.5755208333333334 0.759765625 0.59765625 0.73828125 0.6171875 0.7197265625 0.6276041666666666 0.6796875 0.6419270833333334 0.6708984375 0.6419270833333334 0.6474609375 0.6328125 0.6318359375 0.6328125 0.6171875 0.6223958333333334 0.611328125 0.6223958333333334 0.6083984375 0.6263020833333334 0.6044921875 0.6263020833333334 0.5869140625 0.6002604166666666 0.5869140625 0.5963541666666666 0.59375 0.58203125 0.5947265625 0.5677083333333334 0.5810546875 0.5494791666666666 0.5732421875 0.5338541666666666 0.5673828125 0.5130208333333334 0.5654296875 0.4869791666666667 0.5654296875 0.4661458333333333 0.572265625 0.4296875 0.578125 0.41796875 0.578125 0.3984375 0.595703125 0.3723958333333333 0.615234375 0.3580729166666667 0.638671875 0.3489583333333333 0.65625 0.3515625 0.6640625 0.34375 0.6640625 0.3333333333333333 0.66796875 0.3372395833333333 0.671875 0.3372395833333333 0.6748046875 0.3333333333333333 0.6982421875 0.328125
0 0.5029296875 0.515625 0.525390625 0.5234375 0.54296875 0.53515625 0.5771484375 0.5651041666666666 0.5703125 0.58203125 0.576171875 0.6419270833333334 0.576171875 0.671875 0.5673828125 0.7005208333333334 0.5419921875 0.73828125 0.52734375 0.7513020833333334 0.49609375 0.7591145833333334 0.4794921875 0.7552083333333334 0.4609375 0.7434895833333334 0.443359375 0.7278645833333334 0.4326171875 0.72265625 0.412109375 0.6861979166666666 0.41015625 0.67578125 0.41015625 0.65625 0.416015625 0.5885416666666666 0.4345703125 0.5416666666666666 0.451171875 0.5247395833333334 0.4658203125 0.5169270833333334 0.4833984375 0.5130208333333334 0.501953125 0.515625
0 0.3154296875 0.4127604166666667 0.3447265625 0.4283854166666667 0.3671875 0.4583333333333333 0.376953125 0.48046875 0.3798828125 0.49609375 0.3857421875 0.51171875 0.384765625 0.546875 0.376953125 0.5807291666666666 0.3515625 0.6223958333333334 0.3271484375 0.6419270833333334 0.3173828125 0.6471354166666666 0.296875 0.65234375 0.283203125 0.6497395833333334 0.2607421875 0.6393229166666666 0.240234375 0.6263020833333334 0.2265625 0.61328125 0.21484375 0.5950520833333334 0.2041015625 0.5690104166666666 0.201171875 0.5533854166666666 0.201171875 0.5325520833333334 0.205078125 0.515625 0.212890625 0.49609375 0.232421875 0.46484375 0.28125 0.4192708333333333 0.296875 0.4140625 0.314453125 0.4127604166666667
0 0.412109375 0.08463541666666667 0.439453125 0.09375 0.447265625 0.09895833333333333 0.45703125 0.11067708333333333 0.4638671875 0.12369791666666667 0.4697265625 0.16666666666666666 0.4580078125 0.16536458333333334 0.4345703125 0.15755208333333334 0.42578125 0.14973958333333334 0.404296875 0.1484375 0.3994140625 0.15104166666666666 0.3857421875 0.16796875 0.37890625 0.171875 0.369140625 0.17317708333333334 0.3564453125 0.18880208333333334 0.3525390625 0.1875 0.3486328125 0.16927083333333334 0.3486328125 0.15494791666666666 0.3544921875 0.13151041666666666 0.369140625 0.11067708333333333 0.3896484375 0.08854166666666667 0.396484375 0.08463541666666667 0.4111328125 0.08463541666666667
0 0.6875 0.140625 0.70703125 0.15364583333333334 0.72265625 0.171875 0.7431640625 0.18880208333333334 0.7509765625 0.19921875 0.767578125 0.23177083333333334 0.7724609375 0.24739583333333334 0.775390625 0.2682291666666667 0.775390625 0.3020833333333333 0.7685546875 0.3385416666666667 0.76171875 0.3502604166666667 0.7548828125 0.3528645833333333 0.7255859375 0.33203125 0.7001953125 0.3216145833333333 0.693359375 0.3216145833333333 0.685546875 0.3268229166666667 0.662109375 0.328125 0.658203125 0.33203125 0.658203125 0.3411458333333333 0.654296875 0.3450520833333333 0.63671875 0.3450520833333333 0.619140625 0.3489583333333333 0.6064453125 0.3567708333333333 0.5986328125 0.3567708333333333 0.5947265625 0.3515625 0.5908203125 0.34375 0.587890625 0.3294270833333333 0.58203125 0.3216145833333333 0.572265625 0.2981770833333333 0.5712890625 0.2721354166666667 0.5732421875 0.24609375 0.580078125 0.20963541666666666 0.59765625 0.17317708333333334 0.6162109375 0.15625 0.6279296875 0.15364583333333334 0.6455078125 0.13932291666666666 0.6572265625 0.13411458333333334 0.666015625 0.13411458333333334 0.6728515625 0.13802083333333334 0.6865234375 0.140625
0 0.4140625 0.14973958333333334 0.4345703125 0.16015625 0.4619140625 0.16796875 0.470703125 0.17447916666666666 0.484375 0.1953125 0.4912109375 0.21223958333333334 0.4951171875 0.2630208333333333 0.494140625 0.2734375 0.4912109375 0.27734375 0.48046875 0.28515625 0.4580078125 0.2955729166666667 0.4482421875 0.3072916666666667 0.4375 0.3138020833333333 0.421875 0.3294270833333333 0.412109375 0.3424479166666667 0.4072265625 0.3580729166666667 0.4033203125 0.3606770833333333 0.390625 0.359375 0.38671875 0.35546875 0.380859375 0.3216145833333333 0.37109375 0.2942708333333333 0.359375 0.2734375 0.3369140625 0.24869791666666666 0.3359375 0.22916666666666666 0.33984375 0.21614583333333334 0.369140625 0.17447916666666666 0.3828125 0.171875 0.3896484375 0.16666666666666666 0.400390625 0.15234375 0.4130859375 0.14973958333333334
0 0.2412109375 0.24348958333333334 0.2509765625 0.24609375 0.2578125 0.2526041666666667 0.263671875 0.25390625 0.28515625 0.2526041666666667 0.3037109375 0.24739583333333334 0.3310546875 0.25 0.33984375 0.2565104166666667 0.36328125 0.28515625 0.373046875 0.3059895833333333 0.3837890625 0.3502604166666667 0.3857421875 0.3997395833333333 0.3896484375 0.4283854166666667 0.3935546875 0.43359375 0.400390625 0.43359375 0.404296875 0.4466145833333333 0.400390625 0.46875 0.390625 0.4739583333333333 0.3798828125 0.47265625 0.365234375 0.4466145833333333 0.3466796875 0.42578125 0.314453125 0.4088541666666667 0.3046875 0.4075520833333333 0.275390625 0.41796875 0.24609375 0.4453125 0.2412109375 0.4440104166666667 0.2265625 0.4270833333333333 0.2177734375 0.4075520833333333 0.2119140625 0.3411458333333333 0.212890625 0.3346354166666667 0.20703125 0.3125 0.205078125 0.2903645833333333 0.20703125 0.2760416666666667 0.212890625 0.265625 0.21484375 0.2552083333333333 0.2275390625 0.24348958333333334 0.240234375 0.24348958333333334
0 0.552734375 0.2747395833333333 0.5615234375 0.28125 0.5654296875 0.3059895833333333 0.5751953125 0.3151041666666667 0.576171875 0.3229166666666667 0.5859375 0.3346354166666667 0.5849609375 0.3515625 0.5732421875 0.3723958333333333 0.5703125 0.3997395833333333 0.5634765625 0.4192708333333333 0.56640625 0.4322916666666667 0.55859375 0.4466145833333333 0.556640625 0.45703125 0.552734375 0.4635416666666667 0.5517578125 0.47265625 0.5390625 0.4908854166666667 0.5087890625 0.5052083333333334 0.490234375 0.5078125 0.46875 0.5078125 0.453125 0.5 0.431640625 0.4765625 0.41796875 0.4557291666666667 0.41015625 0.4375 0.4072265625 0.4244791666666667 0.4072265625 0.3763020833333333 0.412109375 0.3528645833333333 0.4169921875 0.3411458333333333 0.4248046875 0.3307291666666667 0.4306640625 0.3294270833333333 0.453125 0.3138020833333333 0.4560546875 0.3098958333333333 0.45703125 0.3033854166666667 0.4658203125 0.2955729166666667 0.478515625 0.2916666666666667 0.4951171875 0.28125 0.5166015625 0.2799479166666667 0.525390625 0.2825520833333333 0.5361328125 0.2760416666666667 0.5517578125 0.2747395833333333
0 0.5078125 0.0390625 0.517578125 0.04296875 0.54296875 0.04296875 0.5654296875 0.053385416666666664 0.57421875 0.06640625 0.5791015625 0.08072916666666667 0.583984375 0.1171875 0.5830078125 0.11979166666666667 0.5791015625 0.11979166666666667 0.5693359375 0.11588541666666667 0.560546875 0.11588541666666667 0.5400390625 0.12239583333333333 0.52734375 0.13020833333333334 0.515625 0.14453125 0.50390625 0.14713541666666666 0.4921875 0.15625 0.4873046875 0.18489583333333334 0.4833984375 0.18489583333333334 0.4755859375 0.17317708333333334 0.4677734375 0.13411458333333334 0.4677734375 0.11979166666666667 0.474609375 0.09375 0.4814453125 0.078125 0.490234375 0.06901041666666667 0.498046875 0.041666666666666664 0.5068359375 0.0390625