0 0.6357421875 0.7408854166666666 0.66015625 0.7421875 0.689453125 0.75 0.70703125 0.7630208333333334 0.71484375 0.7734375 0.7236328125 0.7955729166666666 0.7236328125 0.8802083333333334 0.72265625 0.8880208333333334 0.7197265625 0.8932291666666666 0.7138671875 0.8971354166666666 0.705078125 0.8984375 0.6943359375 0.8919270833333334 0.6875 0.8919270833333334 0.681640625 0.8984375 0.673828125 0.8919270833333334 0.6591796875 0.8919270833333334 0.646484375 0.8880208333333334 0.6357421875 0.8802083333333334 0.625 0.8658854166666666 0.6201171875 0.85546875 0.6123046875 0.8216145833333334 0.6123046875 0.7994791666666666 0.615234375 0.7864583333333334 0.625 0.76171875 0.623046875 0.7552083333333334 0.6259765625 0.75 0.6357421875 0.7421875
0 0.333984375 0.9127604166666666 0.3505859375 0.9388020833333334 0.36328125 0.9453125 0.3916015625 0.96875 0.392578125 0.9765625 0.3896484375 0.9895833333333334 0.3837890625 0.9986979166666666 0.306640625 0.9986979166666666 0.3056640625 0.9934895833333334 0.30859375 0.9700520833333334 0.31640625 0.9479166666666666 0.31640625 0.9375 0.3193359375 0.9296875 0.322265625 0.9075520833333334 0.3271484375 0.90234375 0.3330078125 0.9127604166666666
0 0.51171875 0.8138020833333334 0.548828125 0.82421875 0.5634765625 0.8372395833333334 0.5673828125 0.84375 0.5712890625 0.859375 0.5693359375 0.9088541666666666 0.57421875 0.9231770833333334 0.5732421875 0.9322916666666666 0.5673828125 0.9427083333333334 0.533203125 0.9713541666666666 0.515625 0.9752604166666666 0.498046875 0.9739583333333334 0.490234375 0.9700520833333334 0.48046875 0.9609375 0.474609375 0.9518229166666666 0.4716796875 0.9440104166666666 0.47265625 0.9361979166666666 0.494140625 0.90234375 0.494140625 0.890625 0.5068359375 0.8528645833333334 0.5068359375 0.8268229166666666 0.5078125 0.8177083333333334 0.5107421875 0.8151041666666666
0 0.2470703125 0.7877604166666666 0.2509765625 0.7890625 0.2607421875 0.7994791666666666 0.28125 0.7942708333333334 0.2919921875 0.8046875 0.30078125 0.828125 0.3076171875 0.875 0.31640625 0.8997395833333334 0.3173828125 0.9153645833333334 0.314453125 0.9322916666666666 0.3095703125 0.94140625 0.2861328125 0.9479166666666666 0.2734375 0.9635416666666666 0.2578125 0.9765625 0.244140625 0.984375 0.23046875 0.98828125 0.2177734375 0.98828125 0.201171875 0.98046875 0.1904296875 0.9713541666666666 0.1787109375 0.9557291666666666 0.16796875 0.9296875 0.1640625 0.9140625 0.162109375 0.9036458333333334 0.162109375 0.8697916666666666 0.1572265625 0.8567708333333334 0.15625 0.84375 0.1572265625 0.8385416666666666 0.162109375 0.83203125 0.2099609375 0.7955729166666666 0.2294921875 0.7877604166666666 0.24609375 0.7877604166666666
0 0.21875 0.30078125 0.2392578125 0.3046875 0.2587890625 0.3125 0.2802734375 0.3294270833333333 0.2998046875 0.36328125 0.30859375 0.3919270833333333 0.3115234375 0.4088541666666667 0.3095703125 0.44140625 0.2978515625 0.4791666666666667 0.2822265625 0.5013020833333334 0.2724609375 0.5104166666666666 0.2607421875 0.5169270833333334 0.24609375 0.5208333333333334 0.2099609375 0.51953125 0.1943359375 0.5091145833333334 0.1767578125 0.4921875 0.1572265625 0.46875 0.1474609375 0.4505208333333333 0.134765625 0.40625 0.134765625 0.3802083333333333 0.1376953125 0.3658854166666667 0.1474609375 0.34375 0.1640625 0.3216145833333333 0.1787109375 0.3098958333333333 0.197265625 0.3020833333333333 0.2177734375 0.30078125
0 0.28515625 0.5729166666666666 0.2978515625 0.58203125 0.314453125 0.5885416666666666 0.3193359375 0.5885416666666666 0.32421875 0.5807291666666666 0.3310546875 0.578125 0.3447265625 0.6002604166666666 0.3662109375 0.6080729166666666 0.3671875 0.6197916666666666 0.3642578125 0.6328125 0.357421875 0.6484375 0.357421875 0.7109375 0.35546875 0.7161458333333334 0.3505859375 0.7161458333333334 0.3408203125 0.7239583333333334 0.326171875 0.7552083333333334 0.3115234375 0.7721354166666666 0.294921875 0.7825520833333334 0.2734375 0.7877604166666666 0.2578125 0.7877604166666666 0.240234375 0.77734375 0.2275390625 0.7669270833333334 0.20703125 0.7395833333333334 0.203125 0.73046875 0.197265625 0.7044270833333334 0.1962890625 0.66015625 0.2041015625 0.625 0.212890625 0.6067708333333334 0.228515625 0.5859375 0.2373046875 0.5794270833333334 0.25390625 0.5755208333333334 0.2841796875 0.5729166666666666
0 0.6640625 0.4440104166666667 0.6787109375 0.4557291666666667 0.6796875 0.4700520833333333 0.6826171875 0.4739583333333333 0.69921875 0.4765625 0.7080078125 0.4869791666666667 0.716796875 0.4908854166666667 0.7177734375 0.50390625 0.7265625 0.5299479166666666 0.7265625 0.5364583333333334 0.72265625 0.546875 0.7216796875 0.5807291666666666 0.728515625 0.5911458333333334 0.7314453125 0.61328125 0.7353515625 0.6236979166666666 0.73046875 0.6315104166666666 0.728515625 0.6432291666666666 0.71484375 0.66015625 0.712890625 0.6653645833333334 0.712890625 0.67578125 0.7099609375 0.68359375 0.70703125 0.6861979166666666 0.6923828125 0.6861979166666666 0.6787109375 0.6927083333333334 0.666015625 0.6953125 0.646484375 0.6940104166666666 0.6328125 0.6888020833333334 0.6162109375 0.6770833333333334 0.6005859375 0.6575520833333334 0.5908203125 0.63671875 0.5859375 0.6158854166666666 0.5830078125 0.6002604166666666 0.58203125 0.57421875 0.583984375 0.5559895833333334 0.5908203125 0.5299479166666666 0.625 0.4830729166666667 0.62890625 0.4661458333333333 0.63671875 0.46875 0.6455078125 0.4661458333333333 0.654296875 0.4674479166666667 0.658203125 0.4635416666666667 0.66015625 0.4505208333333333 0.6630859375 0.4453125
0 0.568359375 0.6184895833333334 0.5859375 0.6354166666666666 0.6005859375 0.6640625 0.609375 0.67578125 0.61328125 0.6888020833333334 0.615234375 0.7239583333333334 0.6103515625 0.7591145833333334 0.6015625 0.78515625 0.5849609375 0.8046875 0.5546875 0.8151041666666666 0.5283203125 0.8151041666666666 0.5087890625 0.8059895833333334 0.5029296875 0.7903645833333334 0.490234375 0.7747395833333334 0.48046875 0.7473958333333334 0.470703125 0.7369791666666666 0.46875 0.72265625 0.470703125 0.7096354166666666 0.4765625 0.6979166666666666 0.4794921875 0.6822916666666666 0.48828125 0.66015625 0.484375 0.6510416666666666 0.4912109375 0.6536458333333334 0.5068359375 0.6315104166666666 0.53125 0.6171875 0.544921875 0.61328125 0.5556640625 0.61328125 0.5673828125 0.6184895833333334
0 0.4326171875 0.4270833333333333 0.439453125 0.4283854166666667 0.45703125 0.4388020833333333 0.4716796875 0.4518229166666667 0.4814453125 0.4661458333333333 0.4921875 0.4947916666666667 0.49609375 0.5299479166666666 0.4912109375 0.5598958333333334 0.48046875 0.5885416666666666 0.4638671875 0.609375 0.4482421875 0.6197916666666666 0.42578125 0.62890625 0.3984375 0.6276041666666666 0.388671875 0.6236979166666666 0.375 0.61328125 0.3583984375 0.58984375 0.3525390625 0.5768229166666666 0.345703125 0.5520833333333334 0.34375 0.5260416666666666 0.3515625 0.4869791666666667 0.3583984375 0.4713541666666667 0.3701171875 0.4557291666666667 0.3935546875 0.4375 0.419921875 0.4283854166666667 0.431640625 0.4270833333333333
0 0.400390625 0.6940104166666666 0.4150390625 0.6966145833333334 0.4228515625 0.7057291666666666 0.4580078125 0.7278645833333334 0.466796875 0.73828125 0.48046875 0.7591145833333334 0.5 0.8033854166666666 0.5029296875 0.8190104166666666 0.50390625 0.8359375 0.501953125 0.8541666666666666 0.4912109375 0.8880208333333334 0.48828125 0.9075520833333334 0.4658203125 0.9388020833333334 0.439453125 0.9583333333333334 0.4208984375 0.96484375 0.390625 0.96484375 0.3525390625 0.9375 0.3271484375 0.9036458333333334 0.328125 0.8971354166666666 0.3203125 0.8854166666666666 0.3173828125 0.87109375 0.3095703125 0.8541666666666666 0.3056640625 0.828125 0.3056640625 0.796875 0.3095703125 0.7799479166666666 0.333984375 0.75 0.34765625 0.7278645833333334 0.3623046875 0.7161458333333334 0.3623046875 0.7005208333333334 0.369140625 0.6966145833333334 0.3994140625 0.6940104166666666
0 0.4755859375 0.10807291666666667 0.4990234375 0.11848958333333333 0.5107421875 0.13151041666666666 0.5224609375 0.15364583333333334 0.52734375 0.16927083333333334 0.5390625 0.18489583333333334 0.541015625 0.19661458333333334 0.548828125 0.21744791666666666 0.5537109375 0.22265625 0.5595703125 0.22395833333333334 0.5595703125 0.2265625 0.5556640625 0.23567708333333334 0.556640625 0.2552083333333333 0.548828125 0.2669270833333333 0.546875 0.2838541666666667 0.5439453125 0.2903645833333333 0.5439453125 0.296875 0.5478515625 0.3033854166666667 0.546875 0.3177083333333333 0.5439453125 0.3255208333333333 0.529296875 0.3463541666666667 0.5244140625 0.359375 0.5078125 0.3815104166666667 0.4951171875 0.3932291666666667 0.4716796875 0.4049479166666667 0.4501953125 0.4088541666666667 0.4306640625 0.4075520833333333 0.4072265625 0.3971354166666667 0.3974609375 0.390625 0.375 0.3645833333333333 0.3671875 0.3502604166666667 0.35546875 0.3151041666666667 0.3515625 0.28515625 0.3525390625 0.24479166666666666 0.34375 0.23307291666666666 0.341796875 0.2265625 0.34375 0.22395833333333334 0.3515625 0.22526041666666666 0.35546875 0.22005208333333334 0.3583984375 0.20182291666666666 0.3701171875 0.17057291666666666 0.3818359375 0.14973958333333334 0.40234375 0.12630208333333334 0.421875 0.11067708333333333 0.4423828125 0.10286458333333333 0.455078125 0.10286458333333333 0.474609375 0.10807291666666667
0 0.580078125 0.3606770833333333 0.591796875 0.3671875 0.615234375 0.3984375 0.623046875 0.4166666666666667 0.626953125 0.43359375 0.626953125 0.4505208333333333 0.6240234375 0.4739583333333333 0.6162109375 0.4908854166666667 0.591796875 0.5234375 0.57421875 0.5286458333333334 0.55859375 0.5247395833333334 0.5458984375 0.5130208333333334 0.5322265625 0.5052083333333334 0.517578125 0.4908854166666667 0.51171875 0.4791666666666667 0.5087890625 0.4635416666666667 0.50390625 0.4505208333333333 0.5029296875 0.4244791666666667 0.51171875 0.4036458333333333 0.5322265625 0.3802083333333333 0.5478515625 0.3697916666666667 0.5673828125 0.3619791666666667 0.5791015625 0.3606770833333333