0 0.8681640625 0.28125 0.8857421875 0.2903645833333333 0.900390625 0.3072916666666667 0.9111328125 0.3151041666666667 0.9404296875 0.3528645833333333 0.966796875 0.37109375 0.97265625 0.3828125 0.96484375 0.3997395833333333 0.9365234375 0.4296875 0.92578125 0.4453125 0.91796875 0.4622395833333333 0.89453125 0.4934895833333333 0.87890625 0.5065104166666666 0.85546875 0.515625 0.830078125 0.515625 0.8203125 0.5130208333333334 0.7998046875 0.5 0.78515625 0.4856770833333333 0.76171875 0.44921875 0.75390625 0.4322916666666667 0.7470703125 0.4088541666666667 0.7470703125 0.3932291666666667 0.7685546875 0.33203125 0.787109375 0.3046875 0.8154296875 0.2864583333333333 0.8330078125 0.28515625 0.84765625 0.2799479166666667 0.8671875 0.28125
0 0.7109375 0.4869791666666667 0.7333984375 0.4934895833333333 0.7587890625 0.5104166666666666 0.78515625 0.5481770833333334 0.7958984375 0.578125 0.802734375 0.5885416666666666 0.814453125 0.6002604166666666 0.8193359375 0.61328125 0.818359375 0.6380208333333334 0.8095703125 0.6614583333333334 0.8037109375 0.6875 0.7890625 0.7213541666666666 0.763671875 0.7565104166666666 0.740234375 0.7747395833333334 0.7265625 0.7786458333333334 0.701171875 0.77734375 0.6845703125 0.76953125 0.6630859375 0.7552083333333334 0.6435546875 0.7317708333333334 0.65234375 0.6979166666666666 0.658203125 0.6848958333333334 0.66015625 0.6614583333333334 0.6669921875 0.63671875 0.6728515625 0.5533854166666666 0.6708984375 0.5 0.6728515625 0.49609375 0.681640625 0.4934895833333333 0.6884765625 0.48828125 0.7099609375 0.4869791666666667
0 0.1884765625 0.15625 0.1923828125 0.15755208333333334 0.19921875 0.16536458333333334 0.2119140625 0.16796875 0.2275390625 0.18359375 0.2470703125 0.18489583333333334 0.271484375 0.19921875 0.275390625 0.21223958333333334 0.275390625 0.23307291666666666 0.27734375 0.2421875 0.29296875 0.2721354166666667 0.2900390625 0.2786458333333333 0.29296875 0.2903645833333333 0.2880859375 0.2994791666666667 0.2890625 0.3203125 0.2861328125 0.32421875 0.296875 0.3346354166666667 0.310546875 0.3580729166666667 0.3134765625 0.359375 0.3134765625 0.3658854166666667 0.30078125 0.36328125 0.2939453125 0.3697916666666667 0.291015625 0.3671875 0.2880859375 0.3684895833333333 0.291015625 0.43359375 0.28515625 0.4700520833333333 0.279296875 0.4947916666666667 0.271484375 0.5169270833333334 0.248046875 0.5494791666666666 0.232421875 0.5690104166666666 0.2099609375 0.5872395833333334 0.17578125 0.6028645833333334 0.1552734375 0.6067708333333334 0.1396484375 0.6067708333333334 0.115234375 0.6028645833333334 0.09375 0.59375 0.083984375 0.5846354166666666 0.0751953125 0.58203125 0.0703125 0.5729166666666666 0.0556640625 0.5625 0.029296875 0.5260416666666666 0.0078125 0.4609375 0.0029296875 0.4361979166666667 0.001953125 0.4153645833333333 0 0.4140625 0.001953125 0.4127604166666667 0 0.3697916666666667 0.001953125 0.3684895833333333 0.0048828125 0.3255208333333333 0.009765625 0.3046875 0.021484375 0.2786458333333333 0.0458984375 0.24348958333333334 0.080078125 0.21223958333333334 0.1015625 0.19921875 0.119140625 0.19270833333333334 0.1357421875 0.19401041666666666 0.14453125 0.19921875 0.1552734375 0.20052083333333334 0.1767578125 0.20833333333333334 0.20703125 0.22786458333333334 0.22265625 0.2421875 0.2392578125 0.2526041666666667 0.244140625 0.2591145833333333 0.2470703125 0.2578125 0.2392578125 0.24479166666666666 0.232421875 0.23958333333333334 0.2275390625 0.2265625 0.22265625 0.22786458333333334 0.21484375 0.22135416666666666 0.2060546875 0.21875 0.197265625 0.203125 0.1923828125 0.203125 0.1845703125 0.1953125 0.1826171875 0.18619791666666666 0.1787109375 0.18098958333333334 0.18359375 0.16015625 0.1875 0.15755208333333334
0 0.6142578125 0.12369791666666667 0.6416015625 0.1328125 0.65234375 0.13932291666666666 0.6640625 0.15364583333333334 0.6806640625 0.16015625 0.6943359375 0.16927083333333334 0.7236328125 0.22005208333333334 0.7275390625 0.234375 0.728515625 0.24869791666666666 0.736328125 0.2526041666666667 0.736328125 0.2799479166666667 0.734375 0.2864583333333333 0.7353515625 0.3385416666666667 0.728515625 0.3580729166666667 0.7265625 0.3697916666666667 0.7236328125 0.375 0.716796875 0.3763020833333333 0.712890625 0.3802083333333333 0.7021484375 0.3971354166666667 0.6806640625 0.421875 0.6669921875 0.4322916666666667 0.66015625 0.4322916666666667 0.64453125 0.4049479166666667 0.646484375 0.3958333333333333 0.6455078125 0.38671875 0.642578125 0.3841145833333333 0.634765625 0.3919270833333333 0.6298828125 0.3919270833333333 0.623046875 0.38671875 0.6142578125 0.3580729166666667 0.6083984375 0.3515625 0.599609375 0.3489583333333333 0.587890625 0.33984375 0.564453125 0.33203125 0.5556640625 0.3255208333333333 0.5498046875 0.3255208333333333 0.54296875 0.3294270833333333 0.5361328125 0.328125 0.5322265625 0.32421875 0.5185546875 0.328125 0.498046875 0.328125 0.4765625 0.3125 0.4814453125 0.30078125 0.4892578125 0.2994791666666667 0.49609375 0.2877604166666667 0.4990234375 0.23697916666666666 0.51171875 0.1953125 0.5283203125 0.1640625 0.548828125 0.140625 0.5771484375 0.12630208333333334 0.61328125 0.12369791666666667
0 0.55078125 0 0.7314453125 0 0.7373046875 0.006510416666666667 0.7548828125 0.0078125 0.7685546875 0.024739583333333332 0.7763671875 0.03125 0.7822265625 0.032552083333333336 0.783203125 0.04296875 0.796875 0.07552083333333333 0.7958984375 0.10026041666666667 0.7861328125 0.11197916666666667 0.779296875 0.13932291666666666 0.7705078125 0.16015625 0.7470703125 0.18880208333333334 0.7333984375 0.19661458333333334 0.720703125 0.19791666666666666 0.708984375 0.18489583333333334 0.6962890625 0.1640625 0.6806640625 0.15364583333333334 0.6650390625 0.13671875 0.6572265625 0.13541666666666666 0.634765625 0.12369791666666667 0.6123046875 0.1171875 0.58984375 0.11979166666666667 0.5771484375 0.11588541666666667 0.5673828125 0.10026041666666667 0.5546875 0.059895833333333336 0.5498046875 0.022135416666666668 0.55078125 0.0013020833333333333
0 0.212890625 0 0.3701171875 0 0.3720703125 0.0026041666666666665 0.376953125 0.0026041666666666665 0.37890625 0 0.41015625 0 0.4189453125 0.013020833333333334 0.42578125 0.03125 0.431640625 0.05859375 0.43359375 0.08072916666666667 0.4326171875 0.10546875 0.427734375 0.12890625 0.4140625 0.17057291666666666 0.4052734375 0.19010416666666666 0.3984375 0.19921875 0.3740234375 0.21744791666666666 0.3349609375 0.23567708333333334 0.310546875 0.234375 0.2861328125 0.22916666666666666 0.2822265625 0.2265625 0.27734375 0.20182291666666666 0.26171875 0.16796875 0.2548828125 0.16927083333333334 0.244140625 0.17708333333333334 0.2314453125 0.17447916666666666 0.2177734375 0.16536458333333334 0.2060546875 0.15364583333333334 0.201171875 0.14713541666666666 0.1953125 0.1328125 0.1884765625 0.10286458333333333 0.1875 0.07942708333333333 0.193359375 0.053385416666666664 0.2080078125 0.018229166666666668 0.212890625 0.0013020833333333333
0 0.4736328125 0.3268229166666667 0.5009765625 0.3359375 0.53515625 0.3333333333333333 0.5458984375 0.3385416666666667 0.56640625 0.3424479166666667 0.5751953125 0.34765625 0.5859375 0.3619791666666667 0.5966796875 0.3684895833333333 0.6005859375 0.375 0.6123046875 0.3854166666666667 0.6259765625 0.39453125 0.642578125 0.4153645833333333 0.6455078125 0.4270833333333333 0.6572265625 0.4479166666666667 0.66015625 0.47265625 0.6650390625 0.4778645833333333 0.6669921875 0.484375 0.6650390625 0.4973958333333333 0.66796875 0.50390625 0.6689453125 0.5143229166666666 0.66796875 0.58984375 0.6650390625 0.6015625 0.6640625 0.6315104166666666 0.66015625 0.6536458333333334 0.6552734375 0.66015625 0.6552734375 0.6705729166666666 0.6494140625 0.67578125 0.6484375 0.7018229166666666 0.640625 0.7239583333333334 0.625 0.7486979166666666 0.5771484375 0.7981770833333334 0.541015625 0.8203125 0.498046875 0.8294270833333334 0.4580078125 0.82421875 0.4296875 0.8059895833333334 0.4013671875 0.796875 0.396484375 0.7903645833333334 0.390625 0.7669270833333334 0.384765625 0.7591145833333334 0.376953125 0.7552083333333334 0.37109375 0.7447916666666666 0.349609375 0.73046875 0.3427734375 0.7200520833333334 0.3232421875 0.7083333333333334 0.298828125 0.6744791666666666 0.29296875 0.6471354166666666 0.29296875 0.6380208333333334 0.287109375 0.6236979166666666 0.283203125 0.578125 0.2880859375 0.4986979166666667 0.2939453125 0.4856770833333333 0.29296875 0.4596354166666667 0.3115234375 0.4166666666666667 0.34375 0.3723958333333333 0.361328125 0.3528645833333333 0.3798828125 0.3424479166666667 0.38671875 0.3411458333333333 0.396484375 0.3463541666666667 0.40625 0.33984375 0.421875 0.3346354166666667 0.4560546875 0.3268229166666667 0.47265625 0.3268229166666667
0 0.00390625 0 0.103515625 0 0.1064453125 0.026041666666666668 0.1064453125 0.05078125 0.1015625 0.078125 0.0791015625 0.12239583333333333 0.0546875 0.1484375 0.0244140625 0.1640625 0.015625 0.17317708333333334 0 0.17838541666666666 0 0.0026041666666666665 0.00390625 0.0013020833333333333
0 0.4169921875 0 0.5439453125 0 0.5439453125 0.005208333333333333 0.5400390625 0.010416666666666666 0.5302734375 0.03515625 0.51953125 0.05078125 0.5029296875 0.0625 0.4853515625 0.06770833333333333 0.466796875 0.06770833333333333 0.4365234375 0.053385416666666664 0.43359375 0.049479166666666664 0.4267578125 0.024739583333333332 0.4169921875 0.0013020833333333333
0 0.54296875 0.8268229166666666 0.5458984375 0.828125 0.556640625 0.84375 0.5615234375 0.859375 0.5771484375 0.890625 0.583984375 0.9166666666666666 0.5810546875 0.9596354166666666 0.5751953125 0.9908854166666666 0.5703125 0.9986979166666666 0.4287109375 0.9986979166666666 0.42578125 0.9921875 0.42578125 0.953125 0.4306640625 0.9296875 0.439453125 0.9075520833333334 0.4365234375 0.8932291666666666 0.4375 0.8828125 0.443359375 0.8658854166666666 0.4580078125 0.8359375 0.462890625 0.8307291666666666 0.5 0.8359375 0.515625 0.8307291666666666 0.5419921875 0.8268229166666666
0 0.2236328125 0.6484375 0.2314453125 0.6497395833333334 0.23828125 0.65625 0.2548828125 0.6627604166666666 0.2763671875 0.6796875 0.287109375 0.69140625 0.2998046875 0.6927083333333334 0.3212890625 0.7161458333333334 0.3330078125 0.7252604166666666 0.341796875 0.7278645833333334 0.3486328125 0.73828125 0.369140625 0.7526041666666666 0.3818359375 0.7682291666666666 0.3896484375 0.78515625 0.390625 0.80859375 0.384765625 0.8372395833333334 0.38671875 0.84375 0.3857421875 0.8567708333333334 0.375 0.86328125 0.361328125 0.8841145833333334 0.353515625 0.91796875 0.3505859375 0.9479166666666666 0.3349609375 0.9908854166666666 0.3310546875 0.99609375 0.3193359375 0.9986979166666666 0.2744140625 0.9986979166666666 0.2724609375 0.99609375 0.23046875 0.99609375 0.2265625 0.9986979166666666 0.19921875 0.9986979166666666 0.197265625 0.99609375 0.1806640625 0.99609375 0.1787109375 0.9986979166666666 0.1728515625 0.99609375 0.095703125 0.99609375 0.091796875 0.9986979166666666 0.0693359375 0.9986979166666666 0.052734375 0.9752604166666666 0.041015625 0.9466145833333334 0.0458984375 0.9192708333333334 0.044921875 0.8893229166666666 0.052734375 0.828125 0.0595703125 0.8046875 0.07421875 0.7669270833333334 0.0830078125 0.75390625 0.087890625 0.7421875 0.1220703125 0.6953125 0.138671875 0.6809895833333334 0.16015625 0.6666666666666666 0.189453125 0.6536458333333334 0.2060546875 0.6497395833333334 0.22265625 0.6497395833333334