0 0.6474609375 0.578125 0.658203125 0.5807291666666666 0.6748046875 0.5950520833333334 0.6875 0.5989583333333334 0.7060546875 0.59765625 0.7216796875 0.6067708333333334 0.734375 0.6184895833333334 0.7490234375 0.6263020833333334 0.7607421875 0.6393229166666666 0.7685546875 0.65234375 0.7705078125 0.66796875 0.7724609375 0.6705729166666666 0.7763671875 0.671875 0.783203125 0.66796875 0.7900390625 0.66796875 0.79296875 0.6705729166666666 0.79296875 0.67578125 0.7900390625 0.6796875 0.7783203125 0.6809895833333334 0.7734375 0.6848958333333334 0.7744140625 0.69140625 0.7822265625 0.7057291666666666 0.787109375 0.7486979166666666 0.787109375 0.765625 0.783203125 0.7916666666666666 0.763671875 0.8333333333333334 0.744140625 0.8567708333333334 0.7197265625 0.8723958333333334 0.6875 0.8828125 0.7119140625 0.9036458333333334 0.7099609375 0.9153645833333334 0.705078125 0.9166666666666666 0.69140625 0.9140625 0.6533203125 0.8776041666666666 0.642578125 0.8736979166666666 0.619140625 0.8580729166666666 0.6103515625 0.859375 0.6083984375 0.8515625 0.58984375 0.8294270833333334 0.580078125 0.8125 0.5732421875 0.796875 0.5625 0.7578125 0.5595703125 0.7161458333333334 0.5634765625 0.6927083333333334 0.5712890625 0.6731770833333334 0.5810546875 0.6549479166666666 0.6083984375 0.6223958333333334 0.609375 0.6119791666666666 0.6123046875 0.6080729166666666 0.6328125 0.5989583333333334 0.63671875 0.6028645833333334 0.6474609375 0.6002604166666666 0.6494140625 0.59375 0.64453125 0.5807291666666666 0.646484375 0.578125
0 0.294921875 0.4440104166666667 0.3134765625 0.453125 0.3291015625 0.47265625 0.3701171875 0.4830729166666667 0.3935546875 0.4973958333333333 0.4130859375 0.5182291666666666 0.421875 0.5442708333333334 0.427734375 0.58203125 0.427734375 0.5989583333333334 0.4208984375 0.6497395833333334 0.41796875 0.66015625 0.408203125 0.6692708333333334 0.388671875 0.69921875 0.376953125 0.7291666666666666 0.375 0.7447916666666666 0.3701171875 0.7526041666666666 0.3486328125 0.7513020833333334 0.3330078125 0.7447916666666666 0.31640625 0.7421875 0.306640625 0.73828125 0.29296875 0.7265625 0.2783203125 0.7239583333333334 0.2685546875 0.71875 0.255859375 0.70703125 0.240234375 0.6875 0.2236328125 0.65625 0.216796875 0.6315104166666666 0.216796875 0.6028645833333334 0.22265625 0.5768229166666666 0.232421875 0.5598958333333334 0.23046875 0.5403645833333334 0.2333984375 0.5325520833333334 0.2421875 0.5234375 0.2431640625 0.5182291666666666 0.2421875 0.484375 0.244140625 0.4791666666666667 0.2548828125 0.4609375 0.2685546875 0.4479166666666667 0.27734375 0.4440104166666667 0.2939453125 0.4440104166666667
0 0.4873046875 0.6458333333333334 0.5009765625 0.65234375 0.521484375 0.66796875 0.5361328125 0.68359375 0.5498046875 0.7057291666666666 0.5546875 0.7200520833333334 0.556640625 0.7721354166666666 0.5537109375 0.78515625 0.5419921875 0.81640625 0.51171875 0.86328125 0.5 0.8658854166666666 0.4853515625 0.8763020833333334 0.4755859375 0.87890625 0.4443359375 0.8776041666666666 0.4296875 0.87109375 0.408203125 0.8502604166666666 0.390625 0.82421875 0.384765625 0.8268229166666666 0.3798828125 0.8255208333333334 0.375 0.8151041666666666 0.365234375 0.8033854166666666 0.36328125 0.7916666666666666 0.3662109375 0.7825520833333334 0.376953125 0.76953125 0.37890625 0.7408854166666666 0.3876953125 0.71484375 0.396484375 0.6953125 0.4111328125 0.6744791666666666 0.4296875 0.6575520833333334 0.4521484375 0.64453125 0.470703125 0.640625 0.486328125 0.6458333333333334
0 0.318359375 0.08984375 0.3427734375 0.10416666666666667 0.3603515625 0.12630208333333334 0.3662109375 0.14322916666666666 0.3681640625 0.18098958333333334 0.3642578125 0.1953125 0.3515625 0.20572916666666666 0.3525390625 0.22005208333333334 0.341796875 0.24348958333333334 0.3173828125 0.2786458333333333 0.310546875 0.28125 0.2841796875 0.2786458333333333 0.2724609375 0.2734375 0.2548828125 0.2604166666666667 0.248046875 0.2513020833333333 0.240234375 0.23177083333333334 0.2333984375 0.19661458333333334 0.2333984375 0.1875 0.2392578125 0.15885416666666666 0.2392578125 0.13151041666666666 0.2421875 0.12239583333333333 0.25 0.11197916666666667 0.265625 0.10546875 0.27734375 0.09375 0.2861328125 0.08984375 0.3173828125 0.08984375
0 0.1669921875 0.125 0.1884765625 0.13151041666666666 0.19921875 0.13932291666666666 0.2099609375 0.15364583333333334 0.2236328125 0.17838541666666666 0.2314453125 0.19791666666666666 0.2353515625 0.21614583333333334 0.244140625 0.2981770833333333 0.2353515625 0.2942708333333333 0.216796875 0.2760416666666667 0.203125 0.26953125 0.189453125 0.2591145833333333 0.1689453125 0.2513020833333333 0.130859375 0.24609375 0.115234375 0.24739583333333334 0.111328125 0.25390625 0.1103515625 0.2643229166666667 0.10546875 0.2708333333333333 0.09765625 0.2708333333333333 0.091796875 0.2799479166666667 0.0810546875 0.2864583333333333 0.078125 0.28515625 0.0732421875 0.265625 0.0732421875 0.24348958333333334 0.080078125 0.21354166666666666 0.0771484375 0.20052083333333334 0.083984375 0.17578125 0.0888671875 0.13671875 0.091796875 0.1328125 0.1337890625 0.1328125 0.1513671875 0.12630208333333334 0.166015625 0.125
0 0.13671875 0.25 0.1650390625 0.25390625 0.185546875 0.2604166666666667 0.2158203125 0.2786458333333333 0.23046875 0.2916666666666667 0.2529296875 0.31640625 0.2568359375 0.328125 0.26953125 0.3489583333333333 0.275390625 0.3645833333333333 0.283203125 0.3984375 0.28515625 0.4244791666666667 0.2841796875 0.4348958333333333 0.2685546875 0.4427083333333333 0.25390625 0.4557291666666667 0.2392578125 0.4778645833333333 0.2373046875 0.51171875 0.2255859375 0.5390625 0.224609375 0.5598958333333334 0.21484375 0.5703125 0.20703125 0.5729166666666666 0.2021484375 0.5911458333333334 0.1962890625 0.59765625 0.185546875 0.5859375 0.181640625 0.58984375 0.1533203125 0.59765625 0.115234375 0.5963541666666666 0.099609375 0.5924479166666666 0.0703125 0.5768229166666666 0.046875 0.5546875 0.0244140625 0.52734375 0.01953125 0.5143229166666666 0.0166015625 0.4934895833333333 0.01171875 0.484375 0.0029296875 0.4544270833333333 0.001953125 0.44140625 0 0.4401041666666667 0.001953125 0.4375 0.0048828125 0.40625 0.017578125 0.3828125 0.0263671875 0.3450520833333333 0.0341796875 0.3294270833333333 0.04296875 0.3190104166666667 0.0673828125 0.3046875 0.078125 0.29296875 0.1005859375 0.2786458333333333 0.103515625 0.2708333333333333 0.109375 0.2643229166666667 0.1123046875 0.2552083333333333 0.1162109375 0.2513020833333333 0.1357421875 0.25
0 0.66796875 0.0859375 0.6767578125 0.08984375 0.7138671875 0.09114583333333333 0.7197265625 0.10026041666666667 0.720703125 0.11458333333333333 0.724609375 0.11979166666666667 0.7431640625 0.1328125 0.75390625 0.14583333333333334 0.763671875 0.17838541666666666 0.7646484375 0.2109375 0.7529296875 0.25 0.7392578125 0.2721354166666667 0.73046875 0.2799479166666667 0.7197265625 0.2838541666666667 0.7080078125 0.296875 0.673828125 0.3046875 0.6689453125 0.3098958333333333 0.6708984375 0.32421875 0.666015625 0.328125 0.654296875 0.3307291666666667 0.640625 0.3111979166666667 0.63671875 0.30859375 0.626953125 0.31640625 0.623046875 0.3151041666666667 0.62109375 0.3020833333333333 0.6083984375 0.296875 0.59375 0.2799479166666667 0.5693359375 0.2604166666666667 0.5576171875 0.24739583333333334 0.552734375 0.23307291666666666 0.5498046875 0.21354166666666666 0.548828125 0.16796875 0.5703125 0.11979166666666667 0.5908203125 0.1015625 0.630859375 0.10026041666666667 0.6396484375 0.09505208333333333 0.6533203125 0.09375 0.662109375 0.08723958333333333 0.6669921875 0.08723958333333333
0 0.806640625 0.17838541666666666 0.83984375 0.1953125 0.8408203125 0.19921875 0.8349609375 0.21484375 0.8349609375 0.22265625 0.849609375 0.24609375 0.853515625 0.2630208333333333 0.859375 0.2760416666666667 0.859375 0.2825520833333333 0.8564453125 0.2890625 0.8447265625 0.3033854166666667 0.83203125 0.30859375 0.8173828125 0.3216145833333333 0.798828125 0.3216145833333333 0.783203125 0.3125 0.7333984375 0.3020833333333333 0.7197265625 0.29296875 0.7197265625 0.2890625 0.734375 0.28125 0.74609375 0.2669270833333333 0.7578125 0.24479166666666666 0.7666015625 0.22005208333333334 0.771484375 0.19921875 0.787109375 0.18098958333333334 0.79296875 0.17838541666666666 0.8056640625 0.17838541666666666
0 0.5185546875 0.3984375 0.5341796875 0.40234375 0.546875 0.41015625 0.5595703125 0.4231770833333333 0.5751953125 0.4453125 0.5810546875 0.4596354166666667 0.58203125 0.4713541666666667 0.5908203125 0.4934895833333333 0.5966796875 0.54296875 0.59375 0.5703125 0.5888671875 0.5911458333333334 0.5693359375 0.62890625 0.5576171875 0.640625 0.5283203125 0.6536458333333334 0.5126953125 0.6536458333333334 0.4912109375 0.640625 0.46875 0.6328125 0.4482421875 0.6145833333333334 0.431640625 0.578125 0.42578125 0.5403645833333334 0.4169921875 0.50390625 0.4189453125 0.48046875 0.4248046875 0.4661458333333333 0.44921875 0.4388020833333333 0.4599609375 0.4231770833333333 0.482421875 0.4036458333333333 0.48828125 0.4010416666666667 0.505859375 0.3971354166666667 0.517578125 0.3984375
0 0.4404296875 0.1875 0.4453125 0.18880208333333334 0.4521484375 0.1953125 0.458984375 0.19661458333333334 0.478515625 0.2109375 0.5 0.23958333333333334 0.505859375 0.2513020833333333 0.51953125 0.2877604166666667 0.5234375 0.3138020833333333 0.5224609375 0.3385416666666667 0.5166015625 0.3619791666666667 0.515625 0.3815104166666667 0.5146484375 0.3854166666666667 0.5078125 0.3919270833333333 0.4833984375 0.3984375 0.4580078125 0.4192708333333333 0.4453125 0.4361979166666667 0.4384765625 0.44140625 0.4326171875 0.453125 0.4228515625 0.4635416666666667 0.41796875 0.4739583333333333 0.4111328125 0.46875 0.4072265625 0.46875 0.3876953125 0.4778645833333333 0.3828125 0.4778645833333333 0.3779296875 0.4661458333333333 0.359375 0.4466145833333333 0.3564453125 0.4466145833333333 0.341796875 0.4596354166666667 0.3349609375 0.4622395833333333 0.330078125 0.45703125 0.328125 0.4479166666666667 0.32421875 0.44140625 0.32421875 0.43359375 0.330078125 0.4192708333333333 0.33203125 0.4075520833333333 0.3173828125 0.3815104166666667 0.318359375 0.3723958333333333 0.314453125 0.36328125 0.3173828125 0.33203125 0.3134765625 0.328125 0.3125 0.3138020833333333 0.3173828125 0.29296875 0.3310546875 0.2630208333333333 0.353515625 0.23697916666666666 0.3701171875 0.20052083333333334 0.3994140625 0.19010416666666666 0.439453125 0.1875
0 0.4599609375 0.06770833333333333 0.470703125 0.07552083333333333 0.4794921875 0.08854166666666667 0.4912109375 0.10026041666666667 0.5 0.11458333333333333 0.5146484375 0.12890625 0.521484375 0.140625 0.5205078125 0.14973958333333334 0.515625 0.16145833333333334 0.5029296875 0.17708333333333334 0.494140625 0.19921875 0.4853515625 0.20833333333333334 0.4580078125 0.19401041666666666 0.4423828125 0.18229166666666666 0.41796875 0.18619791666666666 0.3837890625 0.1875 0.37890625 0.18229166666666666 0.373046875 0.16145833333333334 0.373046875 0.11197916666666667 0.37890625 0.09895833333333333 0.392578125 0.08072916666666667 0.4033203125 0.07421875 0.4228515625 0.06901041666666667 0.447265625 0.06640625 0.458984375 0.06770833333333333
0 0.6484375 0.3424479166666667 0.6904296875 0.3515625 0.7109375 0.3606770833333333 0.71875 0.3723958333333333 0.7216796875 0.3828125 0.73046875 0.3997395833333333 0.73828125 0.421875 0.7421875 0.4401041666666667 0.7431640625 0.4635416666666667 0.740234375 0.4830729166666667 0.728515625 0.515625 0.71875 0.5286458333333334 0.7001953125 0.54296875 0.6728515625 0.55078125 0.646484375 0.546875 0.6279296875 0.5377604166666666 0.619140625 0.5377604166666666 0.6103515625 0.5299479166666666 0.5986328125 0.51171875 0.595703125 0.49609375 0.5849609375 0.46875 0.583984375 0.4596354166666667 0.5712890625 0.4296875 0.576171875 0.390625 0.583984375 0.3736979166666667 0.591796875 0.36328125 0.619140625 0.34375 0.6474609375 0.3424479166666667