0 0.701171875 0.24609375 0.720703125 0.25 0.7490234375 0.265625 0.76171875 0.27734375 0.7822265625 0.3046875 0.7880859375 0.30078125 0.7900390625 0.2838541666666667 0.796875 0.2734375 0.8125 0.2708333333333333 0.814453125 0.2734375 0.8134765625 0.29296875 0.8173828125 0.296875 0.8427734375 0.2903645833333333 0.8740234375 0.29296875 0.8955078125 0.2994791666666667 0.9072265625 0.3072916666666667 0.9208984375 0.3268229166666667 0.9228515625 0.3333333333333333 0.9208984375 0.3346354166666667 0.896484375 0.328125 0.890625 0.3203125 0.8740234375 0.31640625 0.8515625 0.31640625 0.8359375 0.3216145833333333 0.828125 0.3346354166666667 0.8017578125 0.3658854166666667 0.8046875 0.39453125 0.8056640625 0.44140625 0.802734375 0.4583333333333333 0.79296875 0.4791666666666667 0.78515625 0.4895833333333333 0.7685546875 0.5 0.7578125 0.515625 0.744140625 0.5416666666666666 0.736328125 0.5481770833333334 0.7265625 0.5611979166666666 0.7158203125 0.5690104166666666 0.69921875 0.5729166666666666 0.6767578125 0.5716145833333334 0.6396484375 0.5598958333333334 0.630859375 0.5533854166666666 0.61328125 0.5325520833333334 0.60546875 0.5208333333333334 0.5947265625 0.4869791666666667 0.5849609375 0.4700520833333333 0.5849609375 0.4635416666666667 0.58203125 0.4557291666666667 0.5673828125 0.4322916666666667 0.5654296875 0.41015625 0.5615234375 0.3971354166666667 0.5615234375 0.38671875 0.5654296875 0.3841145833333333 0.568359375 0.375 0.5751953125 0.3385416666666667 0.5810546875 0.3268229166666667 0.59375 0.3125 0.6015625 0.2955729166666667 0.611328125 0.2838541666666667 0.6259765625 0.2708333333333333 0.6484375 0.2578125 0.66796875 0.2552083333333333 0.681640625 0.24739583333333334 0.7001953125 0.24609375
0 0.5615234375 0.17578125 0.5771484375 0.18359375 0.5830078125 0.1953125 0.5927734375 0.20572916666666666 0.609375 0.2109375 0.6142578125 0.21614583333333334 0.62109375 0.23828125 0.623046875 0.2669270833333333 0.6201171875 0.2721354166666667 0.6064453125 0.2838541666666667 0.5927734375 0.3033854166666667 0.5908203125 0.3098958333333333 0.57421875 0.3307291666666667 0.5712890625 0.3372395833333333 0.5673828125 0.36328125 0.5634765625 0.3723958333333333 0.5537109375 0.3763020833333333 0.5478515625 0.3880208333333333 0.529296875 0.390625 0.5107421875 0.390625 0.5078125 0.3880208333333333 0.5068359375 0.375 0.509765625 0.3658854166666667 0.509765625 0.3528645833333333 0.5048828125 0.3359375 0.5029296875 0.31640625 0.4951171875 0.28125 0.4873046875 0.265625 0.4736328125 0.24869791666666666 0.466796875 0.23567708333333334 0.4482421875 0.22135416666666666 0.447265625 0.2109375 0.44921875 0.203125 0.4560546875 0.19140625 0.4619140625 0.1875 0.474609375 0.18489583333333334 0.482421875 0.17708333333333334 0.4951171875 0.1796875 0.505859375 0.17317708333333334 0.5234375 0.16927083333333334 0.560546875 0.17578125
0 0.755859375 0.6184895833333334 0.775390625 0.6223958333333334 0.7822265625 0.62890625 0.794921875 0.62890625 0.7998046875 0.6315104166666666 0.830078125 0.65234375 0.8427734375 0.6666666666666666 0.85546875 0.6875 0.8623046875 0.7083333333333334 0.873046875 0.76953125 0.873046875 0.8033854166666666 0.869140625 0.8255208333333334 0.8583984375 0.8580729166666666 0.8544921875 0.8658854166666666 0.830078125 0.8958333333333334 0.8173828125 0.90234375 0.7822265625 0.9075520833333334 0.7685546875 0.90625 0.7587890625 0.90234375 0.74609375 0.90234375 0.7421875 0.9088541666666666 0.7412109375 0.9244791666666666 0.7392578125 0.9270833333333334 0.7373046875 0.9270833333333334 0.7265625 0.9127604166666666 0.7158203125 0.890625 0.6953125 0.8645833333333334 0.6845703125 0.8411458333333334 0.681640625 0.8268229166666666 0.671875 0.8098958333333334 0.6689453125 0.7369791666666666 0.6650390625 0.6927083333333334 0.6826171875 0.6549479166666666 0.7021484375 0.6328125 0.73046875 0.6184895833333334 0.7548828125 0.6184895833333334
0 0.8466796875 0.4830729166666667 0.8623046875 0.4895833333333333 0.873046875 0.4986979166666667 0.888671875 0.5221354166666666 0.896484375 0.5416666666666666 0.9052734375 0.5494791666666666 0.9072265625 0.5533854166666666 0.9052734375 0.56640625 0.91015625 0.5794270833333334 0.91796875 0.6171875 0.91796875 0.62890625 0.9111328125 0.640625 0.8974609375 0.65625 0.888671875 0.6744791666666666 0.8798828125 0.67578125 0.86328125 0.6875 0.859375 0.6861979166666666 0.8486328125 0.671875 0.84765625 0.6666666666666666 0.83984375 0.6549479166666666 0.7998046875 0.6263020833333334 0.78515625 0.6184895833333334 0.779296875 0.6197916666666666 0.7705078125 0.6158854166666666 0.7490234375 0.61328125 0.7412109375 0.6080729166666666 0.7412109375 0.5859375 0.7470703125 0.5481770833333334 0.755859375 0.5286458333333334 0.7705078125 0.5052083333333334 0.7890625 0.4908854166666667 0.8056640625 0.484375 0.822265625 0.4817708333333333 0.845703125 0.4830729166666667
0 0.5009765625 0.4114583333333333 0.5234375 0.4309895833333333 0.5361328125 0.4361979166666667 0.544921875 0.4453125 0.5634765625 0.4557291666666667 0.5859375 0.48046875 0.5986328125 0.5078125 0.6015625 0.53125 0.6005859375 0.5533854166666666 0.591796875 0.5846354166666666 0.5830078125 0.6002604166666666 0.5673828125 0.6184895833333334 0.5517578125 0.6236979166666666 0.5283203125 0.6197916666666666 0.521484375 0.6158854166666666 0.5 0.61328125 0.4873046875 0.6197916666666666 0.4794921875 0.6302083333333334 0.4736328125 0.6302083333333334 0.4658203125 0.6236979166666666 0.4482421875 0.59765625 0.4384765625 0.5768229166666666 0.4375 0.5611979166666666 0.4443359375 0.5208333333333334 0.462890625 0.4700520833333333 0.4736328125 0.4283854166666667 0.4833984375 0.4127604166666667 0.5 0.4114583333333333
0 0.5205078125 0.6236979166666666 0.5400390625 0.6276041666666666 0.5751953125 0.625 0.6123046875 0.6315104166666666 0.62890625 0.6432291666666666 0.6376953125 0.6536458333333334 0.6484375 0.6705729166666666 0.6611328125 0.7018229166666666 0.666015625 0.7473958333333334 0.6640625 0.79296875 0.6650390625 0.81640625 0.65625 0.83984375 0.6552734375 0.8763020833333334 0.6513671875 0.8984375 0.646484375 0.90234375 0.619140625 0.9010416666666666 0.6015625 0.90625 0.5615234375 0.9049479166666666 0.53515625 0.8958333333333334 0.515625 0.8854166666666666 0.5009765625 0.8815104166666666 0.4794921875 0.859375 0.4697265625 0.8385416666666666 0.4619140625 0.8072916666666666 0.4619140625 0.7760416666666666 0.4765625 0.6783854166666666 0.4765625 0.6692708333333334 0.4736328125 0.6640625 0.4736328125 0.6484375 0.48046875 0.6354166666666666 0.4912109375 0.625 0.51953125 0.6236979166666666
0 0.4287109375 0.22135416666666666 0.447265625 0.2265625 0.46484375 0.24088541666666666 0.482421875 0.2643229166666667 0.4912109375 0.2799479166666667 0.498046875 0.3059895833333333 0.5048828125 0.35546875 0.501953125 0.3802083333333333 0.5029296875 0.3997395833333333 0.5009765625 0.4036458333333333 0.494140625 0.4049479166666667 0.4814453125 0.4010416666666667 0.4775390625 0.40625 0.4638671875 0.453125 0.4580078125 0.4609375 0.45703125 0.4713541666666667 0.453125 0.48046875 0.4248046875 0.5052083333333334 0.4130859375 0.5104166666666666 0.390625 0.5143229166666666 0.3623046875 0.51171875 0.3486328125 0.5078125 0.3232421875 0.4765625 0.3095703125 0.4453125 0.3046875 0.4283854166666667 0.3017578125 0.4075520833333333 0.3017578125 0.3854166666666667 0.3115234375 0.3333333333333333 0.3251953125 0.3046875 0.330078125 0.2864583333333333 0.3447265625 0.2643229166666667 0.357421875 0.2513020833333333 0.359375 0.24479166666666666 0.3896484375 0.22916666666666666 0.4111328125 0.22265625 0.427734375 0.22135416666666666
0 0.712890625 0.0625 0.7158203125 0.06380208333333333 0.7197265625 0.07161458333333333 0.748046875 0.0703125 0.765625 0.07682291666666667 0.77734375 0.08723958333333333 0.7861328125 0.10026041666666667 0.794921875 0.13020833333333334 0.7958984375 0.16536458333333334 0.7900390625 0.18619791666666666 0.779296875 0.203125 0.7490234375 0.17317708333333334 0.7333984375 0.16536458333333334 0.72265625 0.16145833333333334 0.693359375 0.16796875 0.6875 0.16796875 0.6845703125 0.16536458333333334 0.677734375 0.13411458333333334 0.677734375 0.11979166666666667 0.6884765625 0.09895833333333333 0.7060546875 0.07291666666666667 0.7080078125 0.06380208333333333 0.7119140625 0.0625
0 0.50390625 0.08333333333333333 0.515625 0.0859375 0.5302734375 0.09505208333333333 0.5390625 0.10546875 0.54296875 0.11328125 0.5458984375 0.12890625 0.546875 0.14453125 0.544921875 0.15755208333333334 0.5390625 0.1640625 0.517578125 0.16536458333333334 0.4970703125 0.17447916666666666 0.482421875 0.17317708333333334 0.4736328125 0.18098958333333334 0.4619140625 0.18359375 0.453125 0.18880208333333334 0.44921875 0.18359375 0.4443359375 0.15494791666666666 0.4443359375 0.13671875 0.44921875 0.11848958333333333 0.4580078125 0.10546875 0.4765625 0.09114583333333333 0.5029296875 0.08333333333333333
0 0.62109375 0.06901041666666667 0.640625 0.07421875 0.658203125 0.08984375 0.6650390625 0.1015625 0.6728515625 0.12239583333333333 0.6767578125 0.14192708333333334 0.6767578125 0.15625 0.671875 0.17447916666666666 0.646484375 0.20442708333333334 0.626953125 0.23958333333333334 0.6220703125 0.23177083333333334 0.619140625 0.22005208333333334 0.6123046875 0.20963541666666666 0.6005859375 0.203125 0.5849609375 0.18229166666666666 0.55859375 0.16796875 0.5517578125 0.15104166666666666 0.548828125 0.12890625 0.548828125 0.12109375 0.5546875 0.11197916666666667 0.560546875 0.10546875 0.5732421875 0.09895833333333333 0.58984375 0.08072916666666667 0.60546875 0.0703125 0.6201171875 0.06901041666666667
0 0.724609375 0.16536458333333334 0.744140625 0.17317708333333334 0.7568359375 0.18229166666666666 0.7666015625 0.19140625 0.779296875 0.20963541666666666 0.783203125 0.22265625 0.78515625 0.2552083333333333 0.7880859375 0.265625 0.7880859375 0.2786458333333333 0.783203125 0.2981770833333333 0.779296875 0.296875 0.7607421875 0.2721354166666667 0.7451171875 0.2591145833333333 0.7177734375 0.24609375 0.685546875 0.24348958333333334 0.6708984375 0.2513020833333333 0.6591796875 0.2513020833333333 0.6474609375 0.2552083333333333 0.6376953125 0.26171875 0.6318359375 0.26171875 0.6298828125 0.2513020833333333 0.6376953125 0.2265625 0.6533203125 0.19921875 0.66015625 0.19140625 0.6748046875 0.17838541666666666 0.6845703125 0.17317708333333334 0.7236328125 0.16536458333333334