0 0.8076171875 0.17447916666666666 0.8173828125 0.1796875 0.833984375 0.1953125 0.8525390625 0.22526041666666666 0.8662109375 0.23958333333333334 0.8681640625 0.2526041666666667 0.8642578125 0.2591145833333333 0.8515625 0.265625 0.8466796875 0.2721354166666667 0.8447265625 0.2903645833333333 0.83984375 0.3098958333333333 0.826171875 0.3307291666666667 0.814453125 0.3411458333333333 0.794921875 0.3489583333333333 0.7841796875 0.3489583333333333 0.7646484375 0.3424479166666667 0.7333984375 0.3138020833333333 0.7216796875 0.2916666666666667 0.71875 0.2708333333333333 0.7216796875 0.24739583333333334 0.732421875 0.23177083333333334 0.7412109375 0.20833333333333334 0.751953125 0.1953125 0.767578125 0.18359375 0.78125 0.17708333333333334 0.806640625 0.17447916666666666
0 0.654296875 0.5807291666666666 0.6884765625 0.5846354166666666 0.703125 0.5911458333333334 0.7177734375 0.6015625 0.7314453125 0.6145833333333334 0.75 0.640625 0.7607421875 0.6744791666666666 0.76171875 0.7083333333333334 0.751953125 0.7408854166666666 0.74609375 0.7526041666666666 0.73046875 0.7734375 0.71484375 0.7864583333333334 0.6953125 0.7981770833333334 0.68359375 0.8125 0.681640625 0.8229166666666666 0.685546875 0.8307291666666666 0.6845703125 0.8372395833333334 0.681640625 0.8372395833333334 0.6728515625 0.828125 0.6552734375 0.8255208333333334 0.640625 0.8190104166666666 0.630859375 0.80859375 0.619140625 0.8072916666666666 0.5947265625 0.796875 0.5771484375 0.7825520833333334 0.5673828125 0.76953125 0.5625 0.7552083333333334 0.5634765625 0.7486979166666666 0.576171875 0.71875 0.5810546875 0.6966145833333334 0.58203125 0.65625 0.578125 0.63671875 0.5791015625 0.6263020833333334 0.5986328125 0.6015625 0.623046875 0.5846354166666666 0.638671875 0.5807291666666666 0.6533203125 0.5807291666666666
0 0.5009765625 0.4192708333333333 0.521484375 0.4322916666666667 0.529296875 0.4427083333333333 0.537109375 0.4609375 0.544921875 0.4700520833333333 0.5439453125 0.4869791666666667 0.546875 0.50390625 0.546875 0.5247395833333334 0.5439453125 0.5442708333333334 0.5341796875 0.5625 0.51171875 0.5533854166666666 0.4912109375 0.5533854166666666 0.470703125 0.5611979166666666 0.4501953125 0.5768229166666666 0.4423828125 0.57421875 0.4287109375 0.5533854166666666 0.431640625 0.4583333333333333 0.443359375 0.4375 0.4560546875 0.4244791666666667 0.4775390625 0.4166666666666667 0.4921875 0.4166666666666667 0.5 0.4192708333333333
0 0.8310546875 0.3671875 0.8427734375 0.3723958333333333 0.8642578125 0.3919270833333333 0.896484375 0.4361979166666667 0.8984375 0.44921875 0.8935546875 0.4791666666666667 0.876953125 0.5143229166666666 0.8525390625 0.54296875 0.841796875 0.5494791666666666 0.828125 0.5520833333333334 0.802734375 0.546875 0.7822265625 0.53125 0.7666015625 0.51171875 0.763671875 0.5 0.7646484375 0.4752604166666667 0.7666015625 0.4700520833333333 0.7666015625 0.45703125 0.763671875 0.4466145833333333 0.763671875 0.4231770833333333 0.775390625 0.4010416666666667 0.798828125 0.3763020833333333 0.8212890625 0.3671875 0.830078125 0.3671875
0 0.412109375 0.6536458333333334 0.4140625 0.65625 0.4150390625 0.6888020833333334 0.419921875 0.7135416666666666 0.4326171875 0.75 0.4482421875 0.7721354166666666 0.470703125 0.7890625 0.4814453125 0.7916666666666666 0.4833984375 0.7955729166666666 0.4736328125 0.81640625 0.458984375 0.8346354166666666 0.439453125 0.8450520833333334 0.4208984375 0.8502604166666666 0.3984375 0.8489583333333334 0.380859375 0.8385416666666666 0.3544921875 0.8046875 0.345703125 0.7760416666666666 0.3466796875 0.74609375 0.3525390625 0.71875 0.3623046875 0.6927083333333334 0.3896484375 0.66015625 0.400390625 0.6536458333333334 0.4111328125 0.6536458333333334
0 0.33203125 0.22265625 0.357421875 0.23958333333333334 0.36328125 0.24609375 0.3662109375 0.25390625 0.3662109375 0.2669270833333333 0.361328125 0.2799479166666667 0.3662109375 0.3138020833333333 0.3662109375 0.34375 0.328125 0.3424479166666667 0.2998046875 0.3541666666666667 0.2958984375 0.3502604166666667 0.291015625 0.3372395833333333 0.2822265625 0.2877604166666667 0.28515625 0.2838541666666667 0.294921875 0.2825520833333333 0.3017578125 0.26953125 0.302734375 0.24739583333333334 0.3115234375 0.23828125 0.310546875 0.22395833333333334 0.3134765625 0.22135416666666666 0.3310546875 0.22265625
0 0.357421875 0.3463541666666667 0.3681640625 0.3515625 0.3935546875 0.3736979166666667 0.4091796875 0.39453125 0.419921875 0.4166666666666667 0.427734375 0.4479166666666667 0.4287109375 0.5065104166666666 0.427734375 0.5286458333333334 0.4248046875 0.5442708333333334 0.4033203125 0.5911458333333334 0.3994140625 0.6041666666666666 0.3896484375 0.6145833333333334 0.375 0.6145833333333334 0.353515625 0.6197916666666666 0.34375 0.6197916666666666 0.3115234375 0.6119791666666666 0.294921875 0.5989583333333334 0.2763671875 0.57421875 0.271484375 0.5520833333333334 0.2666015625 0.5403645833333334 0.2626953125 0.5091145833333334 0.2578125 0.4921875 0.2568359375 0.4309895833333333 0.2587890625 0.4166666666666667 0.2685546875 0.390625 0.275390625 0.37890625 0.2890625 0.36328125 0.3095703125 0.3515625 0.32421875 0.3463541666666667 0.3564453125 0.3463541666666667
0 0.685546875 0.3619791666666667 0.712890625 0.3723958333333333 0.7265625 0.3828125 0.755859375 0.4270833333333333 0.7578125 0.4466145833333333 0.76171875 0.4622395833333333 0.759765625 0.4778645833333333 0.7607421875 0.515625 0.7578125 0.5221354166666666 0.7255859375 0.5651041666666666 0.7109375 0.5755208333333334 0.693359375 0.5807291666666666 0.658203125 0.57421875 0.6357421875 0.5546875 0.619140625 0.5546875 0.611328125 0.53515625 0.5966796875 0.46484375 0.6005859375 0.4361979166666667 0.609375 0.41015625 0.6162109375 0.3997395833333333 0.6474609375 0.3723958333333333 0.6708984375 0.36328125 0.6845703125 0.3619791666666667
0 0.462890625 0.18229166666666666 0.484375 0.19401041666666666 0.4970703125 0.20572916666666666 0.5029296875 0.21484375 0.501953125 0.2265625 0.505859375 0.24609375 0.505859375 0.2747395833333333 0.501953125 0.3190104166666667 0.4931640625 0.3424479166666667 0.474609375 0.3658854166666667 0.44921875 0.3815104166666667 0.419921875 0.3880208333333333 0.4072265625 0.3841145833333333 0.3798828125 0.35546875 0.3740234375 0.3450520833333333 0.369140625 0.328125 0.3671875 0.3059895833333333 0.369140625 0.2669270833333333 0.3759765625 0.24088541666666666 0.38671875 0.22265625 0.4033203125 0.203125 0.4150390625 0.19270833333333334 0.4345703125 0.18229166666666666 0.4619140625 0.18229166666666666
0 0.52734375 0.5625 0.546875 0.5794270833333334 0.568359375 0.6119791666666666 0.5791015625 0.6510416666666666 0.578125 0.6979166666666666 0.5712890625 0.7239583333333334 0.5556640625 0.75390625 0.52734375 0.77734375 0.4990234375 0.7838541666666666 0.48828125 0.7890625 0.4736328125 0.7864583333333334 0.45703125 0.7760416666666666 0.4482421875 0.7682291666666666 0.4345703125 0.7486979166666666 0.423828125 0.71875 0.4169921875 0.68359375 0.4189453125 0.640625 0.4228515625 0.6263020833333334 0.43359375 0.6041666666666666 0.4462890625 0.5846354166666666 0.4580078125 0.5729166666666666 0.4736328125 0.5625 0.4951171875 0.5559895833333334 0.509765625 0.5559895833333334 0.5263671875 0.5625
0 0.6220703125 0.8190104166666666 0.6318359375 0.8229166666666666 0.63671875 0.828125 0.6474609375 0.8307291666666666 0.65625 0.8372395833333334 0.662109375 0.8385416666666666 0.6640625 0.8424479166666666 0.66796875 0.8411458333333334 0.671875 0.84375 0.6796875 0.8580729166666666 0.6787109375 0.8684895833333334 0.6875 0.9192708333333334 0.6884765625 0.9479166666666666 0.6845703125 0.9713541666666666 0.6787109375 0.9869791666666666 0.6708984375 0.9986979166666666 0.5390625 0.9986979166666666 0.5380859375 0.99609375 0.5380859375 0.9908854166666666 0.5419921875 0.984375 0.5439453125 0.9635416666666666 0.5390625 0.9049479166666666 0.541015625 0.8841145833333334 0.544921875 0.87109375 0.5498046875 0.8606770833333334 0.5703125 0.8359375 0.5966796875 0.8216145833333334 0.62109375 0.8190104166666666
0 0.599609375 0.14453125 0.623046875 0.15364583333333334 0.6455078125 0.16796875 0.6611328125 0.18359375 0.6728515625 0.20182291666666666 0.689453125 0.24609375 0.6923828125 0.2721354166666667 0.6904296875 0.29296875 0.6953125 0.3033854166666667 0.6962890625 0.3138020833333333 0.7001953125 0.32421875 0.69921875 0.33203125 0.6884765625 0.3489583333333333 0.677734375 0.3502604166666667 0.6572265625 0.3645833333333333 0.6416015625 0.3697916666666667 0.634765625 0.37890625 0.6201171875 0.390625 0.609375 0.3958333333333333 0.5966796875 0.3958333333333333 0.58203125 0.3919270833333333 0.560546875 0.3802083333333333 0.544921875 0.3658854166666667 0.53515625 0.3645833333333333 0.529296875 0.3580729166666667 0.517578125 0.3359375 0.509765625 0.3098958333333333 0.5107421875 0.24348958333333334 0.5234375 0.203125 0.5302734375 0.18880208333333334 0.5478515625 0.16666666666666666 0.568359375 0.14973958333333334 0.583984375 0.14453125 0.5986328125 0.14453125