0 0.5498046875 0.11197916666666667 0.5625 0.1015625 0.57421875 0.09505208333333333 0.5849609375 0.09244791666666667 0.5869140625 0.10677083333333333 0.5908203125 0.11328125 0.6103515625 0.11588541666666667 0.61328125 0.11848958333333333 0.6162109375 0.12760416666666666 0.626953125 0.12369791666666667 0.62890625 0.12890625 0.626953125 0.15104166666666666 0.6220703125 0.16276041666666666 0.619140625 0.1796875 0.60546875 0.20963541666666666 0.5849609375 0.2265625 0.5732421875 0.23046875 0.5703125 0.22786458333333334 0.5703125 0.21484375 0.576171875 0.19140625 0.57421875 0.16145833333333334 0.56640625 0.14192708333333334 0.5478515625 0.12239583333333333 0.5478515625 0.11588541666666667 0.5498046875 0.11328125
0 0.3720703125 0.3541666666666667 0.38671875 0.3606770833333333 0.41015625 0.3763020833333333 0.4326171875 0.40234375 0.45703125 0.44140625 0.4599609375 0.4518229166666667 0.458984375 0.46875 0.466796875 0.4908854166666667 0.466796875 0.5481770833333334 0.4541015625 0.58984375 0.4423828125 0.6067708333333334 0.4287109375 0.6002604166666666 0.4228515625 0.6002604166666666 0.416015625 0.6041666666666666 0.41015625 0.6119791666666666 0.400390625 0.6119791666666666 0.3876953125 0.6067708333333334 0.3359375 0.609375 0.318359375 0.5989583333333334 0.3037109375 0.5703125 0.294921875 0.5598958333333334 0.2861328125 0.54296875 0.28125 0.5234375 0.279296875 0.5104166666666666 0.2802734375 0.4466145833333333 0.287109375 0.41015625 0.29296875 0.3971354166666667 0.310546875 0.3723958333333333 0.3291015625 0.3580729166666667 0.34375 0.3528645833333333 0.37109375 0.3541666666666667
0 0.4755859375 0.2838541666666667 0.5078125 0.3033854166666667 0.5126953125 0.3098958333333333 0.5166015625 0.3333333333333333 0.52734375 0.35546875 0.529296875 0.3763020833333333 0.5224609375 0.3958333333333333 0.5146484375 0.40625 0.5009765625 0.41796875 0.4990234375 0.4231770833333333 0.498046875 0.44921875 0.4833984375 0.4557291666666667 0.466796875 0.4544270833333333 0.4638671875 0.4440104166666667 0.458984375 0.4401041666666667 0.421875 0.3841145833333333 0.3994140625 0.3658854166666667 0.3994140625 0.3450520833333333 0.4033203125 0.3255208333333333 0.4111328125 0.3072916666666667 0.419921875 0.2955729166666667 0.427734375 0.2890625 0.4462890625 0.28125 0.46484375 0.28125 0.474609375 0.2838541666666667
0 0.75 0.31640625 0.755859375 0.3203125 0.7626953125 0.3190104166666667 0.7685546875 0.3216145833333333 0.775390625 0.33203125 0.7783203125 0.3450520833333333 0.7978515625 0.3723958333333333 0.8056640625 0.3932291666666667 0.8076171875 0.4270833333333333 0.8037109375 0.4440104166666667 0.796875 0.4583333333333333 0.7802734375 0.4778645833333333 0.765625 0.4856770833333333 0.7275390625 0.49609375 0.7197265625 0.4934895833333333 0.7158203125 0.4817708333333333 0.7109375 0.4752604166666667 0.685546875 0.4635416666666667 0.681640625 0.4583333333333333 0.669921875 0.42578125 0.6669921875 0.4049479166666667 0.6669921875 0.3802083333333333 0.6748046875 0.3541666666666667 0.6875 0.3372395833333333 0.69921875 0.3294270833333333 0.7177734375 0.3229166666666667 0.7216796875 0.3190104166666667 0.7421875 0.3190104166666667 0.744140625 0.31640625 0.7490234375 0.31640625
0 0.560546875 0.390625 0.5791015625 0.3971354166666667 0.5947265625 0.41015625 0.6171875 0.4192708333333333 0.6220703125 0.4322916666666667 0.6220703125 0.4388020833333333 0.6123046875 0.44140625 0.6123046875 0.453125 0.6162109375 0.4674479166666667 0.6171875 0.484375 0.6162109375 0.49609375 0.6103515625 0.5143229166666666 0.5908203125 0.5416666666666666 0.5693359375 0.5481770833333334 0.5390625 0.546875 0.5205078125 0.5338541666666666 0.5087890625 0.53125 0.5048828125 0.52734375 0.4990234375 0.5078125 0.50390625 0.4466145833333333 0.50390625 0.4231770833333333 0.5185546875 0.4114583333333333 0.5341796875 0.3919270833333333 0.5419921875 0.3893229166666667 0.5595703125 0.390625
0 0.35546875 0.18229166666666666 0.3720703125 0.1875 0.390625 0.203125 0.4111328125 0.23958333333333334 0.41796875 0.2643229166666667 0.4208984375 0.2877604166666667 0.4052734375 0.3125 0.3935546875 0.3567708333333333 0.3564453125 0.3489583333333333 0.3408203125 0.3502604166666667 0.3203125 0.3567708333333333 0.3056640625 0.3359375 0.2919921875 0.3033854166666667 0.2861328125 0.2838541666666667 0.275390625 0.2669270833333333 0.2744140625 0.24869791666666666 0.2939453125 0.22265625 0.3037109375 0.21614583333333334 0.3125 0.20442708333333334 0.3271484375 0.19270833333333334 0.345703125 0.18229166666666666 0.3544921875 0.18229166666666666
0 0.2490234375 0.3190104166666667 0.2705078125 0.32421875 0.298828125 0.33984375 0.3056640625 0.3450520833333333 0.3134765625 0.359375 0.3125 0.3658854166666667 0.302734375 0.375 0.2841796875 0.4114583333333333 0.27734375 0.4440104166666667 0.2763671875 0.4986979166666667 0.271484375 0.50390625 0.2509765625 0.5026041666666666 0.224609375 0.48828125 0.208984375 0.4661458333333333 0.19921875 0.4479166666666667 0.19140625 0.4140625 0.193359375 0.3763020833333333 0.2041015625 0.3502604166666667 0.2236328125 0.3268229166666667 0.248046875 0.3190104166666667
0 0.6904296875 0.46875 0.7099609375 0.4778645833333333 0.7236328125 0.5065104166666666 0.73046875 0.5325520833333334 0.73046875 0.5690104166666666 0.728515625 0.5807291666666666 0.732421875 0.5924479166666666 0.7275390625 0.6184895833333334 0.7177734375 0.6354166666666666 0.6796875 0.6484375 0.66015625 0.6484375 0.646484375 0.64453125 0.634765625 0.63671875 0.625 0.6263020833333334 0.6064453125 0.5924479166666666 0.6025390625 0.5651041666666666 0.6025390625 0.5390625 0.6181640625 0.5026041666666666 0.634765625 0.4765625 0.642578125 0.4713541666666667 0.6591796875 0.4674479166666667 0.681640625 0.4661458333333333 0.689453125 0.46875
0 0.5146484375 0.10416666666666667 0.525390625 0.10807291666666667 0.5380859375 0.11848958333333333 0.546875 0.12109375 0.548828125 0.11588541666666667 0.5595703125 0.10416666666666667 0.576171875 0.09505208333333333 0.5849609375 0.09375 0.5859375 0.10677083333333333 0.591796875 0.11458333333333333 0.611328125 0.1171875 0.6162109375 0.12890625 0.6259765625 0.125 0.6279296875 0.12890625 0.6279296875 0.13802083333333334 0.626953125 0.14973958333333334 0.62109375 0.1640625 0.619140625 0.1796875 0.60546875 0.20833333333333334 0.5986328125 0.21614583333333334 0.583984375 0.2265625 0.568359375 0.23046875 0.556640625 0.24869791666666666 0.5400390625 0.2669270833333333 0.537109375 0.28125 0.533203125 0.2877604166666667 0.5126953125 0.2942708333333333 0.4990234375 0.29296875 0.4873046875 0.28515625 0.4658203125 0.27734375 0.44921875 0.27734375 0.4287109375 0.2825520833333333 0.423828125 0.2747395833333333 0.4130859375 0.23567708333333334 0.400390625 0.21223958333333334 0.400390625 0.19010416666666666 0.4189453125 0.16536458333333334 0.466796875 0.12369791666666667 0.48046875 0.11848958333333333 0.4931640625 0.109375 0.5068359375 0.10416666666666667 0.513671875 0.10416666666666667
0 0.564453125 0.5651041666666666 0.5908203125 0.5846354166666666 0.61328125 0.61328125 0.6328125 0.6497395833333334 0.646484375 0.6796875 0.6552734375 0.7096354166666666 0.662109375 0.71875 0.66015625 0.75 0.666015625 0.7604166666666666 0.6669921875 0.7721354166666666 0.658203125 0.7838541666666666 0.658203125 0.7955729166666666 0.654296875 0.8033854166666666 0.6572265625 0.83984375 0.654296875 0.8450520833333334 0.6435546875 0.8515625 0.6396484375 0.8463541666666666 0.63671875 0.828125 0.6298828125 0.8346354166666666 0.62109375 0.8372395833333334 0.6123046875 0.8463541666666666 0.599609375 0.8515625 0.5849609375 0.8515625 0.556640625 0.8463541666666666 0.52734375 0.8372395833333334 0.505859375 0.8203125 0.4873046875 0.7942708333333334 0.470703125 0.7604166666666666 0.466796875 0.7604166666666666 0.4599609375 0.75 0.4560546875 0.7174479166666666 0.4560546875 0.6640625 0.458984375 0.6458333333333334 0.4697265625 0.6276041666666666 0.478515625 0.6015625 0.50390625 0.578125 0.517578125 0.5703125 0.5419921875 0.5638020833333334 0.5634765625 0.5651041666666666
0 0.5107421875 0.10416666666666667 0.525390625 0.10807291666666667 0.5546875 0.12890625 0.56640625 0.14453125 0.5712890625 0.15494791666666666 0.57421875 0.16796875 0.57421875 0.19140625 0.568359375 0.21484375 0.5673828125 0.23307291666666666 0.560546875 0.24479166666666666 0.541015625 0.265625 0.5341796875 0.28515625 0.513671875 0.29296875 0.4990234375 0.29296875 0.484375 0.2838541666666667 0.4638671875 0.27734375 0.44921875 0.27734375 0.427734375 0.2825520833333333 0.423828125 0.2747395833333333 0.412109375 0.234375 0.400390625 0.21223958333333334 0.400390625 0.19010416666666666 0.4189453125 0.16536458333333334 0.466796875 0.12369791666666667 0.478515625 0.11979166666666667 0.490234375 0.11067708333333333 0.509765625 0.10416666666666667
0 0.6259765625 0.2513020833333333 0.654296875 0.2669270833333333 0.6689453125 0.2838541666666667 0.6767578125 0.3059895833333333 0.677734375 0.3268229166666667 0.67578125 0.34375 0.6650390625 0.3723958333333333 0.642578125 0.3984375 0.6298828125 0.4075520833333333 0.623046875 0.4166666666666667 0.5986328125 0.4075520833333333 0.578125 0.3919270833333333 0.560546875 0.38671875 0.556640625 0.3815104166666667 0.5458984375 0.3528645833333333 0.54296875 0.3307291666666667 0.54296875 0.3138020833333333 0.5478515625 0.2955729166666667 0.556640625 0.28125 0.5791015625 0.2604166666666667 0.599609375 0.2526041666666667 0.615234375 0.25 0.625 0.2513020833333333
0 0.3818359375 0.6106770833333334 0.412109375 0.625 0.4228515625 0.640625 0.4267578125 0.6432291666666666 0.43359375 0.6419270833333334 0.4375 0.6484375 0.4443359375 0.6536458333333334 0.4521484375 0.6848958333333334 0.4541015625 0.7486979166666666 0.45703125 0.7604166666666666 0.455078125 0.7955729166666666 0.451171875 0.8125 0.4404296875 0.83984375 0.4267578125 0.859375 0.4169921875 0.8684895833333334 0.4091796875 0.8736979166666666 0.3984375 0.8763020833333334 0.341796875 0.8802083333333334 0.3330078125 0.88671875 0.32421875 0.8841145833333334 0.3076171875 0.8606770833333334 0.302734375 0.859375 0.2998046875 0.8619791666666666 0.294921875 0.8346354166666666 0.2822265625 0.7994791666666666 0.275390625 0.7890625 0.271484375 0.7552083333333334 0.2646484375 0.74609375 0.263671875 0.73046875 0.2724609375 0.7213541666666666 0.2744140625 0.7083333333333334 0.28125 0.6888020833333334 0.2763671875 0.6822916666666666 0.2646484375 0.6770833333333334 0.2724609375 0.66796875 0.2822265625 0.6796875 0.2861328125 0.6796875 0.29296875 0.6614583333333334 0.3017578125 0.6471354166666666 0.3134765625 0.6328125 0.330078125 0.6197916666666666 0.3525390625 0.6119791666666666 0.380859375 0.6106770833333334