0 0.537109375 0.4661458333333333 0.568359375 0.4934895833333333 0.5947265625 0.4986979166666667 0.599609375 0.50390625 0.607421875 0.52734375 0.609375 0.55859375 0.6015625 0.5963541666666666 0.58984375 0.6106770833333334 0.5673828125 0.6184895833333334 0.5419921875 0.6171875 0.52734375 0.609375 0.515625 0.6067708333333334 0.50390625 0.5950520833333334 0.4873046875 0.5651041666666666 0.486328125 0.5455729166666666 0.4951171875 0.5286458333333334 0.4951171875 0.5169270833333334 0.4990234375 0.50390625 0.5126953125 0.4830729166666667 0.53125 0.4661458333333333 0.5361328125 0.4661458333333333
0 0.8662109375 0.5651041666666666 0.8740234375 0.5729166666666666 0.8837890625 0.5950520833333334 0.88671875 0.61328125 0.8857421875 0.6328125 0.87109375 0.6614583333333334 0.8642578125 0.6809895833333334 0.849609375 0.6888020833333334 0.8427734375 0.69921875 0.8369140625 0.71484375 0.8310546875 0.7200520833333334 0.818359375 0.71875 0.802734375 0.7096354166666666 0.775390625 0.7005208333333334 0.75 0.6822916666666666 0.7373046875 0.6653645833333334 0.7294921875 0.6471354166666666 0.7265625 0.6302083333333334 0.7265625 0.6158854166666666 0.73046875 0.5989583333333334 0.7373046875 0.5924479166666666 0.7421875 0.5924479166666666 0.7890625 0.6041666666666666 0.806640625 0.6041666666666666 0.8310546875 0.59375 0.85546875 0.5716145833333334 0.865234375 0.56640625
0 0.400390625 0.4205729166666667 0.416015625 0.43359375 0.4462890625 0.4479166666666667 0.4609375 0.4479166666666667 0.4794921875 0.4401041666666667 0.4833984375 0.4427083333333333 0.4873046875 0.4544270833333333 0.4873046875 0.4661458333333333 0.4775390625 0.484375 0.4716796875 0.48828125 0.43359375 0.49609375 0.4150390625 0.4934895833333333 0.3935546875 0.4947916666666667 0.3896484375 0.4908854166666667 0.3935546875 0.4700520833333333 0.3837890625 0.4479166666666667 0.3837890625 0.4388020833333333 0.390625 0.4231770833333333 0.3994140625 0.4205729166666667
0 0.619140625 0.2708333333333333 0.654296875 0.2890625 0.6640625 0.2994791666666667 0.67578125 0.3216145833333333 0.677734375 0.33203125 0.6865234375 0.3515625 0.6865234375 0.3619791666666667 0.6806640625 0.3736979166666667 0.6767578125 0.390625 0.677734375 0.4205729166666667 0.67578125 0.4322916666666667 0.6640625 0.45703125 0.6533203125 0.4700520833333333 0.634765625 0.484375 0.62109375 0.4908854166666667 0.611328125 0.4908854166666667 0.6064453125 0.4934895833333333 0.5830078125 0.4934895833333333 0.5703125 0.4908854166666667 0.55859375 0.4830729166666667 0.5390625 0.4635416666666667 0.5166015625 0.4088541666666667 0.5166015625 0.38671875 0.5185546875 0.3697916666666667 0.5224609375 0.3580729166666667 0.5361328125 0.3268229166666667 0.5517578125 0.3020833333333333 0.5859375 0.2734375 0.6005859375 0.2669270833333333 0.609375 0.2669270833333333 0.6181640625 0.2708333333333333
0 0.4208984375 0.4986979166666667 0.4384765625 0.5026041666666666 0.4599609375 0.5130208333333334 0.4736328125 0.5247395833333334 0.4775390625 0.53125 0.4833984375 0.5625 0.4990234375 0.5950520833333334 0.4970703125 0.6197916666666666 0.4853515625 0.64453125 0.4765625 0.65234375 0.451171875 0.6549479166666666 0.435546875 0.6653645833333334 0.41796875 0.6640625 0.404296875 0.6666666666666666 0.3564453125 0.6510416666666666 0.3447265625 0.64453125 0.3291015625 0.625 0.3203125 0.6067708333333334 0.3203125 0.5559895833333334 0.3251953125 0.54296875 0.33203125 0.5338541666666666 0.3515625 0.515625 0.375 0.5026041666666666 0.3837890625 0.5 0.419921875 0.5
0 0.80859375 0.2825520833333333 0.8291015625 0.2877604166666667 0.84375 0.296875 0.8564453125 0.30859375 0.8818359375 0.3411458333333333 0.8974609375 0.3815104166666667 0.900390625 0.4114583333333333 0.900390625 0.44921875 0.8935546875 0.4947916666666667 0.8837890625 0.5221354166666666 0.865234375 0.5572916666666666 0.84375 0.5807291666666666 0.828125 0.5924479166666666 0.802734375 0.6015625 0.794921875 0.6015625 0.7373046875 0.5872395833333334 0.724609375 0.5677083333333334 0.716796875 0.5494791666666666 0.6962890625 0.52734375 0.6923828125 0.51171875 0.6787109375 0.484375 0.677734375 0.46875 0.6806640625 0.4583333333333333 0.6806640625 0.4322916666666667 0.6826171875 0.4231770833333333 0.6826171875 0.4127604166666667 0.6806640625 0.4075520833333333 0.681640625 0.38671875 0.6953125 0.3528645833333333 0.7265625 0.3125 0.7529296875 0.29296875 0.787109375 0.2799479166666667 0.8076171875 0.2825520833333333
0 0.4453125 0.23697916666666666 0.4482421875 0.23828125 0.4560546875 0.2513020833333333 0.4609375 0.26953125 0.4765625 0.2877604166666667 0.4814453125 0.2890625 0.4873046875 0.28515625 0.509765625 0.28515625 0.5244140625 0.2890625 0.5390625 0.2890625 0.5361328125 0.3138020833333333 0.5166015625 0.3619791666666667 0.51171875 0.3893229166666667 0.501953125 0.41015625 0.48046875 0.4401041666666667 0.4599609375 0.4466145833333333 0.4404296875 0.4453125 0.4296875 0.4375 0.41796875 0.43359375 0.4033203125 0.4205729166666667 0.3779296875 0.4153645833333333 0.361328125 0.3958333333333333 0.3583984375 0.38671875 0.3583984375 0.3776041666666667 0.3623046875 0.36328125 0.3740234375 0.3385416666666667 0.3798828125 0.29296875 0.38671875 0.2708333333333333 0.38671875 0.2630208333333333 0.4091796875 0.24348958333333334 0.423828125 0.23697916666666666 0.4443359375 0.23697916666666666
0 0.734375 0.061197916666666664 0.740234375 0.0625 0.7607421875 0.07682291666666667 0.7734375 0.09635416666666667 0.7978515625 0.1640625 0.798828125 0.18489583333333334 0.7958984375 0.21223958333333334 0.7890625 0.234375 0.7724609375 0.2591145833333333 0.7568359375 0.2734375 0.7392578125 0.2799479166666667 0.703125 0.2760416666666667 0.6923828125 0.2877604166666667 0.6787109375 0.2877604166666667 0.6748046875 0.28515625 0.666015625 0.2591145833333333 0.66015625 0.25390625 0.6513671875 0.23958333333333334 0.6416015625 0.20442708333333334 0.6396484375 0.18619791666666666 0.640625 0.15234375 0.6533203125 0.11458333333333333 0.68359375 0.07682291666666667 0.6923828125 0.07161458333333333 0.720703125 0.06640625 0.7333984375 0.061197916666666664
0 0.533203125 0.6171875 0.546875 0.6223958333333334 0.5673828125 0.6223958333333334 0.5947265625 0.6158854166666666 0.5986328125 0.62109375 0.5966796875 0.6471354166666666 0.6201171875 0.6888020833333334 0.62109375 0.7083333333333334 0.619140625 0.71875 0.609375 0.7421875 0.595703125 0.75390625 0.5703125 0.76171875 0.5625 0.76171875 0.5537109375 0.7552083333333334 0.541015625 0.75 0.533203125 0.75 0.525390625 0.7447916666666666 0.51171875 0.7252604166666666 0.5 0.6966145833333334 0.498046875 0.6848958333333334 0.498046875 0.66015625 0.501953125 0.64453125 0.5224609375 0.6184895833333334 0.5283203125 0.6158854166666666 0.5322265625 0.6171875
0 0.669921875 0.5546875 0.6923828125 0.5651041666666666 0.712890625 0.5885416666666666 0.7158203125 0.5950520833333334 0.71875 0.6223958333333334 0.724609375 0.640625 0.72265625 0.66796875 0.712890625 0.69921875 0.69921875 0.71484375 0.681640625 0.72265625 0.65625 0.7200520833333334 0.6396484375 0.7096354166666666 0.6259765625 0.6940104166666666 0.6015625 0.6484375 0.6015625 0.6380208333333334 0.6083984375 0.6145833333333334 0.6162109375 0.59375 0.6259765625 0.578125 0.6474609375 0.5572916666666666 0.6572265625 0.5533854166666666 0.6689453125 0.5546875
0 0.5751953125 0 0.583984375 0.005208333333333333 0.5947265625 0.01953125 0.60546875 0.028645833333333332 0.6220703125 0.053385416666666664 0.6259765625 0.06380208333333333 0.630859375 0.09244791666666667 0.63671875 0.11197916666666667 0.638671875 0.13411458333333334 0.634765625 0.18489583333333334 0.623046875 0.21744791666666666 0.611328125 0.23958333333333334 0.59765625 0.2552083333333333 0.591796875 0.2604166666666667 0.5654296875 0.2734375 0.54296875 0.2786458333333333 0.53515625 0.27734375 0.5263671875 0.2825520833333333 0.5126953125 0.2786458333333333 0.4873046875 0.2786458333333333 0.484375 0.2825520833333333 0.478515625 0.2825520833333333 0.462890625 0.265625 0.458984375 0.24609375 0.4560546875 0.24088541666666666 0.4609375 0.22135416666666666 0.4599609375 0.21223958333333334 0.4443359375 0.18880208333333334 0.4326171875 0.16015625 0.427734375 0.109375 0.43359375 0.059895833333333336 0.4287109375 0.046875 0.41796875 0.036458333333333336 0.4169921875 0.024739583333333332 0.4326171875 0 0.455078125 0 0.4560546875 0.0026041666666666665 0.4599609375 0 0.57421875 0
0 0.4912109375 0.65234375 0.494140625 0.6536458333333334 0.4951171875 0.6822916666666666 0.498046875 0.6979166666666666 0.5126953125 0.7369791666666666 0.5283203125 0.7552083333333334 0.529296875 0.7682291666666666 0.5185546875 0.7877604166666666 0.498046875 0.8033854166666666 0.48828125 0.8059895833333334 0.4658203125 0.8046875 0.4384765625 0.78515625 0.4208984375 0.7578125 0.4189453125 0.7408854166666666 0.4140625 0.73046875 0.4140625 0.7213541666666666 0.4248046875 0.6875 0.435546875 0.6705729166666666 0.4541015625 0.66015625 0.4638671875 0.66015625 0.490234375 0.65234375