0 0.6796875 0.6354166666666666 0.6845703125 0.6393229166666666 0.705078125 0.64453125 0.71875 0.64453125 0.744140625 0.6393229166666666 0.765625 0.66796875 0.779296875 0.7044270833333334 0.7802734375 0.734375 0.7783203125 0.74609375 0.767578125 0.76953125 0.7548828125 0.7890625 0.751953125 0.8059895833333334 0.7333984375 0.8072916666666666 0.716796875 0.8203125 0.69921875 0.8203125 0.671875 0.8138020833333334 0.6494140625 0.80078125 0.6298828125 0.7799479166666666 0.615234375 0.7473958333333334 0.615234375 0.7018229166666666 0.638671875 0.6497395833333334 0.6455078125 0.6419270833333334 0.6640625 0.6302083333333334 0.6689453125 0.6302083333333334 0.6787109375 0.6354166666666666
0 0.46875 0.49609375 0.4873046875 0.5104166666666666 0.501953125 0.5377604166666666 0.5078125 0.5559895833333334 0.5087890625 0.5924479166666666 0.5009765625 0.62109375 0.490234375 0.63671875 0.4873046875 0.64453125 0.4765625 0.6549479166666666 0.4638671875 0.6614583333333334 0.4501953125 0.6614583333333334 0.4287109375 0.6549479166666666 0.40234375 0.6393229166666666 0.3935546875 0.6302083333333334 0.3857421875 0.6197916666666666 0.3818359375 0.609375 0.3779296875 0.5651041666666666 0.3828125 0.5364583333333334 0.3935546875 0.52734375 0.4072265625 0.5091145833333334 0.4453125 0.4934895833333333 0.4599609375 0.4934895833333333 0.4677734375 0.49609375
0 0.5439453125 0.2890625 0.548828125 0.29296875 0.5634765625 0.2955729166666667 0.5947265625 0.3151041666666667 0.6044921875 0.3346354166666667 0.6162109375 0.3515625 0.619140625 0.3684895833333333 0.6142578125 0.3815104166666667 0.6064453125 0.4270833333333333 0.599609375 0.4505208333333333 0.5927734375 0.46484375 0.591796875 0.4752604166666667 0.5703125 0.4921875 0.54296875 0.5026041666666666 0.52734375 0.5026041666666666 0.5146484375 0.4986979166666667 0.490234375 0.484375 0.4814453125 0.4765625 0.4658203125 0.453125 0.458984375 0.4296875 0.4521484375 0.41796875 0.455078125 0.40625 0.455078125 0.3828125 0.4599609375 0.3606770833333333 0.4658203125 0.3450520833333333 0.4931640625 0.31640625 0.515625 0.2994791666666667 0.5380859375 0.2890625 0.54296875 0.2890625
0 0.345703125 0.37890625 0.365234375 0.4075520833333333 0.375 0.4166666666666667 0.3828125 0.4205729166666667 0.4033203125 0.4244791666666667 0.4013671875 0.4375 0.404296875 0.46875 0.4013671875 0.4778645833333333 0.3935546875 0.4908854166666667 0.380859375 0.5052083333333334 0.36328125 0.5143229166666666 0.357421875 0.5143229166666666 0.3359375 0.4973958333333333 0.328125 0.4947916666666667 0.3203125 0.484375 0.3115234375 0.4778645833333333 0.306640625 0.4661458333333333 0.3076171875 0.4622395833333333 0.302734375 0.4544270833333333 0.302734375 0.4427083333333333 0.2998046875 0.4348958333333333 0.2998046875 0.41796875 0.3056640625 0.4075520833333333 0.3359375 0.3763020833333333 0.3427734375 0.3763020833333333 0.3447265625 0.37890625
0 0.70703125 0.13151041666666666 0.71484375 0.13671875 0.7236328125 0.1484375 0.728515625 0.16145833333333334 0.7451171875 0.21875 0.74609375 0.24869791666666666 0.7412109375 0.2721354166666667 0.732421875 0.2903645833333333 0.716796875 0.3059895833333333 0.6953125 0.31640625 0.6767578125 0.31640625 0.65625 0.3111979166666667 0.6474609375 0.3072916666666667 0.623046875 0.2877604166666667 0.6142578125 0.2747395833333333 0.609375 0.2591145833333333 0.607421875 0.24739583333333334 0.607421875 0.21875 0.609375 0.19921875 0.6171875 0.16927083333333334 0.6357421875 0.14453125 0.6494140625 0.13541666666666666 0.6728515625 0.12760416666666666 0.6953125 0.12760416666666666 0.7060546875 0.13151041666666666
0 0.5712890625 0.6328125 0.58203125 0.6419270833333334 0.591796875 0.65625 0.5986328125 0.66796875 0.6064453125 0.6888020833333334 0.6103515625 0.7174479166666666 0.609375 0.7473958333333334 0.5986328125 0.7760416666666666 0.587890625 0.79296875 0.5732421875 0.8072916666666666 0.5537109375 0.81640625 0.5380859375 0.81640625 0.5244140625 0.8111979166666666 0.5107421875 0.80078125 0.4970703125 0.7825520833333334 0.4853515625 0.7526041666666666 0.4794921875 0.6953125 0.4892578125 0.67578125 0.5048828125 0.6549479166666666 0.525390625 0.6380208333333334 0.544921875 0.62890625 0.5595703125 0.62890625 0.5703125 0.6328125
0 0.3193359375 0.7161458333333334 0.333984375 0.72265625 0.345703125 0.7395833333333334 0.345703125 0.75390625 0.3505859375 0.7799479166666666 0.3662109375 0.8333333333333334 0.3671875 0.8463541666666666 0.359375 0.8723958333333334 0.345703125 0.8919270833333334 0.330078125 0.9049479166666666 0.3154296875 0.9088541666666666 0.2900390625 0.9075520833333334 0.2763671875 0.8984375 0.263671875 0.89453125 0.2587890625 0.8841145833333334 0.248046875 0.87109375 0.2373046875 0.8424479166666666 0.2314453125 0.8072916666666666 0.236328125 0.7864583333333334 0.236328125 0.7630208333333334 0.2421875 0.7513020833333334 0.251953125 0.7486979166666666 0.267578125 0.73046875 0.283203125 0.71875 0.296875 0.71484375 0.318359375 0.7161458333333334
0 0.28125 0.4713541666666667 0.294921875 0.47265625 0.3017578125 0.4778645833333333 0.310546875 0.48046875 0.318359375 0.4856770833333333 0.3271484375 0.4973958333333333 0.330078125 0.4973958333333333 0.3515625 0.5130208333333334 0.369140625 0.5390625 0.3720703125 0.546875 0.3740234375 0.5859375 0.380859375 0.6158854166666666 0.37890625 0.62890625 0.3662109375 0.66796875 0.3505859375 0.6822916666666666 0.3330078125 0.6940104166666666 0.2587890625 0.6901041666666666 0.240234375 0.6861979166666666 0.21875 0.671875 0.2041015625 0.6588541666666666 0.185546875 0.6236979166666666 0.1806640625 0.5846354166666666 0.1806640625 0.5572916666666666 0.1875 0.52734375 0.1943359375 0.51171875 0.2109375 0.4908854166666667 0.2265625 0.48046875 0.2431640625 0.4739583333333333 0.2802734375 0.4713541666666667
0 0.712890625 0.3268229166666667 0.736328125 0.3346354166666667 0.755859375 0.34765625 0.7685546875 0.36328125 0.7822265625 0.3736979166666667 0.798828125 0.4036458333333333 0.8125 0.4518229166666667 0.8125 0.5052083333333334 0.810546875 0.5221354166666666 0.8056640625 0.5442708333333334 0.79296875 0.5807291666666666 0.7763671875 0.6067708333333334 0.755859375 0.6263020833333334 0.7451171875 0.6341145833333334 0.720703125 0.640625 0.689453125 0.63671875 0.66796875 0.6236979166666666 0.6552734375 0.6197916666666666 0.6533203125 0.6171875 0.6533203125 0.6080729166666666 0.6494140625 0.5989583333333334 0.62890625 0.578125 0.6181640625 0.55859375 0.609375 0.5481770833333334 0.603515625 0.5091145833333334 0.5966796875 0.4895833333333333 0.599609375 0.46484375 0.6220703125 0.3763020833333333 0.638671875 0.35546875 0.6572265625 0.3411458333333333 0.68359375 0.328125 0.7119140625 0.3268229166666667
0 0.4189453125 0.21744791666666666 0.4326171875 0.2265625 0.44921875 0.25390625 0.4609375 0.2604166666666667 0.47265625 0.2786458333333333 0.4873046875 0.2760416666666667 0.5029296875 0.2890625 0.505859375 0.2942708333333333 0.505859375 0.2994791666666667 0.4853515625 0.31640625 0.4638671875 0.33984375 0.4541015625 0.3658854166666667 0.451171875 0.3828125 0.443359375 0.3971354166666667 0.4306640625 0.4075520833333333 0.40234375 0.4205729166666667 0.3837890625 0.4192708333333333 0.3681640625 0.4088541666666667 0.3603515625 0.3997395833333333 0.353515625 0.3815104166666667 0.34765625 0.3736979166666667 0.318359375 0.35546875 0.3095703125 0.3463541666666667 0.3056640625 0.3385416666666667 0.3017578125 0.3177083333333333 0.3037109375 0.3098958333333333 0.3125 0.2942708333333333 0.33203125 0.2760416666666667 0.34765625 0.23958333333333334 0.3623046875 0.22005208333333334 0.3662109375 0.2109375 0.37890625 0.20703125 0.4033203125 0.2109375 0.41796875 0.21744791666666666
0 0.41015625 0.6705729166666666 0.44140625 0.6822916666666666 0.4677734375 0.6822916666666666 0.48046875 0.7356770833333334 0.4814453125 0.7526041666666666 0.486328125 0.7708333333333334 0.486328125 0.78515625 0.482421875 0.8059895833333334 0.474609375 0.82421875 0.46484375 0.8385416666666666 0.4482421875 0.8502604166666666 0.4208984375 0.8502604166666666 0.4130859375 0.8567708333333334 0.404296875 0.8541666666666666 0.3935546875 0.8424479166666666 0.3857421875 0.8424479166666666 0.37890625 0.8463541666666666 0.3759765625 0.8450520833333334 0.3681640625 0.8177083333333334 0.3623046875 0.8072916666666666 0.35546875 0.7877604166666666 0.349609375 0.7591145833333334 0.349609375 0.73046875 0.3515625 0.7213541666666666 0.361328125 0.69921875 0.375 0.6822916666666666 0.3837890625 0.67578125 0.3984375 0.6705729166666666 0.4091796875 0.6705729166666666
0 0.5478515625 0 0.583984375 0.026041666666666668 0.59765625 0.044270833333333336 0.6064453125 0.06510416666666667 0.6181640625 0.10286458333333333 0.619140625 0.1484375 0.6064453125 0.20182291666666666 0.5986328125 0.22135416666666666 0.5859375 0.24348958333333334 0.572265625 0.26171875 0.564453125 0.2682291666666667 0.5517578125 0.2734375 0.5458984375 0.2721354166666667 0.5400390625 0.2786458333333333 0.53125 0.2825520833333333 0.5048828125 0.28125 0.498046875 0.2760416666666667 0.494140625 0.26953125 0.48828125 0.2669270833333333 0.4736328125 0.2721354166666667 0.4658203125 0.2591145833333333 0.4443359375 0.2421875 0.4365234375 0.22265625 0.4384765625 0.18229166666666666 0.43359375 0.16276041666666666 0.4326171875 0.12760416666666666 0.439453125 0.08854166666666667 0.44921875 0.05859375 0.4599609375 0.0390625 0.458984375 0.033854166666666664 0.4521484375 0.03125 0.4482421875 0.026041666666666668 0.4482421875 0.022135416666666668 0.4521484375 0.016927083333333332 0.4755859375 0 0.546875 0