0 0.283203125 0.5442708333333334 0.29296875 0.5481770833333334 0.2939453125 0.5520833333333334 0.2939453125 0.5989583333333334 0.2978515625 0.6184895833333334 0.30859375 0.6432291666666666 0.3271484375 0.6666666666666666 0.328125 0.6770833333333334 0.318359375 0.6953125 0.30859375 0.7044270833333334 0.2705078125 0.7109375 0.2548828125 0.7174479166666666 0.2421875 0.7122395833333334 0.2119140625 0.6627604166666666 0.205078125 0.6380208333333334 0.2060546875 0.6067708333333334 0.212890625 0.5846354166666666 0.2265625 0.5638020833333334 0.2373046875 0.5572916666666666 0.2646484375 0.55078125 0.275390625 0.5442708333333334 0.2822265625 0.5442708333333334
0 0.6669921875 0.6302083333333334 0.685546875 0.6302083333333334 0.7138671875 0.63671875 0.748046875 0.6341145833333334 0.755859375 0.6432291666666666 0.7626953125 0.6575520833333334 0.76171875 0.6640625 0.7587890625 0.66796875 0.75390625 0.6979166666666666 0.755859375 0.7369791666666666 0.75390625 0.765625 0.7451171875 0.8046875 0.73046875 0.8307291666666666 0.72265625 0.8385416666666666 0.7109375 0.8450520833333334 0.6953125 0.8450520833333334 0.6728515625 0.83984375 0.6611328125 0.8346354166666666 0.6376953125 0.8177083333333334 0.6298828125 0.8190104166666666 0.626953125 0.8255208333333334 0.615234375 0.828125 0.5986328125 0.8177083333333334 0.5947265625 0.8072916666666666 0.5966796875 0.734375 0.599609375 0.70703125 0.5986328125 0.6888020833333334 0.603515625 0.66796875 0.6103515625 0.6575520833333334 0.6318359375 0.6380208333333334 0.666015625 0.6302083333333334
0 0.8876953125 0.59375 0.9013671875 0.6028645833333334 0.9189453125 0.6263020833333334 0.9345703125 0.6575520833333334 0.9375 0.6692708333333334 0.939453125 0.7005208333333334 0.9384765625 0.7252604166666666 0.9326171875 0.7643229166666666 0.9248046875 0.7838541666666666 0.8720703125 0.7981770833333334 0.841796875 0.7981770833333334 0.8310546875 0.7942708333333334 0.8056640625 0.7747395833333334 0.7919921875 0.7578125 0.78125 0.7265625 0.779296875 0.7096354166666666 0.76953125 0.671875 0.7685546875 0.65625 0.7734375 0.640625 0.7724609375 0.63671875 0.8017578125 0.63671875 0.82421875 0.6276041666666666 0.8310546875 0.6197916666666666 0.828125 0.60546875 0.837890625 0.5950520833333334 0.865234375 0.5911458333333334 0.88671875 0.59375
0 0.494140625 0.6458333333333334 0.5078125 0.6471354166666666 0.5390625 0.6705729166666666 0.568359375 0.671875 0.591796875 0.6953125 0.59375 0.71875 0.5927734375 0.7552083333333334 0.5908203125 0.7825520833333334 0.587890625 0.7955729166666666 0.5791015625 0.8059895833333334 0.5771484375 0.8125 0.5625 0.8294270833333334 0.53515625 0.8411458333333334 0.50390625 0.8359375 0.48828125 0.8268229166666666 0.4677734375 0.8098958333333334 0.462890625 0.8020833333333334 0.458984375 0.7877604166666666 0.443359375 0.7669270833333334 0.4365234375 0.76171875 0.4423828125 0.73828125 0.443359375 0.7096354166666666 0.4462890625 0.6888020833333334 0.4521484375 0.6731770833333334 0.4697265625 0.6484375 0.4755859375 0.64453125 0.4931640625 0.6458333333333334
0 0.2998046875 0.13932291666666666 0.298828125 0.18619791666666666 0.3037109375 0.22395833333333334 0.3076171875 0.23828125 0.341796875 0.27734375 0.3408203125 0.28515625 0.3349609375 0.29296875 0.328125 0.296875 0.3212890625 0.296875 0.2998046875 0.2864583333333333 0.2783203125 0.265625 0.244140625 0.20703125 0.240234375 0.19401041666666666 0.2392578125 0.17317708333333334 0.2412109375 0.15885416666666666 0.2548828125 0.11588541666666667 0.259765625 0.10677083333333333 0.2861328125 0.07291666666666667 0.2890625 0.07291666666666667 0.291015625 0.07682291666666667 0.291015625 0.08723958333333333 0.275390625 0.12239583333333333 0.275390625 0.13020833333333334 0.2822265625 0.14192708333333334 0.29296875 0.13802083333333334 0.298828125 0.13932291666666666
0 0.4208984375 0.66015625 0.435546875 0.66796875 0.443359375 0.6783854166666666 0.443359375 0.6953125 0.439453125 0.7096354166666666 0.4375 0.734375 0.4345703125 0.7447916666666666 0.4287109375 0.7552083333333334 0.4287109375 0.7630208333333334 0.4326171875 0.7708333333333334 0.4453125 0.77734375 0.4560546875 0.7903645833333334 0.4599609375 0.8033854166666666 0.4599609375 0.8151041666666666 0.4453125 0.84375 0.4296875 0.8619791666666666 0.400390625 0.8828125 0.390625 0.88671875 0.37109375 0.8893229166666666 0.3330078125 0.8697916666666666 0.326171875 0.86328125 0.3076171875 0.8359375 0.296875 0.8255208333333334 0.2919921875 0.8190104166666666 0.287109375 0.8059895833333334 0.2890625 0.78125 0.3056640625 0.71875 0.337890625 0.6770833333333334 0.341796875 0.6744791666666666 0.3798828125 0.6744791666666666 0.3916015625 0.6705729166666666 0.4111328125 0.6575520833333334 0.419921875 0.66015625
0 0.3447265625 0.5026041666666666 0.3681640625 0.5338541666666666 0.3779296875 0.5416666666666666 0.4052734375 0.5520833333333334 0.4345703125 0.5533854166666666 0.439453125 0.55859375 0.4404296875 0.578125 0.4296875 0.6041666666666666 0.4296875 0.6236979166666666 0.421875 0.6302083333333334 0.4111328125 0.6471354166666666 0.400390625 0.6588541666666666 0.38671875 0.66796875 0.375 0.671875 0.3515625 0.671875 0.3291015625 0.6614583333333334 0.31640625 0.6497395833333334 0.30859375 0.6380208333333334 0.2978515625 0.6067708333333334 0.2958984375 0.58203125 0.298828125 0.5546875 0.3037109375 0.5364583333333334 0.314453125 0.5169270833333334 0.3232421875 0.5078125 0.3369140625 0.5 0.341796875 0.5 0.34375 0.5026041666666666
0 0.244140625 0.24088541666666666 0.263671875 0.2526041666666667 0.2744140625 0.2669270833333333 0.2978515625 0.2890625 0.3212890625 0.3020833333333333 0.3232421875 0.3216145833333333 0.3203125 0.3502604166666667 0.31640625 0.3528645833333333 0.31640625 0.3723958333333333 0.3193359375 0.39453125 0.3193359375 0.4388020833333333 0.3173828125 0.4596354166666667 0.3115234375 0.4778645833333333 0.3037109375 0.4947916666666667 0.2919921875 0.5104166666666666 0.2880859375 0.5221354166666666 0.2802734375 0.5325520833333334 0.2578125 0.546875 0.232421875 0.5520833333333334 0.2216796875 0.5520833333333334 0.2109375 0.5481770833333334 0.1884765625 0.52734375 0.1669921875 0.4856770833333333 0.154296875 0.4505208333333333 0.14453125 0.4361979166666667 0.1396484375 0.4244791666666667 0.1376953125 0.390625 0.140625 0.3776041666666667 0.1435546875 0.3203125 0.1513671875 0.2903645833333333 0.1572265625 0.2786458333333333 0.173828125 0.2578125 0.197265625 0.24609375 0.22265625 0.24088541666666666 0.2431640625 0.24088541666666666
0 0.7880859375 0.3255208333333333 0.8173828125 0.3385416666666667 0.8291015625 0.3463541666666667 0.84375 0.3606770833333333 0.857421875 0.3802083333333333 0.8662109375 0.3984375 0.8740234375 0.4231770833333333 0.8759765625 0.4401041666666667 0.8759765625 0.46484375 0.8701171875 0.4856770833333333 0.8681640625 0.5104166666666666 0.8623046875 0.53515625 0.8544921875 0.55078125 0.8544921875 0.5625 0.8408203125 0.57421875 0.8349609375 0.5846354166666666 0.8203125 0.6015625 0.818359375 0.6080729166666666 0.8271484375 0.6158854166666666 0.8251953125 0.6197916666666666 0.8193359375 0.625 0.7998046875 0.6328125 0.79296875 0.6328125 0.779296875 0.6263020833333334 0.775390625 0.6223958333333334 0.7724609375 0.61328125 0.765625 0.6028645833333334 0.73828125 0.61328125 0.7197265625 0.61328125 0.7021484375 0.6067708333333334 0.681640625 0.5924479166666666 0.669921875 0.5807291666666666 0.6513671875 0.5494791666666666 0.6435546875 0.5494791666666666 0.6396484375 0.5442708333333334 0.6376953125 0.5377604166666666 0.638671875 0.5286458333333334 0.63671875 0.5260416666666666 0.6337890625 0.50390625 0.62890625 0.5026041666666666 0.623046875 0.5052083333333334 0.619140625 0.5013020833333334 0.6201171875 0.48046875 0.634765625 0.46484375 0.640625 0.4348958333333333 0.650390625 0.4127604166666667 0.69140625 0.3567708333333333 0.7109375 0.3411458333333333 0.7255859375 0.3333333333333333 0.7646484375 0.3255208333333333 0.787109375 0.3255208333333333
0 0.453125 0.3268229166666667 0.4541015625 0.3372395833333333 0.45703125 0.3424479166666667 0.462890625 0.3450520833333333 0.4697265625 0.35546875 0.4736328125 0.35546875 0.48046875 0.3619791666666667 0.48046875 0.3684895833333333 0.494140625 0.4010416666666667 0.4970703125 0.41796875 0.5029296875 0.4322916666666667 0.5029296875 0.4466145833333333 0.5 0.4544270833333333 0.498046875 0.4700520833333333 0.48046875 0.5182291666666666 0.46484375 0.5364583333333334 0.447265625 0.546875 0.4345703125 0.5494791666666666 0.408203125 0.5494791666666666 0.3974609375 0.546875 0.3798828125 0.5390625 0.3681640625 0.5286458333333334 0.34375 0.4947916666666667 0.3330078125 0.4622395833333333 0.33203125 0.4270833333333333 0.3349609375 0.4036458333333333 0.345703125 0.37109375 0.3623046875 0.3450520833333333 0.384765625 0.3294270833333333 0.392578125 0.3268229166666667 0.4248046875 0.328125 0.4423828125 0.3307291666666667 0.4482421875 0.3346354166666667 0.4521484375 0.328125
0 0.5986328125 0.4270833333333333 0.615234375 0.4375 0.6240234375 0.4466145833333333 0.62890625 0.4557291666666667 0.6259765625 0.46484375 0.6142578125 0.48046875 0.611328125 0.5078125 0.61328125 0.51171875 0.6123046875 0.5143229166666666 0.6201171875 0.5299479166666666 0.62890625 0.53125 0.6328125 0.53515625 0.6357421875 0.546875 0.6455078125 0.55859375 0.646484375 0.56640625 0.6435546875 0.5807291666666666 0.63671875 0.5989583333333334 0.6279296875 0.61328125 0.6240234375 0.625 0.6103515625 0.6419270833333334 0.599609375 0.6510416666666666 0.5791015625 0.6614583333333334 0.5537109375 0.6666666666666666 0.537109375 0.6653645833333334 0.5048828125 0.6341145833333334 0.5 0.640625 0.4921875 0.640625 0.4814453125 0.6341145833333334 0.4560546875 0.58984375 0.4560546875 0.5794270833333334 0.462890625 0.5572916666666666 0.4697265625 0.546875 0.4765625 0.546875 0.4765625 0.55078125 0.48046875 0.5481770833333334 0.482421875 0.5260416666666666 0.494140625 0.4895833333333333 0.5009765625 0.4752604166666667 0.5185546875 0.4518229166666667 0.5615234375 0.4283854166666667 0.578125 0.42578125 0.59765625 0.4270833333333333
0 0.5927734375 0.19270833333333334 0.6181640625 0.1953125 0.6328125 0.20572916666666666 0.6474609375 0.22786458333333334 0.6552734375 0.24739583333333334 0.6591796875 0.2643229166666667 0.6591796875 0.27734375 0.654296875 0.31640625 0.6533203125 0.3411458333333333 0.6435546875 0.3515625 0.6328125 0.375 0.619140625 0.3932291666666667 0.5947265625 0.4088541666666667 0.580078125 0.4127604166666667 0.5595703125 0.4114583333333333 0.5400390625 0.3958333333333333 0.53515625 0.39453125 0.533203125 0.3971354166666667 0.52734375 0.3971354166666667 0.515625 0.3932291666666667 0.5078125 0.38671875 0.5048828125 0.375 0.5107421875 0.3619791666666667 0.5107421875 0.35546875 0.5068359375 0.3307291666666667 0.5029296875 0.3203125 0.50390625 0.29296875 0.5068359375 0.2643229166666667 0.5126953125 0.24869791666666666 0.5185546875 0.23567708333333334 0.5361328125 0.20963541666666666 0.544921875 0.20182291666666666 0.5615234375 0.1953125 0.591796875 0.19270833333333334