0 0.4765625 0.6575520833333334 0.490234375 0.66015625 0.5087890625 0.6744791666666666 0.5302734375 0.70703125 0.5390625 0.7317708333333334 0.5380859375 0.7708333333333334 0.5302734375 0.7916666666666666 0.5146484375 0.8125 0.484375 0.8372395833333334 0.4482421875 0.8307291666666666 0.4248046875 0.8138020833333334 0.41796875 0.8033854166666666 0.408203125 0.7786458333333334 0.3994140625 0.7721354166666666 0.3916015625 0.7473958333333334 0.392578125 0.7369791666666666 0.4072265625 0.7239583333333334 0.416015625 0.69921875 0.4306640625 0.6809895833333334 0.4423828125 0.6705729166666666 0.4599609375 0.6640625 0.46875 0.6575520833333334 0.4755859375 0.6575520833333334
0 0.6787109375 0.4609375 0.69140625 0.46875 0.716796875 0.4908854166666667 0.73046875 0.5078125 0.7373046875 0.5221354166666666 0.740234375 0.5338541666666666 0.744140625 0.5690104166666666 0.7431640625 0.5794270833333334 0.73828125 0.5950520833333334 0.72265625 0.6263020833333334 0.708984375 0.6380208333333334 0.689453125 0.64453125 0.66796875 0.64453125 0.66015625 0.6419270833333334 0.642578125 0.6328125 0.62109375 0.6119791666666666 0.615234375 0.5989583333333334 0.6103515625 0.5768229166666666 0.609375 0.5494791666666666 0.60546875 0.5286458333333334 0.60546875 0.5182291666666666 0.6142578125 0.4921875 0.626953125 0.47265625 0.6337890625 0.4674479166666667 0.6513671875 0.4609375 0.677734375 0.4609375
0 0.7177734375 0.22786458333333334 0.7421875 0.23697916666666666 0.755859375 0.24609375 0.7744140625 0.25390625 0.7978515625 0.2747395833333333 0.8154296875 0.3020833333333333 0.8212890625 0.3177083333333333 0.822265625 0.3658854166666667 0.82421875 0.3684895833333333 0.8408203125 0.35546875 0.85546875 0.3528645833333333 0.8681640625 0.359375 0.8876953125 0.3802083333333333 0.8876953125 0.3854166666666667 0.880859375 0.3958333333333333 0.880859375 0.40625 0.88671875 0.4322916666666667 0.884765625 0.4427083333333333 0.884765625 0.44921875 0.8876953125 0.4544270833333333 0.88671875 0.4622395833333333 0.8837890625 0.4661458333333333 0.869140625 0.4739583333333333 0.8544921875 0.47265625 0.8466796875 0.4765625 0.830078125 0.47265625 0.8203125 0.4609375 0.810546875 0.4557291666666667 0.7958984375 0.4427083333333333 0.77734375 0.4322916666666667 0.759765625 0.43359375 0.7509765625 0.4375 0.7177734375 0.43359375 0.7109375 0.4401041666666667 0.69921875 0.4401041666666667 0.6962890625 0.42578125 0.6904296875 0.41796875 0.681640625 0.4153645833333333 0.66796875 0.4010416666666667 0.6513671875 0.3776041666666667 0.642578125 0.3567708333333333 0.62890625 0.3463541666666667 0.6259765625 0.3385416666666667 0.6259765625 0.3294270833333333 0.6337890625 0.3229166666666667 0.634765625 0.29296875 0.638671875 0.2734375 0.642578125 0.2643229166666667 0.662109375 0.24348958333333334 0.6787109375 0.23046875 0.689453125 0.2265625 0.716796875 0.22786458333333334
0 0.4765625 0.26171875 0.498046875 0.26171875 0.533203125 0.2708333333333333 0.5556640625 0.2877604166666667 0.5712890625 0.30859375 0.58203125 0.3346354166666667 0.5888671875 0.36328125 0.58984375 0.3802083333333333 0.58984375 0.4049479166666667 0.587890625 0.4153645833333333 0.5791015625 0.4388020833333333 0.564453125 0.4635416666666667 0.5634765625 0.4739583333333333 0.5576171875 0.4765625 0.537109375 0.4765625 0.51171875 0.4830729166666667 0.5078125 0.4869791666666667 0.498046875 0.4895833333333333 0.4912109375 0.5013020833333334 0.4765625 0.5143229166666666 0.4755859375 0.5026041666666666 0.4716796875 0.4947916666666667 0.4541015625 0.4895833333333333 0.4384765625 0.4674479166666667 0.41796875 0.4713541666666667 0.4140625 0.4583333333333333 0.4140625 0.4440104166666667 0.42578125 0.4375 0.4248046875 0.4309895833333333 0.4169921875 0.4140625 0.416015625 0.39453125 0.4189453125 0.3828125 0.421875 0.3450520833333333 0.431640625 0.3229166666666667 0.4443359375 0.3059895833333333 0.47265625 0.2838541666666667 0.478515625 0.27734375 0.48046875 0.2708333333333333 0.4833984375 0.2721354166666667 0.486328125 0.2682291666666667 0.4775390625 0.2669270833333333 0.4765625 0.2630208333333333
0 0.4521484375 0.14192708333333334 0.46484375 0.14583333333333334 0.47265625 0.15234375 0.482421875 0.1640625 0.4873046875 0.17447916666666666 0.4921875 0.19140625 0.4912109375 0.23046875 0.484375 0.25390625 0.4736328125 0.2578125 0.4697265625 0.26171875 0.46875 0.26953125 0.4599609375 0.2890625 0.451171875 0.2955729166666667 0.435546875 0.3020833333333333 0.41015625 0.2942708333333333 0.3974609375 0.2864583333333333 0.388671875 0.2760416666666667 0.380859375 0.25390625 0.37890625 0.20572916666666666 0.38671875 0.18098958333333334 0.3896484375 0.1640625 0.3974609375 0.15104166666666666 0.412109375 0.14322916666666666 0.423828125 0.140625 0.451171875 0.14192708333333334
0 0.6201171875 0.6809895833333334 0.6337890625 0.68359375 0.6357421875 0.6809895833333334 0.6357421875 0.6640625 0.640625 0.6614583333333334 0.6513671875 0.6744791666666666 0.65625 0.6861979166666666 0.6630859375 0.6953125 0.6787109375 0.69921875 0.681640625 0.7044270833333334 0.6826171875 0.7122395833333334 0.6904296875 0.71875 0.7041015625 0.7369791666666666 0.712890625 0.7565104166666666 0.71484375 0.7890625 0.7109375 0.7955729166666666 0.7119140625 0.8151041666666666 0.708984375 0.8359375 0.703125 0.8567708333333334 0.69921875 0.8645833333333334 0.6748046875 0.89453125 0.646484375 0.90625 0.6259765625 0.90625 0.5947265625 0.8958333333333334 0.5908203125 0.8971354166666666 0.58203125 0.8828125 0.572265625 0.875 0.5576171875 0.8541666666666666 0.54296875 0.8138020833333334 0.541015625 0.7877604166666666 0.5419921875 0.7604166666666666 0.544921875 0.7421875 0.548828125 0.7317708333333334 0.572265625 0.7018229166666666 0.5859375 0.6927083333333334 0.5947265625 0.6901041666666666 0.6015625 0.68359375 0.619140625 0.6809895833333334
0 0.3876953125 0.46484375 0.3974609375 0.4700520833333333 0.4140625 0.49609375 0.4443359375 0.5143229166666666 0.4609375 0.5299479166666666 0.4658203125 0.5364583333333334 0.4697265625 0.5651041666666666 0.46875 0.6041666666666666 0.4560546875 0.6471354166666666 0.44921875 0.6588541666666666 0.4130859375 0.6901041666666666 0.4072265625 0.6979166666666666 0.3994140625 0.7005208333333334 0.3916015625 0.7005208333333334 0.3720703125 0.69140625 0.3505859375 0.6731770833333334 0.337890625 0.6666666666666666 0.322265625 0.6432291666666666 0.3095703125 0.5950520833333334 0.3115234375 0.5690104166666666 0.3203125 0.5494791666666666 0.330078125 0.5364583333333334 0.3330078125 0.5221354166666666 0.3388671875 0.5169270833333334 0.34375 0.5065104166666666 0.34765625 0.4869791666666667 0.3583984375 0.47265625 0.3642578125 0.46875 0.376953125 0.4635416666666667 0.38671875 0.46484375
0 0.298828125 0.27734375 0.3203125 0.28125 0.3427734375 0.2981770833333333 0.359375 0.3177083333333333 0.3779296875 0.3515625 0.384765625 0.375 0.3876953125 0.4010416666666667 0.3876953125 0.4283854166666667 0.380859375 0.4544270833333333 0.376953125 0.4596354166666667 0.3583984375 0.46875 0.34765625 0.4817708333333333 0.33984375 0.5052083333333334 0.328125 0.51953125 0.3056640625 0.52734375 0.3037109375 0.5299479166666666 0.3037109375 0.5364583333333334 0.298828125 0.5403645833333334 0.2939453125 0.5390625 0.2900390625 0.53125 0.265625 0.53125 0.244140625 0.5260416666666666 0.224609375 0.515625 0.2099609375 0.5026041666666666 0.1982421875 0.4869791666666667 0.181640625 0.45703125 0.1748046875 0.3958333333333333 0.17578125 0.3776041666666667 0.181640625 0.36328125 0.193359375 0.3450520833333333 0.2001953125 0.33984375 0.2119140625 0.3125 0.2255859375 0.30078125 0.23046875 0.2903645833333333 0.2431640625 0.2877604166666667 0.255859375 0.2890625 0.2626953125 0.2864583333333333 0.275390625 0.2877604166666667 0.28125 0.27734375 0.2978515625 0.27734375
0 0.279296875 0.12369791666666667 0.283203125 0.13020833333333334 0.2841796875 0.13802083333333334 0.2890625 0.14322916666666666 0.333984375 0.14453125 0.3515625 0.15494791666666666 0.3623046875 0.16666666666666666 0.375 0.21223958333333334 0.3759765625 0.2526041666666667 0.373046875 0.2669270833333333 0.3720703125 0.3020833333333333 0.3740234375 0.30859375 0.3798828125 0.31640625 0.3798828125 0.3229166666666667 0.373046875 0.3255208333333333 0.3671875 0.32421875 0.3447265625 0.296875 0.330078125 0.2838541666666667 0.3154296875 0.2760416666666667 0.28515625 0.2721354166666667 0.2724609375 0.2838541666666667 0.2568359375 0.2838541666666667 0.248046875 0.2786458333333333 0.2431640625 0.25390625 0.244140625 0.22526041666666666 0.25390625 0.19661458333333334 0.2568359375 0.1796875 0.265625 0.15885416666666666 0.26953125 0.140625 0.2783203125 0.125
0 0.7109375 0.2265625 0.73046875 0.23177083333333334 0.7744140625 0.25390625 0.80078125 0.2786458333333333 0.814453125 0.30078125 0.822265625 0.3229166666666667 0.8203125 0.3372395833333333 0.822265625 0.35546875 0.8212890625 0.3658854166666667 0.814453125 0.3854166666666667 0.8017578125 0.4075520833333333 0.79296875 0.41796875 0.7705078125 0.4322916666666667 0.75 0.4375 0.7158203125 0.43359375 0.7099609375 0.4401041666666667 0.69921875 0.4388020833333333 0.6982421875 0.4296875 0.6904296875 0.41796875 0.6796875 0.4127604166666667 0.6640625 0.3971354166666667 0.650390625 0.3763020833333333 0.642578125 0.3567708333333333 0.6298828125 0.34765625 0.6279296875 0.3385416666666667 0.6279296875 0.3307291666666667 0.6337890625 0.32421875 0.634765625 0.2942708333333333 0.642578125 0.2643229166666667 0.662109375 0.24348958333333334 0.681640625 0.22916666666666666 0.689453125 0.2265625 0.7099609375 0.2265625
0 0.5546875 0.48046875 0.5654296875 0.4830729166666667 0.5810546875 0.4934895833333333 0.59765625 0.5169270833333334 0.6064453125 0.54296875 0.607421875 0.58984375 0.60546875 0.59765625 0.60546875 0.62109375 0.603515625 0.6276041666666666 0.5849609375 0.6588541666666666 0.564453125 0.6783854166666666 0.54296875 0.68359375 0.5322265625 0.68359375 0.5185546875 0.6783854166666666 0.4912109375 0.65234375 0.4794921875 0.6341145833333334 0.474609375 0.6158854166666666 0.47265625 0.59375 0.4736328125 0.53515625 0.4765625 0.5260416666666666 0.4814453125 0.51953125 0.515625 0.4895833333333333 0.53515625 0.48046875 0.5537109375 0.48046875
0 0.859375 0.3528645833333333 0.869140625 0.359375 0.8896484375 0.3828125 0.880859375 0.3971354166666667 0.880859375 0.4049479166666667 0.88671875 0.4283854166666667 0.8857421875 0.44921875 0.888671875 0.4583333333333333 0.8857421875 0.46484375 0.873046875 0.47265625 0.8564453125 0.47265625 0.849609375 0.4765625 0.8369140625 0.4765625 0.828125 0.47265625 0.8203125 0.4622395833333333 0.810546875 0.45703125 0.794921875 0.4427083333333333 0.7763671875 0.4348958333333333 0.775390625 0.4309895833333333 0.7978515625 0.4166666666666667 0.81640625 0.38671875 0.828125 0.36328125 0.8447265625 0.3528645833333333 0.8583984375 0.3528645833333333
0 0.5595703125 0.14713541666666666 0.5771484375 0.15364583333333334 0.591796875 0.16666666666666666 0.6025390625 0.18880208333333334 0.6103515625 0.21484375 0.62109375 0.23958333333333334 0.62109375 0.24869791666666666 0.6162109375 0.2591145833333333 0.5947265625 0.2747395833333333 0.5869140625 0.2864583333333333 0.5712890625 0.30078125 0.5673828125 0.2994791666666667 0.55859375 0.2864583333333333 0.537109375 0.2682291666666667 0.5029296875 0.2578125 0.5 0.25390625 0.49609375 0.23567708333333334 0.4970703125 0.203125 0.5048828125 0.17838541666666666 0.5185546875 0.16015625 0.529296875 0.15104166666666666 0.55859375 0.14713541666666666