0 0.419921875 0.71875 0.4306640625 0.7291666666666666 0.4453125 0.7291666666666666 0.453125 0.734375 0.4697265625 0.7486979166666666 0.4833984375 0.76953125 0.4814453125 0.796875 0.4873046875 0.83203125 0.4873046875 0.8567708333333334 0.4833984375 0.8854166666666666 0.474609375 0.91015625 0.4736328125 0.9205729166666666 0.4697265625 0.9283854166666666 0.46875 0.9453125 0.4716796875 0.9505208333333334 0.4697265625 0.9596354166666666 0.4443359375 0.984375 0.4326171875 0.9921875 0.4208984375 0.99609375 0.4091796875 0.99609375 0.4072265625 0.9986979166666666 0.3857421875 0.9986979166666666 0.3779296875 0.9947916666666666 0.33984375 0.9700520833333334 0.330078125 0.9583333333333334 0.3212890625 0.94140625 0.306640625 0.9010416666666666 0.3056640625 0.8567708333333334 0.3134765625 0.8307291666666666 0.3212890625 0.7903645833333334 0.3369140625 0.7578125 0.3525390625 0.7369791666666666 0.357421875 0.734375 0.3759765625 0.7369791666666666 0.3828125 0.7213541666666666 0.39453125 0.7161458333333334 0.4169921875 0.7161458333333334 0.4189453125 0.71875
0 0.478515625 0.33984375 0.494140625 0.3424479166666667 0.5078125 0.3515625 0.5224609375 0.3645833333333333 0.5302734375 0.375 0.5380859375 0.39453125 0.54296875 0.4518229166666667 0.5380859375 0.4635416666666667 0.5302734375 0.4739583333333333 0.5146484375 0.4869791666666667 0.47265625 0.50390625 0.4501953125 0.5013020833333334 0.4345703125 0.4895833333333333 0.4267578125 0.4791666666666667 0.4140625 0.44921875 0.4111328125 0.4322916666666667 0.4111328125 0.4140625 0.4208984375 0.3697916666666667 0.4365234375 0.34765625 0.4521484375 0.33984375 0.4775390625 0.33984375
0 0.3955078125 0.50390625 0.41796875 0.51171875 0.43359375 0.5221354166666666 0.4501953125 0.5403645833333334 0.4560546875 0.5520833333333334 0.462890625 0.57421875 0.4658203125 0.6067708333333334 0.4599609375 0.6419270833333334 0.453125 0.6588541666666666 0.4453125 0.6692708333333334 0.412109375 0.69921875 0.3818359375 0.7096354166666666 0.369140625 0.7174479166666666 0.3603515625 0.7161458333333334 0.33203125 0.6953125 0.306640625 0.6640625 0.3037109375 0.6484375 0.3046875 0.6302083333333334 0.3173828125 0.5729166666666666 0.326171875 0.5533854166666666 0.326171875 0.5325520833333334 0.3330078125 0.5247395833333334 0.365234375 0.5065104166666666 0.39453125 0.50390625
0 0.3779296875 0.17578125 0.390625 0.1796875 0.40625 0.19140625 0.4189453125 0.20703125 0.427734375 0.22265625 0.439453125 0.26953125 0.443359375 0.2942708333333333 0.4462890625 0.30078125 0.4462890625 0.3138020833333333 0.4423828125 0.3177083333333333 0.4345703125 0.3177083333333333 0.4306640625 0.3203125 0.4248046875 0.3307291666666667 0.404296875 0.3515625 0.3837890625 0.3645833333333333 0.3720703125 0.3684895833333333 0.3544921875 0.3684895833333333 0.3486328125 0.3658854166666667 0.328125 0.34765625 0.3154296875 0.3307291666666667 0.3095703125 0.31640625 0.306640625 0.30078125 0.3056640625 0.2760416666666667 0.3037109375 0.26953125 0.3037109375 0.24479166666666666 0.31640625 0.21614583333333334 0.337890625 0.19010416666666666 0.3544921875 0.17838541666666666 0.376953125 0.17578125
0 0.2216796875 0.17447916666666666 0.2509765625 0.18619791666666666 0.27734375 0.20833333333333334 0.294921875 0.24088541666666666 0.2998046875 0.2708333333333333 0.2998046875 0.2955729166666667 0.2958984375 0.3138020833333333 0.2783203125 0.3515625 0.271484375 0.359375 0.2412109375 0.37890625 0.2294921875 0.37890625 0.2041015625 0.3723958333333333 0.16796875 0.3736979166666667 0.1572265625 0.3671875 0.140625 0.3502604166666667 0.12109375 0.2994791666666667 0.119140625 0.2890625 0.119140625 0.2630208333333333 0.12109375 0.2513020833333333 0.1279296875 0.234375 0.1474609375 0.20182291666666666 0.1474609375 0.19010416666666666 0.1494140625 0.1875 0.1611328125 0.19010416666666666 0.185546875 0.1796875 0.2080078125 0.17447916666666666 0.220703125 0.17447916666666666
0 0.2080078125 0.3776041666666667 0.2333984375 0.3854166666666667 0.255859375 0.40234375 0.3037109375 0.4583333333333333 0.3134765625 0.4765625 0.3115234375 0.4856770833333333 0.3125 0.5013020833333334 0.322265625 0.5260416666666666 0.3212890625 0.5455729166666666 0.310546875 0.5846354166666666 0.3076171875 0.6067708333333334 0.2939453125 0.6484375 0.2822265625 0.6627604166666666 0.2646484375 0.6770833333333334 0.2353515625 0.6927083333333334 0.21484375 0.6953125 0.189453125 0.69140625 0.162109375 0.6796875 0.1298828125 0.6497395833333334 0.1162109375 0.6315104166666666 0.107421875 0.6119791666666666 0.0947265625 0.5729166666666666 0.0927734375 0.5442708333333334 0.0927734375 0.5130208333333334 0.0966796875 0.4817708333333333 0.1083984375 0.4440104166666667 0.1181640625 0.4244791666666667 0.134765625 0.4036458333333333 0.1611328125 0.3841145833333333 0.189453125 0.3763020833333333 0.20703125 0.3776041666666667
0 0.6318359375 0.2981770833333333 0.6728515625 0.3072916666666667 0.708984375 0.3359375 0.712890625 0.3515625 0.72265625 0.3671875 0.72265625 0.37890625 0.7275390625 0.41015625 0.7275390625 0.4375 0.7236328125 0.4544270833333333 0.716796875 0.4752604166666667 0.7060546875 0.4934895833333333 0.693359375 0.5065104166666666 0.6787109375 0.515625 0.6484375 0.5234375 0.638671875 0.5234375 0.6220703125 0.5143229166666666 0.61328125 0.5143229166666666 0.6015625 0.5091145833333334 0.587890625 0.5013020833333334 0.5673828125 0.484375 0.55078125 0.4557291666666667 0.548828125 0.4296875 0.5400390625 0.3802083333333333 0.541015625 0.3645833333333333 0.546875 0.3372395833333333 0.55078125 0.3255208333333333 0.556640625 0.31640625 0.576171875 0.3020833333333333 0.58984375 0.296875 0.630859375 0.2981770833333333
0 0.615234375 0.078125 0.6298828125 0.08072916666666667 0.6455078125 0.09244791666666667 0.658203125 0.09505208333333333 0.6640625 0.11197916666666667 0.6728515625 0.12239583333333333 0.681640625 0.15104166666666666 0.68359375 0.171875 0.6865234375 0.18098958333333334 0.685546875 0.1953125 0.6806640625 0.20963541666666666 0.681640625 0.23046875 0.6787109375 0.2421875 0.671875 0.25 0.666015625 0.24479166666666666 0.6484375 0.2630208333333333 0.634765625 0.2721354166666667 0.62109375 0.2760416666666667 0.6083984375 0.2760416666666667 0.59375 0.2721354166666667 0.578125 0.2591145833333333 0.57421875 0.25 0.5693359375 0.21744791666666666 0.560546875 0.18880208333333334 0.5595703125 0.17447916666666666 0.5517578125 0.15755208333333334 0.55078125 0.15104166666666666 0.5458984375 0.14322916666666666 0.5546875 0.13151041666666666 0.5634765625 0.109375 0.5751953125 0.09375 0.595703125 0.07942708333333333 0.6142578125 0.078125
0 0.525390625 0.5755208333333334 0.5439453125 0.5833333333333334 0.5576171875 0.59765625 0.5634765625 0.6080729166666666 0.57421875 0.6119791666666666 0.578125 0.6158854166666666 0.5791015625 0.62109375 0.587890625 0.6328125 0.59765625 0.6380208333333334 0.603515625 0.6458333333333334 0.607421875 0.6536458333333334 0.6103515625 0.6692708333333334 0.6103515625 0.67578125 0.60546875 0.69140625 0.587890625 0.70703125 0.5791015625 0.71875 0.57421875 0.7356770833333334 0.5625 0.7565104166666666 0.548828125 0.7747395833333334 0.5400390625 0.7799479166666666 0.5048828125 0.7747395833333334 0.490234375 0.7669270833333334 0.4814453125 0.7591145833333334 0.453125 0.7239583333333334 0.4501953125 0.7044270833333334 0.4462890625 0.6953125 0.447265625 0.6770833333333334 0.4619140625 0.6484375 0.466796875 0.6341145833333334 0.46875 0.6145833333333334 0.4716796875 0.60546875 0.486328125 0.58984375 0.5009765625 0.5807291666666666 0.515625 0.5755208333333334 0.5244140625 0.5755208333333334
0 0.5185546875 0.13802083333333334 0.533203125 0.15885416666666666 0.541015625 0.16536458333333334 0.5556640625 0.18489583333333334 0.5556640625 0.18880208333333334 0.5654296875 0.2109375 0.5703125 0.24348958333333334 0.568359375 0.2721354166666667 0.5556640625 0.3020833333333333 0.544921875 0.3151041666666667 0.5224609375 0.3255208333333333 0.5078125 0.3255208333333333 0.4765625 0.3111979166666667 0.453125 0.3046875 0.4453125 0.2877604166666667 0.431640625 0.22135416666666666 0.4326171875 0.20052083333333334 0.4365234375 0.18359375 0.4453125 0.16276041666666666 0.45703125 0.1484375 0.47265625 0.13932291666666666 0.5 0.13932291666666666 0.50390625 0.13411458333333334 0.5126953125 0.13411458333333334 0.517578125 0.13802083333333334
0 0.5537109375 0.4713541666666667 0.5732421875 0.4934895833333333 0.603515625 0.5143229166666666 0.6181640625 0.5182291666666666 0.6103515625 0.5403645833333334 0.61328125 0.5651041666666666 0.609375 0.5768229166666666 0.5849609375 0.6015625 0.5751953125 0.6080729166666666 0.5693359375 0.6080729166666666 0.5478515625 0.5833333333333334 0.5341796875 0.5755208333333334 0.5185546875 0.5729166666666666 0.515625 0.5703125 0.5146484375 0.5221354166666666 0.5185546875 0.5104166666666666 0.5380859375 0.4830729166666667 0.552734375 0.47265625
0 0.24609375 0.6966145833333334 0.28125 0.7083333333333334 0.3037109375 0.7252604166666666 0.3076171875 0.73046875 0.314453125 0.75390625 0.3154296875 0.7838541666666666 0.3095703125 0.8307291666666666 0.3037109375 0.84765625 0.2998046875 0.8528645833333334 0.283203125 0.87109375 0.2685546875 0.8802083333333334 0.25 0.88671875 0.2314453125 0.8893229166666666 0.2197265625 0.8880208333333334 0.2099609375 0.8828125 0.2021484375 0.875 0.1962890625 0.8645833333333334 0.17578125 0.8059895833333334 0.1728515625 0.7890625 0.1728515625 0.7708333333333334 0.17578125 0.7473958333333334 0.185546875 0.7265625 0.1923828125 0.7174479166666666 0.21484375 0.7018229166666666 0.2275390625 0.6979166666666666 0.2451171875 0.6966145833333334