0 0.7621527777777778 0.4309895833333333 0.8177083333333334 0.4440104166666667 0.8385416666666666 0.4518229166666667 0.8697916666666666 0.46875 0.9010416666666666 0.49609375 0.9166666666666666 0.5169270833333334 0.9184027777777778 0.5546875 0.9114583333333334 0.5807291666666666 0.9027777777777778 0.59765625 0.8871527777777778 0.6184895833333334 0.8697916666666666 0.6341145833333334 0.8350694444444444 0.6549479166666666 0.7847222222222222 0.6705729166666666 0.7552083333333334 0.6731770833333334 0.7517361111111112 0.6783854166666666 0.7447916666666666 0.6822916666666666 0.7378472222222222 0.6796875 0.7378472222222222 0.67578125 0.734375 0.6731770833333334 0.7274305555555556 0.6731770833333334 0.7239583333333334 0.6770833333333334 0.7204861111111112 0.6770833333333334 0.7118055555555556 0.671875 0.6892361111111112 0.6692708333333334 0.671875 0.6640625 0.6631944444444444 0.6549479166666666 0.6440972222222222 0.6419270833333334 0.640625 0.6328125 0.6215277777777778 0.6158854166666666 0.6145833333333334 0.6002604166666666 0.5954861111111112 0.5768229166666666 0.5902777777777778 0.5638020833333334 0.5902777777777778 0.5416666666666666 0.5972222222222222 0.5208333333333334 0.6128472222222222 0.5013020833333334 0.6163194444444444 0.4934895833333333 0.625 0.4856770833333333 0.6319444444444444 0.4830729166666667 0.6388888888888888 0.4700520833333333 0.6458333333333334 0.4700520833333333 0.65625 0.46484375 0.6579861111111112 0.4596354166666667 0.6684027777777778 0.44921875 0.671875 0.44921875 0.6788194444444444 0.4427083333333333 0.6927083333333334 0.4361979166666667 0.7274305555555556 0.4348958333333333 0.7482638888888888 0.4309895833333333 0.7604166666666666 0.4309895833333333
0 0.4375 0.7005208333333334 0.4704861111111111 0.7096354166666666 0.4826388888888889 0.7161458333333334 0.5052083333333334 0.7330729166666666 0.515625 0.7486979166666666 0.5208333333333334 0.7630208333333334 0.5243055555555556 0.7890625 0.5173611111111112 0.8138020833333334 0.5069444444444444 0.8294270833333334 0.4930555555555556 0.8424479166666666 0.4722222222222222 0.85546875 0.4548611111111111 0.8619791666666666 0.4357638888888889 0.8658854166666666 0.4010416666666667 0.8645833333333334 0.3819444444444444 0.859375 0.375 0.85546875 0.3576388888888889 0.8411458333333334 0.3506944444444444 0.83203125 0.34375 0.8177083333333334 0.3368055555555556 0.7916666666666666 0.3385416666666667 0.7486979166666666 0.3506944444444444 0.7291666666666666 0.3975694444444444 0.7018229166666666 0.4079861111111111 0.69921875 0.4357638888888889 0.7005208333333334
0 0.3177083333333333 0.5846354166666666 0.3541666666666667 0.5950520833333334 0.3697916666666667 0.6028645833333334 0.3836805555555556 0.6119791666666666 0.4010416666666667 0.62890625 0.40625 0.6302083333333334 0.4392361111111111 0.6536458333333334 0.4392361111111111 0.6575520833333334 0.4270833333333333 0.66796875 0.4166666666666667 0.6731770833333334 0.4010416666666667 0.6927083333333334 0.3784722222222222 0.7096354166666666 0.3506944444444444 0.7239583333333334 0.3385416666666667 0.7330729166666666 0.3090277777777778 0.7408854166666666 0.2916666666666667 0.7408854166666666 0.2743055555555556 0.7369791666666666 0.2638888888888889 0.734375 0.24479166666666666 0.7252604166666666 0.2326388888888889 0.71484375 0.2170138888888889 0.7057291666666666 0.19618055555555555 0.6953125 0.1892361111111111 0.6953125 0.171875 0.6809895833333334 0.1684027777777778 0.66796875 0.171875 0.6614583333333334 0.1840277777777778 0.65234375 0.1875 0.64453125 0.19270833333333334 0.6419270833333334 0.1996527777777778 0.6419270833333334 0.21180555555555555 0.6354166666666666 0.2378472222222222 0.6015625 0.2517361111111111 0.5924479166666666 0.2708333333333333 0.5846354166666666 0.2847222222222222 0.5833333333333334 0.3159722222222222 0.5846354166666666
0 0.3298611111111111 0.4270833333333333 0.3489583333333333 0.4309895833333333 0.3854166666666667 0.4466145833333333 0.4184027777777778 0.4752604166666667 0.4253472222222222 0.4947916666666667 0.4253472222222222 0.5026041666666666 0.4010416666666667 0.53125 0.3854166666666667 0.5677083333333334 0.359375 0.5846354166666666 0.3524305555555556 0.5859375 0.3315972222222222 0.5846354166666666 0.3142361111111111 0.5794270833333334 0.3003472222222222 0.578125 0.28125 0.5794270833333334 0.2638888888888889 0.57421875 0.2482638888888889 0.5638020833333334 0.24479166666666666 0.55859375 0.2309027777777778 0.5481770833333334 0.21875 0.5130208333333334 0.21006944444444445 0.5052083333333334 0.21180555555555555 0.48828125 0.21875 0.4830729166666667 0.2222222222222222 0.4700520833333333 0.2361111111111111 0.453125 0.2465277777777778 0.4453125 0.2638888888888889 0.4348958333333333 0.2795138888888889 0.4309895833333333 0.3090277777777778 0.4270833333333333 0.328125 0.4270833333333333
0 0.6805555555555556 0.6783854166666666 0.6909722222222222 0.6809895833333334 0.7083333333333334 0.6901041666666666 0.7309027777777778 0.70703125 0.7465277777777778 0.72265625 0.7621527777777778 0.7513020833333334 0.7621527777777778 0.7747395833333334 0.7569444444444444 0.8033854166666666 0.7517361111111112 0.8125 0.7413194444444444 0.8229166666666666 0.7222222222222222 0.83203125 0.6875 0.8359375 0.6788194444444444 0.84375 0.6614583333333334 0.8515625 0.6493055555555556 0.8515625 0.6458333333333334 0.84765625 0.6475694444444444 0.8450520833333334 0.6458333333333334 0.8372395833333334 0.6336805555555556 0.8359375 0.6197916666666666 0.828125 0.6059027777777778 0.82421875 0.59375 0.81640625 0.5729166666666666 0.796875 0.5590277777777778 0.7734375 0.5555555555555556 0.7565104166666666 0.5555555555555556 0.73828125 0.5607638888888888 0.7252604166666666 0.5729166666666666 0.70703125 0.5798611111111112 0.69921875 0.6041666666666666 0.68359375 0.6354166666666666 0.67578125 0.6614583333333334 0.67578125 0.6788194444444444 0.6783854166666666
0 0.4340277777777778 0.2890625 0.4427083333333333 0.2916666666666667 0.4496527777777778 0.296875 0.4583333333333333 0.3098958333333333 0.4548611111111111 0.3346354166666667 0.4409722222222222 0.3567708333333333 0.4392361111111111 0.3776041666666667 0.4427083333333333 0.4010416666666667 0.4600694444444444 0.4296875 0.453125 0.4361979166666667 0.4392361111111111 0.4440104166666667 0.4288194444444444 0.4466145833333333 0.4027777777777778 0.4466145833333333 0.3923611111111111 0.4440104166666667 0.3368055555555556 0.4231770833333333 0.3333333333333333 0.41796875 0.3315972222222222 0.4036458333333333 0.3125 0.37890625 0.3107638888888889 0.3684895833333333 0.3194444444444444 0.35546875 0.3229166666666667 0.3411458333333333 0.3333333333333333 0.3216145833333333 0.34375 0.30859375 0.359375 0.2955729166666667 0.3715277777777778 0.2903645833333333 0.3888888888888889 0.2864583333333333 0.421875 0.2864583333333333 0.4322916666666667 0.2890625
0 0.65625 0.24348958333333334 0.6840277777777778 0.25390625 0.7100694444444444 0.2682291666666667 0.7413194444444444 0.2981770833333333 0.7534722222222222 0.3216145833333333 0.7569444444444444 0.3372395833333333 0.7569444444444444 0.3671875 0.7534722222222222 0.3880208333333333 0.7465277777777778 0.4036458333333333 0.7361111111111112 0.4192708333333333 0.7274305555555556 0.4270833333333333 0.7239583333333334 0.4283854166666667 0.703125 0.4270833333333333 0.6857638888888888 0.4309895833333333 0.6631944444444444 0.4440104166666667 0.6597222222222222 0.44921875 0.6354166666666666 0.46484375 0.6197916666666666 0.46875 0.6076388888888888 0.46875 0.6041666666666666 0.4713541666666667 0.59375 0.4713541666666667 0.5850694444444444 0.46875 0.5503472222222222 0.4700520833333333 0.53125 0.4635416666666667 0.5069444444444444 0.4596354166666667 0.5017361111111112 0.45703125 0.4704861111111111 0.4322916666666667 0.4513888888888889 0.4075520833333333 0.4444444444444444 0.3828125 0.4444444444444444 0.3658854166666667 0.4461805555555556 0.359375 0.4565972222222222 0.34765625 0.4652777777777778 0.31640625 0.4739583333333333 0.3020833333333333 0.4930555555555556 0.28125 0.515625 0.2669270833333333 0.5416666666666666 0.2565104166666667 0.5555555555555556 0.2578125 0.5920138888888888 0.2565104166666667 0.6041666666666666 0.2526041666666667 0.6302083333333334 0.25 0.640625 0.2421875 0.6545138888888888 0.24348958333333334
0 0.3125 0.20182291666666666 0.3350694444444444 0.20703125 0.3524305555555556 0.21614583333333334 0.359375 0.22265625 0.3923611111111111 0.27734375 0.3923611111111111 0.28125 0.3663194444444444 0.2890625 0.3420138888888889 0.3059895833333333 0.328125 0.3229166666666667 0.3211805555555556 0.33984375 0.3125 0.3515625 0.3055555555555556 0.3541666666666667 0.3038194444444444 0.3528645833333333 0.2951388888888889 0.3541666666666667 0.2777777777777778 0.3502604166666667 0.2569444444444444 0.3424479166666667 0.24305555555555555 0.3333333333333333 0.22569444444444445 0.3098958333333333 0.2222222222222222 0.2890625 0.2170138888888889 0.2825520833333333 0.2170138888888889 0.2747395833333333 0.203125 0.25 0.21180555555555555 0.24479166666666666 0.20833333333333334 0.24088541666666666 0.21180555555555555 0.24479166666666666 0.21875 0.24609375 0.22569444444444445 0.23828125 0.2326388888888889 0.23567708333333334 0.2569444444444444 0.21614583333333334 0.2725694444444444 0.20703125 0.2916666666666667 0.20182291666666666 0.3107638888888889 0.20182291666666666
0 0.2361111111111111 0.33984375 0.2621527777777778 0.34765625 0.2881944444444444 0.3606770833333333 0.2986111111111111 0.3684895833333333 0.3177083333333333 0.39453125 0.3211805555555556 0.4049479166666667 0.3211805555555556 0.41796875 0.3159722222222222 0.4231770833333333 0.2934027777777778 0.4244791666666667 0.2621527777777778 0.4322916666666667 0.2309027777777778 0.453125 0.2204861111111111 0.4674479166666667 0.2152777777777778 0.46875 0.19618055555555555 0.4661458333333333 0.18055555555555555 0.4596354166666667 0.1736111111111111 0.4557291666666667 0.15625 0.4388020833333333 0.1527777777777778 0.4309895833333333 0.14756944444444445 0.3997395833333333 0.14756944444444445 0.37890625 0.1597222222222222 0.3619791666666667 0.18229166666666666 0.34765625 0.20833333333333334 0.33984375 0.234375 0.33984375
0 0.5208333333333334 0.49609375 0.5381944444444444 0.5013020833333334 0.5677083333333334 0.5234375 0.578125 0.5338541666666666 0.5833333333333334 0.5455729166666666 0.5850694444444444 0.5716145833333334 0.6041666666666666 0.6041666666666666 0.6024305555555556 0.6328125 0.5885416666666666 0.63671875 0.5572916666666666 0.65625 0.5295138888888888 0.6627604166666666 0.4895833333333333 0.6627604166666666 0.4618055555555556 0.66015625 0.4548611111111111 0.6575520833333334 0.4270833333333333 0.6380208333333334 0.4045138888888889 0.6184895833333334 0.3940972222222222 0.6041666666666666 0.390625 0.59375 0.390625 0.5677083333333334 0.3940972222222222 0.5533854166666666 0.3993055555555556 0.5403645833333334 0.4166666666666667 0.5169270833333334 0.4288194444444444 0.5078125 0.4565972222222222 0.4947916666666667 0.5190972222222222 0.49609375
0 0.5243055555555556 0.04296875 0.5520833333333334 0.048177083333333336 0.5746527777777778 0.059895833333333336 0.5850694444444444 0.06770833333333333 0.5989583333333334 0.08463541666666667 0.6006944444444444 0.09244791666666667 0.609375 0.10546875 0.609375 0.13020833333333334 0.6024305555555556 0.15364583333333334 0.6024305555555556 0.16536458333333334 0.5920138888888888 0.1953125 0.5850694444444444 0.20052083333333334 0.5763888888888888 0.21875 0.5659722222222222 0.2265625 0.5572916666666666 0.23697916666666666 0.5347222222222222 0.2526041666666667 0.5086805555555556 0.2591145833333333 0.4982638888888889 0.2630208333333333 0.4895833333333333 0.26953125 0.46875 0.2747395833333333 0.4427083333333333 0.2747395833333333 0.4270833333333333 0.2721354166666667 0.4079861111111111 0.2591145833333333 0.3923611111111111 0.2526041666666667 0.3802083333333333 0.2421875 0.3663194444444444 0.21875 0.3680555555555556 0.1796875 0.3836805555555556 0.12890625 0.4131944444444444 0.07682291666666667 0.4427083333333333 0.059895833333333336 0.46875 0.05078125 0.4704861111111111 0.048177083333333336 0.5034722222222222 0.04296875 0.5225694444444444 0.04296875