0 0.4921875 0.26953125 0.5166015625 0.2682291666666667 0.5439453125 0.2747395833333333 0.5576171875 0.2825520833333333 0.5703125 0.2955729166666667 0.591796875 0.3268229166666667 0.59375 0.3346354166666667 0.5927734375 0.35546875 0.595703125 0.3684895833333333 0.6025390625 0.3828125 0.603515625 0.41015625 0.5986328125 0.4309895833333333 0.587890625 0.4518229166666667 0.5849609375 0.453125 0.5712890625 0.4466145833333333 0.564453125 0.43359375 0.5546875 0.4270833333333333 0.546875 0.4270833333333333 0.54296875 0.4296875 0.5322265625 0.4296875 0.521484375 0.4427083333333333 0.5009765625 0.44921875 0.484375 0.4661458333333333 0.48046875 0.4661458333333333 0.462890625 0.4505208333333333 0.453125 0.4361979166666667 0.44140625 0.4036458333333333 0.439453125 0.3932291666666667 0.439453125 0.3671875 0.4423828125 0.34765625 0.4521484375 0.3216145833333333 0.4755859375 0.296875 0.4755859375 0.28515625 0.4794921875 0.2734375 0.4912109375 0.26953125
0 0.7939453125 0.3984375 0.8125 0.40234375 0.857421875 0.42578125 0.8818359375 0.4544270833333333 0.904296875 0.46484375 0.927734375 0.4973958333333333 0.9248046875 0.5013020833333334 0.92578125 0.5130208333333334 0.916015625 0.51953125 0.908203125 0.53515625 0.908203125 0.5403645833333334 0.9140625 0.55078125 0.9169921875 0.5611979166666666 0.9169921875 0.57421875 0.9140625 0.58203125 0.9033203125 0.58203125 0.8994140625 0.62109375 0.8916015625 0.6432291666666666 0.880859375 0.6614583333333334 0.8603515625 0.6822916666666666 0.8486328125 0.6901041666666666 0.8134765625 0.703125 0.8076171875 0.7018229166666666 0.7890625 0.6901041666666666 0.7607421875 0.6796875 0.7509765625 0.6731770833333334 0.7353515625 0.6575520833333334 0.7138671875 0.64453125 0.7041015625 0.640625 0.677734375 0.640625 0.6708984375 0.6328125 0.6689453125 0.6263020833333334 0.6708984375 0.6028645833333334 0.67578125 0.59765625 0.685546875 0.5963541666666666 0.6943359375 0.5768229166666666 0.7001953125 0.52734375 0.7001953125 0.50390625 0.7041015625 0.4778645833333333 0.708984375 0.4622395833333333 0.716796875 0.4466145833333333 0.7373046875 0.4205729166666667 0.7548828125 0.40625 0.76953125 0.3997395833333333 0.79296875 0.3984375
0 0.5390625 0.11067708333333333 0.5673828125 0.11848958333333333 0.591796875 0.1328125 0.6103515625 0.15755208333333334 0.6259765625 0.1953125 0.62890625 0.23307291666666666 0.625 0.2669270833333333 0.6181640625 0.28515625 0.609375 0.30078125 0.599609375 0.3111979166666667 0.591796875 0.3151041666666667 0.5869140625 0.3125 0.572265625 0.2916666666666667 0.5478515625 0.2721354166666667 0.5322265625 0.2669270833333333 0.498046875 0.2643229166666667 0.484375 0.265625 0.4716796875 0.2734375 0.4658203125 0.2643229166666667 0.4619140625 0.24739583333333334 0.4609375 0.19010416666666666 0.46875 0.16145833333333334 0.4755859375 0.1484375 0.4833984375 0.13932291666666666 0.5107421875 0.11458333333333333 0.517578125 0.11067708333333333 0.5380859375 0.11067708333333333
0 0.3720703125 0.014322916666666666 0.388671875 0.0234375 0.3984375 0.03515625 0.427734375 0.08463541666666667 0.431640625 0.09895833333333333 0.431640625 0.10677083333333333 0.4287109375 0.10677083333333333 0.4033203125 0.07421875 0.3798828125 0.0546875 0.33203125 0.040364583333333336 0.3134765625 0.040364583333333336 0.318359375 0.03125 0.3388671875 0.014322916666666666 0.3447265625 0.01171875 0.36328125 0.01171875 0.37109375 0.014322916666666666
0 0.30078125 0.3346354166666667 0.306640625 0.34765625 0.3212890625 0.3502604166666667 0.3564453125 0.3723958333333333 0.3818359375 0.3971354166666667 0.4033203125 0.4309895833333333 0.416015625 0.46875 0.4208984375 0.5026041666666666 0.419921875 0.546875 0.4169921875 0.5729166666666666 0.4072265625 0.61328125 0.3955078125 0.6432291666666666 0.384765625 0.6640625 0.3642578125 0.6901041666666666 0.3359375 0.7161458333333334 0.3173828125 0.7252604166666666 0.314453125 0.73046875 0.3115234375 0.7447916666666666 0.306640625 0.7526041666666666 0.302734375 0.7513020833333334 0.2978515625 0.7369791666666666 0.29296875 0.73046875 0.2724609375 0.7265625 0.267578125 0.7291666666666666 0.2587890625 0.7434895833333334 0.244140625 0.7604166666666666 0.2373046875 0.7591145833333334 0.21484375 0.7395833333333334 0.2109375 0.7291666666666666 0.2109375 0.7174479166666666 0.2158203125 0.7057291666666666 0.21484375 0.7005208333333334 0.20703125 0.6901041666666666 0.185546875 0.6744791666666666 0.1748046875 0.6614583333333334 0.1650390625 0.6432291666666666 0.1630859375 0.6315104166666666 0.154296875 0.6158854166666666 0.1494140625 0.5989583333333334 0.1328125 0.5703125 0.130859375 0.5442708333333334 0.1318359375 0.5130208333333334 0.1357421875 0.4908854166666667 0.140625 0.4778645833333333 0.1533203125 0.4505208333333333 0.1640625 0.4361979166666667 0.16796875 0.421875 0.1748046875 0.41015625 0.1923828125 0.39453125 0.2109375 0.3658854166666667 0.22265625 0.35546875 0.2275390625 0.3567708333333333 0.23046875 0.3515625 0.2509765625 0.3515625 0.2587890625 0.3411458333333333 0.2646484375 0.3411458333333333 0.267578125 0.3385416666666667 0.2861328125 0.33984375 0.294921875 0.3346354166666667 0.2998046875 0.3346354166666667
0 0.330078125 0.041666666666666664 0.3701171875 0.052083333333333336 0.3876953125 0.0625 0.4013671875 0.07421875 0.4228515625 0.10026041666666667 0.431640625 0.11458333333333333 0.4521484375 0.16666666666666666 0.455078125 0.18359375 0.4541015625 0.23567708333333334 0.44921875 0.2760416666666667 0.4375 0.2994791666666667 0.427734375 0.3138020833333333 0.4208984375 0.3333333333333333 0.412109375 0.3502604166666667 0.40234375 0.3606770833333333 0.3759765625 0.3776041666666667 0.3671875 0.3776041666666667 0.3466796875 0.359375 0.3271484375 0.34765625 0.310546875 0.3411458333333333 0.2998046875 0.328125 0.275390625 0.3268229166666667 0.263671875 0.3046875 0.2470703125 0.2825520833333333 0.234375 0.2708333333333333 0.2275390625 0.24479166666666666 0.228515625 0.21484375 0.2255859375 0.19140625 0.2197265625 0.16796875 0.2265625 0.16276041666666666 0.236328125 0.14453125 0.2451171875 0.13411458333333334 0.251953125 0.11328125 0.265625 0.09114583333333333 0.2666015625 0.08333333333333333 0.263671875 0.0703125 0.271484375 0.0625 0.3125 0.044270833333333336 0.3291015625 0.041666666666666664
0 0.1171875 0.21744791666666666 0.123046875 0.22135416666666666 0.15625 0.22135416666666666 0.169921875 0.22526041666666666 0.189453125 0.23567708333333334 0.205078125 0.24739583333333334 0.2177734375 0.2643229166666667 0.2294921875 0.2734375 0.2470703125 0.2994791666666667 0.251953125 0.3151041666666667 0.251953125 0.3294270833333333 0.2451171875 0.3359375 0.212890625 0.33984375 0.177734375 0.3502604166666667 0.1435546875 0.3645833333333333 0.126953125 0.37890625 0.125 0.3828125 0.125 0.390625 0.12890625 0.3984375 0.12890625 0.4036458333333333 0.13671875 0.4127604166666667 0.1455078125 0.4140625 0.150390625 0.4205729166666667 0.15625 0.4205729166666667 0.16015625 0.4283854166666667 0.1474609375 0.4557291666666667 0.1416015625 0.4635416666666667 0.134765625 0.4791666666666667 0.1298828125 0.4986979166666667 0.1259765625 0.5052083333333334 0.1201171875 0.5052083333333334 0.1083984375 0.49609375 0.0888671875 0.48828125 0.0703125 0.4739583333333333 0.0625 0.46484375 0.0341796875 0.4075520833333333 0.0341796875 0.37890625 0.0283203125 0.3541666666666667 0.0283203125 0.3411458333333333 0.0322265625 0.33203125 0.033203125 0.31640625 0.037109375 0.3072916666666667 0.052734375 0.2890625 0.0703125 0.2591145833333333 0.0947265625 0.23307291666666666 0.1025390625 0.22005208333333334 0.10546875 0.21744791666666666 0.1162109375 0.21744791666666666
0 0.75390625 0.010416666666666666 0.7724609375 0.029947916666666668 0.7880859375 0.041666666666666664 0.8232421875 0.05859375 0.8271484375 0.06380208333333333 0.828125 0.08333333333333333 0.8359375 0.10677083333333333 0.837890625 0.13411458333333334 0.8330078125 0.16015625 0.8212890625 0.18489583333333334 0.80859375 0.20182291666666666 0.8037109375 0.21484375 0.794921875 0.22395833333333334 0.783203125 0.22395833333333334 0.76171875 0.21223958333333334 0.744140625 0.21354166666666666 0.734375 0.2109375 0.7060546875 0.21354166666666666 0.673828125 0.22395833333333334 0.6630859375 0.22135416666666666 0.6494140625 0.21223958333333334 0.63671875 0.19791666666666666 0.6259765625 0.17838541666666666 0.61328125 0.14192708333333334 0.6083984375 0.13411458333333334 0.609375 0.11067708333333333 0.6220703125 0.08463541666666667 0.6259765625 0.07161458333333333 0.63671875 0.055989583333333336 0.654296875 0.0390625 0.671875 0.036458333333333336 0.6845703125 0.044270833333333336 0.6962890625 0.036458333333333336 0.7021484375 0.028645833333333332 0.7197265625 0.024739583333333332 0.7265625 0.018229166666666668 0.734375 0.018229166666666668 0.744140625 0.010416666666666666 0.7529296875 0.010416666666666666
0 0.9130859375 0.11328125 0.9423828125 0.11588541666666667 0.9443359375 0.12239583333333333 0.939453125 0.13411458333333334 0.939453125 0.13932291666666666 0.953125 0.15885416666666666 0.966796875 0.16796875 0.966796875 0.1875 0.9697265625 0.19140625 0.9814453125 0.18880208333333334 0.9833984375 0.19661458333333334 0.970703125 0.22395833333333334 0.955078125 0.24088541666666666 0.9453125 0.2552083333333333 0.9248046875 0.26953125 0.8994140625 0.28125 0.876953125 0.2799479166666667 0.833984375 0.265625 0.8251953125 0.2591145833333333 0.8154296875 0.24739583333333334 0.806640625 0.24348958333333334 0.8037109375 0.23958333333333334 0.8037109375 0.2265625 0.810546875 0.20442708333333334 0.8232421875 0.1875 0.8369140625 0.15755208333333334 0.859375 0.13020833333333334 0.873046875 0.11848958333333333 0.8798828125 0.11588541666666667 0.912109375 0.11328125
0 0.5537109375 0.4322916666666667 0.5625 0.4388020833333333 0.568359375 0.4479166666666667 0.5947265625 0.4635416666666667 0.626953125 0.4973958333333333 0.640625 0.52734375 0.6474609375 0.5703125 0.6474609375 0.6067708333333334 0.6455078125 0.6106770833333334 0.6220703125 0.6471354166666666 0.61328125 0.6653645833333334 0.59375 0.6888020833333334 0.5751953125 0.7291666666666666 0.556640625 0.7513020833333334 0.55078125 0.7513020833333334 0.5390625 0.7421875 0.51171875 0.7044270833333334 0.5029296875 0.7005208333333334 0.494140625 0.69140625 0.4736328125 0.6783854166666666 0.4619140625 0.6614583333333334 0.4453125 0.62890625 0.439453125 0.59765625 0.439453125 0.5729166666666666 0.4443359375 0.5455729166666666 0.4560546875 0.5130208333333334 0.47265625 0.4869791666666667 0.498046875 0.4544270833333333 0.5078125 0.44921875 0.521484375 0.4466145833333333 0.5322265625 0.4348958333333333 0.552734375 0.4322916666666667
0 0.58203125 0.0026041666666666665 0.59375 0.02734375 0.599609375 0.05859375 0.6005859375 0.09114583333333333 0.5986328125 0.11848958333333333 0.595703125 0.12760416666666666 0.5859375 0.12630208333333334 0.5771484375 0.11979166666666667 0.548828125 0.109375 0.51953125 0.10546875 0.51171875 0.109375 0.4853515625 0.13151041666666666 0.470703125 0.1484375 0.4658203125 0.14453125 0.4609375 0.13151041666666666 0.4580078125 0.11588541666666667 0.4609375 0.059895833333333336 0.45703125 0.046875 0.4560546875 0.028645833333333332 0.453125 0.01953125 0.453125 0.005208333333333333 0.4560546875 0 0.580078125 0 0.5810546875 0.0026041666666666665
0 0.7275390625 0.21875 0.740234375 0.22135416666666666 0.759765625 0.21875 0.78515625 0.234375 0.7939453125 0.23697916666666666 0.7998046875 0.25390625 0.822265625 0.2864583333333333 0.8310546875 0.3046875 0.8330078125 0.3346354166666667 0.8369140625 0.3463541666666667 0.8369140625 0.3567708333333333 0.8271484375 0.38671875 0.8203125 0.3984375 0.8154296875 0.3997395833333333 0.7978515625 0.39453125 0.7763671875 0.39453125 0.76171875 0.3984375 0.75 0.4049479166666667 0.7333984375 0.4192708333333333 0.705078125 0.4596354166666667 0.7001953125 0.4622395833333333 0.6904296875 0.4596354166666667 0.68359375 0.4544270833333333 0.6669921875 0.4322916666666667 0.6435546875 0.3893229166666667 0.6259765625 0.3697916666666667 0.625 0.3580729166666667 0.62109375 0.3450520833333333 0.62109375 0.3359375 0.6240234375 0.328125 0.630859375 0.3203125 0.6357421875 0.3046875 0.64453125 0.2916666666666667 0.6533203125 0.2630208333333333 0.6669921875 0.234375 0.7021484375 0.22005208333333334 0.7265625 0.21875