0 0.3837890625 0.3125 0.396484375 0.3203125 0.4013671875 0.3268229166666667 0.4150390625 0.3606770833333333 0.423828125 0.4140625 0.421875 0.4453125 0.4111328125 0.4739583333333333 0.3994140625 0.4869791666666667 0.3720703125 0.5026041666666666 0.3525390625 0.5065104166666666 0.3310546875 0.5013020833333334 0.318359375 0.4947916666666667 0.3095703125 0.48828125 0.291015625 0.4661458333333333 0.279296875 0.4440104166666667 0.275390625 0.4296875 0.2724609375 0.3984375 0.2744140625 0.3723958333333333 0.2822265625 0.3515625 0.2998046875 0.328125 0.314453125 0.3203125 0.333984375 0.3151041666666667 0.3720703125 0.3177083333333333 0.3828125 0.3125
0 0.828125 0.5611979166666666 0.84375 0.56640625 0.8623046875 0.5768229166666666 0.87109375 0.5846354166666666 0.8798828125 0.5846354166666666 0.8837890625 0.5885416666666666 0.888671875 0.6158854166666666 0.8974609375 0.640625 0.8994140625 0.6510416666666666 0.8994140625 0.6705729166666666 0.892578125 0.69921875 0.884765625 0.7161458333333334 0.8759765625 0.7291666666666666 0.8662109375 0.73828125 0.84375 0.7513020833333334 0.8154296875 0.7578125 0.8017578125 0.7578125 0.7744140625 0.7369791666666666 0.755859375 0.7135416666666666 0.7490234375 0.69921875 0.7470703125 0.6888020833333334 0.755859375 0.66015625 0.7578125 0.6497395833333334 0.7578125 0.6184895833333334 0.767578125 0.58203125 0.7802734375 0.5677083333333334 0.7890625 0.5625 0.8271484375 0.5611979166666666
0 0.7294921875 0.234375 0.7451171875 0.24348958333333334 0.7705078125 0.2721354166666667 0.77734375 0.28515625 0.7841796875 0.3059895833333333 0.787109375 0.3203125 0.7861328125 0.33984375 0.7822265625 0.3528645833333333 0.7734375 0.3684895833333333 0.76953125 0.3684895833333333 0.76171875 0.3580729166666667 0.7548828125 0.3567708333333333 0.7373046875 0.3671875 0.73046875 0.3776041666666667 0.7138671875 0.3880208333333333 0.7021484375 0.38671875 0.703125 0.3841145833333333 0.69921875 0.3776041666666667 0.6982421875 0.3606770833333333 0.69140625 0.3385416666666667 0.6806640625 0.3138020833333333 0.666015625 0.2955729166666667 0.666015625 0.2903645833333333 0.677734375 0.265625 0.6875 0.25390625 0.708984375 0.23697916666666666 0.7158203125 0.234375 0.728515625 0.234375
0 0.3974609375 0.6966145833333334 0.42578125 0.7161458333333334 0.443359375 0.7434895833333334 0.4541015625 0.7799479166666666 0.453125 0.81640625 0.4482421875 0.83984375 0.439453125 0.86328125 0.423828125 0.890625 0.4013671875 0.9010416666666666 0.369140625 0.90625 0.3515625 0.9049479166666666 0.33984375 0.9010416666666666 0.328125 0.8932291666666666 0.3125 0.8919270833333334 0.3037109375 0.8841145833333334 0.2978515625 0.8841145833333334 0.29296875 0.8736979166666666 0.29296875 0.8450520833333334 0.296875 0.8229166666666666 0.3056640625 0.8098958333333334 0.3095703125 0.7942708333333334 0.318359375 0.7747395833333334 0.3173828125 0.75 0.3203125 0.7330729166666666 0.3447265625 0.7083333333333334 0.359375 0.69921875 0.3779296875 0.6940104166666666 0.390625 0.6940104166666666 0.396484375 0.6966145833333334
0 0.2470703125 0.59375 0.2724609375 0.60546875 0.2802734375 0.6119791666666666 0.296875 0.6315104166666666 0.3076171875 0.6575520833333334 0.3173828125 0.6575520833333334 0.318359375 0.66015625 0.3193359375 0.671875 0.3154296875 0.6848958333333334 0.3154296875 0.7057291666666666 0.3076171875 0.7864583333333334 0.2998046875 0.8072916666666666 0.2939453125 0.8111979166666666 0.2841796875 0.8125 0.2763671875 0.8177083333333334 0.23828125 0.8307291666666666 0.2099609375 0.8372395833333334 0.181640625 0.8346354166666666 0.1591796875 0.8255208333333334 0.142578125 0.8125 0.125 0.7890625 0.1171875 0.7682291666666666 0.1123046875 0.7434895833333334 0.1142578125 0.71484375 0.1201171875 0.6848958333333334 0.119140625 0.671875 0.123046875 0.6588541666666666 0.130859375 0.65625 0.1357421875 0.6484375 0.138671875 0.6354166666666666 0.1435546875 0.625 0.1650390625 0.6067708333333334 0.1962890625 0.5989583333333334 0.2158203125 0.5911458333333334 0.236328125 0.5911458333333334 0.24609375 0.59375
0 0.224609375 0.3567708333333333 0.23828125 0.3619791666666667 0.2490234375 0.3763020833333333 0.25390625 0.390625 0.2529296875 0.4075520833333333 0.2763671875 0.44921875 0.28515625 0.4986979166666667 0.28515625 0.5143229166666666 0.2822265625 0.5325520833333334 0.2705078125 0.5533854166666666 0.244140625 0.58203125 0.2373046875 0.5846354166666666 0.220703125 0.5846354166666666 0.1806640625 0.5989583333333334 0.1689453125 0.6002604166666666 0.1513671875 0.6119791666666666 0.1474609375 0.6119791666666666 0.1435546875 0.6067708333333334 0.1357421875 0.5859375 0.115234375 0.5572916666666666 0.1015625 0.5234375 0.0966796875 0.49609375 0.0966796875 0.45703125 0.1015625 0.43359375 0.1142578125 0.4075520833333333 0.1337890625 0.3880208333333333 0.16796875 0.37109375 0.1865234375 0.3671875 0.2001953125 0.3580729166666667 0.2119140625 0.35546875 0.2236328125 0.3567708333333333
0 0.76171875 0.3606770833333333 0.76953125 0.3723958333333333 0.7822265625 0.3828125 0.787109375 0.390625 0.80859375 0.40234375 0.8212890625 0.4153645833333333 0.837890625 0.44140625 0.8427734375 0.4596354166666667 0.8408203125 0.4934895833333333 0.8359375 0.5091145833333334 0.8291015625 0.5221354166666666 0.81640625 0.5377604166666666 0.794921875 0.5546875 0.7666015625 0.5625 0.748046875 0.5611979166666666 0.740234375 0.5572916666666666 0.7275390625 0.5416666666666666 0.689453125 0.51171875 0.685546875 0.5 0.6884765625 0.4518229166666667 0.6923828125 0.4375 0.7001953125 0.4205729166666667 0.708984375 0.4088541666666667 0.7138671875 0.3971354166666667 0.732421875 0.3841145833333333 0.73828125 0.3697916666666667 0.7509765625 0.3619791666666667 0.7607421875 0.3606770833333333
0 0.529296875 0.4375 0.5546875 0.4518229166666667 0.5634765625 0.4596354166666667 0.576171875 0.47265625 0.5947265625 0.5013020833333334 0.615234375 0.5390625 0.6201171875 0.5533854166666666 0.6240234375 0.5872395833333334 0.623046875 0.6080729166666666 0.61328125 0.6614583333333334 0.6005859375 0.6927083333333334 0.6005859375 0.69921875 0.5966796875 0.7096354166666666 0.55078125 0.7473958333333334 0.533203125 0.7565104166666666 0.50390625 0.7643229166666666 0.4853515625 0.7643229166666666 0.462890625 0.7552083333333334 0.44921875 0.7421875 0.4248046875 0.70703125 0.4091796875 0.6953125 0.3984375 0.68359375 0.392578125 0.6705729166666666 0.3876953125 0.6484375 0.3857421875 0.59375 0.3896484375 0.56640625 0.3935546875 0.5559895833333334 0.40234375 0.5442708333333334 0.4140625 0.5130208333333334 0.431640625 0.4869791666666667 0.4599609375 0.4518229166666667 0.4921875 0.43359375 0.5126953125 0.4322916666666667 0.5283203125 0.4375
0 0.6220703125 0.24869791666666666 0.6376953125 0.2591145833333333 0.6435546875 0.2838541666666667 0.6513671875 0.2955729166666667 0.669921875 0.3046875 0.6796875 0.3190104166666667 0.6865234375 0.3346354166666667 0.693359375 0.359375 0.693359375 0.3828125 0.6904296875 0.4036458333333333 0.6904296875 0.42578125 0.6796875 0.4635416666666667 0.6611328125 0.4856770833333333 0.650390625 0.484375 0.62109375 0.49609375 0.6025390625 0.49609375 0.5966796875 0.4934895833333333 0.578125 0.46875 0.5595703125 0.4505208333333333 0.537109375 0.4348958333333333 0.51953125 0.42578125 0.51171875 0.4244791666666667 0.5048828125 0.41796875 0.5048828125 0.3893229166666667 0.509765625 0.3580729166666667 0.517578125 0.34375 0.5439453125 0.30859375 0.5595703125 0.2747395833333333 0.5673828125 0.26953125 0.5947265625 0.2643229166666667 0.603515625 0.2578125 0.611328125 0.24739583333333334 0.62109375 0.24869791666666666
0 0.60546875 0.7057291666666666 0.611328125 0.7057291666666666 0.62890625 0.7161458333333334 0.63671875 0.72265625 0.6416015625 0.73046875 0.65625 0.7760416666666666 0.65625 0.7942708333333334 0.6591796875 0.8138020833333334 0.658203125 0.8541666666666666 0.6435546875 0.90234375 0.630859375 0.9361979166666666 0.623046875 0.94921875 0.619140625 0.9505208333333334 0.6171875 0.93359375 0.615234375 0.9322916666666666 0.6123046875 0.9348958333333334 0.6123046875 0.92578125 0.619140625 0.8997395833333334 0.6181640625 0.8880208333333334 0.609375 0.8736979166666666 0.591796875 0.8841145833333334 0.587890625 0.8828125 0.5859375 0.875 0.5869140625 0.8450520833333334 0.580078125 0.7981770833333334 0.5732421875 0.7747395833333334 0.55859375 0.7513020833333334 0.5654296875 0.7395833333333334 0.6025390625 0.7135416666666666 0.60546875 0.70703125
0 0.451171875 0.11067708333333333 0.458984375 0.12109375 0.4638671875 0.12369791666666667 0.4921875 0.125 0.51171875 0.13541666666666666 0.533203125 0.15364583333333334 0.5498046875 0.17578125 0.5595703125 0.20052083333333334 0.5625 0.22395833333333334 0.5625 0.24348958333333334 0.5576171875 0.265625 0.537109375 0.3111979166666667 0.50390625 0.3411458333333333 0.4833984375 0.35546875 0.4638671875 0.3619791666666667 0.4375 0.359375 0.4296875 0.35546875 0.42578125 0.3489583333333333 0.4267578125 0.33203125 0.4140625 0.31640625 0.3974609375 0.3138020833333333 0.3828125 0.3072916666666667 0.3720703125 0.30859375 0.36328125 0.3020833333333333 0.357421875 0.2942708333333333 0.3505859375 0.2786458333333333 0.34765625 0.2565104166666667 0.34765625 0.22135416666666666 0.349609375 0.2109375 0.35546875 0.1953125 0.3681640625 0.17447916666666666 0.390625 0.1484375 0.412109375 0.13671875 0.4189453125 0.12890625 0.4306640625 0.12369791666666667 0.4423828125 0.11197916666666667 0.4501953125 0.11067708333333333
0 0.6396484375 0.5221354166666666 0.6484375 0.5221354166666666 0.6572265625 0.5143229166666666 0.69140625 0.51953125 0.7099609375 0.53125 0.7265625 0.5455729166666666 0.7392578125 0.5625 0.751953125 0.59375 0.75390625 0.6497395833333334 0.75 0.6692708333333334 0.734375 0.703125 0.7216796875 0.7174479166666666 0.69921875 0.73046875 0.69140625 0.7278645833333334 0.6552734375 0.7278645833333334 0.642578125 0.7239583333333334 0.6083984375 0.6940104166666666 0.6083984375 0.6875 0.615234375 0.6692708333333334 0.6220703125 0.6393229166666666 0.626953125 0.5989583333333334 0.6259765625 0.5677083333333334 0.619140625 0.5416666666666666 0.619140625 0.53515625 0.6328125 0.5247395833333334 0.638671875 0.5234375
0 0.6884765625 0.7278645833333334 0.6923828125 0.7317708333333334 0.693359375 0.73828125 0.693359375 0.7760416666666666 0.6904296875 0.7838541666666666 0.6884765625 0.7864583333333334 0.6591796875 0.7838541666666666 0.6533203125 0.7734375 0.6435546875 0.73046875 0.6875 0.7291666666666666