0 0.421875 0.5703125 0.4365234375 0.5729166666666666 0.455078125 0.5846354166666666 0.466796875 0.59765625 0.4765625 0.6158854166666666 0.4814453125 0.62890625 0.486328125 0.6536458333333334 0.482421875 0.6953125 0.482421875 0.7122395833333334 0.486328125 0.72265625 0.486328125 0.7356770833333334 0.48046875 0.7434895833333334 0.4677734375 0.7473958333333334 0.4541015625 0.7734375 0.4404296875 0.79296875 0.4287109375 0.8033854166666666 0.416015625 0.8072916666666666 0.39453125 0.8072916666666666 0.375 0.8020833333333334 0.361328125 0.7942708333333334 0.3486328125 0.78125 0.3349609375 0.75390625 0.330078125 0.7356770833333334 0.328125 0.7200520833333334 0.328125 0.6875 0.3310546875 0.6653645833333334 0.337890625 0.6419270833333334 0.3486328125 0.6184895833333334 0.361328125 0.6015625 0.375 0.5885416666666666 0.396484375 0.5755208333333334 0.412109375 0.5703125 0.4208984375 0.5703125
0 0.5595703125 0.12109375 0.5869140625 0.13802083333333334 0.5869140625 0.15364583333333334 0.5927734375 0.16015625 0.6005859375 0.17708333333333334 0.6064453125 0.19791666666666666 0.6064453125 0.21223958333333334 0.5947265625 0.21744791666666666 0.5908203125 0.22395833333333334 0.5869140625 0.24479166666666666 0.5751953125 0.2708333333333333 0.568359375 0.3020833333333333 0.5615234375 0.3111979166666667 0.546875 0.3216145833333333 0.5419921875 0.3216145833333333 0.5390625 0.3177083333333333 0.5166015625 0.31640625 0.5078125 0.3203125 0.50390625 0.3098958333333333 0.48828125 0.2981770833333333 0.4697265625 0.2734375 0.462890625 0.2578125 0.4599609375 0.24348958333333334 0.4599609375 0.21744791666666666 0.462890625 0.19921875 0.4775390625 0.1640625 0.4970703125 0.13671875 0.5244140625 0.12239583333333333 0.5458984375 0.12109375 0.5498046875 0.11848958333333333 0.55859375 0.12109375
0 0.7666015625 0.3958333333333333 0.7822265625 0.4036458333333333 0.80078125 0.43359375 0.81640625 0.4401041666666667 0.83984375 0.4596354166666667 0.8544921875 0.4791666666666667 0.8583984375 0.4921875 0.8564453125 0.5364583333333334 0.8466796875 0.5703125 0.828125 0.6015625 0.8095703125 0.6236979166666666 0.806640625 0.6432291666666666 0.791015625 0.6614583333333334 0.78515625 0.66015625 0.7197265625 0.5924479166666666 0.701171875 0.5611979166666666 0.6953125 0.5377604166666666 0.6953125 0.5078125 0.7060546875 0.4752604166666667 0.708984375 0.4700520833333333 0.724609375 0.4596354166666667 0.728515625 0.4544270833333333 0.73828125 0.43359375 0.7421875 0.4153645833333333 0.7568359375 0.4010416666666667 0.765625 0.3958333333333333
0 0.32421875 0.20963541666666666 0.34765625 0.20963541666666666 0.3603515625 0.21614583333333334 0.376953125 0.23177083333333334 0.3857421875 0.2513020833333333 0.3857421875 0.3098958333333333 0.3828125 0.33984375 0.3759765625 0.3515625 0.3642578125 0.36328125 0.359375 0.3736979166666667 0.3515625 0.37890625 0.3359375 0.37890625 0.3115234375 0.3697916666666667 0.2900390625 0.34375 0.2734375 0.3098958333333333 0.2734375 0.27734375 0.2841796875 0.25 0.3056640625 0.21484375 0.3232421875 0.20963541666666666
0 0.212890625 0.3216145833333333 0.2666015625 0.3411458333333333 0.291015625 0.3580729166666667 0.3115234375 0.3854166666666667 0.318359375 0.4049479166666667 0.33203125 0.43359375 0.3359375 0.453125 0.3359375 0.4934895833333333 0.3310546875 0.51953125 0.326171875 0.53125 0.2998046875 0.5703125 0.26953125 0.5924479166666666 0.255859375 0.5963541666666666 0.2529296875 0.6002604166666666 0.251953125 0.6080729166666666 0.244140625 0.6184895833333334 0.2412109375 0.6184895833333334 0.23828125 0.6080729166666666 0.234375 0.6041666666666666 0.2060546875 0.6041666666666666 0.1904296875 0.6002604166666666 0.169921875 0.5911458333333334 0.1494140625 0.5729166666666666 0.13671875 0.55859375 0.12109375 0.53125 0.109375 0.4908854166666667 0.107421875 0.4427083333333333 0.1357421875 0.3828125 0.1435546875 0.3736979166666667 0.16015625 0.3645833333333333 0.1630859375 0.359375 0.1640625 0.3502604166666667 0.17578125 0.3489583333333333 0.185546875 0.3411458333333333 0.1923828125 0.34375 0.203125 0.32421875 0.2119140625 0.3216145833333333
0 0.6435546875 0.19661458333333334 0.671875 0.19791666666666666 0.7197265625 0.21744791666666666 0.7333984375 0.22786458333333334 0.7451171875 0.24348958333333334 0.7548828125 0.2591145833333333 0.765625 0.28515625 0.767578125 0.3346354166666667 0.7568359375 0.3919270833333333 0.7373046875 0.4153645833333333 0.734375 0.4244791666666667 0.7236328125 0.4401041666666667 0.6962890625 0.4674479166666667 0.6796875 0.4752604166666667 0.6689453125 0.4752604166666667 0.6474609375 0.4544270833333333 0.6240234375 0.4401041666666667 0.6123046875 0.4270833333333333 0.59765625 0.421875 0.5810546875 0.421875 0.57421875 0.4127604166666667 0.568359375 0.3971354166666667 0.5634765625 0.3802083333333333 0.5634765625 0.3697916666666667 0.5703125 0.3294270833333333 0.57421875 0.2890625 0.5810546875 0.2643229166666667 0.59375 0.23697916666666666 0.5947265625 0.22526041666666666 0.59765625 0.22265625 0.60546875 0.22395833333333334 0.6298828125 0.19921875 0.642578125 0.19791666666666666
0 0.5732421875 0.06380208333333333 0.111328125 0.12760416666666666
0 0.4443359375 0.0390625 0.4521484375 0.045572916666666664 0.4541015625 0.057291666666666664 0.4716796875 0.08203125 0.4814453125 0.11197916666666667 0.484375 0.13932291666666666 0.474609375 0.15625 0.470703125 0.17447916666666666 0.4541015625 0.21223958333333334 0.4296875 0.23177083333333334 0.3994140625 0.23958333333333334 0.3837890625 0.23697916666666666 0.3671875 0.21614583333333334 0.3525390625 0.20703125 0.3310546875 0.20703125 0.328125 0.203125 0.32421875 0.18880208333333334 0.3203125 0.18489583333333334 0.3154296875 0.18619791666666666 0.3134765625 0.18229166666666666 0.3134765625 0.17317708333333334 0.3193359375 0.16276041666666666 0.314453125 0.13802083333333334 0.314453125 0.12760416666666666 0.31640625 0.125 0.328125 0.12369791666666667 0.341796875 0.09635416666666667 0.3447265625 0.09375 0.3515625 0.09375 0.3642578125 0.08072916666666667 0.373046875 0.07552083333333333 0.3828125 0.05859375 0.3955078125 0.049479166666666664 0.4013671875 0.040364583333333336 0.419921875 0.041666666666666664 0.4248046875 0.044270833333333336 0.4365234375 0.0390625 0.443359375 0.0390625
0 0.80859375 0.2994791666666667 0.828125 0.30859375 0.8408203125 0.32421875 0.83984375 0.3489583333333333 0.845703125 0.3763020833333333 0.8427734375 0.3841145833333333 0.8427734375 0.3919270833333333 0.84765625 0.4036458333333333 0.8447265625 0.4088541666666667 0.83203125 0.41796875 0.814453125 0.41796875 0.7998046875 0.4244791666666667 0.7919921875 0.4153645833333333 0.7841796875 0.4010416666666667 0.763671875 0.390625 0.76171875 0.3815104166666667 0.767578125 0.3541666666666667 0.7724609375 0.31640625 0.7783203125 0.30859375 0.787109375 0.3020833333333333 0.79296875 0.2994791666666667 0.8076171875 0.2994791666666667
0 0.560546875 0.4309895833333333 0.564453125 0.4375 0.56640625 0.4505208333333333 0.5703125 0.44921875 0.5771484375 0.4388020833333333 0.5791015625 0.4388020833333333 0.580078125 0.4427083333333333 0.59765625 0.4388020833333333 0.6142578125 0.4401041666666667 0.62890625 0.4518229166666667 0.6513671875 0.4635416666666667 0.6611328125 0.4739583333333333 0.669921875 0.4895833333333333 0.677734375 0.5169270833333334 0.6796875 0.5520833333333334 0.67578125 0.5716145833333334 0.6748046875 0.5885416666666666 0.671875 0.59765625 0.6474609375 0.6328125 0.623046875 0.6484375 0.60546875 0.6536458333333334 0.578125 0.6510416666666666 0.5537109375 0.640625 0.541015625 0.6315104166666666 0.53515625 0.6236979166666666 0.5244140625 0.6002604166666666 0.515625 0.5625 0.5146484375 0.5364583333333334 0.5224609375 0.5065104166666666 0.5078125 0.5130208333333334 0.5009765625 0.5130208333333334 0.494140625 0.5052083333333334 0.5078125 0.4791666666666667 0.5087890625 0.4622395833333333 0.51171875 0.4518229166666667 0.5146484375 0.44921875 0.537109375 0.4518229166666667 0.556640625 0.4309895833333333 0.5595703125 0.4309895833333333
0 0.4560546875 0.328125 0.474609375 0.33984375 0.4970703125 0.3684895833333333 0.5048828125 0.3854166666666667 0.5087890625 0.3997395833333333 0.5107421875 0.4283854166666667 0.5009765625 0.47265625 0.4794921875 0.5052083333333334 0.4697265625 0.5130208333333334 0.4384765625 0.5234375 0.4189453125 0.5234375 0.4111328125 0.5208333333333334 0.396484375 0.5104166666666666 0.37890625 0.48828125 0.369140625 0.4700520833333333 0.3662109375 0.4596354166666667 0.3662109375 0.4088541666666667 0.3740234375 0.3763020833333333 0.3798828125 0.36328125 0.3935546875 0.3463541666666667 0.4140625 0.3307291666666667 0.423828125 0.3268229166666667 0.455078125 0.328125
0 0.693359375 0.11197916666666667 0.71875 0.12890625 0.7333984375 0.1484375 0.73828125 0.15885416666666666 0.7431640625 0.17838541666666666 0.7431640625 0.20052083333333334 0.7412109375 0.21354166666666666 0.734375 0.22395833333333334 0.720703125 0.21484375 0.66796875 0.19270833333333334 0.630859375 0.1953125 0.619140625 0.203125 0.623046875 0.16276041666666666 0.6259765625 0.15494791666666666 0.63671875 0.140625 0.669921875 0.12239583333333333 0.6796875 0.11197916666666667 0.6923828125 0.11197916666666667