0 0.78515625 0.21223958333333334 0.7978515625 0.21484375 0.8076171875 0.22005208333333334 0.83203125 0.2526041666666667 0.8388671875 0.27734375 0.8388671875 0.3268229166666667 0.8408203125 0.33984375 0.837890625 0.3450520833333333 0.8271484375 0.3502604166666667 0.814453125 0.3658854166666667 0.8017578125 0.3763020833333333 0.7880859375 0.3815104166666667 0.7646484375 0.3854166666666667 0.73828125 0.3763020833333333 0.7216796875 0.3619791666666667 0.7109375 0.3385416666666667 0.7041015625 0.27734375 0.7060546875 0.2708333333333333 0.7236328125 0.24479166666666666 0.740234375 0.23307291666666666 0.7509765625 0.22135416666666666 0.7685546875 0.21354166666666666 0.7841796875 0.21223958333333334
0 0.6689453125 0.013020833333333334 0.6767578125 0.024739583333333332 0.68359375 0.028645833333333332 0.689453125 0.028645833333333332 0.7021484375 0.020833333333333332 0.7060546875 0.020833333333333332 0.7099609375 0.02734375 0.712890625 0.02734375 0.71875 0.020833333333333332 0.7236328125 0.020833333333333332 0.7275390625 0.040364583333333336 0.7255859375 0.08463541666666667 0.7138671875 0.12369791666666667 0.693359375 0.14453125 0.671875 0.15755208333333334 0.662109375 0.15625 0.66015625 0.12239583333333333 0.6474609375 0.09375 0.634765625 0.078125 0.623046875 0.0703125 0.6240234375 0.0625 0.63671875 0.040364583333333336 0.6611328125 0.016927083333333332 0.66796875 0.013020833333333334
0 0.7490234375 0.6263020833333334 0.7626953125 0.6315104166666666 0.7802734375 0.6328125 0.802734375 0.6432291666666666 0.8203125 0.6627604166666666 0.826171875 0.6809895833333334 0.8291015625 0.7174479166666666 0.8251953125 0.7421875 0.81640625 0.76171875 0.806640625 0.7760416666666666 0.7890625 0.7877604166666666 0.763671875 0.7864583333333334 0.7265625 0.7708333333333334 0.7099609375 0.7526041666666666 0.7021484375 0.72265625 0.701171875 0.7057291666666666 0.703125 0.6927083333333334 0.70703125 0.671875 0.7119140625 0.66015625 0.724609375 0.640625 0.740234375 0.62890625 0.748046875 0.6263020833333334
0 0.80078125 0.4440104166666667 0.828125 0.4635416666666667 0.8427734375 0.484375 0.8515625 0.50390625 0.857421875 0.5325520833333334 0.8564453125 0.5598958333333334 0.837890625 0.6028645833333334 0.810546875 0.625 0.8037109375 0.6276041666666666 0.7646484375 0.6263020833333334 0.740234375 0.6158854166666666 0.7275390625 0.6028645833333334 0.7216796875 0.5950520833333334 0.7099609375 0.5690104166666666 0.705078125 0.5377604166666666 0.705078125 0.5208333333333334 0.70703125 0.5143229166666666 0.6982421875 0.5078125 0.69921875 0.4934895833333333 0.7197265625 0.4791666666666667 0.7353515625 0.4557291666666667 0.7490234375 0.4440104166666667 0.767578125 0.44140625 0.7939453125 0.44140625 0.7998046875 0.4440104166666667
0 0.3525390625 0.6458333333333334 0.375 0.6575520833333334 0.392578125 0.6809895833333334 0.4013671875 0.7109375 0.40234375 0.7317708333333334 0.400390625 0.7486979166666666 0.3876953125 0.7786458333333334 0.369140625 0.8033854166666666 0.34765625 0.81640625 0.3193359375 0.8190104166666666 0.3076171875 0.8294270833333334 0.2939453125 0.82421875 0.294921875 0.8203125 0.3017578125 0.8190104166666666 0.3037109375 0.8111979166666666 0.2978515625 0.8020833333333334 0.28515625 0.7903645833333334 0.275390625 0.7734375 0.2734375 0.7513020833333334 0.275390625 0.7213541666666666 0.2861328125 0.6875 0.306640625 0.65625 0.318359375 0.6536458333333334 0.3310546875 0.6458333333333334 0.3515625 0.6458333333333334
0 0.3330078125 0.4466145833333333 0.3544921875 0.4505208333333333 0.380859375 0.4713541666666667 0.3916015625 0.4856770833333333 0.3984375 0.5013020833333334 0.40625 0.5403645833333334 0.40625 0.5520833333333334 0.3955078125 0.5833333333333334 0.388671875 0.5963541666666666 0.37890625 0.609375 0.3681640625 0.6184895833333334 0.341796875 0.6302083333333334 0.3173828125 0.62890625 0.298828125 0.6236979166666666 0.28515625 0.6158854166666666 0.271484375 0.6028645833333334 0.2607421875 0.5846354166666666 0.251953125 0.5794270833333334 0.2421875 0.5611979166666666 0.2421875 0.5559895833333334 0.248046875 0.5442708333333334 0.2509765625 0.5260416666666666 0.255859375 0.5221354166666666 0.255859375 0.5169270833333334 0.2685546875 0.4895833333333333 0.2802734375 0.47265625 0.2919921875 0.4609375 0.30078125 0.4557291666666667 0.328125 0.4453125 0.33203125 0.4466145833333333
0 0.369140625 0.21354166666666666 0.3779296875 0.21614583333333334 0.3955078125 0.22916666666666666 0.4111328125 0.24739583333333334 0.4208984375 0.2708333333333333 0.423828125 0.29296875 0.423828125 0.3151041666666667 0.4189453125 0.3450520833333333 0.4111328125 0.3645833333333333 0.4033203125 0.3736979166666667 0.3837890625 0.3893229166666667 0.365234375 0.39453125 0.3447265625 0.3919270833333333 0.328125 0.3854166666666667 0.3173828125 0.3776041666666667 0.3037109375 0.3619791666666667 0.2919921875 0.3359375 0.2861328125 0.3111979166666667 0.28515625 0.296875 0.287109375 0.2825520833333333 0.298828125 0.2513020833333333 0.32421875 0.22395833333333334 0.349609375 0.21484375 0.3681640625 0.21354166666666666
0 0.6396484375 0.5572916666666666 0.66015625 0.5638020833333334 0.6748046875 0.5768229166666666 0.6845703125 0.5911458333333334 0.697265625 0.62890625 0.701171875 0.6614583333333334 0.7001953125 0.6888020833333334 0.6943359375 0.71875 0.693359375 0.7395833333333334 0.6767578125 0.7682291666666666 0.6748046875 0.7825520833333334 0.6630859375 0.7864583333333334 0.658203125 0.8033854166666666 0.6455078125 0.8072916666666666 0.6435546875 0.8072916666666666 0.6396484375 0.7981770833333334 0.6328125 0.7955729166666666 0.630859375 0.7916666666666666 0.6162109375 0.7903645833333334 0.607421875 0.7864583333333334 0.595703125 0.7734375 0.576171875 0.7643229166666666 0.5673828125 0.7565104166666666 0.5537109375 0.7265625 0.546875 0.6927083333333334 0.546875 0.67578125 0.541015625 0.6614583333333334 0.54296875 0.6236979166666666 0.5478515625 0.609375 0.5634765625 0.58984375 0.5830078125 0.5703125 0.6064453125 0.55859375 0.638671875 0.5572916666666666
0 0.513671875 0.3567708333333333 0.5400390625 0.3684895833333333 0.560546875 0.3854166666666667 0.5703125 0.3997395833333333 0.5830078125 0.4309895833333333 0.587890625 0.453125 0.5908203125 0.4817708333333333 0.5908203125 0.4973958333333333 0.587890625 0.5143229166666666 0.5810546875 0.5403645833333334 0.5751953125 0.5533854166666666 0.5673828125 0.5651041666666666 0.5556640625 0.5768229166666666 0.5546875 0.5872395833333334 0.552734375 0.58984375 0.54296875 0.5885416666666666 0.53125 0.5989583333333334 0.51953125 0.6041666666666666 0.4912109375 0.6028645833333334 0.462890625 0.5846354166666666 0.4443359375 0.5598958333333334 0.4345703125 0.5338541666666666 0.4326171875 0.5130208333333334 0.4267578125 0.5026041666666666 0.4326171875 0.44140625 0.44140625 0.421875 0.44921875 0.3919270833333333 0.4560546875 0.3919270833333333 0.4765625 0.3828125 0.4951171875 0.3684895833333333 0.5009765625 0.35546875 0.5126953125 0.3567708333333333
0 0.5029296875 0.6588541666666666 0.5234375 0.6640625 0.533203125 0.6731770833333334 0.5419921875 0.6875 0.546875 0.70703125 0.548828125 0.7265625 0.5478515625 0.7486979166666666 0.5517578125 0.76171875 0.5517578125 0.7721354166666666 0.5478515625 0.7786458333333334 0.541015625 0.78125 0.525390625 0.8072916666666666 0.498046875 0.82421875 0.486328125 0.82421875 0.4736328125 0.8203125 0.44140625 0.79296875 0.4404296875 0.78515625 0.443359375 0.7734375 0.4404296875 0.7604166666666666 0.4404296875 0.734375 0.4443359375 0.7057291666666666 0.4501953125 0.6875 0.45703125 0.68359375 0.4638671875 0.671875 0.4736328125 0.6614583333333334 0.501953125 0.6588541666666666
0 0.66796875 0.018229166666666668 0.6767578125 0.02734375 0.6845703125 0.03125 0.6904296875 0.03125 0.7041015625 0.024739583333333332 0.7060546875 0.026041666666666668 0.7060546875 0.032552083333333336 0.7080078125 0.03515625 0.71484375 0.03515625 0.7158203125 0.029947916666666668 0.7197265625 0.026041666666666668 0.7236328125 0.028645833333333332 0.7265625 0.046875 0.724609375 0.055989583333333336 0.724609375 0.07682291666666667 0.720703125 0.09765625 0.7138671875 0.10807291666666667 0.712890625 0.12109375 0.7060546875 0.13020833333333334 0.6748046875 0.15364583333333334 0.6650390625 0.15364583333333334 0.6640625 0.1484375 0.66015625 0.1484375 0.6591796875 0.16796875 0.6611328125 0.1796875 0.65625 0.20052083333333334 0.6435546875 0.22005208333333334 0.634765625 0.24088541666666666 0.6201171875 0.2565104166666667 0.6083984375 0.265625 0.5947265625 0.2708333333333333 0.5810546875 0.2799479166666667 0.5634765625 0.2825520833333333 0.54296875 0.28125 0.5361328125 0.2877604166666667 0.525390625 0.2877604166666667 0.525390625 0.27734375 0.5048828125 0.265625 0.4873046875 0.24609375 0.4833984375 0.24348958333333334 0.48046875 0.24479166666666666 0.4765625 0.24088541666666666 0.4794921875 0.2265625 0.4716796875 0.20442708333333334 0.4716796875 0.1640625 0.48828125 0.12630208333333334 0.501953125 0.10286458333333333 0.5166015625 0.08333333333333333 0.5361328125 0.06640625 0.5517578125 0.05859375 0.5712890625 0.055989583333333336 0.6015625 0.05859375 0.6162109375 0.06901041666666667 0.623046875 0.0703125 0.62890625 0.055989583333333336 0.6396484375 0.0390625 0.662109375 0.018229166666666668 0.6669921875 0.018229166666666668
0 0.6611328125 0.3294270833333333 0.6787109375 0.3333333333333333 0.7021484375 0.3502604166666667 0.7197265625 0.37890625 0.7255859375 0.4036458333333333 0.7216796875 0.4466145833333333 0.70703125 0.4791666666666667 0.6904296875 0.4947916666666667 0.6708984375 0.5026041666666666 0.646484375 0.5 0.6220703125 0.4830729166666667 0.6162109375 0.4752604166666667 0.60546875 0.4518229166666667 0.6005859375 0.4348958333333333 0.5986328125 0.4192708333333333 0.6015625 0.3854166666666667 0.6083984375 0.3671875 0.6181640625 0.3502604166666667 0.6240234375 0.34375 0.63671875 0.3359375 0.66015625 0.3294270833333333