0 0.83203125 0.22395833333333334 0.8603515625 0.234375 0.873046875 0.24479166666666666 0.88671875 0.2513020833333333 0.908203125 0.2708333333333333 0.9443359375 0.2890625 0.947265625 0.29296875 0.9423828125 0.3138020833333333 0.9091796875 0.3658854166666667 0.9033203125 0.3828125 0.8876953125 0.4153645833333333 0.8779296875 0.4283854166666667 0.8642578125 0.4388020833333333 0.837890625 0.4505208333333333 0.81640625 0.4505208333333333 0.7861328125 0.4361979166666667 0.75 0.3984375 0.740234375 0.3854166666666667 0.734375 0.3723958333333333 0.7314453125 0.3580729166666667 0.7314453125 0.3450520833333333 0.7421875 0.3138020833333333 0.7451171875 0.29296875 0.7607421875 0.2565104166666667 0.7724609375 0.24348958333333334 0.78515625 0.23567708333333334 0.8125 0.23046875 0.8310546875 0.22395833333333334
0 0.7236328125 0.40234375 0.7548828125 0.4153645833333333 0.7744140625 0.43359375 0.7861328125 0.44921875 0.8017578125 0.4817708333333333 0.8193359375 0.5052083333333334 0.826171875 0.5221354166666666 0.826171875 0.5403645833333334 0.818359375 0.5859375 0.8037109375 0.62890625 0.794921875 0.6471354166666666 0.7783203125 0.6705729166666666 0.763671875 0.68359375 0.75390625 0.6901041666666666 0.73046875 0.6966145833333334 0.7021484375 0.6927083333333334 0.6875 0.6848958333333334 0.6591796875 0.6640625 0.6533203125 0.6549479166666666 0.650390625 0.64453125 0.66796875 0.6002604166666666 0.671875 0.57421875 0.67578125 0.5638020833333334 0.6767578125 0.5299479166666666 0.6796875 0.5221354166666666 0.6826171875 0.4674479166666667 0.6806640625 0.41015625 0.6875 0.4036458333333333 0.697265625 0.4010416666666667 0.72265625 0.40234375
0 0.2158203125 0.5455729166666666 0.23828125 0.5494791666666666 0.2548828125 0.5598958333333334 0.2626953125 0.5598958333333334 0.2646484375 0.5638020833333334 0.2802734375 0.5729166666666666 0.296875 0.5729166666666666 0.306640625 0.5768229166666666 0.3212890625 0.5963541666666666 0.3447265625 0.60546875 0.3544921875 0.6067708333333334 0.3828125 0.6223958333333334 0.3896484375 0.6380208333333334 0.3984375 0.6484375 0.400390625 0.6549479166666666 0.4072265625 0.6640625 0.4111328125 0.6783854166666666 0.4111328125 0.69140625 0.408203125 0.7057291666666666 0.4111328125 0.7239583333333334 0.4072265625 0.73828125 0.40234375 0.7473958333333334 0.388671875 0.76171875 0.3818359375 0.7747395833333334 0.380859375 0.7903645833333334 0.373046875 0.8255208333333334 0.37109375 0.8619791666666666 0.35546875 0.91015625 0.341796875 0.9375 0.3349609375 0.9739583333333334 0.330078125 0.9739583333333334 0.330078125 0.9596354166666666 0.326171875 0.953125 0.3193359375 0.9609375 0.314453125 0.9739583333333334 0.3095703125 0.98046875 0.30859375 0.98828125 0.3115234375 0.9908854166666666 0.3095703125 0.9947916666666666 0.2880859375 0.99609375 0.2861328125 0.9986979166666666 0.1474609375 0.9986979166666666 0.115234375 0.9778645833333334 0.0947265625 0.9609375 0.087890625 0.9583333333333334 0.06640625 0.9596354166666666 0.056640625 0.9557291666666666 0.0458984375 0.9440104166666666 0.037109375 0.92578125 0.025390625 0.91015625 0.025390625 0.9010416666666666 0.0302734375 0.87890625 0.0400390625 0.84375 0.0380859375 0.7916666666666666 0.0458984375 0.73046875 0.0537109375 0.7057291666666666 0.076171875 0.65625 0.1123046875 0.6028645833333334 0.1376953125 0.5768229166666666 0.15625 0.5638020833333334 0.1728515625 0.5559895833333334 0.2001953125 0.546875 0.21484375 0.5455729166666666
0 0.521484375 0 0.73828125 0 0.7421875 0.0026041666666666665 0.7431640625 0.0078125 0.7548828125 0.022135416666666668 0.7578125 0.040364583333333336 0.7568359375 0.055989583333333336 0.75 0.06510416666666667 0.7431640625 0.09895833333333333 0.7373046875 0.1171875 0.716796875 0.14583333333333334 0.7099609375 0.14713541666666666 0.677734375 0.10286458333333333 0.666015625 0.09375 0.6494140625 0.08984375 0.642578125 0.08463541666666667 0.638671875 0.07682291666666667 0.626953125 0.06901041666666667 0.6181640625 0.06510416666666667 0.587890625 0.061197916666666664 0.5771484375 0.061197916666666664 0.5498046875 0.0703125 0.5439453125 0.06901041666666667 0.5302734375 0.041666666666666664 0.521484375 0.0013020833333333333
0 0.296875 0 0.3701171875 0 0.3720703125 0.0026041666666666665 0.3779296875 0 0.412109375 0 0.416015625 0.013020833333333334 0.4189453125 0.0390625 0.41796875 0.05859375 0.4130859375 0.07942708333333333 0.4033203125 0.10416666666666667 0.3955078125 0.1328125 0.384765625 0.15104166666666666 0.34375 0.17708333333333334 0.322265625 0.18229166666666666 0.3056640625 0.18229166666666666 0.2978515625 0.17838541666666666 0.2900390625 0.1640625 0.27734375 0.1484375 0.271484375 0.12890625 0.2666015625 0.12109375 0.2529296875 0.11197916666666667 0.23828125 0.11458333333333333 0.2314453125 0.10807291666666667 0.2216796875 0.10807291666666667 0.21484375 0.10026041666666667 0.205078125 0.09765625 0.1884765625 0.08333333333333333 0.1845703125 0.07682291666666667 0.1806640625 0.044270833333333336 0.1826171875 0.020833333333333332 0.189453125 0 0.2314453125 0 0.2333984375 0.0026041666666666665 0.23828125 0.0026041666666666665 0.240234375 0 0.2744140625 0 0.275390625 0.0026041666666666665 0.2890625 0.00390625 0.296875 0.0013020833333333333
0 0.5263671875 0.234375 0.5673828125 0.24348958333333334 0.603515625 0.2630208333333333 0.6142578125 0.2760416666666667 0.62109375 0.2799479166666667 0.62109375 0.2890625 0.623046875 0.2916666666666667 0.64453125 0.2994791666666667 0.6533203125 0.3098958333333333 0.65625 0.3359375 0.662109375 0.3450520833333333 0.66796875 0.36328125 0.677734375 0.41015625 0.6796875 0.4453125 0.677734375 0.5013020833333334 0.6748046875 0.5221354166666666 0.669921875 0.5260416666666666 0.66796875 0.53515625 0.6669921875 0.5598958333333334 0.6689453125 0.578125 0.6650390625 0.5963541666666666 0.658203125 0.6158854166666666 0.6416015625 0.6432291666666666 0.640625 0.6484375 0.623046875 0.671875 0.59375 0.7018229166666666 0.5546875 0.7239583333333334 0.5283203125 0.7330729166666666 0.494140625 0.7330729166666666 0.48046875 0.7369791666666666 0.4619140625 0.73046875 0.4521484375 0.73046875 0.4248046875 0.72265625 0.41796875 0.7057291666666666 0.41796875 0.6809895833333334 0.4150390625 0.66796875 0.4033203125 0.64453125 0.3935546875 0.6315104166666666 0.390625 0.6171875 0.38671875 0.6145833333333334 0.3837890625 0.6080729166666666 0.3701171875 0.6041666666666666 0.361328125 0.59375 0.3486328125 0.5950520833333334 0.330078125 0.5911458333333334 0.2978515625 0.55859375 0.29296875 0.5442708333333334 0.2861328125 0.4921875 0.2900390625 0.4140625 0.296875 0.3893229166666667 0.2998046875 0.3645833333333333 0.3037109375 0.35546875 0.3115234375 0.34765625 0.3125 0.3385416666666667 0.3173828125 0.3307291666666667 0.3193359375 0.3203125 0.33984375 0.2890625 0.3603515625 0.265625 0.3818359375 0.2513020833333333 0.38671875 0.2513020833333333 0.3935546875 0.2578125 0.4189453125 0.24479166666666666 0.447265625 0.23567708333333334 0.501953125 0.23307291666666666 0.525390625 0.234375
0 0.0029296875 0 0.0986328125 0 0.0986328125 0.016927083333333332 0.091796875 0.046875 0.0859375 0.059895833333333336 0.07421875 0.07682291666666667 0.046875 0.1015625 0.00390625 0.125 0 0.125 0 0.0026041666666666665 0.0029296875 0.0013020833333333333
0 0.4150390625 0 0.509765625 0 0.509765625 0.00390625 0.498046875 0.032552083333333336 0.48046875 0.046875 0.4541015625 0.055989583333333336 0.427734375 0.05078125 0.421875 0.046875 0.4189453125 0.016927083333333332 0.4150390625 0.0013020833333333333
0 0.611328125 0.06901041666666667 0.6259765625 0.07421875 0.6455078125 0.09375 0.6640625 0.09765625 0.671875 0.10286458333333333 0.701171875 0.14322916666666666 0.7080078125 0.1640625 0.7099609375 0.16666666666666666 0.7177734375 0.16666666666666666 0.7177734375 0.18229166666666666 0.7197265625 0.18489583333333334 0.7177734375 0.203125 0.720703125 0.234375 0.7177734375 0.2708333333333333 0.712890625 0.28515625 0.7021484375 0.2942708333333333 0.6923828125 0.3216145833333333 0.677734375 0.33984375 0.6689453125 0.3385416666666667 0.6669921875 0.3359375 0.6630859375 0.3151041666666667 0.654296875 0.30078125 0.63671875 0.2890625 0.630859375 0.2799479166666667 0.619140625 0.2721354166666667 0.6083984375 0.2565104166666667 0.5927734375 0.24609375 0.5859375 0.23828125 0.55859375 0.23307291666666666 0.5419921875 0.23307291666666666 0.5146484375 0.2265625 0.4931640625 0.22786458333333334 0.4873046875 0.2265625 0.4853515625 0.22135416666666666 0.484375 0.20703125 0.486328125 0.20182291666666666 0.4873046875 0.17838541666666666 0.4931640625 0.14973958333333334 0.5087890625 0.11328125 0.5224609375 0.09375 0.5439453125 0.078125 0.5693359375 0.06770833333333333 0.5849609375 0.06640625 0.6103515625 0.06901041666666667
0 0.55078125 0.7356770833333334 0.5634765625 0.74609375 0.5888671875 0.7734375 0.6123046875 0.8046875 0.6171875 0.828125 0.6171875 0.8515625 0.61328125 0.89453125 0.591796875 0.9544270833333334 0.58203125 0.96484375 0.572265625 0.98046875 0.560546875 0.9869791666666666 0.55078125 0.98828125 0.53515625 0.9986979166666666 0.4599609375 0.9986979166666666 0.4560546875 0.99609375 0.4521484375 0.98828125 0.455078125 0.9596354166666666 0.4482421875 0.9440104166666666 0.4453125 0.921875 0.4453125 0.9036458333333334 0.44921875 0.87890625 0.458984375 0.8528645833333334 0.458984375 0.84765625 0.455078125 0.8385416666666666 0.455078125 0.8268229166666666 0.462890625 0.8020833333333334 0.478515625 0.76953125 0.4794921875 0.74609375 0.4892578125 0.7408854166666666 0.5185546875 0.7408854166666666 0.5419921875 0.734375 0.5498046875 0.7356770833333334
0 0.13671875 0.10026041666666667 0.1513671875 0.109375 0.166015625 0.11197916666666667 0.181640625 0.12369791666666667 0.1953125 0.12890625 0.220703125 0.14453125 0.248046875 0.17708333333333334 0.2734375 0.23046875 0.2744140625 0.24088541666666666 0.287109375 0.2825520833333333 0.291015625 0.3111979166666667 0.2900390625 0.3619791666666667 0.2822265625 0.3893229166666667 0.279296875 0.4114583333333333 0.2734375 0.4270833333333333 0.2607421875 0.44140625 0.23828125 0.4752604166666667 0.2080078125 0.5026041666666666 0.1953125 0.5104166666666666 0.1552734375 0.5260416666666666 0.1259765625 0.5234375 0.1025390625 0.5169270833333334 0.0751953125 0.50390625 0.0673828125 0.4921875 0.0595703125 0.4921875 0.0224609375 0.4427083333333333 0.009765625 0.4075520833333333 0.0029296875 0.3815104166666667 0 0.3776041666666667 0 0.234375 0.001953125 0.23307291666666666 0.00390625 0.22135416666666666 0.0107421875 0.20182291666666666 0.04296875 0.15364583333333334 0.06640625 0.13020833333333334 0.11328125 0.10026041666666667 0.1357421875 0.10026041666666667