0 0.4482421875 0.5494791666666666 0.4736328125 0.5481770833333334 0.48828125 0.55078125 0.5126953125 0.56640625 0.5224609375 0.578125 0.53125 0.5950520833333334 0.541015625 0.6236979166666666 0.5458984375 0.6510416666666666 0.5458984375 0.6731770833333334 0.5390625 0.7135416666666666 0.533203125 0.7291666666666666 0.5224609375 0.7486979166666666 0.51953125 0.7591145833333334 0.515625 0.7643229166666666 0.48828125 0.7864583333333334 0.47265625 0.7916666666666666 0.451171875 0.7903645833333334 0.4306640625 0.7799479166666666 0.41015625 0.7513020833333334 0.3935546875 0.71875 0.3935546875 0.6822916666666666 0.3896484375 0.67578125 0.3837890625 0.6731770833333334 0.3828125 0.66796875 0.388671875 0.66015625 0.3994140625 0.6197916666666666 0.4033203125 0.5950520833333334 0.4091796875 0.5885416666666666 0.427734375 0.5794270833333334 0.4384765625 0.5690104166666666 0.443359375 0.5638020833333334 0.4482421875 0.55078125
0 0.587890625 0.14713541666666666 0.5966796875 0.15755208333333334 0.607421875 0.15885416666666666 0.623046875 0.15234375 0.62890625 0.16145833333333334 0.6328125 0.16015625 0.640625 0.15104166666666666 0.6435546875 0.15625 0.6474609375 0.17838541666666666 0.6474609375 0.21354166666666666 0.638671875 0.24088541666666666 0.63671875 0.25390625 0.62890625 0.265625 0.61328125 0.2786458333333333 0.60546875 0.2903645833333333 0.5947265625 0.2955729166666667 0.5869140625 0.2942708333333333 0.5771484375 0.26953125 0.5556640625 0.24609375 0.54296875 0.23697916666666666 0.541015625 0.23177083333333334 0.544921875 0.20182291666666666 0.5537109375 0.18098958333333334 0.5654296875 0.1640625 0.58203125 0.1484375 0.5869140625 0.14713541666666666
0 0.5087890625 0.2265625 0.537109375 0.23697916666666666 0.564453125 0.2591145833333333 0.5751953125 0.2721354166666667 0.5849609375 0.2981770833333333 0.5859375 0.3359375 0.5888671875 0.34375 0.5888671875 0.3502604166666667 0.5859375 0.3697916666666667 0.58203125 0.3815104166666667 0.576171875 0.3893229166666667 0.5703125 0.41015625 0.55859375 0.4283854166666667 0.5361328125 0.4479166666666667 0.50390625 0.4609375 0.498046875 0.4609375 0.482421875 0.4544270833333333 0.4697265625 0.4544270833333333 0.431640625 0.4296875 0.423828125 0.41796875 0.41796875 0.3997395833333333 0.40625 0.3763020833333333 0.404296875 0.3671875 0.404296875 0.34765625 0.4150390625 0.3098958333333333 0.427734375 0.27734375 0.4462890625 0.25 0.4755859375 0.22916666666666666 0.5078125 0.2265625
0 0.708984375 0.7630208333333334 0.7158203125 0.765625 0.7412109375 0.765625 0.7529296875 0.7708333333333334 0.7705078125 0.7890625 0.77734375 0.8151041666666666 0.77734375 0.8411458333333334 0.7744140625 0.86328125 0.759765625 0.8984375 0.7548828125 0.9036458333333334 0.7353515625 0.9049479166666666 0.7119140625 0.9036458333333334 0.6923828125 0.8971354166666666 0.67578125 0.87890625 0.6640625 0.8515625 0.6640625 0.8203125 0.673828125 0.78125 0.685546875 0.7669270833333334 0.6962890625 0.76171875 0.7080078125 0.7630208333333334
0 0.7353515625 0.5794270833333334 0.7568359375 0.5911458333333334 0.7734375 0.609375 0.7861328125 0.6302083333333334 0.7958984375 0.6653645833333334 0.7958984375 0.6861979166666666 0.783203125 0.7252604166666666 0.7587890625 0.7526041666666666 0.7392578125 0.76171875 0.716796875 0.76171875 0.701171875 0.7565104166666666 0.6923828125 0.7513020833333334 0.6767578125 0.7356770833333334 0.6669921875 0.7200520833333334 0.6611328125 0.7044270833333334 0.6552734375 0.6731770833333334 0.6474609375 0.6627604166666666 0.646484375 0.6575520833333334 0.6474609375 0.64453125 0.6640625 0.625 0.6640625 0.62109375 0.6728515625 0.6106770833333334 0.69140625 0.6002604166666666 0.6982421875 0.5911458333333334 0.7001953125 0.5846354166666666 0.7216796875 0.5794270833333334 0.734375 0.5794270833333334
0 0.279296875 0.6484375 0.3115234375 0.6549479166666666 0.34375 0.6705729166666666 0.36328125 0.6979166666666666 0.373046875 0.7265625 0.375 0.73828125 0.375 0.7513020833333334 0.3662109375 0.78515625 0.3544921875 0.8098958333333334 0.337890625 0.8294270833333334 0.3203125 0.83984375 0.2998046875 0.84375 0.2763671875 0.8424479166666666 0.2587890625 0.8333333333333334 0.248046875 0.8216145833333334 0.2275390625 0.7916666666666666 0.22265625 0.7734375 0.2236328125 0.75390625 0.2314453125 0.7408854166666666 0.234375 0.72265625 0.244140625 0.7005208333333334 0.255859375 0.68359375 0.2822265625 0.6575520833333334 0.2841796875 0.6536458333333334 0.279296875 0.6536458333333334 0.279296875 0.6497395833333334
0 0.31640625 0.42578125 0.333984375 0.4322916666666667 0.345703125 0.4401041666666667 0.353515625 0.4505208333333333 0.3671875 0.4830729166666667 0.3701171875 0.5 0.3701171875 0.5169270833333334 0.369140625 0.53515625 0.36328125 0.5546875 0.3359375 0.5872395833333334 0.3134765625 0.5963541666666666 0.2783203125 0.5950520833333334 0.2705078125 0.5911458333333334 0.255859375 0.578125 0.2470703125 0.5651041666666666 0.236328125 0.5390625 0.2333984375 0.5260416666666666 0.232421875 0.4973958333333333 0.236328125 0.4830729166666667 0.263671875 0.4388020833333333 0.298828125 0.4231770833333333 0.3115234375 0.4231770833333333 0.3154296875 0.42578125
0 0.7080078125 0.3567708333333333 0.7275390625 0.3619791666666667 0.736328125 0.3671875 0.7568359375 0.3932291666666667 0.7666015625 0.421875 0.7705078125 0.4557291666666667 0.7548828125 0.4895833333333333 0.73828125 0.5104166666666666 0.7265625 0.51953125 0.703125 0.5234375 0.685546875 0.5208333333333334 0.6669921875 0.5091145833333334 0.6591796875 0.5013020833333334 0.6484375 0.4778645833333333 0.6376953125 0.4348958333333333 0.6435546875 0.4166666666666667 0.6533203125 0.3971354166666667 0.6806640625 0.3619791666666667 0.689453125 0.3580729166666667 0.70703125 0.3567708333333333
0 0.599609375 0.7174479166666666 0.623046875 0.7213541666666666 0.63671875 0.734375 0.6455078125 0.7486979166666666 0.6513671875 0.7643229166666666 0.6591796875 0.7955729166666666 0.66015625 0.8294270833333334 0.6552734375 0.859375 0.6572265625 0.8802083333333334 0.6474609375 0.8958333333333334 0.6416015625 0.91015625 0.6435546875 0.921875 0.642578125 0.9296875 0.6396484375 0.93359375 0.625 0.9401041666666666 0.6171875 0.9401041666666666 0.6123046875 0.9283854166666666 0.603515625 0.93359375 0.5849609375 0.9348958333333334 0.5576171875 0.92578125 0.5439453125 0.9153645833333334 0.5380859375 0.9075520833333334 0.525390625 0.8815104166666666 0.5185546875 0.84765625 0.513671875 0.8385416666666666 0.51171875 0.82421875 0.51171875 0.8072916666666666 0.515625 0.7825520833333334 0.5234375 0.7747395833333334 0.5458984375 0.73828125 0.5625 0.72265625 0.5732421875 0.7161458333333334 0.5908203125 0.71484375 0.5986328125 0.7174479166666666
0 0.4951171875 0.8307291666666666 0.5078125 0.83984375 0.5166015625 0.8528645833333334 0.5185546875 0.8671875 0.5234375 0.8828125 0.5234375 0.9114583333333334 0.529296875 0.9283854166666666 0.5302734375 0.9388020833333334 0.5146484375 0.9505208333333334 0.50390625 0.9700520833333334 0.4833984375 0.9817708333333334 0.4453125 0.9817708333333334 0.4345703125 0.97265625 0.427734375 0.9700520833333334 0.4306640625 0.953125 0.4267578125 0.9427083333333334 0.423828125 0.921875 0.42578125 0.90234375 0.4248046875 0.875 0.4306640625 0.8567708333333334 0.4482421875 0.8372395833333334 0.494140625 0.8307291666666666
0 0.623046875 0.15364583333333334 0.6298828125 0.16276041666666666 0.63671875 0.15494791666666666 0.640625 0.15364583333333334 0.646484375 0.17708333333333334 0.646484375 0.21484375 0.6376953125 0.2421875 0.63671875 0.2513020833333333 0.62890625 0.2643229166666667 0.615234375 0.2747395833333333 0.6005859375 0.29296875 0.5869140625 0.29296875 0.583984375 0.2955729166666667 0.5859375 0.3033854166666667 0.5859375 0.3346354166666667 0.5888671875 0.3424479166666667 0.587890625 0.36328125 0.5849609375 0.3763020833333333 0.5751953125 0.3919270833333333 0.572265625 0.40625 0.5673828125 0.4166666666666667 0.5576171875 0.4296875 0.5400390625 0.4453125 0.5048828125 0.4609375 0.4970703125 0.4609375 0.4873046875 0.4557291666666667 0.4658203125 0.453125 0.4345703125 0.4322916666666667 0.4248046875 0.4205729166666667 0.4150390625 0.3932291666666667 0.40625 0.3776041666666667 0.4033203125 0.3541666666666667 0.4072265625 0.3346354166666667 0.419921875 0.2955729166666667 0.431640625 0.26953125 0.447265625 0.24869791666666666 0.4697265625 0.23177083333333334 0.5009765625 0.22526041666666666 0.5400390625 0.23567708333333334 0.5419921875 0.23307291666666666 0.54296875 0.21614583333333334 0.5478515625 0.19401041666666666 0.560546875 0.17057291666666666 0.580078125 0.15104166666666666 0.5869140625 0.1484375 0.5927734375 0.15625 0.6025390625 0.16015625 0.6220703125 0.15364583333333334
0 0.61328125 0.48828125 0.6279296875 0.4934895833333333 0.6376953125 0.5 0.6552734375 0.51953125 0.666015625 0.5481770833333334 0.6669921875 0.57421875 0.6640625 0.59765625 0.6513671875 0.6315104166666666 0.6357421875 0.6471354166666666 0.6123046875 0.6549479166666666 0.591796875 0.6510416666666666 0.5712890625 0.6380208333333334 0.560546875 0.6236979166666666 0.55078125 0.59375 0.5478515625 0.578125 0.5478515625 0.5520833333333334 0.5498046875 0.5403645833333334 0.5625 0.51171875 0.580078125 0.49609375 0.59765625 0.48828125 0.6123046875 0.48828125
0 0.3525390625 0.8515625 0.365234375 0.8606770833333334 0.375 0.8723958333333334 0.3837890625 0.8932291666666666 0.3876953125 0.9153645833333334 0.38671875 0.9388020833333334 0.380859375 0.9596354166666666 0.369140625 0.9817708333333334 0.359375 0.9947916666666666 0.3525390625 0.9986979166666666 0.28515625 0.9986979166666666 0.2783203125 0.9908854166666666 0.2734375 0.98046875 0.2685546875 0.9375 0.2685546875 0.9270833333333334 0.2744140625 0.90234375 0.28515625 0.87890625 0.29296875 0.8684895833333334 0.3017578125 0.8606770833333334 0.3193359375 0.8541666666666666 0.330078125 0.8450520833333334 0.3388671875 0.8450520833333334 0.3515625 0.8515625