0 0.7177734375 0.61328125 0.7451171875 0.62890625 0.7587890625 0.6419270833333334 0.7724609375 0.66015625 0.7822265625 0.6848958333333334 0.7861328125 0.72265625 0.78125 0.7486979166666666 0.7734375 0.76953125 0.7568359375 0.7942708333333334 0.7373046875 0.8125 0.7294921875 0.8229166666666666 0.72265625 0.8346354166666666 0.7236328125 0.8424479166666666 0.7216796875 0.84765625 0.7119140625 0.859375 0.685546875 0.8567708333333334 0.6767578125 0.8424479166666666 0.63671875 0.8385416666666666 0.6083984375 0.82421875 0.5947265625 0.8098958333333334 0.59375 0.8059895833333334 0.6005859375 0.7825520833333334 0.603515625 0.7473958333333334 0.6005859375 0.7096354166666666 0.5908203125 0.6822916666666666 0.5908203125 0.6744791666666666 0.6015625 0.6549479166666666 0.6201171875 0.6302083333333334 0.6455078125 0.61328125 0.65625 0.609375 0.7021484375 0.609375 0.716796875 0.61328125
0 0.498046875 0.4700520833333333 0.505859375 0.47265625 0.51953125 0.4830729166666667 0.5302734375 0.4973958333333333 0.5341796875 0.5065104166666666 0.54296875 0.515625 0.54296875 0.53125 0.548828125 0.5533854166666666 0.5498046875 0.5690104166666666 0.5478515625 0.5950520833333334 0.5419921875 0.6106770833333334 0.5361328125 0.6197916666666666 0.515625 0.6184895833333334 0.4912109375 0.6236979166666666 0.4619140625 0.6458333333333334 0.455078125 0.6458333333333334 0.4453125 0.6393229166666666 0.431640625 0.62109375 0.4306640625 0.5859375 0.423828125 0.5442708333333334 0.4248046875 0.5208333333333334 0.4365234375 0.49609375 0.4501953125 0.48046875 0.474609375 0.4700520833333333 0.4970703125 0.4700520833333333
0 0.2958984375 0.2994791666666667 0.32421875 0.3125 0.33203125 0.3229166666666667 0.3330078125 0.328125 0.3310546875 0.3346354166666667 0.3232421875 0.3359375 0.322265625 0.33984375 0.3330078125 0.359375 0.3427734375 0.41015625 0.3505859375 0.4283854166666667 0.33984375 0.4296875 0.3271484375 0.42578125 0.3125 0.42578125 0.2822265625 0.44140625 0.2763671875 0.4388020833333333 0.267578125 0.4244791666666667 0.25390625 0.390625 0.25 0.3776041666666667 0.25 0.37109375 0.2587890625 0.3671875 0.2626953125 0.3619791666666667 0.2666015625 0.3463541666666667 0.265625 0.3294270833333333 0.271484375 0.3177083333333333 0.271484375 0.3033854166666667 0.2783203125 0.2994791666666667 0.294921875 0.2994791666666667
0 0.8359375 0.3541666666666667 0.861328125 0.3697916666666667 0.8759765625 0.3841145833333333 0.90234375 0.4231770833333333 0.900390625 0.4557291666666667 0.890625 0.4856770833333333 0.8828125 0.5013020833333334 0.8583984375 0.5325520833333334 0.8515625 0.5377604166666666 0.8369140625 0.54296875 0.81640625 0.54296875 0.8076171875 0.5390625 0.7900390625 0.5286458333333334 0.7724609375 0.51171875 0.7685546875 0.5026041666666666 0.7685546875 0.4661458333333333 0.7626953125 0.4440104166666667 0.7626953125 0.41796875 0.7646484375 0.41015625 0.771484375 0.3932291666666667 0.779296875 0.3815104166666667 0.7939453125 0.3645833333333333 0.8017578125 0.359375 0.8203125 0.3515625 0.8349609375 0.3541666666666667
0 0.427734375 0.7239583333333334 0.431640625 0.734375 0.431640625 0.7526041666666666 0.435546875 0.7760416666666666 0.4462890625 0.8098958333333334 0.4609375 0.8346354166666666 0.4716796875 0.8450520833333334 0.4755859375 0.8528645833333334 0.505859375 0.8697916666666666 0.5029296875 0.8815104166666666 0.4892578125 0.8997395833333334 0.466796875 0.9140625 0.4482421875 0.9205729166666666 0.423828125 0.9192708333333334 0.39453125 0.8971354166666666 0.3828125 0.8815104166666666 0.373046875 0.8502604166666666 0.373046875 0.8203125 0.376953125 0.7916666666666666 0.380859375 0.77734375 0.4072265625 0.734375 0.41796875 0.7252604166666666 0.4267578125 0.7239583333333334
0 0.326171875 0.4296875 0.357421875 0.4388020833333333 0.38671875 0.4596354166666667 0.4091796875 0.4934895833333333 0.4208984375 0.5286458333333334 0.421875 0.5572916666666666 0.4267578125 0.578125 0.4287109375 0.6015625 0.427734375 0.6184895833333334 0.41796875 0.6471354166666666 0.4150390625 0.6627604166666666 0.40625 0.6875 0.40234375 0.6927083333333334 0.3837890625 0.7018229166666666 0.3623046875 0.7083333333333334 0.3203125 0.7057291666666666 0.30078125 0.6940104166666666 0.28125 0.671875 0.26171875 0.625 0.2509765625 0.5872395833333334 0.2431640625 0.5481770833333334 0.2421875 0.5221354166666666 0.2451171875 0.5013020833333334 0.2587890625 0.46875 0.2685546875 0.4557291666666667 0.2802734375 0.4453125 0.306640625 0.4309895833333333 0.3251953125 0.4296875
0 0.673828125 0.8515625 0.6865234375 0.86328125 0.7119140625 0.8658854166666666 0.716796875 0.8697916666666666 0.734375 0.9505208333333334 0.734375 0.98828125 0.73046875 0.9986979166666666 0.5927734375 0.9986979166666666 0.5888671875 0.9934895833333334 0.587890625 0.9778645833333334 0.5830078125 0.9544270833333334 0.5830078125 0.9205729166666666 0.587890625 0.90234375 0.59375 0.890625 0.6123046875 0.8671875 0.6357421875 0.8515625 0.66015625 0.8489583333333334 0.6728515625 0.8515625
0 0.68359375 0.37890625 0.701171875 0.3828125 0.7138671875 0.3893229166666667 0.724609375 0.3984375 0.751953125 0.4309895833333333 0.755859375 0.4361979166666667 0.7646484375 0.4817708333333333 0.763671875 0.5013020833333334 0.765625 0.5182291666666666 0.763671875 0.53125 0.7578125 0.5455729166666666 0.7431640625 0.5716145833333334 0.7275390625 0.58984375 0.712890625 0.5989583333333334 0.697265625 0.6028645833333334 0.6669921875 0.6015625 0.66015625 0.5989583333333334 0.640625 0.5807291666666666 0.626953125 0.5833333333333334 0.6162109375 0.5651041666666666 0.5947265625 0.5065104166666666 0.5947265625 0.4713541666666667 0.6015625 0.4388020833333333 0.607421875 0.4270833333333333 0.6318359375 0.3997395833333333 0.6484375 0.38671875 0.671875 0.37890625 0.6826171875 0.37890625
0 0.787109375 0.15494791666666666 0.8125 0.17057291666666666 0.8408203125 0.20833333333333334 0.8486328125 0.2109375 0.853515625 0.22395833333333334 0.8515625 0.23046875 0.8330078125 0.2513020833333333 0.830078125 0.28515625 0.8154296875 0.3138020833333333 0.798828125 0.3307291666666667 0.779296875 0.33984375 0.7646484375 0.3385416666666667 0.75 0.33203125 0.7109375 0.2981770833333333 0.7021484375 0.28515625 0.7001953125 0.2786458333333333 0.697265625 0.24348958333333334 0.708984375 0.22526041666666666 0.716796875 0.19661458333333334 0.7373046875 0.171875 0.7578125 0.15885416666666666 0.76953125 0.15494791666666666 0.7861328125 0.15494791666666666
0 0.4287109375 0.23307291666666666 0.4521484375 0.24348958333333334 0.4697265625 0.2604166666666667 0.46875 0.2708333333333333 0.4755859375 0.2903645833333333 0.478515625 0.3125 0.4814453125 0.36328125 0.470703125 0.3997395833333333 0.451171875 0.4270833333333333 0.4267578125 0.4440104166666667 0.3955078125 0.4505208333333333 0.380859375 0.44921875 0.373046875 0.44140625 0.3583984375 0.4322916666666667 0.3505859375 0.4205729166666667 0.3408203125 0.3893229166666667 0.3369140625 0.3658854166666667 0.3369140625 0.3489583333333333 0.3330078125 0.3385416666666667 0.3330078125 0.3307291666666667 0.33984375 0.3216145833333333 0.33984375 0.3151041666666667 0.3466796875 0.2994791666666667 0.3515625 0.2799479166666667 0.3779296875 0.24739583333333334 0.400390625 0.234375 0.416015625 0.23177083333333334 0.427734375 0.23307291666666666
0 0.5419921875 0.6276041666666666 0.5556640625 0.63671875 0.5693359375 0.6497395833333334 0.5849609375 0.6744791666666666 0.5986328125 0.71484375 0.599609375 0.7643229166666666 0.595703125 0.7877604166666666 0.58984375 0.8059895833333334 0.57421875 0.8294270833333334 0.55078125 0.8502604166666666 0.53125 0.8567708333333334 0.5234375 0.8645833333333334 0.513671875 0.8658854166666666 0.4990234375 0.8619791666666666 0.48046875 0.8489583333333334 0.4765625 0.8489583333333334 0.4736328125 0.8424479166666666 0.46875 0.8411458333333334 0.46484375 0.8359375 0.451171875 0.8138020833333334 0.4453125 0.80078125 0.435546875 0.7630208333333334 0.43359375 0.71875 0.4453125 0.6809895833333334 0.4580078125 0.65625 0.4658203125 0.6458333333333334 0.484375 0.6315104166666666 0.5009765625 0.6236979166666666 0.525390625 0.6223958333333334 0.541015625 0.6276041666666666
0 0.5810546875 0.16796875 0.611328125 0.17838541666666666 0.6298828125 0.19140625 0.6455078125 0.2109375 0.6669921875 0.25390625 0.6689453125 0.2682291666666667 0.6728515625 0.27734375 0.671875 0.3046875 0.685546875 0.3294270833333333 0.685546875 0.3346354166666667 0.67578125 0.3580729166666667 0.6689453125 0.359375 0.66015625 0.3697916666666667 0.65234375 0.3736979166666667 0.6455078125 0.3841145833333333 0.62890625 0.3958333333333333 0.6240234375 0.4036458333333333 0.6044921875 0.4231770833333333 0.583984375 0.4270833333333333 0.5634765625 0.4244791666666667 0.5439453125 0.4166666666666667 0.529296875 0.40625 0.521484375 0.40625 0.5068359375 0.3919270833333333 0.4970703125 0.37890625 0.4873046875 0.3606770833333333 0.4833984375 0.3385416666666667 0.4833984375 0.31640625 0.48046875 0.2981770833333333 0.48046875 0.2890625 0.4892578125 0.24088541666666666 0.4990234375 0.21744791666666666 0.5205078125 0.1875 0.5283203125 0.17838541666666666 0.5478515625 0.16796875 0.5595703125 0.16536458333333334 0.580078125 0.16796875