0 0.279296875 0.34765625 0.2978515625 0.3541666666666667 0.3037109375 0.3580729166666667 0.310546875 0.3684895833333333 0.310546875 0.3919270833333333 0.3154296875 0.4088541666666667 0.318359375 0.43359375 0.3408203125 0.4778645833333333 0.3310546875 0.48046875 0.32421875 0.4778645833333333 0.2958984375 0.4765625 0.2685546875 0.4921875 0.26171875 0.4895833333333333 0.2490234375 0.47265625 0.228515625 0.4296875 0.2275390625 0.4231770833333333 0.2373046875 0.4166666666666667 0.2412109375 0.4088541666666667 0.2431640625 0.3932291666666667 0.2412109375 0.3776041666666667 0.24609375 0.3658854166666667 0.2431640625 0.359375 0.2431640625 0.3528645833333333 0.2470703125 0.3489583333333333 0.2568359375 0.3463541666666667 0.2783203125 0.34765625
0 0.71484375 0.6263020833333334 0.75 0.6393229166666666 0.7724609375 0.6588541666666666 0.791015625 0.6861979166666666 0.7998046875 0.7213541666666666 0.7978515625 0.7578125 0.7861328125 0.7903645833333334 0.76953125 0.8151041666666666 0.751953125 0.8333333333333334 0.7451171875 0.84765625 0.7431640625 0.8606770833333334 0.734375 0.8841145833333334 0.7236328125 0.88671875 0.705078125 0.8841145833333334 0.69921875 0.8776041666666666 0.697265625 0.8697916666666666 0.6923828125 0.8658854166666666 0.677734375 0.8671875 0.65234375 0.8645833333333334 0.630859375 0.8580729166666666 0.6162109375 0.8489583333333334 0.6103515625 0.8424479166666666 0.6103515625 0.8307291666666666 0.6142578125 0.8177083333333334 0.6142578125 0.7734375 0.607421875 0.7408854166666666 0.595703125 0.7122395833333334 0.5986328125 0.69921875 0.611328125 0.6744791666666666 0.6357421875 0.6432291666666666 0.6328125 0.640625 0.6337890625 0.6341145833333334 0.63671875 0.6354166666666666 0.6435546875 0.6302083333333334 0.65625 0.6302083333333334 0.6630859375 0.6276041666666666 0.7138671875 0.6263020833333334
0 0.4833984375 0.5 0.5009765625 0.5026041666666666 0.509765625 0.5078125 0.5263671875 0.5247395833333334 0.5302734375 0.5325520833333334 0.5400390625 0.54296875 0.5400390625 0.5546875 0.5478515625 0.5807291666666666 0.5498046875 0.62109375 0.5419921875 0.6471354166666666 0.5341796875 0.6588541666666666 0.513671875 0.66015625 0.4970703125 0.6653645833333334 0.486328125 0.671875 0.4677734375 0.6888020833333334 0.4599609375 0.6888020833333334 0.447265625 0.6822916666666666 0.4296875 0.6640625 0.427734375 0.6315104166666666 0.41796875 0.5885416666666666 0.4169921875 0.5729166666666666 0.419921875 0.5572916666666666 0.4287109375 0.5338541666666666 0.4404296875 0.5169270833333334 0.466796875 0.5026041666666666 0.482421875 0.5
0 0.4326171875 0.7669270833333334 0.4365234375 0.7708333333333334 0.4375 0.7994791666666666 0.443359375 0.828125 0.4580078125 0.8645833333333334 0.482421875 0.8997395833333334 0.51171875 0.9140625 0.5166015625 0.9192708333333334 0.5126953125 0.9283854166666666 0.50390625 0.9401041666666666 0.4853515625 0.9583333333333334 0.458984375 0.9661458333333334 0.4384765625 0.96484375 0.40625 0.9440104166666666 0.396484375 0.9309895833333334 0.3916015625 0.9205729166666666 0.3837890625 0.89453125 0.3828125 0.8658854166666666 0.388671875 0.8268229166666666 0.4111328125 0.7825520833333334 0.41796875 0.7734375 0.431640625 0.7669270833333334
0 0.3037109375 0.4791666666666667 0.337890625 0.484375 0.3583984375 0.49609375 0.3720703125 0.5 0.3779296875 0.51171875 0.3994140625 0.5416666666666666 0.4091796875 0.5638020833333334 0.423828125 0.6263020833333334 0.42578125 0.6471354166666666 0.4248046875 0.6744791666666666 0.408203125 0.7356770833333334 0.4033203125 0.7421875 0.3857421875 0.7552083333333334 0.357421875 0.7630208333333334 0.3203125 0.76171875 0.296875 0.7486979166666666 0.283203125 0.7356770833333334 0.2578125 0.6861979166666666 0.2314453125 0.6067708333333334 0.2294921875 0.5872395833333334 0.23046875 0.5625 0.2431640625 0.5260416666666666 0.25 0.5143229166666666 0.2626953125 0.5 0.2861328125 0.484375 0.302734375 0.4791666666666667
0 0.6875 0.875 0.7041015625 0.890625 0.7314453125 0.8958333333333334 0.740234375 0.9010416666666666 0.7587890625 0.9713541666666666 0.759765625 0.9934895833333334 0.7578125 0.9986979166666666 0.609375 0.9973958333333334 0.6044921875 0.9817708333333334 0.6025390625 0.9518229166666666 0.60546875 0.93359375 0.615234375 0.91015625 0.6298828125 0.8919270833333334 0.650390625 0.875 0.67578125 0.8723958333333334 0.6865234375 0.875
0 0.6884765625 0.3919270833333333 0.703125 0.3958333333333333 0.716796875 0.4036458333333333 0.7373046875 0.4270833333333333 0.75 0.4361979166666667 0.7548828125 0.4427083333333333 0.76171875 0.4661458333333333 0.763671875 0.4830729166666667 0.7685546875 0.5013020833333334 0.767578125 0.5234375 0.76953125 0.5364583333333334 0.767578125 0.5455729166666666 0.7490234375 0.5833333333333334 0.728515625 0.609375 0.712890625 0.6184895833333334 0.685546875 0.6223958333333334 0.66796875 0.6197916666666666 0.6435546875 0.6028645833333334 0.630859375 0.6028645833333334 0.6259765625 0.6002604166666666 0.6142578125 0.5807291666666666 0.5927734375 0.5325520833333334 0.5908203125 0.5221354166666666 0.5908203125 0.4921875 0.5947265625 0.4635416666666667 0.599609375 0.44921875 0.623046875 0.4192708333333333 0.6435546875 0.3997395833333333 0.65625 0.3932291666666667 0.6875 0.3919270833333333
0 0.4150390625 0.2669270833333333 0.4287109375 0.2721354166666667 0.447265625 0.2877604166666667 0.447265625 0.2994791666666667 0.4521484375 0.3072916666666667 0.45703125 0.3229166666666667 0.466796875 0.39453125 0.4560546875 0.4348958333333333 0.44921875 0.44921875 0.4365234375 0.4661458333333333 0.4111328125 0.484375 0.3828125 0.4908854166666667 0.3681640625 0.4895833333333333 0.3505859375 0.4791666666666667 0.3388671875 0.4674479166666667 0.3271484375 0.4479166666666667 0.318359375 0.4205729166666667 0.3134765625 0.3619791666666667 0.3232421875 0.3372395833333333 0.322265625 0.3203125 0.3310546875 0.3125 0.3359375 0.3033854166666667 0.3544921875 0.28125 0.3681640625 0.2708333333333333 0.3818359375 0.265625 0.408203125 0.2643229166666667 0.4140625 0.2669270833333333
0 0.7724609375 0.14322916666666666 0.796875 0.15364583333333334 0.806640625 0.16276041666666666 0.8310546875 0.1953125 0.833984375 0.19791666666666666 0.8408203125 0.19791666666666666 0.845703125 0.20572916666666666 0.8447265625 0.21744791666666666 0.8291015625 0.23697916666666666 0.8271484375 0.2421875 0.8251953125 0.2747395833333333 0.814453125 0.30078125 0.7998046875 0.3216145833333333 0.7783203125 0.3359375 0.7578125 0.3359375 0.7470703125 0.33203125 0.7080078125 0.3059895833333333 0.6884765625 0.2838541666666667 0.68359375 0.24479166666666666 0.6865234375 0.23697916666666666 0.6943359375 0.2265625 0.703125 0.19010416666666666 0.72265625 0.16536458333333334 0.744140625 0.14973958333333334 0.7607421875 0.14322916666666666 0.771484375 0.14322916666666666
0 0.8349609375 0.34765625 0.861328125 0.3606770833333333 0.8798828125 0.3776041666666667 0.9033203125 0.41015625 0.9072265625 0.4205729166666667 0.90625 0.4440104166666667 0.8994140625 0.4713541666666667 0.884765625 0.50390625 0.8623046875 0.5325520833333334 0.8486328125 0.5416666666666666 0.83984375 0.5442708333333334 0.82421875 0.5442708333333334 0.8095703125 0.5390625 0.7919921875 0.5299479166666666 0.77734375 0.515625 0.7705078125 0.4947916666666667 0.771484375 0.4752604166666667 0.765625 0.46484375 0.76171875 0.4518229166666667 0.7587890625 0.4283854166666667 0.755859375 0.4231770833333333 0.75 0.4244791666666667 0.748046875 0.421875 0.75 0.41796875 0.7578125 0.4166666666666667 0.763671875 0.4088541666666667 0.7685546875 0.3919270833333333 0.79296875 0.359375 0.8212890625 0.3450520833333333 0.833984375 0.34765625
0 0.5361328125 0.6627604166666666 0.546875 0.6666666666666666 0.5703125 0.6822916666666666 0.58984375 0.70703125 0.607421875 0.7486979166666666 0.607421875 0.7578125 0.611328125 0.7760416666666666 0.611328125 0.8072916666666666 0.609375 0.82421875 0.603515625 0.84375 0.5947265625 0.8619791666666666 0.5810546875 0.8802083333333334 0.564453125 0.89453125 0.5498046875 0.90234375 0.5439453125 0.9088541666666666 0.5302734375 0.9140625 0.5185546875 0.9140625 0.484375 0.8971354166666666 0.462890625 0.8684895833333334 0.4521484375 0.8463541666666666 0.4453125 0.8255208333333334 0.439453125 0.79296875 0.4384765625 0.7760416666666666 0.4462890625 0.734375 0.4560546875 0.7109375 0.4658203125 0.6953125 0.4794921875 0.6809895833333334 0.49609375 0.6692708333333334 0.5126953125 0.6640625 0.53515625 0.6627604166666666
0 0.564453125 0.1796875 0.5830078125 0.18359375 0.603515625 0.19270833333333334 0.6162109375 0.20182291666666666 0.6318359375 0.22005208333333334 0.6513671875 0.2552083333333333 0.65625 0.2734375 0.6630859375 0.28515625 0.66015625 0.30078125 0.662109375 0.3151041666666667 0.6767578125 0.3359375 0.6767578125 0.3411458333333333 0.6689453125 0.3645833333333333 0.64453125 0.3854166666666667 0.6298828125 0.4075520833333333 0.6220703125 0.4127604166666667 0.61328125 0.42578125 0.59375 0.4440104166666667 0.5703125 0.44921875 0.5478515625 0.4466145833333333 0.51953125 0.43359375 0.51171875 0.43359375 0.4892578125 0.4153645833333333 0.4755859375 0.3958333333333333 0.470703125 0.3841145833333333 0.4658203125 0.3502604166666667 0.4609375 0.3307291666666667 0.4677734375 0.2630208333333333 0.4775390625 0.23697916666666666 0.49609375 0.20703125 0.5087890625 0.19140625 0.521484375 0.18359375 0.5419921875 0.17838541666666666 0.5634765625 0.1796875