0 0.62890625 0.125 0.6455078125 0.12890625 0.6513671875 0.1328125 0.6640625 0.14583333333333334 0.6708984375 0.1484375 0.6787109375 0.15885416666666666 0.6904296875 0.1875 0.693359375 0.21484375 0.689453125 0.23567708333333334 0.68359375 0.24348958333333334 0.6796875 0.25390625 0.669921875 0.2669270833333333 0.6591796875 0.2760416666666667 0.64453125 0.2942708333333333 0.6201171875 0.30078125 0.6103515625 0.30078125 0.591796875 0.29296875 0.57421875 0.2890625 0.5654296875 0.2721354166666667 0.560546875 0.25 0.556640625 0.24088541666666666 0.5546875 0.22135416666666666 0.55859375 0.21223958333333334 0.55859375 0.19270833333333334 0.5625 0.16927083333333334 0.5771484375 0.14713541666666666 0.5869140625 0.13802083333333334 0.607421875 0.12630208333333334 0.6279296875 0.125
0 0.6806640625 0.52734375 0.69921875 0.5338541666666666 0.7333984375 0.5559895833333334 0.7646484375 0.58984375 0.7685546875 0.5950520833333334 0.7734375 0.609375 0.7724609375 0.6171875 0.7685546875 0.625 0.76953125 0.6627604166666666 0.7646484375 0.70703125 0.75390625 0.7434895833333334 0.7421875 0.7682291666666666 0.7314453125 0.7825520833333334 0.716796875 0.7942708333333334 0.697265625 0.8046875 0.6865234375 0.8072916666666666 0.669921875 0.8072916666666666 0.64453125 0.7994791666666666 0.626953125 0.7864583333333334 0.60546875 0.7591145833333334 0.595703125 0.7578125 0.587890625 0.76171875 0.5810546875 0.7578125 0.5751953125 0.75 0.55859375 0.73828125 0.5537109375 0.7096354166666666 0.5537109375 0.7018229166666666 0.5576171875 0.6927083333333334 0.560546875 0.6744791666666666 0.5693359375 0.6549479166666666 0.572265625 0.6263020833333334 0.580078125 0.59375 0.5869140625 0.578125 0.6103515625 0.5481770833333334 0.626953125 0.5338541666666666 0.65625 0.5260416666666666 0.6796875 0.52734375
0 0.353515625 0.3567708333333333 0.373046875 0.3723958333333333 0.4052734375 0.4127604166666667 0.4228515625 0.4270833333333333 0.42578125 0.4322916666666667 0.4267578125 0.44140625 0.4208984375 0.4505208333333333 0.4189453125 0.4622395833333333 0.4033203125 0.4765625 0.3984375 0.5013020833333334 0.3837890625 0.5338541666666666 0.3681640625 0.546875 0.349609375 0.5533854166666666 0.337890625 0.5520833333333334 0.330078125 0.546875 0.2900390625 0.5325520833333334 0.2783203125 0.5260416666666666 0.267578125 0.51171875 0.2607421875 0.4947916666666667 0.25390625 0.4674479166666667 0.25390625 0.44921875 0.2568359375 0.4270833333333333 0.265625 0.4010416666666667 0.2685546875 0.39453125 0.2841796875 0.3763020833333333 0.2978515625 0.3658854166666667 0.3193359375 0.35546875 0.3525390625 0.3567708333333333
0 0.4052734375 0.053385416666666664 0.41796875 0.055989583333333336 0.421875 0.0625 0.4130859375 0.07942708333333333 0.4052734375 0.11197916666666667 0.4052734375 0.11848958333333333 0.4091796875 0.13151041666666666 0.4111328125 0.203125 0.4072265625 0.20963541666666666 0.392578125 0.21614583333333334 0.3759765625 0.22916666666666666 0.3681640625 0.22135416666666666 0.361328125 0.18359375 0.3515625 0.16145833333333334 0.3505859375 0.14583333333333334 0.345703125 0.125 0.3486328125 0.11328125 0.353515625 0.10416666666666667 0.3623046875 0.09505208333333333 0.3701171875 0.09114583333333333 0.3818359375 0.078125 0.392578125 0.05859375 0.3994140625 0.053385416666666664 0.404296875 0.053385416666666664
0 0.896484375 0.4973958333333333 0.919921875 0.50390625 0.9345703125 0.5130208333333334 0.9501953125 0.5286458333333334 0.96484375 0.5494791666666666 0.978515625 0.5807291666666666 0.9833984375 0.5989583333333334 0.9873046875 0.6276041666666666 0.9892578125 0.6653645833333334 0.9873046875 0.6875 0.9833984375 0.6966145833333334 0.9521484375 0.7096354166666666 0.947265625 0.7161458333333334 0.9443359375 0.73046875 0.93359375 0.734375 0.91015625 0.7552083333333334 0.8935546875 0.7630208333333334 0.875 0.7630208333333334 0.8564453125 0.7552083333333334 0.8408203125 0.7434895833333334 0.81640625 0.7122395833333334 0.8076171875 0.6979166666666666 0.7998046875 0.6770833333333334 0.7880859375 0.66015625 0.7880859375 0.6458333333333334 0.7822265625 0.625 0.78125 0.5950520833333334 0.775390625 0.58984375 0.775390625 0.58203125 0.779296875 0.57421875 0.798828125 0.5598958333333334 0.8037109375 0.5455729166666666 0.8251953125 0.51953125 0.8408203125 0.5169270833333334 0.8603515625 0.5052083333333334 0.875 0.5 0.8955078125 0.4973958333333333
0 0.2900390625 0.5364583333333334 0.30859375 0.54296875 0.33203125 0.5559895833333334 0.35546875 0.5807291666666666 0.3623046875 0.5911458333333334 0.3642578125 0.59765625 0.36328125 0.6341145833333334 0.3662109375 0.65625 0.3701171875 0.6692708333333334 0.37109375 0.6875 0.3798828125 0.7174479166666666 0.3798828125 0.7291666666666666 0.3779296875 0.734375 0.3779296875 0.7526041666666666 0.373046875 0.77734375 0.353515625 0.8190104166666666 0.337890625 0.83984375 0.30859375 0.8658854166666666 0.2880859375 0.8763020833333334 0.267578125 0.8815104166666666 0.25 0.8802083333333334 0.23828125 0.8736979166666666 0.22265625 0.87109375 0.2001953125 0.8619791666666666 0.1875 0.8489583333333334 0.169921875 0.82421875 0.1484375 0.7734375 0.1455078125 0.76171875 0.1455078125 0.7473958333333334 0.1396484375 0.7395833333333334 0.14453125 0.7200520833333334 0.1435546875 0.6953125 0.1484375 0.6822916666666666 0.1494140625 0.6666666666666666 0.1396484375 0.6484375 0.138671875 0.640625 0.1435546875 0.6276041666666666 0.1787109375 0.578125 0.197265625 0.5638020833333334 0.2099609375 0.5494791666666666 0.220703125 0.54296875 0.2578125 0.53515625 0.2890625 0.5364583333333334
0 0.5771484375 0.2942708333333333 0.5966796875 0.2994791666666667 0.6083984375 0.3059895833333333 0.626953125 0.3229166666666667 0.6318359375 0.33203125 0.62890625 0.3502604166666667 0.6318359375 0.375 0.646484375 0.3997395833333333 0.654296875 0.4075520833333333 0.658203125 0.421875 0.658203125 0.4440104166666667 0.654296875 0.4713541666666667 0.650390625 0.4830729166666667 0.63671875 0.5078125 0.6064453125 0.5403645833333334 0.5986328125 0.5455729166666666 0.580078125 0.5494791666666666 0.5625 0.546875 0.5546875 0.5325520833333334 0.544921875 0.5208333333333334 0.5419921875 0.5208333333333334 0.533203125 0.5299479166666666 0.5283203125 0.5299479166666666 0.521484375 0.5247395833333334 0.51171875 0.5221354166666666 0.498046875 0.49609375 0.484375 0.4986979166666667 0.4814453125 0.5091145833333334 0.478515625 0.51171875 0.46484375 0.5104166666666666 0.4560546875 0.50390625 0.4423828125 0.48046875 0.4423828125 0.4739583333333333 0.44921875 0.45703125 0.44921875 0.4440104166666667 0.4443359375 0.4309895833333333 0.4453125 0.4192708333333333 0.4482421875 0.4140625 0.4580078125 0.4049479166666667 0.462890625 0.4049479166666667 0.466796875 0.4088541666666667 0.474609375 0.40625 0.470703125 0.41015625 0.48046875 0.41796875 0.486328125 0.3828125 0.4931640625 0.3580729166666667 0.51171875 0.3268229166666667 0.529296875 0.3072916666666667 0.5595703125 0.2942708333333333 0.576171875 0.2942708333333333
0 0.2939453125 0.12109375 0.3037109375 0.12369791666666667 0.3193359375 0.13411458333333334 0.3466796875 0.16276041666666666 0.3544921875 0.17447916666666666 0.3603515625 0.19140625 0.36328125 0.22005208333333334 0.36328125 0.23697916666666666 0.359375 0.26171875 0.3525390625 0.28125 0.345703125 0.2890625 0.3388671875 0.3020833333333333 0.3251953125 0.3177083333333333 0.318359375 0.3333333333333333 0.302734375 0.3515625 0.275390625 0.3736979166666667 0.26171875 0.37890625 0.2373046875 0.3815104166666667 0.2197265625 0.3802083333333333 0.203125 0.375 0.1953125 0.3658854166666667 0.1826171875 0.34375 0.171875 0.3151041666666667 0.16796875 0.2890625 0.173828125 0.24088541666666666 0.1787109375 0.23046875 0.203125 0.19661458333333334 0.2060546875 0.1796875 0.22265625 0.16145833333333334 0.2265625 0.1484375 0.2373046875 0.14322916666666666 0.248046875 0.14453125 0.2724609375 0.125 0.29296875 0.12109375
0 0.2001953125 0.4192708333333333 0.2314453125 0.4348958333333333 0.2490234375 0.4557291666666667 0.2568359375 0.49609375 0.26171875 0.51171875 0.2607421875 0.5260416666666666 0.25390625 0.5325520833333334 0.2158203125 0.5403645833333334 0.2060546875 0.546875 0.1962890625 0.5598958333333334 0.17578125 0.57421875 0.166015625 0.58984375 0.15234375 0.60546875 0.1455078125 0.6028645833333334 0.1357421875 0.5872395833333334 0.1181640625 0.5260416666666666 0.1171875 0.4947916666666667 0.1220703125 0.47265625 0.12890625 0.4557291666666667 0.1474609375 0.4322916666666667 0.169921875 0.421875 0.19921875 0.4192708333333333
0 0.7900390625 0.19921875 0.8056640625 0.20442708333333334 0.8310546875 0.22265625 0.857421875 0.2591145833333333 0.876953125 0.3046875 0.8837890625 0.328125 0.8876953125 0.3541666666666667 0.8876953125 0.3828125 0.8837890625 0.4270833333333333 0.8798828125 0.4466145833333333 0.8798828125 0.4596354166666667 0.8759765625 0.4739583333333333 0.87109375 0.4791666666666667 0.8564453125 0.48046875 0.853515625 0.4869791666666667 0.8515625 0.5013020833333334 0.84765625 0.5026041666666666 0.845703125 0.5 0.8349609375 0.4973958333333333 0.8232421875 0.5 0.806640625 0.51171875 0.7900390625 0.515625 0.771484375 0.515625 0.7353515625 0.4973958333333333 0.7177734375 0.49609375 0.69921875 0.4817708333333333 0.6787109375 0.44921875 0.669921875 0.4283854166666667 0.6650390625 0.4075520833333333 0.662109375 0.3763020833333333 0.6552734375 0.3645833333333333 0.6494140625 0.3606770833333333 0.6435546875 0.3606770833333333 0.642578125 0.3619791666666667 0.646484375 0.3671875 0.642578125 0.3671875 0.6357421875 0.3528645833333333 0.638671875 0.328125 0.650390625 0.29296875 0.6611328125 0.2786458333333333 0.671875 0.2708333333333333 0.6884765625 0.2421875 0.7099609375 0.22916666666666666 0.7236328125 0.21614583333333334 0.7353515625 0.20963541666666666 0.7607421875 0.20182291666666666 0.7890625 0.19921875
0 0.4892578125 0.5208333333333334 0.5224609375 0.5364583333333334 0.533203125 0.546875 0.5390625 0.546875 0.546875 0.5364583333333334 0.5498046875 0.5364583333333334 0.552734375 0.55859375 0.5625 0.58203125 0.5615234375 0.6080729166666666 0.5634765625 0.6471354166666666 0.5576171875 0.6640625 0.5537109375 0.6888020833333334 0.548828125 0.7005208333333334 0.55078125 0.7252604166666666 0.5498046875 0.7421875 0.5341796875 0.765625 0.5263671875 0.7734375 0.5068359375 0.7838541666666666 0.4833984375 0.7877604166666666 0.4638671875 0.7877604166666666 0.4345703125 0.7760416666666666 0.423828125 0.7604166666666666 0.4140625 0.7578125 0.40234375 0.7473958333333334 0.3798828125 0.69921875 0.376953125 0.68359375 0.3740234375 0.6158854166666666 0.380859375 0.58203125 0.400390625 0.5494791666666666 0.4189453125 0.5286458333333334 0.4296875 0.5221354166666666 0.4580078125 0.515625 0.48828125 0.5208333333333334
0 0.4697265625 0.21354166666666666 0.501953125 0.21744791666666666 0.509765625 0.22265625 0.515625 0.23046875 0.517578125 0.23828125 0.5078125 0.24609375 0.5068359375 0.26171875 0.5185546875 0.2747395833333333 0.5224609375 0.3059895833333333 0.4951171875 0.3463541666666667 0.4873046875 0.36328125 0.4755859375 0.3763020833333333 0.4638671875 0.3958333333333333 0.4541015625 0.3984375 0.4404296875 0.4140625 0.4267578125 0.4140625 0.40625 0.4036458333333333 0.3935546875 0.390625 0.37890625 0.3697916666666667 0.3662109375 0.33984375 0.3623046875 0.3229166666666667 0.359375 0.29296875 0.3603515625 0.2747395833333333 0.3642578125 0.2578125 0.3720703125 0.2421875 0.380859375 0.23046875 0.3955078125 0.21744791666666666 0.4189453125 0.2109375 0.46875 0.21354166666666666