0 0.4453125 0.6171875 0.458984375 0.6236979166666666 0.478515625 0.6263020833333334 0.486328125 0.6315104166666666 0.498046875 0.6458333333333334 0.5048828125 0.6588541666666666 0.51171875 0.6861979166666666 0.5107421875 0.7252604166666666 0.501953125 0.7526041666666666 0.48046875 0.7799479166666666 0.453125 0.7916666666666666 0.42578125 0.7916666666666666 0.4140625 0.78515625 0.392578125 0.7552083333333334 0.3828125 0.7291666666666666 0.37890625 0.7083333333333334 0.3828125 0.67578125 0.38671875 0.6666666666666666 0.4052734375 0.6549479166666666 0.4306640625 0.6223958333333334 0.435546875 0.6184895833333334 0.4443359375 0.6171875
0 0.5517578125 0.3997395833333333 0.583984375 0.41796875 0.6064453125 0.4388020833333333 0.6123046875 0.4479166666666667 0.6171875 0.4635416666666667 0.625 0.4791666666666667 0.6318359375 0.5052083333333334 0.630859375 0.5494791666666666 0.6240234375 0.5703125 0.6083984375 0.5924479166666666 0.5908203125 0.609375 0.5830078125 0.6145833333333334 0.568359375 0.6184895833333334 0.5400390625 0.6184895833333334 0.5146484375 0.6106770833333334 0.5009765625 0.6015625 0.4931640625 0.5833333333333334 0.47265625 0.5846354166666666 0.470703125 0.5833333333333334 0.46875 0.57421875 0.4697265625 0.55859375 0.4755859375 0.55078125 0.4775390625 0.54296875 0.4755859375 0.515625 0.4794921875 0.5052083333333334 0.484375 0.4661458333333333 0.50390625 0.4388020833333333 0.5361328125 0.421875 0.5380859375 0.41015625 0.5419921875 0.4036458333333333 0.5458984375 0.3997395833333333 0.55078125 0.3997395833333333
0 0.5263671875 0.26953125 0.5419921875 0.2747395833333333 0.5576171875 0.2955729166666667 0.5625 0.3151041666666667 0.5615234375 0.35546875 0.5537109375 0.3828125 0.5439453125 0.3971354166666667 0.5283203125 0.4114583333333333 0.505859375 0.4192708333333333 0.4873046875 0.4192708333333333 0.48046875 0.4166666666666667 0.466796875 0.4088541666666667 0.455078125 0.39453125 0.451171875 0.3828125 0.4521484375 0.3372395833333333 0.4482421875 0.31640625 0.453125 0.3033854166666667 0.4619140625 0.29296875 0.4697265625 0.2747395833333333 0.494140625 0.2760416666666667 0.5087890625 0.2708333333333333 0.525390625 0.26953125
0 0.3876953125 0.4505208333333333 0.419921875 0.4674479166666667 0.4296875 0.4765625 0.4404296875 0.4921875 0.453125 0.5286458333333334 0.453125 0.5611979166666666 0.4423828125 0.59375 0.4287109375 0.6145833333333334 0.4033203125 0.6354166666666666 0.3642578125 0.6536458333333334 0.353515625 0.6536458333333334 0.34375 0.6484375 0.3310546875 0.6471354166666666 0.3134765625 0.640625 0.29296875 0.62890625 0.283203125 0.6184895833333334 0.2705078125 0.6015625 0.267578125 0.59375 0.2646484375 0.5364583333333334 0.2880859375 0.4765625 0.2919921875 0.4713541666666667 0.3037109375 0.4674479166666667 0.3271484375 0.4505208333333333 0.3349609375 0.44921875 0.3447265625 0.4427083333333333 0.376953125 0.4453125 0.38671875 0.4505208333333333
0 0.7431640625 0.36328125 0.7705078125 0.37109375 0.791015625 0.3828125 0.806640625 0.3958333333333333 0.826171875 0.42578125 0.8330078125 0.4427083333333333 0.8408203125 0.4921875 0.8544921875 0.5065104166666666 0.873046875 0.5130208333333334 0.87890625 0.5208333333333334 0.880859375 0.5325520833333334 0.8759765625 0.546875 0.869140625 0.58203125 0.8642578125 0.5911458333333334 0.853515625 0.59375 0.8408203125 0.5859375 0.82421875 0.5833333333333334 0.8173828125 0.57421875 0.7939453125 0.5885416666666666 0.7744140625 0.58984375 0.7666015625 0.59375 0.744140625 0.5911458333333334 0.7177734375 0.578125 0.7060546875 0.5625 0.6953125 0.54296875 0.69140625 0.5299479166666666 0.68359375 0.515625 0.6796875 0.4947916666666667 0.677734375 0.4661458333333333 0.671875 0.4583333333333333 0.6767578125 0.4401041666666667 0.677734375 0.421875 0.6806640625 0.41796875 0.685546875 0.3971354166666667 0.685546875 0.38671875 0.689453125 0.37890625 0.7060546875 0.3815104166666667 0.7197265625 0.3658854166666667 0.7421875 0.36328125
0 0.3642578125 0.26171875 0.3681640625 0.2682291666666667 0.3984375 0.265625 0.4111328125 0.2682291666666667 0.419921875 0.2734375 0.4326171875 0.2890625 0.4423828125 0.3059895833333333 0.443359375 0.3203125 0.4482421875 0.3424479166666667 0.4482421875 0.3763020833333333 0.44140625 0.4231770833333333 0.435546875 0.4283854166666667 0.4248046875 0.4283854166666667 0.4111328125 0.4388020833333333 0.390625 0.4440104166666667 0.35546875 0.4348958333333333 0.3486328125 0.4361979166666667 0.3388671875 0.4309895833333333 0.330078125 0.41796875 0.318359375 0.3854166666666667 0.3173828125 0.3528645833333333 0.3203125 0.3346354166666667 0.337890625 0.296875 0.34765625 0.2825520833333333 0.3515625 0.2708333333333333 0.3564453125 0.2643229166666667 0.36328125 0.26171875
0 0.5908203125 0.6197916666666666 0.6044921875 0.62890625 0.619140625 0.6458333333333334 0.626953125 0.67578125 0.626953125 0.6927083333333334 0.623046875 0.72265625 0.6142578125 0.7513020833333334 0.6083984375 0.7591145833333334 0.583984375 0.7799479166666666 0.5712890625 0.78515625 0.5537109375 0.78515625 0.541015625 0.7799479166666666 0.5283203125 0.76953125 0.517578125 0.7526041666666666 0.513671875 0.7291666666666666 0.515625 0.70703125 0.515625 0.67578125 0.513671875 0.6627604166666666 0.5185546875 0.6497395833333334 0.5283203125 0.63671875 0.5419921875 0.6263020833333334 0.552734375 0.62890625 0.56640625 0.6223958333333334 0.58984375 0.6197916666666666
0 0.7021484375 0.6015625 0.71484375 0.6158854166666666 0.7265625 0.6341145833333334 0.7333984375 0.6575520833333334 0.734375 0.6822916666666666 0.728515625 0.7096354166666666 0.7177734375 0.7317708333333334 0.7041015625 0.7473958333333334 0.6923828125 0.75390625 0.669921875 0.75390625 0.6591796875 0.7513020833333334 0.65234375 0.74609375 0.63671875 0.7265625 0.6318359375 0.7096354166666666 0.626953125 0.6458333333333334 0.63671875 0.6184895833333334 0.6455078125 0.6067708333333334 0.6552734375 0.5989583333333334 0.6923828125 0.59765625 0.701171875 0.6015625
0 0.513671875 0.7565104166666666 0.5263671875 0.7734375 0.55078125 0.796875 0.5546875 0.80859375 0.5546875 0.8294270833333334 0.552734375 0.84375 0.5439453125 0.8658854166666666 0.5234375 0.88671875 0.515625 0.8984375 0.5146484375 0.9036458333333334 0.509765625 0.9088541666666666 0.4736328125 0.8828125 0.4599609375 0.8658854166666666 0.44140625 0.8307291666666666 0.439453125 0.8255208333333334 0.439453125 0.8138020833333334 0.44921875 0.7994791666666666 0.48046875 0.7838541666666666 0.5048828125 0.7565104166666666 0.5126953125 0.7565104166666666
0 0.63671875 0.7591145833333334 0.64453125 0.7643229166666666 0.65234375 0.78515625 0.6533203125 0.7994791666666666 0.6640625 0.8098958333333334 0.6708984375 0.828125 0.6787109375 0.8372395833333334 0.68359375 0.84765625 0.681640625 0.875 0.671875 0.91015625 0.666015625 0.9231770833333334 0.654296875 0.9361979166666666 0.6337890625 0.9505208333333334 0.611328125 0.9518229166666666 0.58984375 0.9466145833333334 0.5810546875 0.94140625 0.576171875 0.9296875 0.5625 0.9088541666666666 0.55078125 0.875 0.55078125 0.8645833333333334 0.556640625 0.83984375 0.5576171875 0.82421875 0.568359375 0.7981770833333334 0.5732421875 0.7916666666666666 0.5966796875 0.7760416666666666 0.625 0.7760416666666666 0.6298828125 0.7786458333333334 0.6328125 0.7721354166666666 0.6328125 0.7630208333333334 0.6357421875 0.7604166666666666
0 0.6259765625 0.2825520833333333 0.6376953125 0.28515625 0.6474609375 0.2916666666666667 0.6630859375 0.3098958333333333 0.6689453125 0.328125 0.673828125 0.3815104166666667 0.677734375 0.39453125 0.673828125 0.4140625 0.66796875 0.421875 0.6533203125 0.421875 0.6435546875 0.4322916666666667 0.6357421875 0.4296875 0.6171875 0.4348958333333333 0.60546875 0.4309895833333333 0.5703125 0.4010416666666667 0.5634765625 0.38671875 0.5615234375 0.375 0.5654296875 0.3502604166666667 0.56640625 0.3098958333333333 0.568359375 0.3059895833333333 0.5751953125 0.2981770833333333 0.587890625 0.2942708333333333 0.6005859375 0.28515625 0.625 0.2825520833333333