0 0 0.08203125 0.015625 0.0859375 0.0380859375 0.1015625 0.0556640625 0.10807291666666667 0.080078125 0.125 0.1015625 0.14583333333333334 0.123046875 0.17578125 0.12890625 0.1875 0.1396484375 0.23307291666666666 0.142578125 0.2630208333333333 0.140625 0.2825520833333333 0.1337890625 0.30859375 0.1171875 0.3424479166666667 0.1083984375 0.3541666666666667 0.0810546875 0.3763020833333333 0.0205078125 0.3984375 0.017578125 0.4010416666666667 0.021484375 0.4114583333333333 0.01953125 0.41796875 0.0146484375 0.421875 0.0048828125 0.421875 0 0.4244791666666667 0 0.3346354166666667 0.001953125 0.3333333333333333 0 0.3294270833333333 0 0.08333333333333333
0 0.138671875 0 0.3994140625 0 0.3994140625 0.005208333333333333 0.396484375 0.009114583333333334 0.38671875 0.016927083333333332 0.3515625 0.06640625 0.3427734375 0.07552083333333333 0.3271484375 0.08333333333333333 0.3154296875 0.09505208333333333 0.2822265625 0.11588541666666667 0.2529296875 0.11979166666666667 0.2373046875 0.11848958333333333 0.21875 0.11197916666666667 0.17578125 0.07552083333333333 0.1572265625 0.046875 0.1494140625 0.03125 0.138671875 0.0013020833333333333
0 0.849609375 0.5065104166666666 0.875 0.5169270833333334 0.880859375 0.5208333333333334 0.8876953125 0.5299479166666666 0.9150390625 0.5768229166666666 0.9189453125 0.5911458333333334 0.92578125 0.60546875 0.94921875 0.6393229166666666 0.951171875 0.6536458333333334 0.94921875 0.6614583333333334 0.935546875 0.6770833333333334 0.9189453125 0.6796875 0.9072265625 0.6888020833333334 0.900390625 0.7018229166666666 0.8955078125 0.7005208333333334 0.8916015625 0.703125 0.876953125 0.71875 0.8583984375 0.73046875 0.8408203125 0.7356770833333334 0.8173828125 0.734375 0.7978515625 0.7265625 0.7822265625 0.71484375 0.7646484375 0.6940104166666666 0.75 0.6653645833333334 0.744140625 0.6484375 0.7373046875 0.60546875 0.7373046875 0.5872395833333334 0.7431640625 0.5677083333333334 0.76171875 0.5416666666666666 0.7744140625 0.5286458333333334 0.8095703125 0.5091145833333334 0.8486328125 0.5065104166666666
0 0.2197265625 0.4166666666666667 0.244140625 0.44140625 0.2509765625 0.4388020833333333 0.275390625 0.4401041666666667 0.28125 0.4427083333333333 0.2861328125 0.4505208333333333 0.291015625 0.46484375 0.2919921875 0.4934895833333333 0.2890625 0.5013020833333334 0.2890625 0.5104166666666666 0.2939453125 0.5260416666666666 0.2939453125 0.5325520833333334 0.3017578125 0.546875 0.298828125 0.5651041666666666 0.2998046875 0.5768229166666666 0.3173828125 0.6067708333333334 0.3212890625 0.6171875 0.3212890625 0.6263020833333334 0.306640625 0.6263020833333334 0.302734375 0.6328125 0.2998046875 0.6471354166666666 0.29296875 0.6653645833333334 0.2900390625 0.6940104166666666 0.28515625 0.71484375 0.2744140625 0.7447916666666666 0.2470703125 0.77734375 0.2353515625 0.7877604166666666 0.212890625 0.8020833333333334 0.1943359375 0.80859375 0.1806640625 0.8098958333333334 0.1591796875 0.8098958333333334 0.1171875 0.79296875 0.091796875 0.76953125 0.0732421875 0.74609375 0.05078125 0.6783854166666666 0.044921875 0.6341145833333334 0.0458984375 0.6002604166666666 0.0498046875 0.5651041666666666 0.060546875 0.53515625 0.0732421875 0.51171875 0.08984375 0.4908854166666667 0.1123046875 0.47265625 0.1435546875 0.4596354166666667 0.1845703125 0.4557291666666667 0.2158203125 0.4609375 0.2197265625 0.4557291666666667 0.208984375 0.4375 0.2060546875 0.4296875 0.2060546875 0.4205729166666667 0.2109375 0.4127604166666667 0.21875 0.4166666666666667
0 0.6826171875 0.7135416666666666 0.701171875 0.72265625 0.716796875 0.7408854166666666 0.7265625 0.7630208333333334 0.732421875 0.7838541666666666 0.7373046875 0.7916666666666666 0.7373046875 0.8033854166666666 0.740234375 0.8111979166666666 0.7587890625 0.8385416666666666 0.7626953125 0.8515625 0.7548828125 0.8828125 0.7470703125 0.8932291666666666 0.7294921875 0.9309895833333334 0.7158203125 0.94921875 0.705078125 0.9609375 0.6923828125 0.9700520833333334 0.6611328125 0.9778645833333334 0.646484375 0.9765625 0.623046875 0.9661458333333334 0.6015625 0.9388020833333334 0.59765625 0.9309895833333334 0.59765625 0.9231770833333334 0.60546875 0.8971354166666666 0.619140625 0.8307291666666666 0.6181640625 0.8203125 0.62109375 0.7734375 0.6162109375 0.7317708333333334 0.6171875 0.7265625 0.6298828125 0.7174479166666666 0.6474609375 0.7109375 0.681640625 0.7135416666666666
0 0.6083984375 0.3723958333333333 0.6220703125 0.375 0.6416015625 0.3919270833333333 0.6484375 0.39453125 0.654296875 0.40234375 0.6552734375 0.3971354166666667 0.662109375 0.3919270833333333 0.66796875 0.3932291666666667 0.6748046875 0.4010416666666667 0.693359375 0.43359375 0.7099609375 0.4700520833333333 0.7138671875 0.4934895833333333 0.7197265625 0.51171875 0.720703125 0.5286458333333334 0.71484375 0.5677083333333334 0.712890625 0.59765625 0.7099609375 0.6080729166666666 0.7001953125 0.625 0.6962890625 0.6432291666666666 0.6923828125 0.6471354166666666 0.681640625 0.6432291666666666 0.6787109375 0.6471354166666666 0.669921875 0.6497395833333334 0.6416015625 0.6692708333333334 0.6123046875 0.6770833333333334 0.6025390625 0.67578125 0.5947265625 0.66796875 0.5888671875 0.6536458333333334 0.5869140625 0.6393229166666666 0.5810546875 0.62890625 0.568359375 0.62109375 0.556640625 0.6197916666666666 0.517578125 0.5872395833333334 0.5048828125 0.5872395833333334 0.494140625 0.58203125 0.490234375 0.5755208333333334 0.484375 0.5481770833333334 0.4853515625 0.5390625 0.49609375 0.5104166666666666 0.5 0.48828125 0.5 0.4700520833333333 0.5107421875 0.4401041666666667 0.521484375 0.41796875 0.54296875 0.3919270833333333 0.564453125 0.3763020833333333 0.5810546875 0.3723958333333333 0.607421875 0.3723958333333333
0 0.3515625 0.17708333333333334 0.3798828125 0.18619791666666666 0.3955078125 0.19401041666666666 0.4111328125 0.20572916666666666 0.4189453125 0.21614583333333334 0.435546875 0.24609375 0.443359375 0.265625 0.4482421875 0.2890625 0.4482421875 0.3229166666666667 0.4453125 0.3515625 0.439453125 0.3763020833333333 0.4248046875 0.40625 0.416015625 0.4192708333333333 0.4013671875 0.4361979166666667 0.3837890625 0.44921875 0.361328125 0.4596354166666667 0.34375 0.4635416666666667 0.3251953125 0.4635416666666667 0.2998046875 0.4557291666666667 0.29296875 0.4505208333333333 0.2890625 0.44140625 0.28125 0.4322916666666667 0.2685546875 0.4283854166666667 0.255859375 0.4205729166666667 0.23828125 0.3971354166666667 0.2216796875 0.36328125 0.216796875 0.3372395833333333 0.216796875 0.3111979166666667 0.2216796875 0.28515625 0.2412109375 0.234375 0.2412109375 0.22135416666666666 0.244140625 0.21744791666666666 0.2568359375 0.21484375 0.2880859375 0.19140625 0.31640625 0.17838541666666666 0.3505859375 0.17708333333333334
0 0.650390625 0.1015625 0.6640625 0.10677083333333333 0.67578125 0.09765625 0.69921875 0.09505208333333333 0.7060546875 0.09895833333333333 0.7099609375 0.11197916666666667 0.734375 0.12369791666666667 0.7373046875 0.12239583333333333 0.73828125 0.12630208333333334 0.7412109375 0.13020833333333334 0.744140625 0.13020833333333334 0.7470703125 0.13541666666666666 0.7451171875 0.15625 0.7529296875 0.16666666666666666 0.7626953125 0.18619791666666666 0.7802734375 0.20963541666666666 0.7900390625 0.21875 0.80859375 0.24739583333333334 0.818359375 0.2552083333333333 0.8134765625 0.2643229166666667 0.8173828125 0.2760416666666667 0.8173828125 0.29296875 0.8134765625 0.3046875 0.8134765625 0.3098958333333333 0.8173828125 0.3190104166666667 0.814453125 0.3450520833333333 0.80078125 0.3619791666666667 0.79296875 0.3776041666666667 0.7802734375 0.3932291666666667 0.7578125 0.41015625 0.7177734375 0.4270833333333333 0.6962890625 0.42578125 0.669921875 0.3893229166666667 0.6396484375 0.3828125 0.6298828125 0.3736979166666667 0.6171875 0.3671875 0.6005859375 0.3411458333333333 0.587890625 0.3111979166666667 0.58203125 0.2825520833333333 0.578125 0.21354166666666666 0.5947265625 0.15755208333333334 0.5986328125 0.14973958333333334 0.6201171875 0.12239583333333333 0.625 0.11848958333333333 0.6337890625 0.1171875 0.6357421875 0.11458333333333333 0.63671875 0.10026041666666667 0.646484375 0.10416666666666667 0.6494140625 0.10286458333333333
0 0.4111328125 0.5846354166666666 0.4248046875 0.5885416666666666 0.4658203125 0.5859375 0.48046875 0.5911458333333334 0.5126953125 0.5950520833333334 0.5400390625 0.6184895833333334 0.5615234375 0.6302083333333334 0.5712890625 0.6302083333333334 0.57421875 0.63671875 0.5771484375 0.63671875 0.57421875 0.6484375 0.5771484375 0.6575520833333334 0.59375 0.6822916666666666 0.6015625 0.6888020833333334 0.6044921875 0.7057291666666666 0.6123046875 0.7278645833333334 0.61328125 0.7513020833333334 0.6162109375 0.7682291666666666 0.615234375 0.8151041666666666 0.6123046875 0.8463541666666666 0.599609375 0.9010416666666666 0.59375 0.9166666666666666 0.5830078125 0.9309895833333334 0.5771484375 0.9557291666666666 0.5654296875 0.97265625 0.5400390625 0.9986979166666666 0.4765625 0.9986979166666666 0.4755859375 0.99609375 0.4697265625 0.99609375 0.4677734375 0.9986979166666666 0.38671875 0.9986979166666666 0.375 0.9934895833333334 0.3720703125 0.9895833333333334 0.3681640625 0.9895833333333334 0.3671875 0.9947916666666666 0.3583984375 0.9947916666666666 0.3564453125 0.9934895833333334 0.3583984375 0.9908854166666666 0.3525390625 0.98046875 0.3525390625 0.9713541666666666 0.34375 0.9466145833333334 0.34375 0.9401041666666666 0.328125 0.9309895833333334 0.3212890625 0.921875 0.3037109375 0.890625 0.294921875 0.8645833333333334 0.2861328125 0.8177083333333334 0.28515625 0.7760416666666666 0.2900390625 0.73046875 0.2998046875 0.7057291666666666 0.30078125 0.69921875 0.298828125 0.6875 0.30078125 0.6796875 0.310546875 0.6588541666666666 0.3515625 0.60546875 0.3759765625 0.5885416666666666 0.41015625 0.5846354166666666
0 0.46875 0.010416666666666666 0.4775390625 0.006510416666666667 0.486328125 0.013020833333333334 0.5029296875 0.01171875 0.5244140625 0.015625 0.552734375 0.032552083333333336 0.5791015625 0.055989583333333336 0.5849609375 0.06510416666666667 0.5859375 0.07552083333333333 0.5908203125 0.08984375 0.5947265625 0.13541666666666666 0.5947265625 0.14453125 0.591796875 0.15625 0.5751953125 0.20052083333333334 0.5595703125 0.22395833333333334 0.5390625 0.2421875 0.525390625 0.24609375 0.4833984375 0.24479166666666666 0.466796875 0.23958333333333334 0.44921875 0.22786458333333334 0.419921875 0.18619791666666666 0.4169921875 0.17447916666666666 0.41796875 0.12630208333333334 0.419921875 0.11197916666666667 0.431640625 0.078125 0.4462890625 0.049479166666666664 0.4619140625 0.028645833333333332 0.46875 0.01171875
0 0.251953125 0.84765625 0.275390625 0.8606770833333334 0.2861328125 0.8723958333333334 0.29296875 0.88671875 0.294921875 0.8971354166666666 0.306640625 0.9166666666666666 0.3076171875 0.921875 0.3310546875 0.9453125 0.337890625 0.9557291666666666 0.34765625 0.9921875 0.3466796875 0.9986979166666666 0.083984375 0.9986979166666666 0.0927734375 0.9635416666666666 0.1015625 0.9440104166666666 0.115234375 0.921875 0.1513671875 0.8776041666666666 0.2001953125 0.8489583333333334 0.22265625 0.8450520833333334 0.2412109375 0.8450520833333334 0.2509765625 0.84765625