0 0.1572265625 0.24348958333333334 0.169921875 0.24869791666666666 0.1923828125 0.24869791666666666 0.2099609375 0.25390625 0.240234375 0.2747395833333333 0.251953125 0.2890625 0.2587890625 0.3020833333333333 0.26953125 0.3463541666666667 0.2666015625 0.3697916666666667 0.2607421875 0.3893229166666667 0.240234375 0.4192708333333333 0.22265625 0.4322916666666667 0.1943359375 0.44140625 0.19140625 0.4518229166666667 0.181640625 0.4544270833333333 0.1767578125 0.4544270833333333 0.1728515625 0.4505208333333333 0.1689453125 0.4361979166666667 0.140625 0.4205729166666667 0.1201171875 0.4010416666666667 0.1005859375 0.3697916666666667 0.09375 0.34375 0.09375 0.3203125 0.103515625 0.2942708333333333 0.12890625 0.2591145833333333 0.1435546875 0.2526041666666667 0.150390625 0.2421875 0.15625 0.24348958333333334
0 0.7724609375 0.4947916666666667 0.7939453125 0.5078125 0.8056640625 0.5234375 0.8173828125 0.5533854166666666 0.8203125 0.5677083333333334 0.8330078125 0.5911458333333334 0.8349609375 0.6015625 0.8291015625 0.61328125 0.7998046875 0.6328125 0.787109375 0.6510416666666666 0.765625 0.6627604166666666 0.74609375 0.6627604166666666 0.7373046875 0.66015625 0.7158203125 0.64453125 0.701171875 0.6236979166666666 0.693359375 0.60546875 0.689453125 0.5846354166666666 0.689453125 0.5651041666666666 0.69140625 0.5494791666666666 0.69921875 0.53125 0.705078125 0.5208333333333334 0.71484375 0.5104166666666666 0.73828125 0.4973958333333333 0.771484375 0.4947916666666667
0 0.31640625 0.44921875 0.3349609375 0.4661458333333333 0.35546875 0.4674479166666667 0.36328125 0.4765625 0.365234375 0.484375 0.3642578125 0.51171875 0.37109375 0.53125 0.3701171875 0.5455729166666666 0.3857421875 0.5807291666666666 0.3828125 0.5846354166666666 0.375 0.5846354166666666 0.3720703125 0.5885416666666666 0.3623046875 0.640625 0.353515625 0.6614583333333334 0.330078125 0.6875 0.31640625 0.6979166666666666 0.310546875 0.69921875 0.2841796875 0.69921875 0.263671875 0.6901041666666666 0.25390625 0.6888020833333334 0.23046875 0.6575520833333334 0.2265625 0.6393229166666666 0.21875 0.6223958333333334 0.21484375 0.6041666666666666 0.21484375 0.55859375 0.2177734375 0.5416666666666666 0.2265625 0.5208333333333334 0.234375 0.5078125 0.2490234375 0.4921875 0.265625 0.4830729166666667 0.2841796875 0.4778645833333333 0.318359375 0.4791666666666667 0.3203125 0.4765625 0.3125 0.4622395833333333 0.3125 0.4518229166666667 0.3154296875 0.44921875
0 0.58984375 0.4114583333333333 0.6123046875 0.4244791666666667 0.62109375 0.4244791666666667 0.6337890625 0.4427083333333333 0.634765625 0.4505208333333333 0.6435546875 0.46484375 0.6513671875 0.4635416666666667 0.6572265625 0.4583333333333333 0.66015625 0.4791666666666667 0.65625 0.4973958333333333 0.6572265625 0.5130208333333334 0.6533203125 0.55859375 0.64453125 0.5794270833333334 0.6337890625 0.58984375 0.6298828125 0.6002604166666666 0.6240234375 0.6002604166666666 0.5908203125 0.6171875 0.576171875 0.6171875 0.5634765625 0.6119791666666666 0.55859375 0.60546875 0.5546875 0.5911458333333334 0.5498046875 0.5833333333333334 0.533203125 0.578125 0.5126953125 0.5572916666666666 0.5029296875 0.5559895833333334 0.498046875 0.5494791666666666 0.4912109375 0.53125 0.4912109375 0.5260416666666666 0.5029296875 0.5026041666666666 0.50390625 0.4830729166666667 0.501953125 0.4765625 0.5087890625 0.46875 0.5146484375 0.4505208333333333 0.5283203125 0.4283854166666667 0.5380859375 0.4192708333333333 0.556640625 0.4088541666666667 0.5810546875 0.4088541666666667 0.5888671875 0.4114583333333333
0 0.6611328125 0.19791666666666666 0.6669921875 0.20182291666666666 0.6728515625 0.21354166666666666 0.6865234375 0.22786458333333334 0.6875 0.23046875 0.68359375 0.2421875 0.701171875 0.26953125 0.7060546875 0.2825520833333333 0.7099609375 0.2877604166666667 0.71484375 0.2890625 0.724609375 0.3046875 0.7353515625 0.31640625 0.732421875 0.3216145833333333 0.734375 0.3424479166666667 0.7294921875 0.3580729166666667 0.7275390625 0.3815104166666667 0.7177734375 0.4036458333333333 0.69921875 0.4244791666666667 0.6611328125 0.4427083333333333 0.638671875 0.4401041666666667 0.6201171875 0.4192708333333333 0.6015625 0.4140625 0.591796875 0.40625 0.5771484375 0.3828125 0.568359375 0.3606770833333333 0.5634765625 0.33984375 0.560546875 0.30859375 0.560546875 0.2916666666666667 0.5703125 0.2565104166666667 0.5771484375 0.2421875 0.578125 0.23177083333333334 0.595703125 0.22395833333333334 0.6044921875 0.22265625 0.6064453125 0.22005208333333334 0.6044921875 0.21614583333333334 0.60546875 0.20442708333333334 0.6142578125 0.20703125 0.630859375 0.20703125 0.6474609375 0.203125 0.654296875 0.19661458333333334 0.66015625 0.19791666666666666
0 0.283203125 0 0.3955078125 0 0.4111328125 0.020833333333333332 0.41796875 0.026041666666666668 0.4267578125 0.044270833333333336 0.42578125 0.06640625 0.4287109375 0.08333333333333333 0.4296875 0.10677083333333333 0.4365234375 0.12369791666666667 0.443359375 0.13151041666666666 0.4384765625 0.13802083333333334 0.435546875 0.1484375 0.4248046875 0.1640625 0.4228515625 0.171875 0.41015625 0.19661458333333334 0.3759765625 0.23567708333333334 0.353515625 0.24739583333333334 0.3251953125 0.24869791666666666 0.3125 0.24479166666666666 0.2978515625 0.234375 0.2734375 0.20572916666666666 0.263671875 0.18359375 0.2587890625 0.1640625 0.248046875 0.14973958333333334 0.25390625 0.140625 0.2509765625 0.10026041666666667 0.2529296875 0.055989583333333336 0.265625 0.026041666666666668 0.283203125 0.0013020833333333333
0 0.6298828125 0.6432291666666666 0.6474609375 0.6484375 0.6611328125 0.6614583333333334 0.677734375 0.7005208333333334 0.6796875 0.7161458333333334 0.6923828125 0.7369791666666666 0.6923828125 0.74609375 0.6884765625 0.7578125 0.6787109375 0.7721354166666666 0.6640625 0.80078125 0.6474609375 0.8203125 0.6298828125 0.828125 0.6123046875 0.828125 0.591796875 0.8177083333333334 0.5810546875 0.8046875 0.568359375 0.7786458333333334 0.580078125 0.7252604166666666 0.580078125 0.6640625 0.5908203125 0.6536458333333334 0.6083984375 0.64453125 0.62890625 0.6432291666666666
0 0.416015625 0.2877604166666667 0.4384765625 0.2994791666666667 0.451171875 0.3151041666666667 0.4599609375 0.3307291666666667 0.466796875 0.35546875 0.466796875 0.3958333333333333 0.4580078125 0.42578125 0.4404296875 0.453125 0.4208984375 0.46875 0.40234375 0.4765625 0.3828125 0.4765625 0.3740234375 0.4739583333333333 0.3671875 0.4700520833333333 0.359375 0.4609375 0.341796875 0.4518229166666667 0.322265625 0.41796875 0.3173828125 0.3984375 0.31640625 0.3776041666666667 0.3212890625 0.35546875 0.3291015625 0.3359375 0.3310546875 0.3216145833333333 0.3388671875 0.3177083333333333 0.3759765625 0.2877604166666667 0.388671875 0.28515625 0.4072265625 0.28515625 0.4150390625 0.2877604166666667
0 0.4541015625 0.8424479166666666 0.4755859375 0.8489583333333334 0.509765625 0.8450520833333334 0.513671875 0.8658854166666666 0.513671875 0.8932291666666666 0.51171875 0.9075520833333334 0.5009765625 0.94140625 0.484375 0.9635416666666666 0.4736328125 0.9609375 0.4521484375 0.9661458333333334 0.4462890625 0.9596354166666666 0.443359375 0.9596354166666666 0.431640625 0.96875 0.4296875 0.96484375 0.4287109375 0.9348958333333334 0.43359375 0.921875 0.43359375 0.8971354166666666 0.4384765625 0.8763020833333334 0.4443359375 0.8619791666666666 0.4462890625 0.84765625 0.4482421875 0.84375 0.453125 0.8424479166666666
0 0.4560546875 0.5546875 0.4775390625 0.5559895833333334 0.5087890625 0.5625 0.5400390625 0.5872395833333334 0.5537109375 0.6041666666666666 0.564453125 0.6236979166666666 0.572265625 0.64453125 0.578125 0.6861979166666666 0.578125 0.7122395833333334 0.5751953125 0.7330729166666666 0.564453125 0.7760416666666666 0.552734375 0.8020833333333334 0.5380859375 0.8190104166666666 0.505859375 0.8424479166666666 0.4833984375 0.8463541666666666 0.4716796875 0.8463541666666666 0.4560546875 0.83984375 0.4453125 0.8385416666666666 0.435546875 0.83203125 0.4248046875 0.8307291666666666 0.412109375 0.8216145833333334 0.4013671875 0.7916666666666666 0.390625 0.78125 0.3759765625 0.7578125 0.375 0.75 0.3671875 0.73046875 0.3642578125 0.71484375 0.3623046875 0.6888020833333334 0.3642578125 0.6588541666666666 0.369140625 0.6419270833333334 0.369140625 0.6302083333333334 0.3779296875 0.60546875 0.3984375 0.5768229166666666 0.4111328125 0.5638020833333334 0.4375 0.5533854166666666 0.455078125 0.5546875
0 0.5283203125 0.16536458333333334 0.5458984375 0.17708333333333334 0.5576171875 0.19140625 0.568359375 0.21875 0.5712890625 0.24609375 0.55859375 0.2864583333333333 0.55078125 0.2981770833333333 0.5361328125 0.3125 0.521484375 0.3151041666666667 0.4951171875 0.3138020833333333 0.4677734375 0.30078125 0.451171875 0.2708333333333333 0.4482421875 0.23958333333333334 0.4501953125 0.22526041666666666 0.4560546875 0.20833333333333334 0.462890625 0.19270833333333334 0.47265625 0.18229166666666666 0.4775390625 0.17057291666666666 0.5009765625 0.16015625 0.515625 0.16015625 0.52734375 0.16536458333333334
0 0.3251953125 0.7252604166666666 0.3408203125 0.7291666666666666 0.359375 0.7447916666666666 0.36328125 0.7513020833333334 0.365234375 0.7604166666666666 0.39453125 0.7955729166666666 0.400390625 0.8072916666666666 0.404296875 0.8216145833333334 0.404296875 0.8294270833333334 0.40234375 0.8541666666666666 0.3955078125 0.85546875 0.392578125 0.8606770833333334 0.3818359375 0.8971354166666666 0.365234375 0.92578125 0.359375 0.94140625 0.3544921875 0.9427083333333334 0.3466796875 0.9505208333333334 0.3291015625 0.9505208333333334 0.3212890625 0.953125 0.3095703125 0.953125 0.2890625 0.9466145833333334 0.2763671875 0.9388020833333334 0.2578125 0.9192708333333334 0.2431640625 0.8893229166666666 0.2392578125 0.8723958333333334 0.232421875 0.8567708333333334 0.232421875 0.8502604166666666 0.2392578125 0.8138020833333334 0.24609375 0.79296875 0.2607421875 0.7669270833333334 0.2734375 0.75 0.2861328125 0.7395833333333334 0.3056640625 0.7291666666666666 0.32421875 0.7252604166666666