0 0.3876953125 0.3033854166666667 0.400390625 0.3111979166666667 0.412109375 0.3307291666666667 0.4267578125 0.3958333333333333 0.4267578125 0.4205729166666667 0.4140625 0.4661458333333333 0.3974609375 0.4817708333333333 0.359375 0.49609375 0.34375 0.4934895833333333 0.328125 0.4869791666666667 0.3115234375 0.4739583333333333 0.294921875 0.4544270833333333 0.2861328125 0.4361979166666667 0.2802734375 0.41796875 0.27734375 0.3971354166666667 0.27734375 0.3723958333333333 0.2841796875 0.34765625 0.298828125 0.3255208333333333 0.306640625 0.3190104166666667 0.33203125 0.3098958333333333 0.3369140625 0.3046875 0.3544921875 0.3046875 0.375 0.30859375 0.38671875 0.3033854166666667
0 0.8310546875 0.5481770833333334 0.84375 0.5520833333333334 0.8779296875 0.5703125 0.88671875 0.5716145833333334 0.8955078125 0.5989583333333334 0.904296875 0.6158854166666666 0.91015625 0.6458333333333334 0.90625 0.6809895833333334 0.89453125 0.7096354166666666 0.8837890625 0.72265625 0.8662109375 0.7356770833333334 0.8359375 0.7473958333333334 0.806640625 0.7434895833333334 0.7841796875 0.73046875 0.763671875 0.7096354166666666 0.7548828125 0.6848958333333334 0.7548828125 0.6770833333333334 0.7646484375 0.63671875 0.765625 0.6015625 0.7744140625 0.5677083333333334 0.7802734375 0.5598958333333334 0.791015625 0.5520833333333334 0.8154296875 0.5520833333333334 0.830078125 0.5481770833333334
0 0.7353515625 0.23697916666666666 0.759765625 0.2578125 0.7685546875 0.26953125 0.7783203125 0.2890625 0.7861328125 0.3151041666666667 0.78515625 0.3411458333333333 0.7802734375 0.3541666666666667 0.7724609375 0.3658854166666667 0.765625 0.35546875 0.7587890625 0.3502604166666667 0.7529296875 0.3502604166666667 0.73828125 0.3606770833333333 0.7314453125 0.3723958333333333 0.7060546875 0.3893229166666667 0.69921875 0.3841145833333333 0.697265625 0.3541666666666667 0.6875 0.32421875 0.6796875 0.30859375 0.666015625 0.29296875 0.666015625 0.2890625 0.6708984375 0.2760416666666667 0.6826171875 0.2578125 0.7041015625 0.23958333333333334 0.71875 0.23307291666666666 0.7255859375 0.23307291666666666 0.734375 0.23697916666666666
0 0.3896484375 0.6770833333333334 0.3994140625 0.6796875 0.4248046875 0.6979166666666666 0.4423828125 0.7252604166666666 0.4541015625 0.7630208333333334 0.4541015625 0.7955729166666666 0.44921875 0.8216145833333334 0.44140625 0.8424479166666666 0.435546875 0.85546875 0.4208984375 0.8776041666666666 0.400390625 0.8919270833333334 0.37109375 0.8958333333333334 0.35546875 0.89453125 0.3447265625 0.890625 0.3310546875 0.8828125 0.314453125 0.8684895833333334 0.2998046875 0.8619791666666666 0.29296875 0.8619791666666666 0.2880859375 0.8502604166666666 0.2880859375 0.8359375 0.2919921875 0.8020833333333334 0.302734375 0.7838541666666666 0.314453125 0.7552083333333334 0.3193359375 0.7200520833333334 0.33984375 0.6966145833333334 0.3525390625 0.6875 0.3720703125 0.6783854166666666 0.388671875 0.6770833333333334
0 0.2373046875 0.5690104166666666 0.2578125 0.57421875 0.2685546875 0.5807291666666666 0.2841796875 0.59375 0.2958984375 0.609375 0.3046875 0.6263020833333334 0.3115234375 0.625 0.3173828125 0.62890625 0.318359375 0.6458333333333334 0.3134765625 0.66015625 0.3154296875 0.6744791666666666 0.314453125 0.71484375 0.3115234375 0.7239583333333334 0.3076171875 0.7591145833333334 0.30078125 0.77734375 0.29296875 0.7877604166666666 0.2587890625 0.7994791666666666 0.23828125 0.8098958333333334 0.2138671875 0.8151041666666666 0.189453125 0.8151041666666666 0.1640625 0.8072916666666666 0.1474609375 0.796875 0.1337890625 0.7825520833333334 0.1220703125 0.7630208333333334 0.115234375 0.7447916666666666 0.1103515625 0.7200520833333334 0.1103515625 0.7044270833333334 0.12109375 0.640625 0.1240234375 0.6341145833333334 0.12890625 0.6328125 0.1337890625 0.6263020833333334 0.1484375 0.59765625 0.16796875 0.58203125 0.1796875 0.5768229166666666 0.2119140625 0.5690104166666666 0.236328125 0.5690104166666666
0 0.2275390625 0.3411458333333333 0.2451171875 0.34765625 0.2548828125 0.36328125 0.2578125 0.37109375 0.2578125 0.39453125 0.2861328125 0.4479166666666667 0.2890625 0.4752604166666667 0.2890625 0.4986979166666667 0.2861328125 0.5143229166666666 0.2685546875 0.5403645833333334 0.2451171875 0.5625 0.1953125 0.5677083333333334 0.1669921875 0.578125 0.1513671875 0.58984375 0.1455078125 0.5872395833333334 0.138671875 0.5677083333333334 0.115234375 0.5299479166666666 0.107421875 0.50390625 0.103515625 0.4817708333333333 0.103515625 0.4440104166666667 0.1083984375 0.41796875 0.123046875 0.390625 0.140625 0.3736979166666667 0.154296875 0.3684895833333333 0.1689453125 0.3567708333333333 0.1875 0.3528645833333333 0.20703125 0.3411458333333333 0.2265625 0.3411458333333333
0 0.7509765625 0.35546875 0.7607421875 0.35546875 0.765625 0.3580729166666667 0.7685546875 0.3606770833333333 0.7705078125 0.3697916666666667 0.78125 0.3723958333333333 0.78515625 0.375 0.791015625 0.3854166666666667 0.8134765625 0.3958333333333333 0.8203125 0.40234375 0.8408203125 0.4322916666666667 0.8466796875 0.4557291666666667 0.84375 0.4856770833333333 0.8388671875 0.5013020833333334 0.83203125 0.5143229166666666 0.8046875 0.5416666666666666 0.775390625 0.5559895833333334 0.763671875 0.5572916666666666 0.7509765625 0.5533854166666666 0.728515625 0.52734375 0.693359375 0.5026041666666666 0.689453125 0.4973958333333333 0.6884765625 0.4895833333333333 0.6904296875 0.4518229166666667 0.693359375 0.4348958333333333 0.701171875 0.4140625 0.716796875 0.3880208333333333 0.734375 0.3763020833333333 0.740234375 0.3658854166666667 0.7509765625 0.3567708333333333
0 0.5205078125 0.4205729166666667 0.5322265625 0.4270833333333333 0.546875 0.4309895833333333 0.55859375 0.4388020833333333 0.578125 0.4583333333333333 0.5966796875 0.4869791666666667 0.6201171875 0.53125 0.6240234375 0.5559895833333334 0.6240234375 0.5885416666666666 0.61328125 0.6458333333333334 0.599609375 0.68359375 0.5888671875 0.703125 0.5751953125 0.7096354166666666 0.5458984375 0.7356770833333334 0.5263671875 0.7421875 0.521484375 0.74609375 0.5 0.7513020833333334 0.4814453125 0.75 0.4609375 0.7395833333333334 0.4453125 0.7213541666666666 0.4384765625 0.7083333333333334 0.421875 0.6861979166666666 0.4072265625 0.6783854166666666 0.3994140625 0.6692708333333334 0.3876953125 0.6263020833333334 0.38671875 0.58984375 0.3896484375 0.5625 0.39453125 0.546875 0.4033203125 0.53515625 0.4111328125 0.5104166666666666 0.416015625 0.5013020833333334 0.439453125 0.4661458333333333 0.458984375 0.4427083333333333 0.4755859375 0.4309895833333333 0.5 0.4192708333333333 0.51953125 0.4205729166666667
0 0.625 0.24869791666666666 0.634765625 0.25390625 0.6416015625 0.27734375 0.646484375 0.2838541666666667 0.66796875 0.30078125 0.6787109375 0.3138020833333333 0.6865234375 0.3307291666666667 0.693359375 0.35546875 0.693359375 0.3828125 0.6904296875 0.4270833333333333 0.685546875 0.4440104166666667 0.6728515625 0.46875 0.6650390625 0.4739583333333333 0.6533203125 0.4739583333333333 0.638671875 0.4817708333333333 0.6201171875 0.4869791666666667 0.6015625 0.4856770833333333 0.5791015625 0.453125 0.55859375 0.43359375 0.5439453125 0.4244791666666667 0.5078125 0.41015625 0.5068359375 0.3828125 0.51171875 0.3515625 0.5322265625 0.3190104166666667 0.5419921875 0.30859375 0.552734375 0.28515625 0.55859375 0.27734375 0.5771484375 0.265625 0.6005859375 0.2578125 0.6044921875 0.2552083333333333 0.6103515625 0.24479166666666666 0.6240234375 0.24869791666666666
0 0.6083984375 0.6888020833333334 0.6337890625 0.703125 0.6416015625 0.7122395833333334 0.6474609375 0.7213541666666666 0.6494140625 0.73046875 0.6572265625 0.7473958333333334 0.6611328125 0.7682291666666666 0.66796875 0.7760416666666666 0.6650390625 0.7786458333333334 0.6640625 0.7838541666666666 0.6640625 0.8450520833333334 0.6435546875 0.90625 0.634765625 0.92578125 0.6259765625 0.9388020833333334 0.623046875 0.9375 0.619140625 0.9296875 0.615234375 0.9153645833333334 0.619140625 0.8893229166666666 0.6220703125 0.8815104166666666 0.6220703125 0.8671875 0.619140625 0.8606770833333334 0.609375 0.8502604166666666 0.6015625 0.8567708333333334 0.591796875 0.8606770833333334 0.587890625 0.85546875 0.587890625 0.8177083333333334 0.5810546875 0.7708333333333334 0.5751953125 0.7526041666666666 0.5595703125 0.734375 0.5625 0.7265625 0.56640625 0.72265625 0.5927734375 0.7044270833333334 0.6015625 0.6875 0.607421875 0.6888020833333334
0 0.453125 0.11197916666666667 0.458984375 0.12109375 0.4658203125 0.125 0.4873046875 0.125 0.509765625 0.13541666666666666 0.53125 0.15364583333333334 0.55078125 0.18098958333333334 0.5576171875 0.19791666666666666 0.560546875 0.21354166666666666 0.560546875 0.2421875 0.5576171875 0.2552083333333333 0.5478515625 0.2838541666666667 0.537109375 0.3059895833333333 0.5146484375 0.328125 0.50390625 0.3424479166666667 0.47265625 0.3567708333333333 0.4501953125 0.3567708333333333 0.4287109375 0.3489583333333333 0.42578125 0.3450520833333333 0.42578125 0.3203125 0.41796875 0.30859375 0.4140625 0.3046875 0.4033203125 0.3046875 0.38671875 0.296875 0.3818359375 0.296875 0.3759765625 0.30078125 0.369140625 0.2981770833333333 0.3583984375 0.2838541666666667 0.3544921875 0.2721354166666667 0.3525390625 0.2565104166666667 0.353515625 0.21744791666666666 0.361328125 0.19401041666666666 0.369140625 0.18098958333333334 0.392578125 0.15494791666666666 0.4111328125 0.14322916666666666 0.419921875 0.12890625 0.4306640625 0.125 0.4462890625 0.11067708333333333 0.4521484375 0.11197916666666667
0 0.6650390625 0.5052083333333334 0.6943359375 0.5091145833333334 0.720703125 0.5247395833333334 0.734375 0.5377604166666666 0.7451171875 0.5533854166666666 0.751953125 0.5677083333333334 0.7578125 0.5872395833333334 0.759765625 0.6341145833333334 0.7470703125 0.6796875 0.73046875 0.7044270833333334 0.703125 0.72265625 0.6943359375 0.71875 0.654296875 0.7174479166666666 0.6484375 0.71484375 0.62890625 0.6940104166666666 0.6142578125 0.6848958333333334 0.609375 0.6744791666666666 0.62109375 0.6302083333333334 0.6279296875 0.58203125 0.625 0.52734375 0.6328125 0.5208333333333334 0.6640625 0.5052083333333334
0 0.6650390625 0.71875 0.6923828125 0.71875 0.701171875 0.7252604166666666 0.69921875 0.7447916666666666 0.7001953125 0.7630208333333334 0.6982421875 0.7721354166666666 0.6943359375 0.7760416666666666 0.6748046875 0.7747395833333334 0.6708984375 0.7799479166666666 0.6669921875 0.7799479166666666 0.6640625 0.7760416666666666 0.650390625 0.7278645833333334 0.6513671875 0.7200520833333334 0.6640625 0.71875