0 0.77734375 0.4140625 0.7939453125 0.4166666666666667 0.8056640625 0.4244791666666667 0.8359375 0.4674479166666667 0.84375 0.4856770833333333 0.84375 0.50390625 0.8486328125 0.5221354166666666 0.8505859375 0.5403645833333334 0.8505859375 0.5598958333333334 0.84765625 0.57421875 0.833984375 0.6028645833333334 0.8212890625 0.6171875 0.80078125 0.6302083333333334 0.7900390625 0.6341145833333334 0.765625 0.6328125 0.736328125 0.6184895833333334 0.7021484375 0.5807291666666666 0.6953125 0.5677083333333334 0.6904296875 0.5494791666666666 0.6904296875 0.48828125 0.69921875 0.4609375 0.7060546875 0.4479166666666667 0.7236328125 0.4296875 0.7373046875 0.421875 0.7509765625 0.4166666666666667 0.7763671875 0.4140625
0 0.7275390625 0.6184895833333334 0.755859375 0.6341145833333334 0.7763671875 0.6393229166666666 0.7919921875 0.65234375 0.80859375 0.6770833333333334 0.814453125 0.6901041666666666 0.82421875 0.7005208333333334 0.8271484375 0.7122395833333334 0.82421875 0.7239583333333334 0.82421875 0.734375 0.822265625 0.7369791666666666 0.822265625 0.74609375 0.82421875 0.75 0.8330078125 0.75390625 0.8369140625 0.76171875 0.8369140625 0.7682291666666666 0.83203125 0.7838541666666666 0.83203125 0.7916666666666666 0.8359375 0.7994791666666666 0.8359375 0.80859375 0.82421875 0.8372395833333334 0.7919921875 0.8450520833333334 0.7744140625 0.8697916666666666 0.7666015625 0.8763020833333334 0.751953125 0.8841145833333334 0.734375 0.8880208333333334 0.712890625 0.8854166666666666 0.689453125 0.8763020833333334 0.6787109375 0.8671875 0.666015625 0.8684895833333334 0.65625 0.8658854166666666 0.6533203125 0.87109375 0.6484375 0.8684895833333334 0.640625 0.859375 0.6396484375 0.8528645833333334 0.63671875 0.8489583333333334 0.6240234375 0.7799479166666666 0.6240234375 0.7486979166666666 0.626953125 0.7161458333333334 0.6328125 0.6940104166666666 0.6396484375 0.6796875 0.6689453125 0.6393229166666666 0.701171875 0.6223958333333334 0.7265625 0.6184895833333334
0 0.6103515625 0.7760416666666666 0.6162109375 0.7760416666666666 0.6201171875 0.7799479166666666 0.625 0.80859375 0.62890625 0.8203125 0.62890625 0.83984375 0.646484375 0.8828125 0.654296875 0.8958333333333334 0.66015625 0.8893229166666666 0.66015625 0.8815104166666666 0.662109375 0.87890625 0.669921875 0.8763020833333334 0.671875 0.8723958333333334 0.677734375 0.8723958333333334 0.6826171875 0.87890625 0.681640625 0.8971354166666666 0.6845703125 0.90625 0.6845703125 0.91015625 0.6796875 0.91796875 0.6787109375 0.9309895833333334 0.673828125 0.9466145833333334 0.6611328125 0.9674479166666666 0.638671875 0.9869791666666666 0.611328125 0.9934895833333334 0.5771484375 0.9817708333333334 0.552734375 0.9661458333333334 0.5322265625 0.9348958333333334 0.529296875 0.9231770833333334 0.5234375 0.9153645833333334 0.5146484375 0.9153645833333334 0.51171875 0.9114583333333334 0.5087890625 0.8919270833333334 0.509765625 0.88671875 0.51953125 0.8828125 0.517578125 0.8658854166666666 0.521484375 0.859375 0.5390625 0.84765625 0.55078125 0.8450520833333334 0.5654296875 0.828125 0.5771484375 0.8033854166666666 0.5810546875 0.78515625 0.5849609375 0.77734375 0.609375 0.7760416666666666
0 0.2919921875 0.3828125 0.330078125 0.3997395833333333 0.3505859375 0.4036458333333333 0.369140625 0.4270833333333333 0.37109375 0.43359375 0.369140625 0.5026041666666666 0.373046875 0.5234375 0.3720703125 0.5377604166666666 0.36328125 0.5651041666666666 0.3466796875 0.5807291666666666 0.3173828125 0.59375 0.287109375 0.5989583333333334 0.267578125 0.61328125 0.24609375 0.62109375 0.2412109375 0.6197916666666666 0.23046875 0.6106770833333334 0.2236328125 0.5950520833333334 0.2216796875 0.57421875 0.2158203125 0.5533854166666666 0.2099609375 0.5442708333333334 0.208984375 0.5234375 0.1982421875 0.4830729166666667 0.2001953125 0.4596354166666667 0.208984375 0.4348958333333333 0.220703125 0.41796875 0.2373046875 0.4010416666666667 0.2666015625 0.3841145833333333 0.275390625 0.3815104166666667 0.291015625 0.3828125
0 0.3701171875 0.59765625 0.3876953125 0.6119791666666666 0.3974609375 0.6263020833333334 0.3984375 0.6328125 0.3876953125 0.6549479166666666 0.3779296875 0.6848958333333334 0.373046875 0.71875 0.373046875 0.76171875 0.3564453125 0.7760416666666666 0.34375 0.78125 0.3115234375 0.7799479166666666 0.3017578125 0.7760416666666666 0.2841796875 0.76171875 0.275390625 0.7473958333333334 0.26953125 0.7291666666666666 0.2666015625 0.7122395833333334 0.2666015625 0.6927083333333334 0.2783203125 0.6536458333333334 0.2880859375 0.6341145833333334 0.3056640625 0.61328125 0.3310546875 0.59765625 0.3505859375 0.5950520833333334 0.369140625 0.59765625
0 0.3662109375 0 0.369140625 0.0026041666666666665 0.3759765625 0 0.376953125 0.0026041666666666665 0.3974609375 0.0013020833333333333 0.408203125 0.00390625 0.4033203125 0.01171875 0.388671875 0.020833333333333332 0.384765625 0.028645833333333332 0.3837890625 0.036458333333333336 0.38671875 0.044270833333333336 0.3935546875 0.049479166666666664 0.4140625 0.07942708333333333 0.421875 0.10286458333333333 0.4326171875 0.12109375 0.44921875 0.16666666666666666 0.4521484375 0.203125 0.44921875 0.22265625 0.4443359375 0.23697916666666666 0.4443359375 0.24348958333333334 0.4482421875 0.25390625 0.447265625 0.2825520833333333 0.4375 0.3203125 0.4189453125 0.3567708333333333 0.396484375 0.3854166666666667 0.375 0.3932291666666667 0.3544921875 0.3958333333333333 0.3310546875 0.39453125 0.28515625 0.3763020833333333 0.251953125 0.3450520833333333 0.2333984375 0.3177083333333333 0.228515625 0.29296875 0.2216796875 0.2734375 0.216796875 0.24609375 0.2158203125 0.22005208333333334 0.212890625 0.20182291666666666 0.212890625 0.15234375 0.220703125 0.109375 0.2294921875 0.08723958333333333 0.2392578125 0.0703125 0.2646484375 0.044270833333333336 0.28515625 0.032552083333333336 0.30859375 0.029947916666666668 0.3203125 0.026041666666666668 0.3359375 0.026041666666666668 0.3564453125 0.033854166666666664 0.357421875 0.03125 0.345703125 0.018229166666666668 0.3486328125 0.014322916666666666 0.3447265625 0.010416666666666666 0.341796875 0.01171875 0.345703125 0.0078125 0.333984375 0.00390625 0.365234375 0.0013020833333333333
0 0.798828125 0.08984375 0.80859375 0.10286458333333333 0.8271484375 0.10546875 0.86328125 0.14583333333333334 0.8759765625 0.1640625 0.8837890625 0.17838541666666666 0.888671875 0.19270833333333334 0.892578125 0.20963541666666666 0.8935546875 0.23307291666666666 0.8837890625 0.28125 0.873046875 0.3059895833333333 0.8623046875 0.32421875 0.849609375 0.33984375 0.8271484375 0.3567708333333333 0.7939453125 0.3684895833333333 0.7568359375 0.3684895833333333 0.7265625 0.35546875 0.7138671875 0.3450520833333333 0.6904296875 0.3151041666666667 0.677734375 0.2877604166666667 0.673828125 0.2630208333333333 0.673828125 0.22786458333333334 0.6767578125 0.20703125 0.6865234375 0.18229166666666666 0.701171875 0.15364583333333334 0.712890625 0.13932291666666666 0.7255859375 0.12890625 0.7548828125 0.11328125 0.76171875 0.1015625 0.765625 0.1015625 0.7783203125 0.08854166666666667 0.79296875 0.0859375 0.7978515625 0.08984375
0 0.6142578125 0.4231770833333333 0.6494140625 0.4375 0.6669921875 0.4518229166666667 0.6826171875 0.4817708333333333 0.6865234375 0.5078125 0.6845703125 0.5494791666666666 0.6826171875 0.5611979166666666 0.67578125 0.5794270833333334 0.658203125 0.6067708333333334 0.640625 0.6236979166666666 0.62109375 0.62890625 0.6015625 0.6276041666666666 0.58984375 0.6197916666666666 0.5771484375 0.6015625 0.5595703125 0.6015625 0.55078125 0.5950520833333334 0.5498046875 0.5911458333333334 0.556640625 0.5807291666666666 0.541015625 0.5390625 0.54296875 0.5052083333333334 0.5458984375 0.48828125 0.560546875 0.45703125 0.5712890625 0.4453125 0.5869140625 0.4466145833333333 0.5927734375 0.4296875 0.5986328125 0.4244791666666667 0.61328125 0.4231770833333333
0 0.4560546875 0.3697916666666667 0.4833984375 0.3763020833333333 0.49609375 0.3828125 0.5068359375 0.3919270833333333 0.5283203125 0.42578125 0.5361328125 0.4479166666666667 0.5400390625 0.4674479166666667 0.5400390625 0.5052083333333334 0.5322265625 0.5442708333333334 0.5224609375 0.5690104166666666 0.51171875 0.58203125 0.498046875 0.5924479166666666 0.4775390625 0.6015625 0.458984375 0.6041666666666666 0.4404296875 0.6015625 0.4267578125 0.5950520833333334 0.4033203125 0.57421875 0.3935546875 0.5611979166666666 0.380859375 0.5364583333333334 0.375 0.51953125 0.3720703125 0.4986979166666667 0.3720703125 0.47265625 0.375 0.4505208333333333 0.3896484375 0.41015625 0.408203125 0.3893229166666667 0.419921875 0.3815104166666667 0.4326171875 0.375 0.455078125 0.3697916666666667
0 0.5146484375 0.5989583333333334 0.533203125 0.61328125 0.54296875 0.6158854166666666 0.552734375 0.6236979166666666 0.5654296875 0.640625 0.5712890625 0.6536458333333334 0.576171875 0.6848958333333334 0.580078125 0.6953125 0.583984375 0.734375 0.5830078125 0.76953125 0.5771484375 0.7864583333333334 0.576171875 0.7955729166666666 0.5615234375 0.828125 0.546875 0.83984375 0.525390625 0.8502604166666666 0.509765625 0.8619791666666666 0.4912109375 0.8645833333333334 0.482421875 0.8606770833333334 0.470703125 0.8606770833333334 0.4677734375 0.8580729166666666 0.4541015625 0.8580729166666666 0.44921875 0.8606770833333334 0.4423828125 0.859375 0.4287109375 0.8658854166666666 0.4189453125 0.859375 0.40625 0.8411458333333334 0.39453125 0.8190104166666666 0.3818359375 0.7825520833333334 0.3759765625 0.75 0.3759765625 0.71484375 0.3818359375 0.6809895833333334 0.3896484375 0.6575520833333334 0.4033203125 0.6315104166666666 0.4306640625 0.6028645833333334 0.4619140625 0.6080729166666666 0.4833984375 0.6041666666666666 0.5029296875 0.5963541666666666 0.513671875 0.5989583333333334
0 0.583984375 0.1171875 0.603515625 0.12239583333333333 0.6298828125 0.140625 0.6513671875 0.16927083333333334 0.6689453125 0.21484375 0.6708984375 0.2630208333333333 0.669921875 0.2825520833333333 0.6640625 0.3059895833333333 0.6484375 0.3450520833333333 0.6298828125 0.3776041666666667 0.62109375 0.3854166666666667 0.611328125 0.3893229166666667 0.603515625 0.3984375 0.58984375 0.4231770833333333 0.5849609375 0.44140625 0.5791015625 0.4375 0.576171875 0.4231770833333333 0.5654296875 0.4010416666666667 0.54296875 0.39453125 0.5263671875 0.3841145833333333 0.498046875 0.3515625 0.4873046875 0.32421875 0.478515625 0.28125 0.4794921875 0.23697916666666666 0.482421875 0.2109375 0.4853515625 0.20052083333333334 0.5 0.16927083333333334 0.5234375 0.13932291666666666 0.5390625 0.12760416666666666 0.572265625 0.1171875 0.5830078125 0.1171875