0 0.654296875 0 0.76171875 0 0.7705078125 0.04296875 0.7705078125 0.07161458333333333 0.7685546875 0.0859375 0.7626953125 0.10416666666666667 0.7548828125 0.11848958333333333 0.7412109375 0.1328125 0.724609375 0.14322916666666666 0.689453125 0.14322916666666666 0.6845703125 0.11458333333333333 0.6845703125 0.09114583333333333 0.671875 0.06770833333333333 0.66796875 0.05078125 0.6494140625 0.018229166666666668 0.6513671875 0.006510416666666667 0.654296875 0.0013020833333333333
0 0.8056640625 0.4557291666666667 0.8359375 0.46875 0.85546875 0.48046875 0.8740234375 0.50390625 0.8876953125 0.5364583333333334 0.8974609375 0.5807291666666666 0.8935546875 0.6067708333333334 0.87890625 0.640625 0.8486328125 0.6744791666666666 0.8408203125 0.6783854166666666 0.8359375 0.6848958333333334 0.8310546875 0.6979166666666666 0.82421875 0.6979166666666666 0.8193359375 0.7057291666666666 0.8095703125 0.7109375 0.8037109375 0.7109375 0.7939453125 0.7044270833333334 0.76171875 0.6953125 0.7529296875 0.6809895833333334 0.712890625 0.6497395833333334 0.7021484375 0.6354166666666666 0.6953125 0.6197916666666666 0.6884765625 0.5885416666666666 0.6875 0.57421875 0.6904296875 0.5416666666666666 0.697265625 0.51953125 0.708984375 0.4986979166666667 0.7236328125 0.48046875 0.7470703125 0.4635416666666667 0.779296875 0.4518229166666667 0.7939453125 0.4518229166666667 0.8046875 0.4557291666666667
0 0.19140625 0.20182291666666666 0.2138671875 0.20182291666666666 0.2236328125 0.20963541666666666 0.2275390625 0.21614583333333334 0.2275390625 0.22005208333333334 0.2158203125 0.23177083333333334 0.1923828125 0.2669270833333333 0.1865234375 0.2669270833333333 0.1806640625 0.2747395833333333 0.177734375 0.2838541666666667 0.1728515625 0.2890625 0.173828125 0.2942708333333333 0.177734375 0.2942708333333333 0.1767578125 0.3072916666666667 0.1748046875 0.3203125 0.16796875 0.3385416666666667 0.1650390625 0.3372395833333333 0.15625 0.32421875 0.1474609375 0.3033854166666667 0.1494140625 0.2994791666666667 0.1572265625 0.2981770833333333 0.16015625 0.29296875 0.16015625 0.2721354166666667 0.154296875 0.24739583333333334 0.154296875 0.24088541666666666 0.16015625 0.23177083333333334 0.16015625 0.22786458333333334 0.15234375 0.21614583333333334 0.1513671875 0.20963541666666666 0.1591796875 0.20442708333333334 0.1787109375 0.19791666666666666 0.1904296875 0.20182291666666666
0 0.47265625 0.47265625 0.4892578125 0.4856770833333333 0.505859375 0.4921875 0.5361328125 0.4934895833333333 0.548828125 0.4908854166666667 0.5537109375 0.4934895833333333 0.5654296875 0.5091145833333334 0.5751953125 0.5299479166666666 0.5849609375 0.56640625 0.5849609375 0.6158854166666666 0.5791015625 0.6393229166666666 0.5712890625 0.65625 0.560546875 0.6731770833333334 0.5419921875 0.6953125 0.5234375 0.7096354166666666 0.5087890625 0.71484375 0.478515625 0.7135416666666666 0.4560546875 0.703125 0.4365234375 0.6888020833333334 0.4169921875 0.6614583333333334 0.40625 0.6276041666666666 0.4033203125 0.5963541666666666 0.4033203125 0.5625 0.4189453125 0.5143229166666666 0.4287109375 0.4947916666666667 0.44140625 0.4817708333333333 0.4658203125 0.46875 0.4716796875 0.47265625
0 0.32421875 0.0546875 0.3515625 0.08333333333333333 0.3662109375 0.11197916666666667 0.373046875 0.13411458333333334 0.375 0.14713541666666666 0.3740234375 0.19270833333333334 0.3779296875 0.2109375 0.3740234375 0.22395833333333334 0.3623046875 0.23828125 0.35546875 0.23828125 0.3359375 0.21875 0.3173828125 0.20963541666666666 0.302734375 0.21354166666666666 0.2880859375 0.20572916666666666 0.2646484375 0.203125 0.2333984375 0.21354166666666666 0.2294921875 0.20442708333333334 0.2265625 0.17708333333333334 0.2314453125 0.13151041666666666 0.2333984375 0.12369791666666667 0.2451171875 0.10416666666666667 0.248046875 0.09505208333333333 0.267578125 0.0703125 0.28515625 0.057291666666666664 0.3095703125 0.053385416666666664 0.3232421875 0.0546875
0 0.279296875 0.20703125 0.3076171875 0.21875 0.3251953125 0.21614583333333334 0.3388671875 0.22526041666666666 0.34765625 0.234375 0.35546875 0.24739583333333334 0.3603515625 0.26171875 0.3798828125 0.2890625 0.38671875 0.3072916666666667 0.39453125 0.34765625 0.396484375 0.4075520833333333 0.392578125 0.4348958333333333 0.3818359375 0.4713541666666667 0.3662109375 0.5143229166666666 0.3564453125 0.5208333333333334 0.3427734375 0.5390625 0.3359375 0.55078125 0.33203125 0.56640625 0.3232421875 0.5703125 0.3173828125 0.5703125 0.3125 0.5598958333333334 0.3046875 0.5559895833333334 0.2998046875 0.5546875 0.291015625 0.55859375 0.2783203125 0.55859375 0.2421875 0.546875 0.208984375 0.50390625 0.18359375 0.45703125 0.173828125 0.4283854166666667 0.16796875 0.3997395833333333 0.16796875 0.3502604166666667 0.1708984375 0.33203125 0.177734375 0.3098958333333333 0.1787109375 0.2955729166666667 0.173828125 0.2955729166666667 0.1748046875 0.2890625 0.1787109375 0.28515625 0.181640625 0.2721354166666667 0.1875 0.2669270833333333 0.1943359375 0.2682291666666667 0.2119140625 0.23828125 0.236328125 0.21744791666666666 0.2578125 0.20833333333333334 0.2783203125 0.20703125
0 0.4638671875 0.18489583333333334 0.474609375 0.19661458333333334 0.4814453125 0.21744791666666666 0.484375 0.234375 0.4736328125 0.24479166666666666 0.45703125 0.2669270833333333 0.4443359375 0.2890625 0.4375 0.30859375 0.4296875 0.3606770833333333 0.4306640625 0.3854166666666667 0.435546875 0.40234375 0.435546875 0.4075520833333333 0.4326171875 0.4088541666666667 0.4150390625 0.4036458333333333 0.400390625 0.39453125 0.3974609375 0.3723958333333333 0.3974609375 0.3450520833333333 0.392578125 0.3177083333333333 0.3798828125 0.28125 0.3720703125 0.2708333333333333 0.37109375 0.2630208333333333 0.380859375 0.23958333333333334 0.388671875 0.22916666666666666 0.4208984375 0.20572916666666666 0.439453125 0.20182291666666666 0.4580078125 0.18619791666666666 0.462890625 0.18489583333333334
0 0.7236328125 0.15234375 0.7529296875 0.16927083333333334 0.7685546875 0.1875 0.779296875 0.20572916666666666 0.794921875 0.2526041666666667 0.7978515625 0.2708333333333333 0.796875 0.3125 0.7900390625 0.3541666666666667 0.7724609375 0.39453125 0.767578125 0.4127604166666667 0.732421875 0.4518229166666667 0.7080078125 0.4674479166666667 0.6826171875 0.4752604166666667 0.6591796875 0.4739583333333333 0.640625 0.46484375 0.6259765625 0.4518229166666667 0.615234375 0.4348958333333333 0.615234375 0.4283854166666667 0.6318359375 0.3828125 0.6328125 0.33984375 0.6259765625 0.3020833333333333 0.611328125 0.265625 0.60546875 0.2565104166666667 0.603515625 0.24479166666666666 0.6318359375 0.19791666666666666 0.6357421875 0.18229166666666666 0.6435546875 0.17447916666666666 0.6650390625 0.16015625 0.6806640625 0.15364583333333334 0.72265625 0.15234375
0 0.3564453125 0 0.533203125 0 0.5361328125 0.024739583333333332 0.53515625 0.041666666666666664 0.5224609375 0.0703125 0.509765625 0.11067708333333333 0.5068359375 0.1328125 0.501953125 0.14192708333333334 0.4794921875 0.16145833333333334 0.4736328125 0.1640625 0.4521484375 0.16927083333333334 0.4306640625 0.16796875 0.4228515625 0.17838541666666666 0.4150390625 0.1796875 0.3916015625 0.15755208333333334 0.37890625 0.140625 0.3671875 0.10546875 0.353515625 0.07682291666666667 0.349609375 0.049479166666666664 0.3505859375 0.02734375 0.3564453125 0.0013020833333333333
0 0.546875 0.22395833333333334 0.5791015625 0.23697916666666666 0.59375 0.24739583333333334 0.6044921875 0.26171875 0.6142578125 0.28515625 0.6201171875 0.2942708333333333 0.6259765625 0.3151041666666667 0.62890625 0.3372395833333333 0.62890625 0.35546875 0.6259765625 0.3880208333333333 0.6064453125 0.4375 0.59375 0.4544270833333333 0.578125 0.4700520833333333 0.560546875 0.4817708333333333 0.5400390625 0.48828125 0.5107421875 0.48828125 0.5 0.4856770833333333 0.48046875 0.4752604166666667 0.462890625 0.4596354166666667 0.4482421875 0.4348958333333333 0.4423828125 0.4205729166666667 0.4326171875 0.3841145833333333 0.431640625 0.3619791666666667 0.4345703125 0.3346354166666667 0.44140625 0.3033854166666667 0.45703125 0.2708333333333333 0.47265625 0.25 0.490234375 0.23307291666666666 0.501953125 0.2265625 0.5146484375 0.22265625 0.5458984375 0.22395833333333334
0 0.6083984375 0.014322916666666666 0.634765625 0.024739583333333332 0.6552734375 0.044270833333333336 0.6611328125 0.053385416666666664 0.6796875 0.09375 0.68359375 0.13541666666666666 0.6826171875 0.14583333333333334 0.6796875 0.14973958333333334 0.66015625 0.15885416666666666 0.6328125 0.1796875 0.6298828125 0.18489583333333334 0.626953125 0.19921875 0.623046875 0.20572916666666666 0.60546875 0.23046875 0.5966796875 0.23567708333333334 0.5849609375 0.234375 0.55078125 0.22005208333333334 0.529296875 0.21614583333333334 0.5244140625 0.19791666666666666 0.5185546875 0.18880208333333334 0.5205078125 0.17447916666666666 0.51171875 0.15234375 0.5107421875 0.12369791666666667 0.5302734375 0.0625 0.552734375 0.03125 0.560546875 0.024739583333333332 0.576171875 0.018229166666666668 0.5927734375 0.014322916666666666 0.607421875 0.014322916666666666
0 0.537109375 0 0.6396484375 0 0.6396484375 0.006510416666666667 0.63671875 0.014322916666666666 0.6318359375 0.018229166666666668 0.625 0.018229166666666668 0.61328125 0.013020833333333334 0.591796875 0.01171875 0.5595703125 0.022135416666666668 0.54296875 0.036458333333333336 0.5400390625 0.032552083333333336 0.5380859375 0.0234375 0.537109375 0.0013020833333333333