0 0.3896484375 0.67578125 0.4052734375 0.6822916666666666 0.427734375 0.6979166666666666 0.44140625 0.7135416666666666 0.451171875 0.7408854166666666 0.4541015625 0.7565104166666666 0.4560546875 0.8033854166666666 0.4501953125 0.8411458333333334 0.4287109375 0.8893229166666666 0.4189453125 0.9036458333333334 0.3916015625 0.9231770833333334 0.3857421875 0.93359375 0.3818359375 0.9479166666666666 0.3779296875 0.953125 0.3583984375 0.9505208333333334 0.3505859375 0.9466145833333334 0.3408203125 0.9375 0.3359375 0.9283854166666666 0.3203125 0.9205729166666666 0.283203125 0.8854166666666666 0.275390625 0.8658854166666666 0.2724609375 0.8515625 0.271484375 0.8059895833333334 0.275390625 0.7864583333333334 0.2734375 0.7721354166666666 0.2822265625 0.75390625 0.279296875 0.7486979166666666 0.2744140625 0.7473958333333334 0.275390625 0.7395833333333334 0.2802734375 0.7330729166666666 0.2861328125 0.7265625 0.291015625 0.7265625 0.2880859375 0.73046875 0.2939453125 0.7317708333333334 0.2978515625 0.7265625 0.296875 0.7200520833333334 0.302734375 0.7213541666666666 0.3076171875 0.71484375 0.310546875 0.703125 0.33984375 0.6822916666666666 0.375 0.6744791666666666 0.388671875 0.67578125
0 0.703125 0.6080729166666666 0.720703125 0.6145833333333334 0.736328125 0.6276041666666666 0.748046875 0.6302083333333334 0.7607421875 0.6484375 0.771484375 0.64453125 0.7744140625 0.6536458333333334 0.7880859375 0.671875 0.7880859375 0.6783854166666666 0.7802734375 0.6966145833333334 0.7783203125 0.72265625 0.7724609375 0.7135416666666666 0.7685546875 0.71875 0.7685546875 0.7552083333333334 0.765625 0.7669270833333334 0.755859375 0.7890625 0.7490234375 0.7981770833333334 0.740234375 0.8046875 0.73046875 0.8098958333333334 0.716796875 0.8125 0.7021484375 0.8111979166666666 0.681640625 0.80078125 0.6669921875 0.7864583333333334 0.646484375 0.7578125 0.6259765625 0.7486979166666666 0.619140625 0.7330729166666666 0.6201171875 0.7252604166666666 0.623046875 0.7200520833333334 0.6298828125 0.72265625 0.634765625 0.7200520833333334 0.638671875 0.6666666666666666 0.6435546875 0.6497395833333334 0.650390625 0.6354166666666666 0.6611328125 0.6223958333333334 0.673828125 0.61328125 0.685546875 0.6080729166666666 0.7021484375 0.6080729166666666
0 0.5087890625 0.3489583333333333 0.5234375 0.3541666666666667 0.53515625 0.3619791666666667 0.5498046875 0.37890625 0.556640625 0.3932291666666667 0.5615234375 0.4127604166666667 0.5625 0.44140625 0.560546875 0.4596354166666667 0.55078125 0.4869791666666667 0.533203125 0.5130208333333334 0.5263671875 0.51953125 0.5078125 0.5299479166666666 0.4755859375 0.5260416666666666 0.462890625 0.5221354166666666 0.4541015625 0.515625 0.4443359375 0.5052083333333334 0.4384765625 0.4934895833333333 0.4296875 0.453125 0.4296875 0.4309895833333333 0.4326171875 0.4127604166666667 0.4443359375 0.3828125 0.458984375 0.3645833333333333 0.4736328125 0.3541666666666667 0.4873046875 0.3489583333333333 0.5078125 0.3489583333333333
0 0.51171875 0.5338541666666666 0.5322265625 0.5416666666666666 0.548828125 0.5572916666666666 0.5625 0.59765625 0.5634765625 0.6354166666666666 0.5556640625 0.65625 0.53515625 0.6822916666666666 0.525390625 0.6888020833333334 0.5087890625 0.6927083333333334 0.498046875 0.6927083333333334 0.4794921875 0.6861979166666666 0.462890625 0.6731770833333334 0.447265625 0.6471354166666666 0.4443359375 0.6315104166666666 0.4443359375 0.6106770833333334 0.4541015625 0.5768229166666666 0.462890625 0.5625 0.466796875 0.5494791666666666 0.4736328125 0.546875 0.490234375 0.5338541666666666 0.5107421875 0.5338541666666666
0 0.197265625 0.5729166666666666 0.19921875 0.57421875 0.19921875 0.5833333333333334 0.2021484375 0.5872395833333334 0.2119140625 0.5807291666666666 0.21875 0.5807291666666666 0.2216796875 0.5846354166666666 0.248046875 0.5859375 0.263671875 0.59375 0.2734375 0.61328125 0.2900390625 0.6315104166666666 0.2958984375 0.6510416666666666 0.30859375 0.6653645833333334 0.31640625 0.6666666666666666 0.3203125 0.6705729166666666 0.3203125 0.6809895833333334 0.3115234375 0.6966145833333334 0.2998046875 0.7018229166666666 0.2890625 0.7135416666666666 0.2607421875 0.7513020833333334 0.25 0.7721354166666666 0.24609375 0.7825520833333334 0.248046875 0.7877604166666666 0.2607421875 0.7877604166666666 0.265625 0.7825520833333334 0.267578125 0.7890625 0.265625 0.7916666666666666 0.2509765625 0.7890625 0.248046875 0.7955729166666666 0.2216796875 0.8046875 0.2041015625 0.8046875 0.1953125 0.8020833333333334 0.1708984375 0.7838541666666666 0.1572265625 0.7630208333333334 0.150390625 0.7578125 0.150390625 0.7408854166666666 0.1474609375 0.734375 0.1435546875 0.7330729166666666 0.1455078125 0.7239583333333334 0.1455078125 0.7161458333333334 0.142578125 0.70703125 0.1435546875 0.6875 0.15625 0.6432291666666666 0.1552734375 0.6302083333333334 0.162109375 0.6184895833333334 0.171875 0.6158854166666666 0.181640625 0.6028645833333334 0.1826171875 0.59375 0.1796875 0.5859375 0.1806640625 0.5807291666666666 0.1962890625 0.5729166666666666
0 0.3251953125 0.25 0.36328125 0.2760416666666667 0.3759765625 0.296875 0.3837890625 0.3203125 0.384765625 0.3333333333333333 0.3798828125 0.3684895833333333 0.375 0.3776041666666667 0.3564453125 0.3736979166666667 0.33203125 0.3736979166666667 0.31640625 0.3776041666666667 0.3017578125 0.3841145833333333 0.283203125 0.3997395833333333 0.279296875 0.3984375 0.271484375 0.3893229166666667 0.255859375 0.3541666666666667 0.2529296875 0.32421875 0.2568359375 0.2994791666666667 0.267578125 0.2747395833333333 0.2802734375 0.2604166666666667 0.306640625 0.24869791666666666 0.32421875 0.25
0 0.357421875 0.3763020833333333 0.3876953125 0.3893229166666667 0.3994140625 0.3997395833333333 0.4130859375 0.41796875 0.4267578125 0.4518229166666667 0.431640625 0.4830729166666667 0.4306640625 0.5052083333333334 0.4248046875 0.5403645833333334 0.412109375 0.5716145833333334 0.39453125 0.6015625 0.380859375 0.6145833333333334 0.361328125 0.6263020833333334 0.3310546875 0.6354166666666666 0.3056640625 0.6302083333333334 0.2822265625 0.6158854166666666 0.267578125 0.5924479166666666 0.259765625 0.5677083333333334 0.251953125 0.5546875 0.25 0.5377604166666666 0.2451171875 0.5234375 0.2373046875 0.5182291666666666 0.2373046875 0.5143229166666666 0.2431640625 0.5026041666666666 0.2431640625 0.4869791666666667 0.244140625 0.484375 0.248046875 0.4856770833333333 0.25 0.4830729166666667 0.2568359375 0.4609375 0.25390625 0.4544270833333333 0.2548828125 0.44140625 0.2607421875 0.4309895833333333 0.283203125 0.4036458333333333 0.310546875 0.3828125 0.33203125 0.3763020833333333 0.3564453125 0.3763020833333333
0 0.658203125 0.4283854166666667 0.677734375 0.4375 0.69921875 0.4544270833333333 0.7177734375 0.4791666666666667 0.7275390625 0.5208333333333334 0.7197265625 0.5638020833333334 0.70703125 0.5859375 0.693359375 0.6002604166666666 0.666015625 0.61328125 0.6533203125 0.61328125 0.6298828125 0.60546875 0.6064453125 0.5911458333333334 0.587890625 0.5755208333333334 0.5771484375 0.57421875 0.568359375 0.56640625 0.5556640625 0.5638020833333334 0.552734375 0.5546875 0.552734375 0.55078125 0.5595703125 0.5377604166666666 0.560546875 0.5091145833333334 0.5634765625 0.5052083333333334 0.578125 0.50390625 0.5830078125 0.4817708333333333 0.6015625 0.44921875 0.6162109375 0.4348958333333333 0.6220703125 0.4322916666666667 0.6416015625 0.4270833333333333 0.6572265625 0.4283854166666667
0 0.6484375 0.17708333333333334 0.6748046875 0.18489583333333334 0.6982421875 0.20442708333333334 0.708984375 0.22005208333333334 0.712890625 0.22005208333333334 0.720703125 0.23567708333333334 0.720703125 0.24739583333333334 0.73046875 0.2747395833333333 0.732421875 0.26953125 0.765625 0.2265625 0.7734375 0.22395833333333334 0.7890625 0.22395833333333334 0.80078125 0.2265625 0.8173828125 0.23567708333333334 0.8193359375 0.23828125 0.8173828125 0.2513020833333333 0.8349609375 0.28515625 0.8349609375 0.2994791666666667 0.8447265625 0.3072916666666667 0.845703125 0.3138020833333333 0.8349609375 0.328125 0.8193359375 0.3359375 0.810546875 0.3450520833333333 0.7744140625 0.3580729166666667 0.740234375 0.35546875 0.732421875 0.3489583333333333 0.7197265625 0.3450520833333333 0.6884765625 0.38671875 0.6650390625 0.3971354166666667 0.646484375 0.3971354166666667 0.640625 0.3997395833333333 0.6142578125 0.3984375 0.6005859375 0.3932291666666667 0.5771484375 0.37890625 0.5595703125 0.36328125 0.5419921875 0.3333333333333333 0.53515625 0.3138020833333333 0.5322265625 0.2786458333333333 0.533203125 0.265625 0.5439453125 0.2265625 0.5498046875 0.21354166666666666 0.560546875 0.19921875 0.5693359375 0.19270833333333334 0.6015625 0.18098958333333334 0.626953125 0.17708333333333334 0.6474609375 0.17708333333333334
0 0.55859375 0.6888020833333334 0.5703125 0.6940104166666666 0.580078125 0.7018229166666666 0.595703125 0.7239583333333334 0.6064453125 0.7513020833333334 0.609375 0.7825520833333334 0.5986328125 0.8098958333333334 0.5810546875 0.8346354166666666 0.564453125 0.8489583333333334 0.5537109375 0.8645833333333334 0.5419921875 0.87109375 0.5302734375 0.87109375 0.5087890625 0.8619791666666666 0.490234375 0.84375 0.482421875 0.828125 0.4755859375 0.8059895833333334 0.4736328125 0.7747395833333334 0.4775390625 0.7526041666666666 0.4853515625 0.7265625 0.5 0.7057291666666666 0.5166015625 0.6953125 0.5341796875 0.6888020833333334 0.5576171875 0.6888020833333334
0 0.474609375 0.16927083333333334 0.494140625 0.1796875 0.5068359375 0.1953125 0.515625 0.21223958333333334 0.5224609375 0.234375 0.5244140625 0.24869791666666666 0.5283203125 0.2578125 0.52734375 0.2942708333333333 0.529296875 0.3098958333333333 0.525390625 0.3190104166666667 0.509765625 0.3411458333333333 0.482421875 0.3463541666666667 0.4638671875 0.35546875 0.443359375 0.35546875 0.421875 0.3489583333333333 0.41796875 0.3450520833333333 0.40234375 0.3125 0.3974609375 0.28515625 0.3974609375 0.2721354166666667 0.3828125 0.23958333333333334 0.3837890625 0.23307291666666666 0.380859375 0.21744791666666666 0.3876953125 0.203125 0.39453125 0.1953125 0.4150390625 0.19140625 0.42578125 0.1796875 0.4365234375 0.1796875 0.4580078125 0.16796875 0.4736328125 0.16927083333333334