0 0.86328125 0.3919270833333333 0.87109375 0.3984375 0.8916015625 0.4075520833333333 0.9130859375 0.4231770833333333 0.939453125 0.4466145833333333 0.951171875 0.4622395833333333 0.9775390625 0.5078125 0.984375 0.5403645833333334 0.98828125 0.57421875 0.986328125 0.6184895833333334 0.98046875 0.6471354166666666 0.9814453125 0.6536458333333334 0.9765625 0.6627604166666666 0.9794921875 0.6901041666666666 0.9814453125 0.69140625 0.9794921875 0.6953125 0.9833984375 0.7018229166666666 0.982421875 0.7057291666666666 0.9775390625 0.70703125 0.97265625 0.71484375 0.978515625 0.7265625 0.966796875 0.7174479166666666 0.955078125 0.71875 0.931640625 0.7395833333333334 0.9150390625 0.7473958333333334 0.8701171875 0.7526041666666666 0.845703125 0.7513020833333334 0.802734375 0.7330729166666666 0.7939453125 0.7265625 0.775390625 0.703125 0.763671875 0.6783854166666666 0.7412109375 0.6145833333333334 0.7392578125 0.59375 0.7373046875 0.58984375 0.7373046875 0.5013020833333334 0.7578125 0.4348958333333333 0.767578125 0.4270833333333333 0.7744140625 0.4166666666666667 0.796875 0.4049479166666667 0.8125 0.390625 0.8583984375 0.3893229166666667 0.8623046875 0.3919270833333333
0 0.7275390625 0.7291666666666666 0.76171875 0.7486979166666666 0.779296875 0.7708333333333334 0.79296875 0.796875 0.7978515625 0.8138020833333334 0.80078125 0.8307291666666666 0.80078125 0.859375 0.7958984375 0.87890625 0.794921875 0.89453125 0.7724609375 0.9348958333333334 0.7578125 0.953125 0.748046875 0.9596354166666666 0.724609375 0.96875 0.705078125 0.96875 0.681640625 0.9596354166666666 0.6494140625 0.9244791666666666 0.6416015625 0.9049479166666666 0.640625 0.8580729166666666 0.6376953125 0.8229166666666666 0.642578125 0.796875 0.650390625 0.7747395833333334 0.65625 0.7630208333333334 0.66796875 0.7486979166666666 0.677734375 0.7395833333333334 0.6943359375 0.73046875 0.703125 0.7278645833333334 0.7265625 0.7291666666666666
0 0.4033203125 0.7421875 0.4296875 0.7604166666666666 0.443359375 0.7786458333333334 0.44921875 0.7903645833333334 0.4560546875 0.8111979166666666 0.45703125 0.828125 0.4609375 0.8385416666666666 0.458984375 0.8541666666666666 0.4599609375 0.8815104166666666 0.453125 0.9231770833333334 0.4404296875 0.9505208333333334 0.42578125 0.9713541666666666 0.4140625 0.9830729166666666 0.388671875 0.9986979166666666 0.318359375 0.9986979166666666 0.3017578125 0.9856770833333334 0.28515625 0.9635416666666666 0.2646484375 0.9153645833333334 0.2607421875 0.8958333333333334 0.259765625 0.875 0.2646484375 0.8567708333333334 0.265625 0.8346354166666666 0.2705078125 0.8203125 0.279296875 0.8033854166666666 0.296875 0.78125 0.306640625 0.7747395833333334 0.3154296875 0.7734375 0.3193359375 0.7682291666666666 0.32421875 0.7682291666666666 0.3388671875 0.7473958333333334 0.341796875 0.7473958333333334 0.345703125 0.7408854166666666 0.3525390625 0.7369791666666666 0.376953125 0.734375 0.392578125 0.7369791666666666 0.40234375 0.7421875
0 0.59375 0.7630208333333334 0.619140625 0.7890625 0.626953125 0.8033854166666666 0.634765625 0.8346354166666666 0.6357421875 0.8723958333333334 0.625 0.9270833333333334 0.609375 0.96875 0.5986328125 0.9791666666666666 0.5673828125 0.9986979166666666 0.4990234375 0.9986979166666666 0.4912109375 0.9921875 0.470703125 0.9609375 0.46484375 0.9453125 0.4609375 0.9270833333333334 0.4609375 0.9075520833333334 0.4677734375 0.8567708333333334 0.466796875 0.8151041666666666 0.4697265625 0.8046875 0.4794921875 0.7890625 0.501953125 0.7760416666666666 0.5087890625 0.765625 0.515625 0.7682291666666666 0.517578125 0.7747395833333334 0.5390625 0.7747395833333334 0.5771484375 0.76171875 0.5888671875 0.7604166666666666 0.5927734375 0.7630208333333334
0 0.6474609375 0.9609375 0.654296875 0.96484375 0.658203125 0.9700520833333334 0.662109375 0.9817708333333334 0.6708984375 0.9908854166666666 0.671875 0.9934895833333334 0.6689453125 0.9986979166666666 0.57421875 0.9986979166666666 0.5791015625 0.9934895833333334 0.5986328125 0.9830729166666666 0.6123046875 0.9700520833333334 0.6201171875 0.96875 0.6337890625 0.97265625 0.640625 0.9596354166666666 0.646484375 0.9609375
0 0.21875 0.4752604166666667 0.2353515625 0.4791666666666667 0.251953125 0.48828125 0.271484375 0.4934895833333333 0.29296875 0.5052083333333334 0.3046875 0.5078125 0.3330078125 0.5338541666666666 0.345703125 0.55078125 0.361328125 0.578125 0.373046875 0.6145833333333334 0.375 0.6419270833333334 0.3720703125 0.671875 0.365234375 0.6953125 0.3583984375 0.7109375 0.3359375 0.7421875 0.3193359375 0.7565104166666666 0.2978515625 0.76953125 0.275390625 0.7786458333333334 0.2578125 0.7825520833333334 0.2236328125 0.8111979166666666 0.2138671875 0.8151041666666666 0.19921875 0.8138020833333334 0.181640625 0.8033854166666666 0.1787109375 0.7994791666666666 0.177734375 0.7799479166666666 0.17578125 0.77734375 0.1552734375 0.76953125 0.134765625 0.7578125 0.1220703125 0.7408854166666666 0.103515625 0.7278645833333334 0.08984375 0.70703125 0.0830078125 0.6888020833333334 0.0810546875 0.6588541666666666 0.0830078125 0.6510416666666666 0.08203125 0.6223958333333334 0.0849609375 0.6041666666666666 0.0966796875 0.5846354166666666 0.099609375 0.5716145833333334 0.1103515625 0.5533854166666666 0.1171875 0.5247395833333334 0.1259765625 0.5169270833333334 0.15234375 0.5078125 0.16796875 0.4934895833333333 0.193359375 0.48828125 0.2177734375 0.4752604166666667
0 0.2392578125 0.18880208333333334 0.255859375 0.20833333333333334 0.27734375 0.203125 0.30078125 0.203125 0.3232421875 0.20703125 0.3388671875 0.21614583333333334 0.3486328125 0.2265625 0.35546875 0.23828125 0.3662109375 0.2669270833333333 0.3759765625 0.3020833333333333 0.376953125 0.32421875 0.3798828125 0.33984375 0.37890625 0.3658854166666667 0.375 0.3932291666666667 0.369140625 0.4153645833333333 0.369140625 0.4296875 0.3759765625 0.4388020833333333 0.376953125 0.4453125 0.3681640625 0.4518229166666667 0.345703125 0.4518229166666667 0.31640625 0.4739583333333333 0.2822265625 0.484375 0.267578125 0.484375 0.25 0.4791666666666667 0.2099609375 0.453125 0.1923828125 0.4309895833333333 0.1845703125 0.4153645833333333 0.1748046875 0.37890625 0.173828125 0.3489583333333333 0.181640625 0.3072916666666667 0.19921875 0.2682291666666667 0.2041015625 0.24739583333333334 0.2197265625 0.20182291666666666 0.2236328125 0.19661458333333334 0.23828125 0.18880208333333334
0 0.4033203125 0.99609375 0.42578125 0.9765625 0.44140625 0.9544270833333334 0.44921875 0.9388020833333334 0.4560546875 0.9322916666666666 0.4599609375 0.93359375 0.4609375 0.9427083333333334 0.4697265625 0.96484375 0.494140625 0.9986979166666666 0.4052734375 0.9986979166666666 0.404296875 0.99609375
0 0.537109375 0.4283854166666667 0.556640625 0.4375 0.580078125 0.453125 0.6005859375 0.47265625 0.6328125 0.5091145833333334 0.63671875 0.5169270833333334 0.64453125 0.5494791666666666 0.6552734375 0.57421875 0.66015625 0.6106770833333334 0.6591796875 0.6380208333333334 0.654296875 0.6770833333333334 0.646484375 0.6953125 0.63671875 0.7109375 0.6240234375 0.7265625 0.6015625 0.7434895833333334 0.5810546875 0.7552083333333334 0.5537109375 0.7630208333333334 0.5263671875 0.7604166666666666 0.513671875 0.7552083333333334 0.4970703125 0.7526041666666666 0.4765625 0.7434895833333334 0.458984375 0.7265625 0.439453125 0.6979166666666666 0.42578125 0.6979166666666666 0.4150390625 0.6888020833333334 0.412109375 0.6888020833333334 0.408203125 0.6796875 0.408203125 0.6536458333333334 0.41796875 0.6393229166666666 0.41796875 0.5924479166666666 0.4248046875 0.57421875 0.42578125 0.55859375 0.4326171875 0.5260416666666666 0.4384765625 0.5130208333333334 0.4501953125 0.4973958333333333 0.4736328125 0.4778645833333333 0.4892578125 0.4700520833333333 0.515625 0.4635416666666667 0.517578125 0.4596354166666667 0.515625 0.4427083333333333 0.529296875 0.4296875 0.5361328125 0.4283854166666667
0 0.515625 0.22005208333333334 0.5302734375 0.22786458333333334 0.5400390625 0.23697916666666666 0.556640625 0.26171875 0.5625 0.2786458333333333 0.564453125 0.2916666666666667 0.5625 0.3450520833333333 0.5546875 0.3776041666666667 0.5439453125 0.40234375 0.5244140625 0.4283854166666667 0.5048828125 0.44140625 0.4716796875 0.4505208333333333 0.451171875 0.4505208333333333 0.4375 0.4453125 0.4111328125 0.4283854166666667 0.3994140625 0.4140625 0.3916015625 0.3958333333333333 0.3857421875 0.3697916666666667 0.384765625 0.3372395833333333 0.3818359375 0.3255208333333333 0.3818359375 0.2994791666666667 0.3916015625 0.2734375 0.4091796875 0.24609375 0.4130859375 0.22786458333333334 0.419921875 0.22135416666666666 0.45703125 0.21744791666666666 0.5146484375 0.22005208333333334
0 0.677734375 0.2513020833333333 0.7001953125 0.2604166666666667 0.7060546875 0.265625 0.724609375 0.2890625 0.73046875 0.3020833333333333 0.73828125 0.3463541666666667 0.7392578125 0.4049479166666667 0.7451171875 0.4283854166666667 0.7451171875 0.453125 0.740234375 0.4661458333333333 0.7236328125 0.4765625 0.7041015625 0.4739583333333333 0.6904296875 0.4791666666666667 0.640625 0.4869791666666667 0.62109375 0.4830729166666667 0.6083984375 0.4752604166666667 0.578125 0.4427083333333333 0.5654296875 0.4153645833333333 0.5595703125 0.3828125 0.56640625 0.3489583333333333 0.5703125 0.296875 0.57421875 0.28515625 0.5830078125 0.2747395833333333 0.6064453125 0.265625 0.6220703125 0.2552083333333333 0.64453125 0.24869791666666666 0.6767578125 0.2513020833333333