0 0.9045138888888888 0.6002604166666666 0.9409722222222222 0.6171875 0.96875 0.6419270833333334 0.9756944444444444 0.6536458333333334 0.9756944444444444 0.6927083333333334 0.9548611111111112 0.7291666666666666 0.9461805555555556 0.7356770833333334 0.9236111111111112 0.7486979166666666 0.9079861111111112 0.7526041666666666 0.8940972222222222 0.7591145833333334 0.875 0.7630208333333334 0.828125 0.7630208333333334 0.8107638888888888 0.7591145833333334 0.7829861111111112 0.7486979166666666 0.7534722222222222 0.73046875 0.7378472222222222 0.7135416666666666 0.7309027777777778 0.69921875 0.7274305555555556 0.6875 0.7256944444444444 0.66015625 0.734375 0.6393229166666666 0.7586805555555556 0.6223958333333334 0.7708333333333334 0.6106770833333334 0.8020833333333334 0.5989583333333334 0.8229166666666666 0.5963541666666666 0.8298611111111112 0.59375 0.8628472222222222 0.59375 0.890625 0.5963541666666666 0.9027777777777778 0.6002604166666666
0 0.8177083333333334 0.2643229166666667 0.8454861111111112 0.2708333333333333 0.8576388888888888 0.2760416666666667 0.8680555555555556 0.28515625 0.8767361111111112 0.296875 0.8802083333333334 0.3177083333333333 0.8732638888888888 0.3385416666666667 0.8628472222222222 0.3515625 0.8663194444444444 0.3658854166666667 0.8559027777777778 0.37890625 0.8524305555555556 0.3802083333333333 0.8472222222222222 0.3763020833333333 0.8420138888888888 0.3763020833333333 0.8263888888888888 0.3854166666666667 0.7951388888888888 0.3919270833333333 0.7621527777777778 0.390625 0.7430555555555556 0.3854166666666667 0.7378472222222222 0.3815104166666667 0.7361111111111112 0.375 0.7239583333333334 0.3606770833333333 0.7170138888888888 0.3567708333333333 0.7048611111111112 0.3541666666666667 0.6996527777777778 0.3502604166666667 0.6979166666666666 0.3294270833333333 0.7152777777777778 0.3033854166666667 0.71875 0.28125 0.7256944444444444 0.2760416666666667 0.7465277777777778 0.2669270833333333 0.7621527777777778 0.2630208333333333 0.8020833333333334 0.26171875 0.8159722222222222 0.2643229166666667
0 0.6944444444444444 0.75 0.6892361111111112 0.7708333333333334 0.6770833333333334 0.79296875 0.6614583333333334 0.8046875 0.6440972222222222 0.8138020833333334 0.6319444444444444 0.8177083333333334 0.6232638888888888 0.8177083333333334 0.6145833333333334 0.8203125 0.5972222222222222 0.8203125 0.5850694444444444 0.8151041666666666 0.5677083333333334 0.8138020833333334 0.5329861111111112 0.80078125 0.5295138888888888 0.7981770833333334 0.5260416666666666 0.7890625 0.5381944444444444 0.7877604166666666 0.5833333333333334 0.7890625 0.6145833333333334 0.78515625 0.6631944444444444 0.7708333333333334 0.6927083333333334 0.7513020833333334
0 0.296875 0.45703125 0.3211805555555556 0.4609375 0.3472222222222222 0.4700520833333333 0.3628472222222222 0.47265625 0.3819444444444444 0.48046875 0.4079861111111111 0.4856770833333333 0.4236111111111111 0.5 0.4270833333333333 0.5078125 0.4270833333333333 0.51953125 0.4253472222222222 0.5221354166666666 0.4097222222222222 0.5234375 0.4097222222222222 0.5299479166666666 0.4131944444444444 0.5364583333333334 0.4131944444444444 0.5572916666666666 0.4079861111111111 0.5768229166666666 0.3888888888888889 0.6015625 0.3784722222222222 0.609375 0.3559027777777778 0.6197916666666666 0.3263888888888889 0.62890625 0.3055555555555556 0.6315104166666666 0.28125 0.6315104166666666 0.2708333333333333 0.6341145833333334 0.2569444444444444 0.6328125 0.22743055555555555 0.6184895833333334 0.21875 0.609375 0.21354166666666666 0.609375 0.2065972222222222 0.60546875 0.2065972222222222 0.6015625 0.19618055555555555 0.58984375 0.17881944444444445 0.5559895833333334 0.18055555555555555 0.5169270833333334 0.1875 0.5 0.19618055555555555 0.48828125 0.22395833333333334 0.4700520833333333 0.2621527777777778 0.4596354166666667 0.2951388888888889 0.45703125
0 0.4461805555555556 0.3463541666666667 0.4670138888888889 0.3502604166666667 0.4965277777777778 0.3645833333333333 0.5138888888888888 0.37890625 0.5225694444444444 0.3971354166666667 0.5225694444444444 0.4153645833333333 0.515625 0.44140625 0.5086805555555556 0.4544270833333333 0.4930555555555556 0.4713541666666667 0.4722222222222222 0.4830729166666667 0.4548611111111111 0.48828125 0.4201388888888889 0.48828125 0.4079861111111111 0.4817708333333333 0.3819444444444444 0.4765625 0.3645833333333333 0.4700520833333333 0.3541666666666667 0.4583333333333333 0.34375 0.4375 0.3402777777777778 0.41015625 0.3368055555555556 0.40234375 0.3368055555555556 0.3919270833333333 0.3402777777777778 0.3880208333333333 0.3784722222222222 0.3580729166666667 0.421875 0.3463541666666667 0.4444444444444444 0.3463541666666667
0 0.8489583333333334 0.39453125 0.8715277777777778 0.3997395833333333 0.8802083333333334 0.4036458333333333 0.8993055555555556 0.40625 0.9097222222222222 0.4140625 0.9201388888888888 0.4127604166666667 0.9513888888888888 0.4166666666666667 0.9739583333333334 0.4270833333333333 0.9982638888888888 0.4479166666666667 0.9982638888888888 0.50390625 0.9878472222222222 0.5208333333333334 0.9756944444444444 0.5299479166666666 0.9513888888888888 0.5416666666666666 0.921875 0.5598958333333334 0.9131944444444444 0.5598958333333334 0.8940972222222222 0.5546875 0.8472222222222222 0.5481770833333334 0.8298611111111112 0.54296875 0.8055555555555556 0.5325520833333334 0.7951388888888888 0.5247395833333334 0.7847222222222222 0.51171875 0.7795138888888888 0.4986979166666667 0.7795138888888888 0.4895833333333333 0.7881944444444444 0.4661458333333333 0.7899305555555556 0.44921875 0.8038194444444444 0.4375 0.8038194444444444 0.4309895833333333 0.8072916666666666 0.4270833333333333 0.8229166666666666 0.41796875 0.8177083333333334 0.4075520833333333 0.8368055555555556 0.3958333333333333 0.8472222222222222 0.39453125
0 0.6996527777777778 0.3567708333333333 0.7204861111111112 0.36328125 0.7256944444444444 0.37109375 0.7274305555555556 0.3815104166666667 0.7430555555555556 0.390625 0.7725694444444444 0.4166666666666667 0.7795138888888888 0.4270833333333333 0.7847222222222222 0.44140625 0.7847222222222222 0.4609375 0.78125 0.4739583333333333 0.7708333333333334 0.4934895833333333 0.7725694444444444 0.5078125 0.7690972222222222 0.5143229166666666 0.7447916666666666 0.5364583333333334 0.7291666666666666 0.5455729166666666 0.7100694444444444 0.5520833333333334 0.6979166666666666 0.5520833333333334 0.6909722222222222 0.5494791666666666 0.6440972222222222 0.5520833333333334 0.59375 0.54296875 0.5711805555555556 0.5364583333333334 0.5572916666666666 0.5286458333333334 0.5260416666666666 0.5 0.5173611111111112 0.48828125 0.515625 0.4752604166666667 0.515625 0.4583333333333333 0.5260416666666666 0.4231770833333333 0.5381944444444444 0.40625 0.5625 0.3880208333333333 0.5711805555555556 0.3841145833333333 0.5815972222222222 0.3828125 0.5954861111111112 0.3763020833333333 0.6111111111111112 0.375 0.6319444444444444 0.36328125 0.6597222222222222 0.3645833333333333 0.6753472222222222 0.3619791666666667 0.6857638888888888 0.3541666666666667 0.6979166666666666 0.3567708333333333
0 0.328125 0.17708333333333334 0.3472222222222222 0.18098958333333334 0.3611111111111111 0.18619791666666666 0.3802083333333333 0.19791666666666666 0.4027777777777778 0.20833333333333334 0.4097222222222222 0.21875 0.4184027777777778 0.24609375 0.4184027777777778 0.2890625 0.4149305555555556 0.2981770833333333 0.3993055555555556 0.3203125 0.3871527777777778 0.328125 0.3697916666666667 0.3346354166666667 0.3402777777777778 0.3411458333333333 0.3298611111111111 0.33984375 0.3159722222222222 0.3346354166666667 0.2916666666666667 0.33203125 0.2847222222222222 0.3294270833333333 0.2673611111111111 0.3307291666666667 0.2534722222222222 0.3294270833333333 0.2465277777777778 0.3268229166666667 0.2326388888888889 0.3151041666666667 0.22916666666666666 0.2916666666666667 0.21875 0.2747395833333333 0.2152777777777778 0.2604166666666667 0.2170138888888889 0.23697916666666666 0.2222222222222222 0.22005208333333334 0.2361111111111111 0.20182291666666666 0.2517361111111111 0.19140625 0.2777777777777778 0.18098958333333334 0.3003472222222222 0.17708333333333334 0.3263888888888889 0.17708333333333334
0 0.9982638888888888 0.6848958333333334 0.9982638888888888 0.7630208333333334 0.9826388888888888 0.7643229166666666 0.9670138888888888 0.7760416666666666 0.9444444444444444 0.7760416666666666 0.9305555555555556 0.7734375 0.9253472222222222 0.77734375 0.921875 0.78515625 0.9079861111111112 0.796875 0.9027777777777778 0.796875 0.8854166666666666 0.7877604166666666 0.8784722222222222 0.7760416666666666 0.8767361111111112 0.7643229166666666 0.8993055555555556 0.7591145833333334 0.9236111111111112 0.75 0.9427083333333334 0.7395833333333334 0.9565972222222222 0.7291666666666666 0.9774305555555556 0.6940104166666666 0.9878472222222222 0.6848958333333334 0.9965277777777778 0.6848958333333334
0 0.9930555555555556 0.66015625 0.9809027777777778 0.6536458333333334 0.9722222222222222 0.640625 0.9375 0.6106770833333334 0.9357638888888888 0.6067708333333334 0.9357638888888888 0.58203125 0.9392361111111112 0.56640625 0.9479166666666666 0.5533854166666666 0.9861111111111112 0.5260416666666666 0.9895833333333334 0.5208333333333334 0.9913194444444444 0.51953125 0.9982638888888888 0.5208333333333334 0.9982638888888888 0.6575520833333334 0.9947916666666666 0.6588541666666666
0 0.5659722222222222 0.5403645833333334 0.640625 0.5638020833333334 0.6631944444444444 0.5729166666666666 0.6753472222222222 0.5794270833333334 0.6961805555555556 0.5963541666666666 0.7065972222222222 0.6119791666666666 0.7170138888888888 0.63671875 0.71875 0.6640625 0.7222222222222222 0.6770833333333334 0.7135416666666666 0.71484375 0.6892361111111112 0.7526041666666666 0.6701388888888888 0.765625 0.640625 0.77734375 0.6197916666666666 0.7825520833333334 0.609375 0.7825520833333334 0.6006944444444444 0.7864583333333334 0.578125 0.7877604166666666 0.5173611111111112 0.78515625 0.4895833333333333 0.7760416666666666 0.4704861111111111 0.765625 0.4444444444444444 0.74609375 0.4201388888888889 0.7174479166666666 0.4114583333333333 0.6953125 0.4097222222222222 0.6770833333333334 0.4114583333333333 0.62109375 0.4253472222222222 0.5872395833333334 0.4375 0.57421875 0.4375 0.56640625 0.4392361111111111 0.5651041666666666 0.4444444444444444 0.5677083333333334 0.4513888888888889 0.56640625 0.4791666666666667 0.5455729166666666 0.4965277777777778 0.54296875 0.5069444444444444 0.5390625 0.5364583333333334 0.5377604166666666 0.5642361111111112 0.5403645833333334
0 0.6232638888888888 0.19140625 0.6371527777777778 0.20052083333333334 0.6388888888888888 0.20572916666666666 0.6458333333333334 0.2109375 0.6545138888888888 0.21354166666666666 0.6631944444444444 0.21354166666666666 0.6979166666666666 0.24609375 0.7118055555555556 0.2682291666666667 0.7135416666666666 0.29296875 0.7065972222222222 0.3111979166666667 0.6857638888888888 0.3346354166666667 0.6510416666666666 0.34765625 0.6336805555555556 0.3580729166666667 0.6232638888888888 0.3606770833333333 0.6111111111111112 0.3671875 0.6006944444444444 0.3671875 0.5711805555555556 0.3723958333333333 0.5486111111111112 0.37109375 0.5208333333333334 0.3658854166666667 0.4809027777777778 0.34765625 0.4513888888888889 0.3294270833333333 0.4357638888888889 0.3138020833333333 0.4270833333333333 0.2981770833333333 0.4236111111111111 0.28515625 0.4236111111111111 0.2526041666666667 0.4305555555555556 0.23828125 0.4444444444444444 0.22395833333333334 0.4600694444444444 0.21354166666666666 0.4930555555555556 0.19921875 0.5243055555555556 0.19401041666666666 0.546875 0.19270833333333334 0.5590277777777778 0.19010416666666666 0.5642361111111112 0.18619791666666666 0.5850694444444444 0.18359375 0.6024305555555556 0.17708333333333334 0.6215277777777778 0.19140625
0 0.3524305555555556 0.6354166666666666 0.3802083333333333 0.640625 0.3975694444444444 0.6471354166666666 0.4027777777777778 0.6510416666666666 0.40625 0.69921875 0.4114583333333333 0.7135416666666666 0.421875 0.7265625 0.4236111111111111 0.7330729166666666 0.4184027777777778 0.7447916666666666 0.4079861111111111 0.7578125 0.3871527777777778 0.7734375 0.3680555555555556 0.7825520833333334 0.3263888888888889 0.7916666666666666 0.3020833333333333 0.7916666666666666 0.2829861111111111 0.7890625 0.2621527777777778 0.7825520833333334 0.25 0.7760416666666666 0.2378472222222222 0.765625 0.22916666666666666 0.75390625 0.2204861111111111 0.7291666666666666 0.2204861111111111 0.7135416666666666 0.22916666666666666 0.6888020833333334 0.24305555555555555 0.6692708333333334 0.24479166666666666 0.66015625 0.2482638888888889 0.65625 0.2760416666666667 0.6419270833333334 0.3003472222222222 0.6432291666666666 0.3142361111111111 0.6380208333333334 0.3506944444444444 0.6354166666666666