0 0.71484375 0.032552083333333336 0.7275390625 0.041666666666666664 0.7421875 0.041666666666666664 0.763671875 0.052083333333333336 0.78125 0.07421875 0.7900390625 0.09114583333333333 0.79296875 0.09244791666666667 0.7978515625 0.08723958333333333 0.80078125 0.08723958333333333 0.806640625 0.09765625 0.818359375 0.09765625 0.833984375 0.07942708333333333 0.841796875 0.08333333333333333 0.849609375 0.0703125 0.8525390625 0.0703125 0.857421875 0.08203125 0.859375 0.09244791666666667 0.859375 0.12239583333333333 0.8515625 0.14322916666666666 0.845703125 0.15234375 0.810546875 0.171875 0.79296875 0.17447916666666666 0.7822265625 0.17317708333333334 0.76171875 0.17708333333333334 0.7568359375 0.17708333333333334 0.744140625 0.17057291666666666 0.72265625 0.14713541666666666 0.6923828125 0.13020833333333334 0.6689453125 0.13020833333333334 0.66015625 0.13411458333333334 0.6455078125 0.14713541666666666 0.6259765625 0.15104166666666666 0.6083984375 0.12239583333333333 0.609375 0.11588541666666667 0.6259765625 0.09765625 0.6416015625 0.08463541666666667 0.65625 0.07682291666666667 0.6748046875 0.052083333333333336 0.685546875 0.048177083333333336 0.7021484375 0.033854166666666664 0.7099609375 0.03125 0.7138671875 0.032552083333333336
0 0.5888671875 0.11588541666666667 0.6064453125 0.12630208333333334 0.6162109375 0.140625 0.62109375 0.15234375 0.62109375 0.15885416666666666 0.6103515625 0.17057291666666666 0.595703125 0.19791666666666666 0.5888671875 0.22265625 0.583984375 0.265625 0.578125 0.2682291666666667 0.5703125 0.2643229166666667 0.55859375 0.2643229166666667 0.54296875 0.2708333333333333 0.521484375 0.2708333333333333 0.5146484375 0.2669270833333333 0.5107421875 0.21354166666666666 0.5048828125 0.19401041666666666 0.50390625 0.18359375 0.5078125 0.15494791666666666 0.517578125 0.14583333333333334 0.5322265625 0.14192708333333334 0.5439453125 0.12630208333333334 0.578125 0.11458333333333333 0.587890625 0.11588541666666667
0 0.7216796875 0.32421875 0.7275390625 0.328125 0.740234375 0.3307291666666667 0.7529296875 0.3385416666666667 0.765625 0.3502604166666667 0.7705078125 0.3515625 0.794921875 0.3880208333333333 0.8076171875 0.4153645833333333 0.8115234375 0.43359375 0.8193359375 0.4557291666666667 0.8203125 0.4908854166666667 0.81640625 0.5130208333333334 0.80859375 0.5403645833333334 0.791015625 0.57421875 0.7783203125 0.58984375 0.76171875 0.6067708333333334 0.74609375 0.6171875 0.72265625 0.6276041666666666 0.6923828125 0.6354166666666666 0.6787109375 0.6341145833333334 0.654296875 0.6263020833333334 0.6435546875 0.6263020833333334 0.6298828125 0.61328125 0.619140625 0.6197916666666666 0.6025390625 0.5963541666666666 0.6025390625 0.5885416666666666 0.6103515625 0.5755208333333334 0.6103515625 0.5638020833333334 0.6162109375 0.5455729166666666 0.60546875 0.5442708333333334 0.591796875 0.53125 0.5869140625 0.5182291666666666 0.5869140625 0.5078125 0.580078125 0.4973958333333333 0.580078125 0.4635416666666667 0.5849609375 0.43359375 0.591796875 0.4127604166666667 0.5927734375 0.39453125 0.6103515625 0.3684895833333333 0.63671875 0.3489583333333333 0.6572265625 0.34375 0.6689453125 0.3450520833333333 0.677734375 0.3372395833333333 0.6787109375 0.3307291666666667 0.703125 0.3268229166666667 0.7109375 0.3229166666666667 0.720703125 0.32421875
0 0.5126953125 0.5065104166666666 0.5302734375 0.5104166666666666 0.546875 0.5182291666666666 0.5771484375 0.54296875 0.5810546875 0.5494791666666666 0.591796875 0.55859375 0.58984375 0.5638020833333334 0.58984375 0.5807291666666666 0.587890625 0.5885416666666666 0.5888671875 0.6223958333333334 0.591796875 0.6380208333333334 0.591796875 0.6653645833333334 0.58203125 0.6940104166666666 0.5634765625 0.71875 0.560546875 0.7265625 0.5439453125 0.7408854166666666 0.51171875 0.75 0.4951171875 0.7473958333333334 0.48828125 0.7408854166666666 0.4501953125 0.7174479166666666 0.4375 0.7005208333333334 0.4248046875 0.6705729166666666 0.4248046875 0.62890625 0.4296875 0.61328125 0.431640625 0.5794270833333334 0.447265625 0.5390625 0.45703125 0.5247395833333334 0.47265625 0.51171875 0.498046875 0.5052083333333334 0.51171875 0.5065104166666666
0 0.4248046875 0.08203125 0.4462890625 0.08723958333333333 0.458984375 0.09375 0.474609375 0.11197916666666667 0.48046875 0.12760416666666666 0.484375 0.15364583333333334 0.4833984375 0.16145833333333334 0.4599609375 0.15625 0.435546875 0.14322916666666666 0.419921875 0.14322916666666666 0.4130859375 0.14713541666666666 0.3984375 0.1640625 0.3837890625 0.16927083333333334 0.373046875 0.18489583333333334 0.3701171875 0.18619791666666666 0.3642578125 0.16927083333333334 0.3642578125 0.14973958333333334 0.3720703125 0.125 0.3837890625 0.10807291666666667 0.4072265625 0.08463541666666667 0.4130859375 0.08203125 0.423828125 0.08203125
0 0.3330078125 0.4036458333333333 0.3486328125 0.41015625 0.3642578125 0.4205729166666667 0.3798828125 0.4427083333333333 0.3916015625 0.46875 0.396484375 0.4921875 0.4013671875 0.5013020833333334 0.400390625 0.5325520833333334 0.3935546875 0.56640625 0.3740234375 0.6028645833333334 0.3505859375 0.6263020833333334 0.318359375 0.6419270833333334 0.2998046875 0.640625 0.271484375 0.6263020833333334 0.2451171875 0.60546875 0.232421875 0.5872395833333334 0.21875 0.5546875 0.2158203125 0.5260416666666666 0.21875 0.5091145833333334 0.2265625 0.48828125 0.2353515625 0.4713541666666667 0.2490234375 0.4518229166666667 0.2939453125 0.41015625 0.31640625 0.40234375 0.33203125 0.4036458333333333
0 0.6796875 0.1328125 0.7060546875 0.140625 0.724609375 0.15364583333333334 0.736328125 0.16796875 0.759765625 0.1875 0.775390625 0.21484375 0.7861328125 0.24088541666666666 0.791015625 0.2721354166666667 0.7900390625 0.3046875 0.783203125 0.3359375 0.77734375 0.3463541666666667 0.7705078125 0.34765625 0.74609375 0.3294270833333333 0.7265625 0.3229166666666667 0.716796875 0.31640625 0.7119140625 0.31640625 0.705078125 0.3216145833333333 0.6748046875 0.3255208333333333 0.671875 0.3372395833333333 0.66796875 0.3411458333333333 0.63671875 0.3424479166666667 0.619140625 0.3541666666666667 0.6123046875 0.3541666666666667 0.609375 0.3515625 0.6064453125 0.3450520833333333 0.6064453125 0.328125 0.5966796875 0.3138020833333333 0.587890625 0.29296875 0.587890625 0.2565104166666667 0.5947265625 0.20963541666666666 0.6123046875 0.17317708333333334 0.626953125 0.15755208333333334 0.6474609375 0.14973958333333334 0.6650390625 0.13541666666666666 0.6787109375 0.1328125
0 0.4404296875 0.1484375 0.4814453125 0.16536458333333334 0.501953125 0.1953125 0.5078125 0.21484375 0.5107421875 0.24609375 0.509765625 0.2630208333333333 0.5078125 0.2721354166666667 0.4794921875 0.2864583333333333 0.453125 0.3059895833333333 0.4296875 0.3333333333333333 0.419921875 0.35546875 0.4033203125 0.3528645833333333 0.3974609375 0.3190104166666667 0.3876953125 0.2877604166666667 0.3818359375 0.2760416666666667 0.373046875 0.2643229166666667 0.3662109375 0.2591145833333333 0.3525390625 0.23958333333333334 0.3515625 0.22916666666666666 0.35546875 0.2109375 0.3681640625 0.19661458333333334 0.3828125 0.171875 0.3984375 0.16666666666666666 0.4189453125 0.14583333333333334 0.43359375 0.14583333333333334 0.439453125 0.1484375
0 0.2587890625 0.234375 0.279296875 0.24479166666666666 0.2998046875 0.24479166666666666 0.318359375 0.23958333333333334 0.345703125 0.2421875 0.353515625 0.24739583333333334 0.3603515625 0.2578125 0.3779296875 0.2747395833333333 0.390625 0.3033854166666667 0.39453125 0.3203125 0.400390625 0.35546875 0.4033203125 0.4049479166666667 0.4072265625 0.4153645833333333 0.421875 0.4309895833333333 0.421875 0.4544270833333333 0.416015625 0.4635416666666667 0.408203125 0.4700520833333333 0.3984375 0.4700520833333333 0.3935546875 0.4635416666666667 0.3818359375 0.4375 0.3671875 0.4192708333333333 0.345703125 0.4049479166666667 0.33203125 0.3997395833333333 0.31640625 0.3984375 0.296875 0.4049479166666667 0.279296875 0.41796875 0.2705078125 0.4283854166666667 0.259765625 0.4348958333333333 0.25390625 0.4322916666666667 0.240234375 0.4153645833333333 0.232421875 0.3932291666666667 0.2275390625 0.33984375 0.228515625 0.3177083333333333 0.2255859375 0.3111979166666667 0.220703125 0.2825520833333333 0.2236328125 0.2643229166666667 0.2294921875 0.2552083333333333 0.23046875 0.24739583333333334 0.2353515625 0.23958333333333334 0.2431640625 0.234375 0.2578125 0.234375
0 0.5693359375 0.2682291666666667 0.5771484375 0.2721354166666667 0.5810546875 0.2825520833333333 0.5830078125 0.2994791666666667 0.58984375 0.3072916666666667 0.5927734375 0.3190104166666667 0.6015625 0.328125 0.599609375 0.34765625 0.58984375 0.36328125 0.5888671875 0.3880208333333333 0.5791015625 0.4140625 0.58203125 0.4283854166666667 0.5732421875 0.44140625 0.564453125 0.47265625 0.5517578125 0.48828125 0.5205078125 0.5013020833333334 0.5048828125 0.4986979166666667 0.4814453125 0.5013020833333334 0.4736328125 0.4986979166666667 0.4658203125 0.4921875 0.4404296875 0.4609375 0.4287109375 0.4375 0.4248046875 0.4192708333333333 0.4228515625 0.390625 0.423828125 0.3606770833333333 0.427734375 0.3463541666666667 0.435546875 0.3307291666666667 0.4423828125 0.32421875 0.4462890625 0.32421875 0.4521484375 0.31640625 0.462890625 0.3111979166666667 0.47265625 0.296875 0.4814453125 0.2903645833333333 0.5126953125 0.2747395833333333 0.54296875 0.27734375 0.5498046875 0.2708333333333333 0.568359375 0.2682291666666667
0 0.525390625 0.0390625 0.53515625 0.04296875 0.55859375 0.04296875 0.5751953125 0.049479166666666664 0.58203125 0.0546875 0.587890625 0.0625 0.59375 0.078125 0.59765625 0.1015625 0.59765625 0.11458333333333333 0.595703125 0.1171875 0.576171875 0.11458333333333333 0.541015625 0.12760416666666666 0.5322265625 0.140625 0.517578125 0.14453125 0.5068359375 0.15494791666666666 0.501953125 0.18098958333333334 0.494140625 0.17578125 0.4873046875 0.16276041666666666 0.4833984375 0.13671875 0.4833984375 0.11588541666666667 0.4873046875 0.10026041666666667 0.4970703125 0.078125 0.5078125 0.06380208333333333 0.513671875 0.041666666666666664 0.5244140625 0.0390625