0 0.4322916666666667 0.22786458333333334 0.4513888888888889 0.23307291666666666 0.4739583333333333 0.24348958333333334 0.4913194444444444 0.25390625 0.5121527777777778 0.2708333333333333 0.5225694444444444 0.28515625 0.53125 0.3111979166666667 0.5295138888888888 0.32421875 0.5069444444444444 0.3489583333333333 0.4913194444444444 0.3815104166666667 0.4791666666666667 0.3997395833333333 0.4670138888888889 0.4127604166666667 0.453125 0.41796875 0.4427083333333333 0.41796875 0.4288194444444444 0.4127604166666667 0.4184027777777778 0.4127604166666667 0.4045138888888889 0.4049479166666667 0.390625 0.4010416666666667 0.3871527777777778 0.40234375 0.359375 0.4010416666666667 0.3333333333333333 0.3919270833333333 0.3211805555555556 0.3841145833333333 0.3038194444444444 0.3658854166666667 0.2951388888888889 0.3528645833333333 0.2881944444444444 0.33203125 0.2864583333333333 0.3151041666666667 0.2881944444444444 0.29296875 0.3055555555555556 0.2630208333333333 0.3246527777777778 0.24609375 0.3489583333333333 0.23307291666666666 0.3680555555555556 0.22786458333333334 0.3784722222222222 0.2265625 0.4305555555555556 0.22786458333333334
0 0.6059027777777778 0.640625 0.6302083333333334 0.6432291666666666 0.6319444444444444 0.64453125 0.6284722222222222 0.6458333333333334 0.6284722222222222 0.6510416666666666 0.6354166666666666 0.6588541666666666 0.640625 0.6575520833333334 0.640625 0.6471354166666666 0.6423611111111112 0.6484375 0.6458333333333334 0.6458333333333334 0.6545138888888888 0.6471354166666666 0.65625 0.6510416666666666 0.6597222222222222 0.6471354166666666 0.6701388888888888 0.6471354166666666 0.6770833333333334 0.6497395833333334 0.6909722222222222 0.6510416666666666 0.7100694444444444 0.66015625 0.7291666666666666 0.67578125 0.7586805555555556 0.6861979166666666 0.7708333333333334 0.6875 0.7934027777777778 0.69921875 0.8177083333333334 0.7213541666666666 0.8454861111111112 0.7408854166666666 0.8628472222222222 0.7604166666666666 0.8767361111111112 0.78125 0.890625 0.81640625 0.8958333333333334 0.8372395833333334 0.8958333333333334 0.8645833333333334 0.8871527777777778 0.8919270833333334 0.8732638888888888 0.9140625 0.8576388888888888 0.9296875 0.8350694444444444 0.9466145833333334 0.7951388888888888 0.9713541666666666 0.7621527777777778 0.9869791666666666 0.7430555555555556 0.9908854166666666 0.7395833333333334 0.9934895833333334 0.7204861111111112 0.99609375 0.7170138888888888 0.9986979166666666 0.6840277777777778 0.9986979166666666 0.6822916666666666 0.99609375 0.6197916666666666 0.99609375 0.5989583333333334 0.9908854166666666 0.5850694444444444 0.9908854166666666 0.5763888888888888 0.9869791666666666 0.5625 0.9752604166666666 0.5364583333333334 0.9622395833333334 0.53125 0.9622395833333334 0.5260416666666666 0.9661458333333334 0.5104166666666666 0.9700520833333334 0.5034722222222222 0.9674479166666666 0.4913194444444444 0.95703125 0.484375 0.9427083333333334 0.4722222222222222 0.93359375 0.46875 0.9283854166666666 0.46875 0.91796875 0.4722222222222222 0.9127604166666666 0.4861111111111111 0.9036458333333334 0.4722222222222222 0.8893229166666666 0.4635416666666667 0.8684895833333334 0.4652777777777778 0.83984375 0.4618055555555556 0.8333333333333334 0.4618055555555556 0.7838541666666666 0.4652777777777778 0.7747395833333334 0.4774305555555556 0.7565104166666666 0.4947916666666667 0.7369791666666666 0.5295138888888888 0.7109375 0.5659722222222222 0.6953125 0.5833333333333334 0.6927083333333334 0.5885416666666666 0.6888020833333334 0.5868055555555556 0.6809895833333334 0.5902777777777778 0.6783854166666666 0.6163194444444444 0.6809895833333334 0.6232638888888888 0.6770833333333334 0.6267361111111112 0.671875 0.6215277777777778 0.66796875 0.6111111111111112 0.6627604166666666 0.6059027777777778 0.6627604166666666 0.6006944444444444 0.6588541666666666 0.5920138888888888 0.6575520833333334 0.5798611111111112 0.6510416666666666 0.5798611111111112 0.6497395833333334 0.5868055555555556 0.6497395833333334 0.5902777777777778 0.6471354166666666 0.5902777777777778 0.6432291666666666 0.5954861111111112 0.640625 0.6041666666666666 0.640625
0 0.8541666666666666 0.50390625 0.9079861111111112 0.5182291666666666 0.9461805555555556 0.5416666666666666 0.9618055555555556 0.5611979166666666 0.9756944444444444 0.6015625 0.9756944444444444 0.6171875 0.9722222222222222 0.625 0.9548611111111112 0.6471354166666666 0.9166666666666666 0.6796875 0.8819444444444444 0.6927083333333334 0.8506944444444444 0.6927083333333334 0.8211805555555556 0.6901041666666666 0.8020833333333334 0.6861979166666666 0.7621527777777778 0.671875 0.7465277777777778 0.6614583333333334 0.7361111111111112 0.6497395833333334 0.71875 0.6223958333333334 0.7065972222222222 0.609375 0.7013888888888888 0.5950520833333334 0.703125 0.5729166666666666 0.7083333333333334 0.5638020833333334 0.7170138888888888 0.5533854166666666 0.7517361111111112 0.53125 0.7638888888888888 0.5130208333333334 0.7690972222222222 0.5091145833333334 0.7795138888888888 0.5078125 0.7847222222222222 0.5130208333333334 0.7951388888888888 0.5130208333333334 0.8229166666666666 0.5065104166666666 0.8524305555555556 0.50390625
0 0.1232638888888889 0.6223958333333334 0.1423611111111111 0.6236979166666666 0.16493055555555555 0.62890625 0.1875 0.6315104166666666 0.2170138888888889 0.62890625 0.2361111111111111 0.6302083333333334 0.24305555555555555 0.6328125 0.28125 0.6315104166666666 0.3125 0.640625 0.34375 0.6614583333333334 0.3663194444444444 0.6822916666666666 0.3854166666666667 0.7252604166666666 0.3888888888888889 0.7408854166666666 0.3888888888888889 0.7786458333333334 0.3836805555555556 0.796875 0.3732638888888889 0.8190104166666666 0.375 0.8580729166666666 0.3680555555555556 0.8697916666666666 0.3628472222222222 0.8736979166666666 0.3489583333333333 0.8776041666666666 0.3298611111111111 0.8776041666666666 0.3229166666666667 0.8697916666666666 0.3159722222222222 0.8697916666666666 0.2916666666666667 0.8723958333333334 0.2690972222222222 0.8723958333333334 0.2465277777777778 0.8776041666666666 0.2170138888888889 0.8802083333333334 0.16319444444444445 0.87890625 0.140625 0.8763020833333334 0.11805555555555555 0.87109375 0.09375 0.8606770833333334 0.06944444444444445 0.8463541666666666 0.057291666666666664 0.8372395833333334 0.04513888888888889 0.8190104166666666 0.041666666666666664 0.8033854166666666 0.043402777777777776 0.7734375 0.050347222222222224 0.7486979166666666 0.0625 0.7252604166666666 0.06944444444444445 0.6953125 0.06597222222222222 0.6848958333333334 0.057291666666666664 0.6744791666666666 0.06076388888888889 0.6575520833333334 0.059027777777777776 0.6510416666666666 0.06770833333333333 0.6380208333333334 0.08680555555555555 0.6263020833333334 0.10416666666666667 0.625 0.109375 0.6223958333333334 0.12152777777777778 0.6223958333333334
0 0.1076388888888889 0.16927083333333334 0.1545138888888889 0.18098958333333334 0.1701388888888889 0.19010416666666666 0.1875 0.19661458333333334 0.2326388888888889 0.2265625 0.2586805555555556 0.25390625 0.2725694444444444 0.2786458333333333 0.2795138888888889 0.2981770833333333 0.28125 0.3307291666666667 0.2690972222222222 0.3763020833333333 0.2586805555555556 0.390625 0.2482638888888889 0.3984375 0.2378472222222222 0.3984375 0.22395833333333334 0.3932291666666667 0.21006944444444445 0.3932291666666667 0.2048611111111111 0.390625 0.2013888888888889 0.37890625 0.19791666666666666 0.3763020833333333 0.171875 0.37109375 0.1527777777777778 0.3776041666666667 0.14583333333333334 0.3828125 0.1440972222222222 0.390625 0.1388888888888889 0.3958333333333333 0.11631944444444445 0.4036458333333333 0.1111111111111111 0.4075520833333333 0.1076388888888889 0.4153645833333333 0.08680555555555555 0.42578125 0.0625 0.4440104166666667 0.04513888888888889 0.4440104166666667 0 0.4296875 0 0.2109375 0.003472222222222222 0.20572916666666666 0.046875 0.1875 0.07118055555555555 0.16927083333333334 0.07465277777777778 0.16796875 0.10590277777777778 0.16927083333333334
0 0.16493055555555555 0.3880208333333333 0.171875 0.3932291666666667 0.18055555555555555 0.3893229166666667 0.1875 0.3971354166666667 0.2204861111111111 0.3984375 0.234375 0.4036458333333333 0.24131944444444445 0.4036458333333333 0.2690972222222222 0.41015625 0.3038194444444444 0.42578125 0.3177083333333333 0.4348958333333333 0.3350694444444444 0.4557291666666667 0.3472222222222222 0.484375 0.3489583333333333 0.5260416666666666 0.3454861111111111 0.5338541666666666 0.3454861111111111 0.5716145833333334 0.3385416666666667 0.5833333333333334 0.3298611111111111 0.58984375 0.3177083333333333 0.59375 0.3038194444444444 0.6015625 0.2534722222222222 0.62109375 0.20833333333333334 0.625 0.17881944444444445 0.625 0.11631944444444445 0.6158854166666666 0.09722222222222222 0.6197916666666666 0.0798611111111111 0.6197916666666666 0.0642361111111111 0.6080729166666666 0.05381944444444445 0.5911458333333334 0.03993055555555555 0.5768229166666666 0.03125 0.5598958333333334 0.027777777777777776 0.5364583333333334 0.029513888888888888 0.5052083333333334 0.041666666666666664 0.48046875 0.057291666666666664 0.4609375 0.0625 0.4505208333333333 0.0920138888888889 0.4283854166666667 0.10416666666666667 0.4231770833333333 0.11979166666666667 0.41015625 0.13541666666666666 0.40625 0.140625 0.4075520833333333 0.14756944444444445 0.4049479166666667 0.14930555555555555 0.4036458333333333 0.14583333333333334 0.3997395833333333 0.1527777777777778 0.39453125 0.1579861111111111 0.39453125 0.1597222222222222 0.3893229166666667 0.16319444444444445 0.3880208333333333
0 0.6527777777777778 0.2903645833333333 0.6944444444444444 0.3020833333333333 0.7100694444444444 0.3111979166666667 0.7326388888888888 0.3294270833333333 0.7430555555555556 0.3411458333333333 0.7708333333333334 0.3893229166666667 0.7725694444444444 0.4075520833333333 0.765625 0.4166666666666667 0.765625 0.4205729166666667 0.7760416666666666 0.4270833333333333 0.7795138888888888 0.4322916666666667 0.7777777777777778 0.4440104166666667 0.7708333333333334 0.44921875 0.7638888888888888 0.46484375 0.7534722222222222 0.46484375 0.7430555555555556 0.4674479166666667 0.7326388888888888 0.4583333333333333 0.7291666666666666 0.4583333333333333 0.7170138888888888 0.4661458333333333 0.703125 0.4817708333333333 0.6527777777777778 0.5026041666666666 0.6423611111111112 0.5013020833333334 0.6059027777777778 0.48046875 0.5486111111111112 0.4661458333333333 0.5381944444444444 0.4596354166666667 0.5381944444444444 0.453125 0.5347222222222222 0.4505208333333333 0.5260416666666666 0.4479166666666667 0.5069444444444444 0.4466145833333333 0.5 0.4375 0.4930555555555556 0.4192708333333333 0.4930555555555556 0.3932291666666667 0.4965277777777778 0.3880208333333333 0.5 0.3723958333333333 0.515625 0.3450520833333333 0.5277777777777778 0.33203125 0.5503472222222222 0.3151041666666667 0.5694444444444444 0.3033854166666667 0.5850694444444444 0.296875 0.6059027777777778 0.2916666666666667 0.6267361111111112 0.2890625 0.6510416666666666 0.2903645833333333
0 0.3402777777777778 0.11067708333333333 0.3559027777777778 0.11458333333333333 0.3697916666666667 0.12109375 0.3888888888888889 0.13541666666666666 0.4045138888888889 0.15494791666666666 0.4114583333333333 0.16927083333333334 0.4149305555555556 0.18359375 0.4131944444444444 0.20442708333333334 0.4097222222222222 0.21354166666666666 0.4027777777777778 0.22135416666666666 0.3663194444444444 0.22395833333333334 0.3524305555555556 0.22786458333333334 0.328125 0.23958333333333334 0.3055555555555556 0.2591145833333333 0.2881944444444444 0.2708333333333333 0.2795138888888889 0.2708333333333333 0.2708333333333333 0.265625 0.265625 0.2565104166666667 0.2361111111111111 0.22526041666666666 0.19270833333333334 0.1953125 0.1909722222222222 0.18489583333333334 0.19791666666666666 0.17057291666666666 0.2048611111111111 0.14453125 0.2170138888888889 0.13411458333333334 0.2326388888888889 0.12890625 0.24479166666666666 0.12760416666666666 0.265625 0.11848958333333333 0.2899305555555556 0.11328125 0.3177083333333333 0.109375 0.3385416666666667 0.11067708333333333
0 0.5555555555555556 0.4713541666666667 0.6111111111111112 0.4869791666666667 0.625 0.4947916666666667 0.6510416666666666 0.5143229166666666 0.6736111111111112 0.5481770833333334 0.6805555555555556 0.57421875 0.6805555555555556 0.5950520833333334 0.6753472222222222 0.6158854166666666 0.6631944444444444 0.6393229166666666 0.6475694444444444 0.640625 0.6163194444444444 0.6354166666666666 0.59375 0.6354166666666666 0.5798611111111112 0.6393229166666666 0.5642361111111112 0.6510416666666666 0.5590277777777778 0.66015625 0.5642361111111112 0.671875 0.5711805555555556 0.6731770833333334 0.5763888888888888 0.6770833333333334 0.5746527777777778 0.6848958333333334 0.546875 0.6953125 0.5225694444444444 0.69921875 0.4826388888888889 0.6979166666666666 0.4600694444444444 0.6927083333333334 0.421875 0.6783854166666666 0.3975694444444444 0.6653645833333334 0.3854166666666667 0.65625 0.3645833333333333 0.6354166666666666 0.3506944444444444 0.6067708333333334 0.3524305555555556 0.5533854166666666 0.3611111111111111 0.5325520833333334 0.4079861111111111 0.49609375 0.4253472222222222 0.4869791666666667 0.4409722222222222 0.4830729166666667 0.4600694444444444 0.4739583333333333 0.4739583333333333 0.4713541666666667 0.5104166666666666 0.46875 0.5399305555555556 0.46875 0.5538194444444444 0.4713541666666667
0 0.390625 0.8932291666666666 0.3958333333333333 0.8997395833333334 0.4079861111111111 0.89453125 0.4565972222222222 0.9309895833333334 0.4565972222222222 0.94921875 0.4600694444444444 0.9518229166666666 0.4635416666666667 0.9622395833333334 0.4826388888888889 0.9934895833333334 0.4826388888888889 0.9986979166666666 0.3402777777777778 0.9986979166666666 0.3385416666666667 0.9973958333333334 0.2881944444444444 0.9986979166666666 0.2864583333333333 0.99609375 0.2760416666666667 0.99609375 0.2743055555555556 0.9986979166666666 0.23958333333333334 0.9986979166666666 0.2378472222222222 0.99609375 0.234375 0.9986979166666666 0.2309027777777778 0.99609375 0.2204861111111111 0.9973958333333334 0.20833333333333334 0.99609375 0.2065972222222222 0.9986979166666666 0.1996527777777778 0.99609375 0.1909722222222222 0.9986979166666666 0.15625 0.9986979166666666 0.16319444444444445 0.984375 0.1840277777777778 0.9596354166666666 0.21006944444444445 0.9401041666666666 0.2465277777777778 0.9205729166666666 0.2638888888888889 0.9049479166666666 0.2847222222222222 0.9036458333333334 0.3003472222222222 0.8958333333333334 0.3159722222222222 0.8932291666666666 0.3506944444444444 0.8828125 0.3611111111111111 0.8841145833333334 0.3697916666666667 0.8828125 0.3767361111111111 0.8854166666666666 0.3854166666666667 0.8932291666666666 0.3888888888888889 0.8932291666666666
0 0.6770833333333334 0.08854166666666667 0.6944444444444444 0.09765625 0.7135416666666666 0.1015625 0.7274305555555556 0.11588541666666667 0.7916666666666666 0.14453125 0.8072916666666666 0.15885416666666666 0.8159722222222222 0.1875 0.8142361111111112 0.21223958333333334 0.8090277777777778 0.23046875 0.7864583333333334 0.2591145833333333 0.7552083333333334 0.28125 0.703125 0.2955729166666667 0.6788194444444444 0.29296875 0.6493055555555556 0.28515625 0.6180555555555556 0.28515625 0.6006944444444444 0.2825520833333333 0.578125 0.2721354166666667 0.5503472222222222 0.2643229166666667 0.5416666666666666 0.2578125 0.5208333333333334 0.25 0.5034722222222222 0.23828125 0.4878472222222222 0.22395833333333334 0.4791666666666667 0.2109375 0.4652777777777778 0.17578125 0.4652777777777778 0.15755208333333334 0.46875 0.140625 0.4791666666666667 0.12369791666666667 0.484375 0.11979166666666667 0.5225694444444444 0.109375 0.5503472222222222 0.09765625 0.5642361111111112 0.09635416666666667 0.6059027777777778 0.08723958333333333 0.6145833333333334 0.08723958333333333 0.640625 0.09505208333333333 0.6666666666666666 0.08854166666666667 0.6753472222222222 0.08854166666666667