0 0.6259765625 0.10677083333333333 0.658203125 0.11848958333333333 0.6728515625 0.13541666666666666 0.681640625 0.15104166666666666 0.685546875 0.16276041666666666 0.6904296875 0.18619791666666666 0.6904296875 0.20833333333333334 0.6865234375 0.23177083333333334 0.6669921875 0.2708333333333333 0.6611328125 0.2786458333333333 0.6416015625 0.29296875 0.619140625 0.296875 0.5986328125 0.296875 0.5810546875 0.2903645833333333 0.57421875 0.28125 0.56640625 0.2643229166666667 0.5625 0.25 0.5498046875 0.22786458333333334 0.548828125 0.22265625 0.5537109375 0.21223958333333334 0.5537109375 0.19140625 0.556640625 0.16666666666666666 0.5732421875 0.13541666666666666 0.5849609375 0.12109375 0.5947265625 0.11458333333333333 0.6181640625 0.10677083333333333 0.625 0.10677083333333333
0 0.689453125 0.5403645833333334 0.712890625 0.5520833333333334 0.7373046875 0.5729166666666666 0.76171875 0.5859375 0.7646484375 0.5911458333333334 0.7626953125 0.5950520833333334 0.765625 0.5989583333333334 0.76171875 0.6119791666666666 0.759765625 0.6822916666666666 0.7548828125 0.7122395833333334 0.7470703125 0.7395833333333334 0.732421875 0.7682291666666666 0.716796875 0.78515625 0.7041015625 0.79296875 0.68359375 0.796875 0.6689453125 0.796875 0.6552734375 0.79296875 0.609375 0.7591145833333334 0.599609375 0.7591145833333334 0.591796875 0.7630208333333334 0.583984375 0.7604166666666666 0.5654296875 0.7421875 0.560546875 0.72265625 0.560546875 0.70703125 0.5654296875 0.6927083333333334 0.56640625 0.6822916666666666 0.5751953125 0.6588541666666666 0.576171875 0.6354166666666666 0.5810546875 0.62109375 0.583984375 0.5989583333333334 0.5947265625 0.578125 0.60546875 0.5638020833333334 0.62109375 0.5494791666666666 0.640625 0.5403645833333334 0.65234375 0.5377604166666666 0.6767578125 0.5377604166666666 0.6884765625 0.5403645833333334
0 0.36328125 0.3671875 0.3818359375 0.3776041666666667 0.4150390625 0.41796875 0.4287109375 0.4283854166666667 0.4365234375 0.4388020833333333 0.4365234375 0.4518229166666667 0.4326171875 0.4583333333333333 0.4296875 0.4700520833333333 0.416015625 0.48828125 0.4150390625 0.5013020833333334 0.404296875 0.5299479166666666 0.3857421875 0.5494791666666666 0.36328125 0.5559895833333334 0.337890625 0.5533854166666666 0.31640625 0.546875 0.30859375 0.5416666666666666 0.2880859375 0.515625 0.28125 0.49609375 0.27734375 0.4752604166666667 0.27734375 0.4505208333333333 0.2822265625 0.4283854166666667 0.2890625 0.4114583333333333 0.298828125 0.3971354166666667 0.3310546875 0.3697916666666667 0.337890625 0.3671875 0.3623046875 0.3671875
0 0.37841796875 0.12760416666666666 0.0712890625 0.18229166666666666
0 0.896484375 0.5065104166666666 0.9140625 0.5143229166666666 0.9248046875 0.5221354166666666 0.953125 0.55859375 0.9619140625 0.5794270833333334 0.96875 0.60546875 0.9697265625 0.6731770833333334 0.962890625 0.703125 0.9560546875 0.70703125 0.9462890625 0.70703125 0.9326171875 0.7122395833333334 0.9267578125 0.7174479166666666 0.9267578125 0.7265625 0.9248046875 0.7291666666666666 0.91796875 0.7291666666666666 0.9091796875 0.7330729166666666 0.8828125 0.7526041666666666 0.8623046875 0.7526041666666666 0.84765625 0.7486979166666666 0.826171875 0.7330729166666666 0.8125 0.7174479166666666 0.80078125 0.6953125 0.7890625 0.6653645833333334 0.78125 0.65625 0.78125 0.6393229166666666 0.7783203125 0.6302083333333334 0.775390625 0.6002604166666666 0.7783203125 0.57421875 0.7900390625 0.5625 0.79296875 0.5533854166666666 0.7998046875 0.54296875 0.81640625 0.5260416666666666 0.83203125 0.5221354166666666 0.857421875 0.5078125 0.8701171875 0.5052083333333334 0.8955078125 0.5065104166666666
0 0.3193359375 0.5533854166666666 0.34375 0.5598958333333334 0.365234375 0.5729166666666666 0.3759765625 0.5833333333333334 0.38671875 0.5989583333333334 0.390625 0.6145833333333334 0.3935546875 0.6653645833333334 0.3974609375 0.6783854166666666 0.3974609375 0.6875 0.4072265625 0.7200520833333334 0.4072265625 0.7473958333333334 0.40234375 0.7708333333333334 0.396484375 0.7864583333333334 0.3837890625 0.80859375 0.369140625 0.828125 0.3427734375 0.8502604166666666 0.3173828125 0.8606770833333334 0.306640625 0.8619791666666666 0.29296875 0.8580729166666666 0.2744140625 0.8580729166666666 0.2509765625 0.84765625 0.2109375 0.79296875 0.203125 0.7721354166666666 0.2021484375 0.7552083333333334 0.1962890625 0.7473958333333334 0.2001953125 0.7330729166666666 0.19921875 0.7057291666666666 0.197265625 0.703125 0.1982421875 0.6940104166666666 0.1875 0.6744791666666666 0.1875 0.6640625 0.2001953125 0.6380208333333334 0.2177734375 0.609375 0.244140625 0.578125 0.271484375 0.5611979166666666 0.3017578125 0.5533854166666666 0.318359375 0.5533854166666666
0 0.2978515625 0.12630208333333334 0.3212890625 0.13671875 0.353515625 0.17057291666666666 0.36328125 0.20052083333333334 0.365234375 0.22135416666666666 0.3681640625 0.23046875 0.3681640625 0.2513020833333333 0.353515625 0.296875 0.333984375 0.3268229166666667 0.330078125 0.33984375 0.3251953125 0.3463541666666667 0.3193359375 0.3502604166666667 0.30859375 0.3658854166666667 0.287109375 0.3841145833333333 0.255859375 0.390625 0.2255859375 0.3893229166666667 0.2109375 0.3763020833333333 0.2021484375 0.3645833333333333 0.185546875 0.3072916666666667 0.1845703125 0.2799479166666667 0.1865234375 0.2552083333333333 0.19140625 0.23828125 0.2041015625 0.21744791666666666 0.2109375 0.19791666666666666 0.2275390625 0.17447916666666666 0.240234375 0.16276041666666666 0.248046875 0.14713541666666666 0.2705078125 0.12890625 0.296875 0.12630208333333334
0 0.2353515625 0.4361979166666667 0.2509765625 0.4427083333333333 0.2705078125 0.4583333333333333 0.2734375 0.46484375 0.2783203125 0.4947916666666667 0.287109375 0.5182291666666666 0.2919921875 0.5416666666666666 0.2890625 0.5494791666666666 0.2578125 0.5638020833333334 0.2373046875 0.5794270833333334 0.228515625 0.5924479166666666 0.21875 0.6002604166666666 0.205078125 0.6171875 0.1943359375 0.6119791666666666 0.171875 0.5807291666666666 0.1591796875 0.5364583333333334 0.1572265625 0.5221354166666666 0.158203125 0.4986979166666667 0.1611328125 0.4856770833333333 0.16796875 0.4700520833333333 0.1845703125 0.44921875 0.2080078125 0.4375 0.220703125 0.4348958333333333 0.234375 0.4361979166666667
0 0.7880859375 0.19791666666666666 0.8134765625 0.20572916666666666 0.828125 0.21614583333333334 0.841796875 0.23046875 0.85546875 0.2526041666666667 0.8701171875 0.2825520833333333 0.876953125 0.3020833333333333 0.884765625 0.3372395833333333 0.884765625 0.3736979166666667 0.8818359375 0.4088541666666667 0.8740234375 0.4388020833333333 0.8720703125 0.4544270833333333 0.8671875 0.4596354166666667 0.8525390625 0.46484375 0.8486328125 0.4713541666666667 0.8466796875 0.48828125 0.8291015625 0.49609375 0.8212890625 0.5026041666666666 0.796875 0.5104166666666666 0.7646484375 0.5104166666666666 0.7470703125 0.5013020833333334 0.7099609375 0.4947916666666667 0.697265625 0.4830729166666667 0.6748046875 0.4479166666666667 0.666015625 0.4244791666666667 0.6591796875 0.3854166666666667 0.654296875 0.3815104166666667 0.6513671875 0.3841145833333333 0.650390625 0.3932291666666667 0.6474609375 0.3971354166666667 0.6396484375 0.3958333333333333 0.6328125 0.3893229166666667 0.6328125 0.3776041666666667 0.6298828125 0.375 0.6328125 0.3411458333333333 0.6435546875 0.3046875 0.654296875 0.2890625 0.66796875 0.2760416666666667 0.6826171875 0.24739583333333334 0.7001953125 0.23567708333333334 0.7119140625 0.22265625 0.7265625 0.21223958333333334 0.7578125 0.20052083333333334 0.787109375 0.19791666666666666
0 0.587890625 0.3033854166666667 0.6103515625 0.3125 0.6279296875 0.328125 0.6298828125 0.3346354166666667 0.6240234375 0.36328125 0.626953125 0.390625 0.63671875 0.4036458333333333 0.6533203125 0.4075520833333333 0.66015625 0.421875 0.658203125 0.4505208333333333 0.6533203125 0.4739583333333333 0.638671875 0.5026041666666666 0.6181640625 0.5299479166666666 0.6015625 0.54296875 0.5888671875 0.5481770833333334 0.564453125 0.546875 0.5458984375 0.5325520833333334 0.5283203125 0.5338541666666666 0.517578125 0.5260416666666666 0.5029296875 0.5026041666666666 0.4990234375 0.4921875 0.494140625 0.48828125 0.494140625 0.4986979166666667 0.4970703125 0.50390625 0.49609375 0.5104166666666666 0.490234375 0.5143229166666666 0.4873046875 0.5208333333333334 0.482421875 0.5247395833333334 0.47265625 0.5221354166666666 0.462890625 0.5078125 0.4619140625 0.5026041666666666 0.4521484375 0.4934895833333333 0.453125 0.4817708333333333 0.45703125 0.4700520833333333 0.4560546875 0.4544270833333333 0.4521484375 0.4453125 0.4521484375 0.4348958333333333 0.4560546875 0.4244791666666667 0.462890625 0.41796875 0.4716796875 0.4166666666666667 0.4765625 0.41015625 0.4794921875 0.4114583333333333 0.48046875 0.421875 0.4775390625 0.4166666666666667 0.4755859375 0.41796875 0.4755859375 0.421875 0.48046875 0.4270833333333333 0.4814453125 0.4388020833333333 0.4765625 0.4427083333333333 0.482421875 0.4479166666666667 0.4853515625 0.4466145833333333 0.484375 0.4388020833333333 0.4921875 0.3841145833333333 0.50390625 0.3541666666666667 0.5146484375 0.3346354166666667 0.5322265625 0.31640625 0.5498046875 0.3072916666666667 0.564453125 0.3033854166666667 0.5869140625 0.3033854166666667
0 0.4921875 0.53125 0.5224609375 0.5442708333333334 0.53515625 0.5455729166666666 0.5390625 0.5416666666666666 0.546875 0.5403645833333334 0.5546875 0.546875 0.55859375 0.58203125 0.5673828125 0.59375 0.568359375 0.5989583333333334 0.5693359375 0.6380208333333334 0.5673828125 0.6640625 0.556640625 0.7057291666666666 0.556640625 0.7408854166666666 0.544921875 0.7591145833333334 0.537109375 0.765625 0.5126953125 0.77734375 0.49609375 0.7799479166666666 0.4609375 0.7721354166666666 0.447265625 0.7552083333333334 0.4296875 0.7447916666666666 0.416015625 0.73046875 0.4033203125 0.6940104166666666 0.3974609375 0.6497395833333334 0.3974609375 0.6184895833333334 0.3994140625 0.6041666666666666 0.4140625 0.5703125 0.4248046875 0.5546875 0.4365234375 0.54296875 0.44921875 0.53515625 0.4609375 0.53125 0.4912109375 0.53125
0 0.46875 0.20963541666666666 0.4775390625 0.21484375 0.4853515625 0.21223958333333334 0.498046875 0.21354166666666666 0.5048828125 0.21744791666666666 0.5126953125 0.2265625 0.515625 0.23567708333333334 0.5146484375 0.24088541666666666 0.5068359375 0.24479166666666666 0.5048828125 0.2526041666666667 0.5068359375 0.2630208333333333 0.5185546875 0.2747395833333333 0.5224609375 0.2890625 0.5234375 0.3177083333333333 0.5126953125 0.33203125 0.501953125 0.3515625 0.4873046875 0.3854166666666667 0.4794921875 0.3893229166666667 0.46875 0.4114583333333333 0.4541015625 0.41796875 0.439453125 0.41796875 0.4228515625 0.4127604166666667 0.4072265625 0.4010416666666667 0.388671875 0.3802083333333333 0.3701171875 0.33984375 0.365234375 0.3151041666666667 0.3642578125 0.2903645833333333 0.365234375 0.2799479166666667 0.3720703125 0.2578125 0.390625 0.23046875 0.4140625 0.21614583333333334 0.4287109375 0.21484375 0.4521484375 0.20833333333333334 0.4677734375 0.20963541666666666