0 0.6259765625 0.052083333333333336 0.654296875 0.0625 0.681640625 0.09244791666666667 0.6904296875 0.11848958333333333 0.6923828125 0.13671875 0.6904296875 0.1953125 0.6787109375 0.22526041666666666 0.6650390625 0.24479166666666666 0.6494140625 0.2591145833333333 0.6279296875 0.265625 0.6005859375 0.26171875 0.583984375 0.2513020833333333 0.5703125 0.23567708333333334 0.5595703125 0.21484375 0.552734375 0.18359375 0.55078125 0.15885416666666666 0.55078125 0.13541666666666666 0.552734375 0.12239583333333333 0.5576171875 0.10546875 0.5693359375 0.08203125 0.5849609375 0.06640625 0.6083984375 0.0546875 0.625 0.052083333333333336
0 0.728515625 0.7018229166666666 0.7548828125 0.7057291666666666 0.775390625 0.7200520833333334 0.7939453125 0.7447916666666666 0.8046875 0.7734375 0.8046875 0.8177083333333334 0.806640625 0.8229166666666666 0.8154296875 0.8307291666666666 0.8173828125 0.8385416666666666 0.8134765625 0.859375 0.8095703125 0.8606770833333334 0.8037109375 0.8541666666666666 0.7958984375 0.85546875 0.783203125 0.8723958333333334 0.765625 0.8815104166666666 0.7548828125 0.8776041666666666 0.7158203125 0.875 0.7109375 0.8697916666666666 0.681640625 0.8528645833333334 0.66796875 0.8268229166666666 0.662109375 0.8033854166666666 0.6630859375 0.77734375 0.666015625 0.7630208333333334 0.677734375 0.7330729166666666 0.689453125 0.7174479166666666 0.7021484375 0.7083333333333334 0.712890625 0.703125 0.7275390625 0.7018229166666666
0 0.4326171875 0.7356770833333334 0.453125 0.7513020833333334 0.470703125 0.7825520833333334 0.4736328125 0.796875 0.470703125 0.85546875 0.4619140625 0.8828125 0.44921875 0.9010416666666666 0.4326171875 0.9140625 0.4150390625 0.921875 0.4052734375 0.921875 0.392578125 0.91796875 0.3671875 0.9010416666666666 0.3583984375 0.8893229166666666 0.3447265625 0.8619791666666666 0.337890625 0.8424479166666666 0.3369140625 0.81640625 0.34375 0.7786458333333334 0.361328125 0.7526041666666666 0.3681640625 0.74609375 0.380859375 0.7395833333333334 0.4072265625 0.7330729166666666 0.431640625 0.7356770833333334
0 0.1611328125 0.3580729166666667 0.17578125 0.3619791666666667 0.1865234375 0.3723958333333333 0.2138671875 0.4127604166666667 0.2177734375 0.4361979166666667 0.224609375 0.44921875 0.244140625 0.4544270833333333 0.2705078125 0.4713541666666667 0.2822265625 0.4752604166666667 0.30859375 0.5013020833333334 0.3154296875 0.5104166666666666 0.328125 0.5377604166666666 0.3369140625 0.56640625 0.3486328125 0.58203125 0.349609375 0.5885416666666666 0.345703125 0.6119791666666666 0.3388671875 0.6276041666666666 0.3330078125 0.6484375 0.3310546875 0.66796875 0.328125 0.6692708333333334 0.3212890625 0.6666666666666666 0.302734375 0.68359375 0.2802734375 0.6927083333333334 0.2548828125 0.6901041666666666 0.2265625 0.6731770833333334 0.1923828125 0.6432291666666666 0.1708984375 0.6158854166666666 0.1640625 0.6015625 0.154296875 0.55859375 0.1572265625 0.546875 0.1591796875 0.51953125 0.1640625 0.4986979166666667 0.13671875 0.4778645833333333 0.1123046875 0.4518229166666667 0.119140625 0.4361979166666667 0.1181640625 0.421875 0.10546875 0.4075520833333333 0.103515625 0.4010416666666667 0.1064453125 0.3919270833333333 0.0986328125 0.38671875 0.0966796875 0.3828125 0.1015625 0.3736979166666667 0.115234375 0.3645833333333333 0.12890625 0.3619791666666667 0.1357421875 0.3580729166666667 0.16015625 0.3580729166666667
0 0.4140625 0.29296875 0.42578125 0.3020833333333333 0.4365234375 0.3046875 0.4443359375 0.3098958333333333 0.46875 0.3385416666666667 0.4765625 0.3658854166666667 0.478515625 0.38671875 0.4765625 0.4088541666666667 0.4716796875 0.4296875 0.466796875 0.4427083333333333 0.4560546875 0.4596354166666667 0.4365234375 0.4778645833333333 0.4091796875 0.4869791666666667 0.380859375 0.484375 0.3681640625 0.4739583333333333 0.3515625 0.4544270833333333 0.33984375 0.4296875 0.3369140625 0.41015625 0.3369140625 0.37890625 0.341796875 0.3502604166666667 0.361328125 0.3125 0.375 0.2994791666666667 0.3828125 0.2955729166666667 0.392578125 0.29296875 0.4130859375 0.29296875
0 0.6611328125 0.2708333333333333 0.7021484375 0.28515625 0.7021484375 0.2955729166666667 0.7060546875 0.3046875 0.7275390625 0.3059895833333333 0.7333984375 0.3111979166666667 0.734375 0.3216145833333333 0.73828125 0.3307291666666667 0.7373046875 0.3385416666666667 0.724609375 0.33984375 0.7216796875 0.34375 0.72265625 0.3528645833333333 0.7275390625 0.3658854166666667 0.7265625 0.39453125 0.712890625 0.4427083333333333 0.7109375 0.4622395833333333 0.701171875 0.4791666666666667 0.66796875 0.5078125 0.6435546875 0.5182291666666666 0.6103515625 0.5260416666666666 0.591796875 0.5260416666666666 0.578125 0.5208333333333334 0.5693359375 0.5143229166666666 0.5625 0.5026041666666666 0.5458984375 0.4895833333333333 0.529296875 0.4427083333333333 0.525390625 0.4205729166666667 0.5234375 0.3919270833333333 0.525390625 0.359375 0.5341796875 0.3346354166666667 0.541015625 0.3216145833333333 0.5625 0.296875 0.58203125 0.28125 0.60546875 0.2721354166666667 0.630859375 0.2721354166666667 0.638671875 0.26953125 0.66015625 0.2708333333333333
0 0.3017578125 0.125 0.30859375 0.13411458333333334 0.3212890625 0.16276041666666666 0.3359375 0.18489583333333334 0.349609375 0.21614583333333334 0.357421875 0.24869791666666666 0.3564453125 0.2799479166666667 0.3525390625 0.296875 0.3447265625 0.3111979166666667 0.2822265625 0.3645833333333333 0.2548828125 0.3580729166666667 0.2431640625 0.3450520833333333 0.23828125 0.3333333333333333 0.2373046875 0.3190104166666667 0.21875 0.2955729166666667 0.2080078125 0.2721354166666667 0.2041015625 0.2513020833333333 0.2041015625 0.23697916666666666 0.2060546875 0.22526041666666666 0.216796875 0.19661458333333334 0.2265625 0.18098958333333334 0.244140625 0.1640625 0.2802734375 0.1484375 0.283203125 0.13671875 0.2900390625 0.125 0.2958984375 0.12239583333333333 0.30078125 0.125
0 0.51171875 0.4778645833333333 0.5244140625 0.4817708333333333 0.5390625 0.4908854166666667 0.546875 0.4973958333333333 0.556640625 0.51171875 0.5751953125 0.5247395833333334 0.5732421875 0.5390625 0.580078125 0.5416666666666666 0.583984375 0.546875 0.59375 0.57421875 0.595703125 0.5872395833333334 0.595703125 0.6223958333333334 0.5927734375 0.640625 0.5810546875 0.6744791666666666 0.5634765625 0.703125 0.5478515625 0.7174479166666666 0.5390625 0.7213541666666666 0.5283203125 0.73046875 0.5087890625 0.7317708333333334 0.4833984375 0.7317708333333334 0.470703125 0.7239583333333334 0.4384765625 0.7109375 0.431640625 0.7005208333333334 0.4189453125 0.6666666666666666 0.4130859375 0.65625 0.4072265625 0.6484375 0.4013671875 0.6484375 0.3994140625 0.6458333333333334 0.3974609375 0.6197916666666666 0.400390625 0.58203125 0.4052734375 0.5625 0.4169921875 0.5338541666666666 0.431640625 0.5130208333333334 0.451171875 0.4947916666666667 0.470703125 0.4830729166666667 0.486328125 0.4778645833333333 0.5107421875 0.4778645833333333
0 0.58203125 0.72265625 0.6064453125 0.73046875 0.6279296875 0.7473958333333334 0.6376953125 0.76171875 0.6435546875 0.7747395833333334 0.65625 0.8151041666666666 0.65625 0.859375 0.654296875 0.8763020833333334 0.6494140625 0.89453125 0.64453125 0.9049479166666666 0.6259765625 0.9309895833333334 0.611328125 0.9388020833333334 0.5810546875 0.9388020833333334 0.5634765625 0.93359375 0.5263671875 0.8828125 0.5234375 0.8658854166666666 0.5185546875 0.8528645833333334 0.517578125 0.8359375 0.5146484375 0.8255208333333334 0.515625 0.7981770833333334 0.521484375 0.7747395833333334 0.52734375 0.7604166666666666 0.5341796875 0.7513020833333334 0.548828125 0.7408854166666666 0.5625 0.7239583333333334 0.572265625 0.71875 0.5791015625 0.71875 0.5810546875 0.72265625
0 0.4775390625 0.061197916666666664 0.5 0.078125 0.509765625 0.07942708333333333 0.51171875 0.07421875 0.5126953125 0.08463541666666667 0.5361328125 0.1171875 0.5419921875 0.13151041666666666 0.5458984375 0.1484375 0.55078125 0.19921875 0.5498046875 0.21484375 0.5458984375 0.23177083333333334 0.5390625 0.25 0.529296875 0.2669270833333333 0.513671875 0.2838541666666667 0.4951171875 0.2942708333333333 0.4833984375 0.296875 0.462890625 0.2942708333333333 0.4609375 0.296875 0.4609375 0.30859375 0.46484375 0.3203125 0.4638671875 0.3255208333333333 0.45703125 0.3203125 0.44140625 0.2994791666666667 0.439453125 0.2903645833333333 0.435546875 0.28515625 0.42578125 0.28125 0.41796875 0.2747395833333333 0.396484375 0.24348958333333334 0.3857421875 0.19010416666666666 0.3857421875 0.17838541666666666 0.388671875 0.1640625 0.3896484375 0.13802083333333334 0.404296875 0.10546875 0.41796875 0.0859375 0.4423828125 0.06770833333333333 0.451171875 0.06640625 0.4560546875 0.055989583333333336 0.466796875 0.055989583333333336 0.4765625 0.061197916666666664
0 0.7080078125 0.484375 0.748046875 0.5 0.7626953125 0.51171875 0.775390625 0.5338541666666666 0.78125 0.5494791666666666 0.7861328125 0.5755208333333334 0.78515625 0.5859375 0.771484375 0.6158854166666666 0.7685546875 0.640625 0.76171875 0.65234375 0.7578125 0.65234375 0.751953125 0.6432291666666666 0.75 0.6432291666666666 0.7431640625 0.6484375 0.7197265625 0.6575520833333334 0.6865234375 0.6497395833333334 0.673828125 0.640625 0.6572265625 0.6236979166666666 0.650390625 0.61328125 0.6455078125 0.6002604166666666 0.6416015625 0.5703125 0.642578125 0.5364583333333334 0.64453125 0.5286458333333334 0.650390625 0.51953125 0.6640625 0.5143229166666666 0.67578125 0.5065104166666666 0.7001953125 0.484375 0.70703125 0.484375