0 0.7802734375 0.3854166666666667 0.8046875 0.4036458333333333 0.8193359375 0.42578125 0.826171875 0.4440104166666667 0.8291015625 0.4778645833333333 0.826171875 0.4986979166666667 0.8125 0.52734375 0.79296875 0.5494791666666666 0.767578125 0.5598958333333334 0.7470703125 0.55859375 0.7265625 0.546875 0.71484375 0.5364583333333334 0.7041015625 0.5208333333333334 0.6982421875 0.5065104166666666 0.6923828125 0.4596354166666667 0.6962890625 0.4453125 0.712890625 0.41015625 0.7265625 0.3932291666666667 0.744140625 0.3815104166666667 0.765625 0.3802083333333333 0.779296875 0.3854166666666667
0 0.75 0.609375 0.7568359375 0.609375 0.771484375 0.6171875 0.787109375 0.62890625 0.7939453125 0.6380208333333334 0.810546875 0.6744791666666666 0.814453125 0.6966145833333334 0.814453125 0.7135416666666666 0.8076171875 0.7434895833333334 0.7861328125 0.7721354166666666 0.7626953125 0.7890625 0.7451171875 0.7916666666666666 0.732421875 0.7903645833333334 0.7177734375 0.7838541666666666 0.701171875 0.76953125 0.6904296875 0.7552083333333334 0.6796875 0.7317708333333334 0.6708984375 0.69140625 0.6708984375 0.6770833333333334 0.673828125 0.6666666666666666 0.6875 0.6510416666666666 0.703125 0.62109375 0.73046875 0.609375 0.7490234375 0.609375
0 0.6826171875 0.11458333333333333 0.6875 0.11848958333333333 0.701171875 0.12239583333333333 0.7177734375 0.12239583333333333 0.7265625 0.13411458333333334 0.736328125 0.12890625 0.7392578125 0.13020833333333334 0.7412109375 0.13932291666666666 0.7412109375 0.16015625 0.7353515625 0.17708333333333334 0.734375 0.19921875 0.71875 0.22526041666666666 0.716796875 0.23828125 0.69140625 0.2643229166666667 0.6689453125 0.2786458333333333 0.6494140625 0.2734375 0.642578125 0.2604166666666667 0.634765625 0.2513020833333333 0.6318359375 0.2421875 0.6123046875 0.22135416666666666 0.611328125 0.2109375 0.619140625 0.17057291666666666 0.6259765625 0.14973958333333334 0.6318359375 0.13932291666666666 0.6474609375 0.12109375 0.66796875 0.10807291666666667 0.677734375 0.10546875 0.681640625 0.11458333333333333
0 0.3173828125 0.6380208333333334 0.3388671875 0.6393229166666666 0.3486328125 0.6432291666666666 0.3720703125 0.6640625 0.384765625 0.6875 0.392578125 0.7161458333333334 0.3935546875 0.7395833333333334 0.3896484375 0.7473958333333334 0.38671875 0.765625 0.3828125 0.7760416666666666 0.373046875 0.7942708333333334 0.36328125 0.8072916666666666 0.345703125 0.8216145833333334 0.3154296875 0.8307291666666666 0.2919921875 0.8268229166666666 0.2763671875 0.81640625 0.2607421875 0.796875 0.248046875 0.7708333333333334 0.244140625 0.7721354166666666 0.23046875 0.7682291666666666 0.228515625 0.7447916666666666 0.23046875 0.73828125 0.2373046875 0.73046875 0.2421875 0.7135416666666666 0.27734375 0.66015625 0.2939453125 0.6484375 0.302734375 0.63671875 0.31640625 0.6380208333333334
0 0.3427734375 0.4049479166666667 0.3662109375 0.4166666666666667 0.3798828125 0.4270833333333333 0.3857421875 0.4348958333333333 0.3955078125 0.4557291666666667 0.40234375 0.4791666666666667 0.4013671875 0.5208333333333334 0.3984375 0.5325520833333334 0.390625 0.5481770833333334 0.3798828125 0.5625 0.3671875 0.5677083333333334 0.353515625 0.5807291666666666 0.3427734375 0.5859375 0.32421875 0.5859375 0.2998046875 0.58203125 0.283203125 0.5716145833333334 0.271484375 0.5572916666666666 0.2626953125 0.5390625 0.2568359375 0.5208333333333334 0.2548828125 0.5065104166666666 0.2548828125 0.4817708333333333 0.2587890625 0.4622395833333333 0.263671875 0.4518229166666667 0.2822265625 0.4270833333333333 0.2919921875 0.41796875 0.3134765625 0.40625 0.32421875 0.4036458333333333 0.341796875 0.4049479166666667
0 0.6884765625 0.7630208333333334 0.71875 0.7877604166666666 0.740234375 0.7942708333333334 0.7578125 0.7942708333333334 0.767578125 0.8059895833333334 0.7705078125 0.81640625 0.771484375 0.83203125 0.76953125 0.85546875 0.7626953125 0.8776041666666666 0.7490234375 0.9010416666666666 0.7451171875 0.9127604166666666 0.73828125 0.9153645833333334 0.6953125 0.9010416666666666 0.6787109375 0.8880208333333334 0.66796875 0.87109375 0.662109375 0.8528645833333334 0.6669921875 0.8111979166666666 0.671875 0.7877604166666666 0.67578125 0.78515625 0.68359375 0.7682291666666666 0.6875 0.7643229166666666
0 0.60546875 0.7200520833333334 0.6318359375 0.7278645833333334 0.6435546875 0.73828125 0.654296875 0.7526041666666666 0.6640625 0.7877604166666666 0.6630859375 0.8229166666666666 0.6591796875 0.84375 0.65234375 0.8606770833333334 0.6513671875 0.8880208333333334 0.634765625 0.9127604166666666 0.63671875 0.9283854166666666 0.6337890625 0.9322916666666666 0.62109375 0.9361979166666666 0.6123046875 0.9348958333333334 0.607421875 0.9192708333333334 0.57421875 0.921875 0.5625 0.91796875 0.546875 0.9049479166666666 0.541015625 0.8971354166666666 0.53125 0.8723958333333334 0.52734375 0.84375 0.521484375 0.82421875 0.5224609375 0.7916666666666666 0.525390625 0.7877604166666666 0.5361328125 0.78515625 0.5390625 0.78125 0.5419921875 0.7682291666666666 0.556640625 0.7447916666666666 0.5869140625 0.72265625 0.6044921875 0.7200520833333334
0 0.5009765625 0.80859375 0.5146484375 0.8203125 0.5234375 0.8385416666666666 0.5283203125 0.875 0.5263671875 0.90234375 0.53125 0.91796875 0.53125 0.9244791666666666 0.525390625 0.9296875 0.5107421875 0.9322916666666666 0.501953125 0.9427083333333334 0.4931640625 0.9466145833333334 0.484375 0.94921875 0.4580078125 0.9466145833333334 0.453125 0.9505208333333334 0.44921875 0.9505208333333334 0.43359375 0.9388020833333334 0.435546875 0.9153645833333334 0.431640625 0.8971354166666666 0.431640625 0.84375 0.4345703125 0.83203125 0.4384765625 0.8216145833333334 0.447265625 0.8138020833333334 0.466796875 0.8072916666666666 0.5 0.80859375
0 0.517578125 0.5625 0.541015625 0.5729166666666666 0.5576171875 0.5963541666666666 0.564453125 0.61328125 0.5693359375 0.6354166666666666 0.5712890625 0.6627604166666666 0.5703125 0.6848958333333334 0.5595703125 0.73046875 0.541015625 0.7604166666666666 0.537109375 0.7721354166666666 0.53125 0.7786458333333334 0.5048828125 0.796875 0.4912109375 0.8020833333333334 0.470703125 0.8020833333333334 0.4560546875 0.796875 0.4482421875 0.7903645833333334 0.4287109375 0.76171875 0.41796875 0.7330729166666666 0.41796875 0.6510416666666666 0.43359375 0.609375 0.453125 0.5859375 0.470703125 0.5755208333333334 0.4853515625 0.5625 0.5166015625 0.5625
0 0.5537109375 0.20052083333333334 0.5859375 0.20703125 0.60546875 0.22005208333333334 0.626953125 0.23958333333333334 0.64453125 0.26953125 0.6572265625 0.3111979166666667 0.6572265625 0.33203125 0.654296875 0.3502604166666667 0.654296875 0.375 0.65234375 0.3854166666666667 0.6328125 0.4283854166666667 0.6064453125 0.4596354166666667 0.587890625 0.4713541666666667 0.56640625 0.4778645833333333 0.548828125 0.4778645833333333 0.533203125 0.4674479166666667 0.5087890625 0.4583333333333333 0.4951171875 0.4388020833333333 0.4736328125 0.4231770833333333 0.4609375 0.3984375 0.45703125 0.3958333333333333 0.45703125 0.3776041666666667 0.451171875 0.36328125 0.4482421875 0.3450520833333333 0.451171875 0.3229166666666667 0.4609375 0.2890625 0.4716796875 0.2643229166666667 0.490234375 0.23567708333333334 0.505859375 0.21744791666666666 0.5244140625 0.20572916666666666 0.5380859375 0.20052083333333334 0.552734375 0.20052083333333334
0 0.6533203125 0.5052083333333334 0.671875 0.5143229166666666 0.693359375 0.5390625 0.703125 0.56640625 0.7041015625 0.5859375 0.6962890625 0.625 0.685546875 0.6471354166666666 0.6708984375 0.6653645833333334 0.650390625 0.6744791666666666 0.6318359375 0.6744791666666666 0.615234375 0.66796875 0.6025390625 0.6588541666666666 0.591796875 0.64453125 0.587890625 0.63671875 0.58203125 0.61328125 0.5810546875 0.578125 0.5888671875 0.546875 0.6025390625 0.5247395833333334 0.6171875 0.51171875 0.6279296875 0.5065104166666666 0.65234375 0.5052083333333334
0 0.3701171875 0.8190104166666666 0.3876953125 0.8450520833333334 0.39453125 0.8645833333333334 0.396484375 0.8854166666666666 0.3955078125 0.9049479166666666 0.390625 0.9192708333333334 0.3779296875 0.9401041666666666 0.3388671875 0.9947916666666666 0.33203125 0.99609375 0.3310546875 0.9986979166666666 0.3232421875 0.9986979166666666 0.31640625 0.98046875 0.30859375 0.97265625 0.2880859375 0.9401041666666666 0.2822265625 0.9010416666666666 0.2822265625 0.87890625 0.2861328125 0.8645833333333334 0.3095703125 0.8385416666666666 0.3486328125 0.82421875 0.361328125 0.8151041666666666 0.3662109375 0.8151041666666666 0.369140625 0.8190104166666666