0 0.9565972222222222 0.515625 0.9704861111111112 0.5221354166666666 0.9895833333333334 0.5234375 0.9982638888888888 0.5260416666666666 0.9982638888888888 0.68359375 0.9861111111111112 0.6940104166666666 0.9774305555555556 0.6979166666666666 0.9427083333333334 0.70703125 0.9166666666666666 0.7096354166666666 0.9045138888888888 0.7174479166666666 0.8819444444444444 0.7161458333333334 0.8715277777777778 0.7083333333333334 0.8697916666666666 0.6953125 0.8454861111111112 0.6731770833333334 0.8333333333333334 0.6575520833333334 0.8333333333333334 0.6484375 0.8420138888888888 0.6315104166666666 0.8454861111111112 0.6158854166666666 0.8506944444444444 0.6119791666666666 0.8559027777777778 0.6028645833333334 0.8611111111111112 0.58203125 0.859375 0.57421875 0.8420138888888888 0.56640625 0.8420138888888888 0.5598958333333334 0.8663194444444444 0.5403645833333334 0.9010416666666666 0.5247395833333334 0.9270833333333334 0.5169270833333334 0.9548611111111112 0.515625
0 0.6284722222222222 0.6888020833333334 0.6458333333333334 0.6979166666666666 0.6597222222222222 0.7083333333333334 0.6736111111111112 0.72265625 0.6944444444444444 0.75390625 0.6961805555555556 0.7682291666666666 0.6875 0.7786458333333334 0.6857638888888888 0.7877604166666666 0.6805555555555556 0.7955729166666666 0.6788194444444444 0.8072916666666666 0.6649305555555556 0.8216145833333334 0.6354166666666666 0.8385416666666666 0.609375 0.8450520833333334 0.578125 0.8450520833333334 0.5677083333333334 0.8424479166666666 0.5381944444444444 0.8307291666666666 0.5243055555555556 0.8216145833333334 0.5 0.79296875 0.4947916666666667 0.7721354166666666 0.4947916666666667 0.7578125 0.4982638888888889 0.7421875 0.515625 0.7161458333333334 0.5277777777777778 0.703125 0.5364583333333334 0.6979166666666666 0.5625 0.6875 0.5746527777777778 0.6848958333333334 0.6111111111111112 0.6848958333333334 0.6267361111111112 0.6888020833333334
0 0.4826388888888889 0.2903645833333333 0.5138888888888888 0.2981770833333333 0.5364583333333334 0.31640625 0.5486111111111112 0.33984375 0.5503472222222222 0.3606770833333333 0.546875 0.3736979166666667 0.5277777777777778 0.3958333333333333 0.4722222222222222 0.4205729166666667 0.4618055555555556 0.4231770833333333 0.4479166666666667 0.4231770833333333 0.4375 0.4205729166666667 0.4097222222222222 0.4088541666666667 0.3975694444444444 0.3997395833333333 0.3819444444444444 0.3736979166666667 0.3819444444444444 0.3515625 0.3888888888888889 0.3333333333333333 0.3975694444444444 0.3190104166666667 0.4184027777777778 0.30078125 0.4357638888888889 0.29296875 0.453125 0.2890625 0.4809027777777778 0.2903645833333333
0 0.515625 0.5416666666666666 0.53125 0.5481770833333334 0.5503472222222222 0.5520833333333334 0.5798611111111112 0.5729166666666666 0.5972222222222222 0.6028645833333334 0.5989583333333334 0.63671875 0.5815972222222222 0.66796875 0.5677083333333334 0.6783854166666666 0.5538194444444444 0.6861979166666666 0.5277777777777778 0.6966145833333334 0.4913194444444444 0.7018229166666666 0.4583333333333333 0.69921875 0.4253472222222222 0.6848958333333334 0.3854166666666667 0.6419270833333334 0.3802083333333333 0.625 0.3802083333333333 0.61328125 0.3854166666666667 0.5950520833333334 0.3940972222222222 0.5833333333333334 0.4045138888888889 0.5755208333333334 0.4166666666666667 0.5729166666666666 0.4305555555555556 0.5598958333333334 0.4444444444444444 0.55078125 0.4583333333333333 0.5442708333333334 0.4774305555555556 0.5390625 0.5069444444444444 0.5390625 0.5138888888888888 0.5416666666666666
0 0.8020833333333334 0.6953125 0.8246527777777778 0.6979166666666666 0.8454861111111112 0.703125 0.8715277777777778 0.7174479166666666 0.8871527777777778 0.72265625 0.9010416666666666 0.72265625 0.9097222222222222 0.7291666666666666 0.9097222222222222 0.73828125 0.9027777777777778 0.75 0.9045138888888888 0.7708333333333334 0.9027777777777778 0.7890625 0.8923611111111112 0.8111979166666666 0.8697916666666666 0.8307291666666666 0.8472222222222222 0.8411458333333334 0.8402777777777778 0.8424479166666666 0.828125 0.8411458333333334 0.8177083333333334 0.8307291666666666 0.7899305555555556 0.8268229166666666 0.7760416666666666 0.8177083333333334 0.7621527777777778 0.8125 0.75 0.8111979166666666 0.734375 0.8020833333333334 0.71875 0.78125 0.71875 0.7682291666666666 0.7239583333333334 0.7486979166666666 0.7291666666666666 0.73828125 0.7395833333333334 0.7265625 0.7673611111111112 0.7005208333333334 0.7847222222222222 0.6953125 0.8003472222222222 0.6953125
0 0.8645833333333334 0.34765625 0.8993055555555556 0.3502604166666667 0.921875 0.3606770833333333 0.9375 0.3619791666666667 0.9600694444444444 0.37890625 0.96875 0.3880208333333333 0.9809027777777778 0.4088541666666667 0.984375 0.41796875 0.9826388888888888 0.42578125 0.984375 0.4388020833333333 0.9791666666666666 0.4453125 0.9774305555555556 0.4557291666666667 0.96875 0.4661458333333333 0.9583333333333334 0.4869791666666667 0.9427083333333334 0.5052083333333334 0.9288194444444444 0.5130208333333334 0.9149305555555556 0.515625 0.8871527777777778 0.5260416666666666 0.8628472222222222 0.53125 0.8506944444444444 0.5299479166666666 0.8454861111111112 0.52734375 0.8229166666666666 0.5260416666666666 0.8072916666666666 0.51953125 0.7708333333333334 0.4973958333333333 0.7569444444444444 0.484375 0.75 0.47265625 0.75 0.453125 0.7534722222222222 0.4322916666666667 0.7743055555555556 0.3958333333333333 0.8107638888888888 0.3619791666666667 0.8333333333333334 0.359375 0.8489583333333334 0.3502604166666667 0.8628472222222222 0.34765625
0 0.9548611111111112 0.12890625 0.9583333333333334 0.13020833333333334 0.9670138888888888 0.14453125 0.96875 0.17838541666666666 0.9652777777777778 0.1875 0.9583333333333334 0.1953125 0.9565972222222222 0.20833333333333334 0.9288194444444444 0.22786458333333334 0.9288194444444444 0.23958333333333334 0.9322916666666666 0.24739583333333334 0.9305555555555556 0.2643229166666667 0.9270833333333334 0.2708333333333333 0.9166666666666666 0.2799479166666667 0.9010416666666666 0.3033854166666667 0.8819444444444444 0.3138020833333333 0.8333333333333334 0.3294270833333333 0.7777777777777778 0.3333333333333333 0.7690972222222222 0.3359375 0.7621527777777778 0.3346354166666667 0.7482638888888888 0.32421875 0.734375 0.3177083333333333 0.7118055555555556 0.3111979166666667 0.6927083333333334 0.3098958333333333 0.6822916666666666 0.3033854166666667 0.6788194444444444 0.2955729166666667 0.6822916666666666 0.28515625 0.6840277777777778 0.26171875 0.6770833333333334 0.24609375 0.6736111111111112 0.2265625 0.6961805555555556 0.20442708333333334 0.7152777777777778 0.1953125 0.7239583333333334 0.18880208333333334 0.75 0.17708333333333334 0.7899305555555556 0.16927083333333334 0.8246527777777778 0.16927083333333334 0.8263888888888888 0.16145833333333334 0.8420138888888888 0.16145833333333334 0.8767361111111112 0.13541666666666666 0.8819444444444444 0.13802083333333334 0.8854166666666666 0.14322916666666666 0.9010416666666666 0.14453125 0.9097222222222222 0.14322916666666666 0.9288194444444444 0.1328125 0.9427083333333334 0.13932291666666666 0.9479166666666666 0.1328125 0.953125 0.13020833333333334
0 0.7447916666666666 0.5104166666666666 0.7760416666666666 0.5169270833333334 0.7829861111111112 0.5247395833333334 0.7951388888888888 0.5325520833333334 0.8055555555555556 0.5442708333333334 0.8194444444444444 0.5403645833333334 0.8229166666666666 0.5416666666666666 0.8263888888888888 0.5494791666666666 0.828125 0.5677083333333334 0.8402777777777778 0.5729166666666666 0.8472222222222222 0.5729166666666666 0.8559027777777778 0.578125 0.8489583333333334 0.60546875 0.8385416666666666 0.6171875 0.8315972222222222 0.640625 0.8211805555555556 0.6471354166666666 0.8055555555555556 0.6471354166666666 0.7708333333333334 0.6614583333333334 0.7447916666666666 0.6666666666666666 0.7048611111111112 0.6653645833333334 0.6805555555555556 0.6588541666666666 0.6493055555555556 0.64453125 0.6388888888888888 0.63671875 0.6197916666666666 0.6119791666666666 0.609375 0.5807291666666666 0.609375 0.5703125 0.6145833333333334 0.5520833333333334 0.6545138888888888 0.5208333333333334 0.6805555555555556 0.51171875 0.6927083333333334 0.5104166666666666 0.7048611111111112 0.51171875 0.71875 0.5091145833333334 0.7430555555555556 0.5104166666666666
0 0.5746527777777778 0.4010416666666667 0.6024305555555556 0.40625 0.6197916666666666 0.4140625 0.6510416666666666 0.4361979166666667 0.6631944444444444 0.4609375 0.6631944444444444 0.48828125 0.6527777777777778 0.5143229166666666 0.6371527777777778 0.5286458333333334 0.6163194444444444 0.54296875 0.5954861111111112 0.5494791666666666 0.5885416666666666 0.5494791666666666 0.5815972222222222 0.5520833333333334 0.578125 0.5559895833333334 0.5729166666666666 0.5559895833333334 0.5503472222222222 0.5455729166666666 0.53125 0.54296875 0.5052083333333334 0.5338541666666666 0.4930555555555556 0.5338541666666666 0.4739583333333333 0.5299479166666666 0.46875 0.5247395833333334 0.4565972222222222 0.5026041666666666 0.4496527777777778 0.484375 0.4513888888888889 0.4674479166666667 0.4583333333333333 0.4453125 0.4652777777777778 0.4361979166666667 0.4878472222222222 0.41796875 0.5295138888888888 0.3997395833333333 0.5520833333333334 0.3984375 0.5729166666666666 0.4010416666666667
0 0.5555555555555556 0.19921875 0.5590277777777778 0.19921875 0.5625 0.20703125 0.5729166666666666 0.21614583333333334 0.5815972222222222 0.21614583333333334 0.6041666666666666 0.20963541666666666 0.6302083333333334 0.20963541666666666 0.6493055555555556 0.21614583333333334 0.6684027777777778 0.23046875 0.671875 0.24479166666666666 0.6788194444444444 0.2591145833333333 0.6788194444444444 0.2799479166666667 0.6753472222222222 0.2942708333333333 0.671875 0.3046875 0.6614583333333334 0.3151041666666667 0.6197916666666666 0.3385416666666667 0.6111111111111112 0.3411458333333333 0.5711805555555556 0.3424479166666667 0.5555555555555556 0.3385416666666667 0.5503472222222222 0.3346354166666667 0.5364583333333334 0.3111979166666667 0.5086805555555556 0.2903645833333333 0.5104166666666666 0.27734375 0.5243055555555556 0.2552083333333333 0.5225694444444444 0.24739583333333334 0.5399305555555556 0.2265625 0.5399305555555556 0.21354166666666666 0.5555555555555556 0.20052083333333334
0 0.7013888888888888 0.3138020833333333 0.7326388888888888 0.3203125 0.7430555555555556 0.3255208333333333 0.7569444444444444 0.3372395833333333 0.765625 0.3489583333333333 0.7708333333333334 0.390625 0.7586805555555556 0.4153645833333333 0.7465277777777778 0.4309895833333333 0.7048611111111112 0.453125 0.6944444444444444 0.4557291666666667 0.6666666666666666 0.4557291666666667 0.6493055555555556 0.4296875 0.6111111111111112 0.4049479166666667 0.6041666666666666 0.3932291666666667 0.6059027777777778 0.3815104166666667 0.6024305555555556 0.3736979166666667 0.6024305555555556 0.3619791666666667 0.6076388888888888 0.3528645833333333 0.6232638888888888 0.3450520833333333 0.6579861111111112 0.3203125 0.6805555555555556 0.3138020833333333 0.6996527777777778 0.3138020833333333