0 0.3916015625 0.6080729166666666 0.4033203125 0.6145833333333334 0.4052734375 0.62109375 0.423828125 0.6432291666666666 0.431640625 0.6614583333333334 0.4375 0.6888020833333334 0.4375 0.7135416666666666 0.43359375 0.7356770833333334 0.4248046875 0.7604166666666666 0.4150390625 0.77734375 0.4033203125 0.7903645833333334 0.37109375 0.7994791666666666 0.3349609375 0.8151041666666666 0.31640625 0.8138020833333334 0.3115234375 0.8111979166666666 0.2890625 0.7708333333333334 0.275390625 0.7122395833333334 0.275390625 0.6888020833333334 0.279296875 0.6640625 0.287109375 0.6497395833333334 0.302734375 0.62890625 0.322265625 0.6145833333333334 0.341796875 0.6067708333333334 0.353515625 0.6067708333333334 0.361328125 0.6015625 0.375 0.6028645833333334 0.390625 0.6080729166666666
0 0.458984375 0.4661458333333333 0.4755859375 0.4778645833333333 0.48046875 0.484375 0.4873046875 0.484375 0.5048828125 0.5260416666666666 0.5087890625 0.5442708333333334 0.5087890625 0.5625 0.5068359375 0.5703125 0.5068359375 0.5846354166666666 0.5 0.6080729166666666 0.4931640625 0.6171875 0.46484375 0.640625 0.443359375 0.6510416666666666 0.4306640625 0.6484375 0.4091796875 0.6223958333333334 0.4033203125 0.6106770833333334 0.392578125 0.60546875 0.3857421875 0.5989583333333334 0.376953125 0.5703125 0.3759765625 0.5325520833333334 0.3837890625 0.5052083333333334 0.388671875 0.49609375 0.400390625 0.4830729166666667 0.41796875 0.4739583333333333 0.4306640625 0.4752604166666667 0.4443359375 0.4583333333333333 0.44921875 0.4557291666666667 0.4541015625 0.4557291666666667 0.4541015625 0.4609375 0.4580078125 0.4661458333333333
0 0.5419921875 0.3463541666666667 0.5732421875 0.3541666666666667 0.5947265625 0.375 0.6064453125 0.3932291666666667 0.6103515625 0.4036458333333333 0.6181640625 0.44140625 0.6123046875 0.4830729166666667 0.5986328125 0.5091145833333334 0.58203125 0.52734375 0.57421875 0.5325520833333334 0.5478515625 0.5403645833333334 0.529296875 0.5403645833333334 0.5126953125 0.53515625 0.4912109375 0.484375 0.474609375 0.4609375 0.4677734375 0.4375 0.46875 0.4231770833333333 0.4765625 0.3984375 0.486328125 0.37890625 0.4970703125 0.3645833333333333 0.515625 0.3515625 0.541015625 0.3463541666666667
0 0.8876953125 0.57421875 0.908203125 0.58984375 0.9228515625 0.609375 0.93359375 0.62890625 0.9326171875 0.6354166666666666 0.9248046875 0.6458333333333334 0.9248046875 0.6888020833333334 0.9228515625 0.6979166666666666 0.9169921875 0.7096354166666666 0.9208984375 0.7265625 0.91796875 0.7317708333333334 0.912109375 0.7356770833333334 0.8974609375 0.7408854166666666 0.8662109375 0.7408854166666666 0.853515625 0.734375 0.84375 0.734375 0.8203125 0.7161458333333334 0.81640625 0.7122395833333334 0.8095703125 0.6979166666666666 0.79296875 0.6783854166666666 0.7900390625 0.6653645833333334 0.783203125 0.6536458333333334 0.7841796875 0.6302083333333334 0.7822265625 0.6236979166666666 0.775390625 0.6158854166666666 0.7529296875 0.6158854166666666 0.75390625 0.609375 0.755859375 0.6080729166666666 0.7841796875 0.59765625 0.80859375 0.5807291666666666 0.86328125 0.5716145833333334 0.88671875 0.57421875
0 0.5537109375 0.7265625 0.5791015625 0.7408854166666666 0.5966796875 0.7643229166666666 0.6201171875 0.82421875 0.62109375 0.8372395833333334 0.619140625 0.8606770833333334 0.626953125 0.8802083333333334 0.626953125 0.90234375 0.625 0.9127604166666666 0.6171875 0.921875 0.603515625 0.9244791666666666 0.595703125 0.9296875 0.5869140625 0.94921875 0.5712890625 0.9700520833333334 0.5576171875 0.98046875 0.5283203125 0.9895833333333334 0.5087890625 0.98828125 0.4794921875 0.9765625 0.47265625 0.9713541666666666 0.4599609375 0.9518229166666666 0.4521484375 0.9348958333333334 0.4462890625 0.9075520833333334 0.4443359375 0.8645833333333334 0.4453125 0.81640625 0.451171875 0.7994791666666666 0.47265625 0.765625 0.5 0.7369791666666666 0.5185546875 0.7291666666666666 0.552734375 0.7265625
0 0.2431640625 0.23177083333333334 0.2568359375 0.23828125 0.2666015625 0.23697916666666666 0.2724609375 0.2421875 0.2783203125 0.2513020833333333 0.28125 0.26171875 0.291015625 0.2747395833333333 0.30078125 0.2981770833333333 0.3017578125 0.3151041666666667 0.2978515625 0.3346354166666667 0.2998046875 0.36328125 0.296875 0.3763020833333333 0.2939453125 0.3841145833333333 0.287109375 0.3932291666666667 0.2783203125 0.3932291666666667 0.26953125 0.3893229166666667 0.2548828125 0.3776041666666667 0.23046875 0.3697916666666667 0.2265625 0.3723958333333333 0.228515625 0.37890625 0.224609375 0.3828125 0.216796875 0.38671875 0.19921875 0.38671875 0.1943359375 0.3932291666666667 0.1943359375 0.4010416666666667 0.1767578125 0.4114583333333333 0.1708984375 0.4114583333333333 0.1640625 0.4049479166666667 0.1533203125 0.390625 0.142578125 0.3671875 0.1396484375 0.3502604166666667 0.1396484375 0.3203125 0.1455078125 0.29296875 0.15625 0.2682291666666667 0.1669921875 0.2578125 0.17578125 0.2565104166666667 0.19921875 0.23958333333333334 0.2255859375 0.22916666666666666 0.2421875 0.23177083333333334
0 0.23046875 0.3893229166666667 0.2626953125 0.3893229166666667 0.28515625 0.40234375 0.3134765625 0.44140625 0.3212890625 0.4557291666666667 0.330078125 0.4791666666666667 0.3369140625 0.5234375 0.3359375 0.5520833333333334 0.3271484375 0.5768229166666666 0.3076171875 0.6158854166666666 0.29296875 0.6328125 0.26953125 0.6497395833333334 0.25 0.66015625 0.23046875 0.6653645833333334 0.1796875 0.6640625 0.1630859375 0.6354166666666666 0.1572265625 0.6302083333333334 0.1484375 0.6393229166666666 0.1357421875 0.6354166666666666 0.1298828125 0.62890625 0.125 0.6158854166666666 0.125 0.6080729166666666 0.130859375 0.6015625 0.130859375 0.59765625 0.123046875 0.5768229166666666 0.126953125 0.4908854166666667 0.130859375 0.4739583333333333 0.138671875 0.4557291666666667 0.154296875 0.43359375 0.181640625 0.4114583333333333 0.1982421875 0.40234375 0.2021484375 0.3971354166666667 0.2021484375 0.3932291666666667 0.2294921875 0.3893229166666667
0 0.728515625 0.3580729166666667 0.7685546875 0.3841145833333333 0.8046875 0.4166666666666667 0.8212890625 0.4375 0.8310546875 0.4544270833333333 0.83984375 0.4908854166666667 0.83984375 0.50390625 0.8359375 0.5260416666666666 0.83203125 0.5416666666666666 0.8212890625 0.5651041666666666 0.80859375 0.578125 0.7861328125 0.5924479166666666 0.7509765625 0.60546875 0.7431640625 0.60546875 0.7314453125 0.5963541666666666 0.7197265625 0.5924479166666666 0.705078125 0.5794270833333334 0.6953125 0.57421875 0.69140625 0.5690104166666666 0.6826171875 0.5651041666666666 0.666015625 0.5455729166666666 0.662109375 0.5364583333333334 0.65234375 0.5234375 0.642578125 0.5 0.6328125 0.44140625 0.63671875 0.421875 0.650390625 0.39453125 0.67578125 0.3671875 0.7001953125 0.35546875 0.720703125 0.3541666666666667 0.7275390625 0.3580729166666667
0 0.4072265625 0.19140625 0.423828125 0.1953125 0.4365234375 0.20182291666666666 0.455078125 0.21614583333333334 0.4716796875 0.234375 0.486328125 0.2630208333333333 0.4951171875 0.29296875 0.4970703125 0.30859375 0.4970703125 0.3424479166666667 0.4921875 0.3658854166666667 0.482421875 0.37890625 0.46484375 0.41796875 0.4501953125 0.4322916666666667 0.4287109375 0.44140625 0.419921875 0.4505208333333333 0.40234375 0.4544270833333333 0.3818359375 0.4544270833333333 0.37109375 0.4518229166666667 0.357421875 0.4453125 0.3359375 0.4296875 0.3271484375 0.4114583333333333 0.318359375 0.3997395833333333 0.3095703125 0.3802083333333333 0.302734375 0.34765625 0.302734375 0.3255208333333333 0.306640625 0.3138020833333333 0.306640625 0.2955729166666667 0.3095703125 0.28515625 0.3193359375 0.2578125 0.3310546875 0.24088541666666666 0.3310546875 0.23046875 0.341796875 0.23177083333333334 0.3662109375 0.2109375 0.369140625 0.21223958333333334 0.3740234375 0.20572916666666666 0.3759765625 0.19270833333333334 0.3798828125 0.18880208333333334 0.40625 0.19140625
0 0.607421875 0.5416666666666666 0.625 0.5455729166666666 0.638671875 0.5533854166666666 0.669921875 0.5846354166666666 0.6748046875 0.5924479166666666 0.6904296875 0.6315104166666666 0.6943359375 0.65234375 0.693359375 0.6966145833333334 0.685546875 0.7239583333333334 0.6787109375 0.7369791666666666 0.671875 0.7473958333333334 0.6630859375 0.75 0.650390625 0.7604166666666666 0.6328125 0.7669270833333334 0.6025390625 0.765625 0.5791015625 0.7369791666666666 0.5556640625 0.7239583333333334 0.548828125 0.7174479166666666 0.5322265625 0.6653645833333334 0.5283203125 0.6432291666666666 0.5283203125 0.6276041666666666 0.521484375 0.61328125 0.5185546875 0.59765625 0.5185546875 0.5807291666666666 0.529296875 0.5833333333333334 0.5458984375 0.5690104166666666 0.5498046875 0.5703125 0.556640625 0.5677083333333334 0.564453125 0.55859375 0.5849609375 0.54296875 0.6064453125 0.5416666666666666
0 0.498046875 0.15494791666666666 0.515625 0.1640625 0.5283203125 0.1796875 0.533203125 0.19140625 0.54296875 0.23697916666666666 0.54296875 0.2552083333333333 0.5341796875 0.2864583333333333 0.5234375 0.3046875 0.5048828125 0.3216145833333333 0.5 0.3216145833333333 0.49609375 0.2877604166666667 0.4873046875 0.2604166666666667 0.4794921875 0.24739583333333334 0.4765625 0.23828125 0.4599609375 0.21744791666666666 0.4365234375 0.19921875 0.4365234375 0.19270833333333334 0.44140625 0.18359375 0.4580078125 0.1640625 0.4765625 0.15494791666666666 0.4970703125 0.15494791666666666
0 0.6005859375 0.20182291666666666 0.609375 0.20572916666666666 0.6181640625 0.21614583333333334 0.634765625 0.22265625 0.6689453125 0.24739583333333334 0.6796875 0.2643229166666667 0.6845703125 0.2864583333333333 0.685546875 0.3046875 0.6826171875 0.32421875 0.67578125 0.3489583333333333 0.666015625 0.3723958333333333 0.65234375 0.3854166666666667 0.6376953125 0.41015625 0.626953125 0.41796875 0.6220703125 0.4166666666666667 0.6162109375 0.41015625 0.607421875 0.3893229166666667 0.58984375 0.3645833333333333 0.578125 0.3528645833333333 0.5498046875 0.3424479166666667 0.5439453125 0.3307291666666667 0.54296875 0.32421875 0.5498046875 0.2903645833333333 0.55859375 0.2721354166666667 0.5654296875 0.2630208333333333 0.572265625 0.24348958333333334 0.5732421875 0.22786458333333334 0.5771484375 0.2109375 0.5810546875 0.20442708333333334 0.587890625 0.20052083333333334 0.599609375 0.20182291666666666