0 0.744140625 0.08203125 0.763671875 0.08333333333333333 0.7841796875 0.08984375 0.7978515625 0.09114583333333333 0.810546875 0.09765625 0.8486328125 0.14973958333333334 0.85546875 0.16276041666666666 0.8642578125 0.18359375 0.8720703125 0.22135416666666666 0.8720703125 0.2421875 0.869140625 0.2643229166666667 0.8603515625 0.2916666666666667 0.849609375 0.3111979166666667 0.83984375 0.32421875 0.8173828125 0.3424479166666667 0.7783203125 0.359375 0.7626953125 0.359375 0.748046875 0.3541666666666667 0.740234375 0.3541666666666667 0.7158203125 0.3424479166666667 0.7060546875 0.3190104166666667 0.6708984375 0.2682291666666667 0.6552734375 0.23697916666666666 0.6552734375 0.19921875 0.6982421875 0.13411458333333334 0.7109375 0.09505208333333333 0.71484375 0.08984375 0.7265625 0.08333333333333333 0.7431640625 0.08203125
0 0.1376953125 0.10546875 0.146484375 0.10807291666666667 0.1572265625 0.11848958333333333 0.166015625 0.12239583333333333 0.1748046875 0.13411458333333334 0.1748046875 0.16015625 0.1787109375 0.19010416666666666 0.1787109375 0.22135416666666666 0.1767578125 0.22786458333333334 0.181640625 0.23697916666666666 0.1865234375 0.28515625 0.1982421875 0.2994791666666667 0.1953125 0.3046875 0.1923828125 0.3020833333333333 0.19140625 0.3072916666666667 0.1953125 0.3177083333333333 0.203125 0.328125 0.2021484375 0.3502604166666667 0.185546875 0.3893229166666667 0.1611328125 0.421875 0.1455078125 0.4361979166666667 0.1298828125 0.4466145833333333 0.0830078125 0.4674479166666667 0.0546875 0.4674479166666667 0.03125 0.4622395833333333 0 0.4622395833333333 0 0.12369791666666667 0.044921875 0.11979166666666667 0.0810546875 0.125 0.0888671875 0.12109375 0.107421875 0.09895833333333333 0.1220703125 0.09895833333333333 0.13671875 0.10546875
0 0.396484375 0.3684895833333333 0.400390625 0.37109375 0.4111328125 0.3893229166666667 0.4345703125 0.40234375 0.4384765625 0.4127604166666667 0.439453125 0.4296875 0.4365234375 0.44921875 0.4423828125 0.4622395833333333 0.4423828125 0.4973958333333333 0.43359375 0.5104166666666666 0.4326171875 0.515625 0.427734375 0.5182291666666666 0.4287109375 0.546875 0.4267578125 0.5559895833333334 0.4248046875 0.55859375 0.419921875 0.5572916666666666 0.41015625 0.5416666666666666 0.4072265625 0.5403645833333334 0.404296875 0.54296875 0.4013671875 0.6015625 0.396484375 0.62890625 0.3818359375 0.671875 0.369140625 0.6953125 0.361328125 0.7057291666666666 0.328125 0.7317708333333334 0.2958984375 0.7421875 0.2646484375 0.7408854166666666 0.240234375 0.7330729166666666 0.2265625 0.7252604166666666 0.208984375 0.703125 0.1953125 0.6471354166666666 0.1806640625 0.625 0.162109375 0.6028645833333334 0.158203125 0.5846354166666666 0.1591796875 0.546875 0.1640625 0.5091145833333334 0.1728515625 0.47265625 0.1845703125 0.4440104166666667 0.1953125 0.4283854166666667 0.2158203125 0.40625 0.228515625 0.3971354166666667 0.240234375 0.3932291666666667 0.2568359375 0.39453125 0.275390625 0.38671875 0.2900390625 0.3841145833333333 0.302734375 0.3880208333333333 0.3134765625 0.38671875 0.3251953125 0.3893229166666667 0.330078125 0.3932291666666667 0.333984375 0.4010416666666667 0.3369140625 0.4010416666666667 0.3388671875 0.3958333333333333 0.3427734375 0.3932291666666667 0.3642578125 0.41015625 0.3671875 0.4075520833333333 0.3681640625 0.3971354166666667 0.3623046875 0.3854166666666667 0.3623046875 0.3763020833333333 0.365234375 0.3697916666666667 0.369140625 0.3658854166666667 0.3955078125 0.3684895833333333
0 0.8251953125 0.4153645833333333 0.841796875 0.4192708333333333 0.8662109375 0.43359375 0.873046875 0.4479166666666667 0.8994140625 0.4817708333333333 0.91796875 0.5143229166666666 0.9208984375 0.52734375 0.9287109375 0.5455729166666666 0.935546875 0.5768229166666666 0.935546875 0.59765625 0.9326171875 0.6171875 0.92578125 0.6419270833333334 0.9248046875 0.66015625 0.919921875 0.6809895833333334 0.8876953125 0.7682291666666666 0.8857421875 0.7786458333333334 0.8642578125 0.8111979166666666 0.85546875 0.8203125 0.8349609375 0.8333333333333334 0.814453125 0.83984375 0.7705078125 0.8372395833333334 0.7275390625 0.81640625 0.7158203125 0.8072916666666666 0.7041015625 0.7916666666666666 0.6796875 0.74609375 0.662109375 0.6809895833333334 0.662109375 0.6627604166666666 0.6669921875 0.6197916666666666 0.6669921875 0.58984375 0.6728515625 0.578125 0.6787109375 0.5533854166666666 0.693359375 0.53125 0.697265625 0.515625 0.7119140625 0.48828125 0.7373046875 0.453125 0.779296875 0.4244791666666667 0.82421875 0.4153645833333333
0 0.3203125 0.7591145833333334 0.341796875 0.7643229166666666 0.36328125 0.78125 0.3779296875 0.7994791666666666 0.3837890625 0.8138020833333334 0.3935546875 0.8268229166666666 0.3984375 0.83984375 0.4052734375 0.8489583333333334 0.40234375 0.8932291666666666 0.400390625 0.8997395833333334 0.4013671875 0.9283854166666666 0.3984375 0.94921875 0.3818359375 0.9908854166666666 0.37890625 0.9947916666666666 0.369140625 0.99609375 0.3671875 0.9986979166666666 0.28125 0.9986979166666666 0.279296875 0.99609375 0.2744140625 0.9986979166666666 0.2392578125 0.9986979166666666 0.23046875 0.9947916666666666 0.216796875 0.9752604166666666 0.2001953125 0.9700520833333334 0.197265625 0.9635416666666666 0.1953125 0.9466145833333334 0.1923828125 0.94140625 0.1923828125 0.9348958333333334 0.1982421875 0.9270833333333334 0.2021484375 0.9244791666666666 0.212890625 0.9270833333333334 0.21484375 0.9244791666666666 0.2158203125 0.8671875 0.22265625 0.8346354166666666 0.2333984375 0.8125 0.2412109375 0.8020833333333334 0.287109375 0.76171875 0.3193359375 0.7591145833333334
0 0.080078125 0.5455729166666666 0.1044921875 0.55859375 0.1279296875 0.5807291666666666 0.1494140625 0.609375 0.16015625 0.6302083333333334 0.1650390625 0.6315104166666666 0.1748046875 0.6276041666666666 0.1826171875 0.63671875 0.1943359375 0.6640625 0.2001953125 0.6848958333333334 0.205078125 0.7213541666666666 0.205078125 0.73828125 0.201171875 0.7604166666666666 0.189453125 0.7955729166666666 0.181640625 0.8359375 0.1572265625 0.8880208333333334 0.13671875 0.9231770833333334 0.1220703125 0.9388020833333334 0.0927734375 0.9596354166666666 0.0634765625 0.9739583333333334 0.0263671875 0.9869791666666666 0.0048828125 0.9856770833333334 0 0.9817708333333334 0 0.6419270833333334 0.001953125 0.640625 0.001953125 0.6354166666666666 0 0.6341145833333334 0 0.5572916666666666 0.06640625 0.54296875 0.0791015625 0.5455729166666666
0 0.318359375 0.020833333333333332 0.3740234375 0.04296875 0.3896484375 0.0546875 0.4033203125 0.07291666666666667 0.419921875 0.08854166666666667 0.4248046875 0.08854166666666667 0.427734375 0.07942708333333333 0.43359375 0.08072916666666667 0.4423828125 0.10546875 0.453125 0.11588541666666667 0.4619140625 0.14453125 0.462890625 0.15364583333333334 0.4580078125 0.171875 0.4619140625 0.19921875 0.4521484375 0.20442708333333334 0.455078125 0.23958333333333334 0.44140625 0.2903645833333333 0.435546875 0.2994791666666667 0.4306640625 0.3138020833333333 0.4072265625 0.33984375 0.390625 0.3528645833333333 0.3583984375 0.3658854166666667 0.2939453125 0.3684895833333333 0.2822265625 0.37109375 0.2763671875 0.3802083333333333 0.2646484375 0.3841145833333333 0.2509765625 0.3841145833333333 0.240234375 0.3736979166666667 0.232421875 0.3424479166666667 0.2060546875 0.2825520833333333 0.1923828125 0.2421875 0.18359375 0.20442708333333334 0.1845703125 0.1640625 0.181640625 0.1484375 0.181640625 0.12890625 0.1943359375 0.09114583333333333 0.2138671875 0.059895833333333336 0.2294921875 0.04296875 0.2548828125 0.026041666666666668 0.2685546875 0.020833333333333332 0.279296875 0.018229166666666668 0.3056640625 0.018229166666666668 0.3173828125 0.020833333333333332
0 0.52734375 0.50390625 0.54296875 0.5078125 0.5732421875 0.5260416666666666 0.5966796875 0.5494791666666666 0.6181640625 0.58203125 0.6279296875 0.6067708333333334 0.63671875 0.64453125 0.6376953125 0.671875 0.634765625 0.69921875 0.630859375 0.71484375 0.619140625 0.7434895833333334 0.60546875 0.7643229166666666 0.5947265625 0.7747395833333334 0.58203125 0.7838541666666666 0.5673828125 0.7903645833333334 0.55859375 0.7994791666666666 0.5458984375 0.8033854166666666 0.5322265625 0.8138020833333334 0.5185546875 0.8151041666666666 0.4931640625 0.8098958333333334 0.4892578125 0.81640625 0.4873046875 0.8294270833333334 0.4736328125 0.828125 0.4697265625 0.83203125 0.46875 0.82421875 0.4658203125 0.8203125 0.458984375 0.8203125 0.4453125 0.8138020833333334 0.443359375 0.8033854166666666 0.4326171875 0.7955729166666666 0.4326171875 0.79296875 0.4423828125 0.7903645833333334 0.4453125 0.78515625 0.4462890625 0.76953125 0.4443359375 0.75390625 0.4423828125 0.75 0.435546875 0.7513020833333334 0.4228515625 0.7473958333333334 0.427734375 0.7369791666666666 0.423828125 0.7330729166666666 0.4228515625 0.7278645833333334 0.4052734375 0.6953125 0.3984375 0.671875 0.3974609375 0.6432291666666666 0.404296875 0.609375 0.40625 0.5885416666666666 0.408203125 0.5807291666666666 0.4130859375 0.578125 0.421875 0.5794270833333334 0.42578125 0.5755208333333334 0.4345703125 0.5338541666666666 0.4462890625 0.5221354166666666 0.462890625 0.51171875 0.4873046875 0.5026041666666666 0.5263671875 0.50390625
0 0.66796875 0.7265625 0.6826171875 0.7630208333333334 0.697265625 0.78515625 0.70703125 0.8046875 0.7333984375 0.8268229166666666 0.7392578125 0.8346354166666666 0.7431640625 0.8502604166666666 0.759765625 0.88671875 0.76171875 0.8997395833333334 0.7607421875 0.9231770833333334 0.7568359375 0.9296875 0.7509765625 0.94921875 0.7421875 0.9596354166666666 0.73046875 0.9921875 0.724609375 0.9986979166666666 0.6708984375 0.9986979166666666 0.669921875 0.99609375 0.6669921875 0.9453125 0.6640625 0.9270833333333334 0.650390625 0.8997395833333334 0.62890625 0.8151041666666666 0.62890625 0.8046875 0.630859375 0.7994791666666666 0.646484375 0.7786458333333334 0.654296875 0.7643229166666666 0.666015625 0.7552083333333334 0.662109375 0.73828125 0.6640625 0.73046875 0.6669921875 0.7278645833333334
0 0.6025390625 0.23958333333333334 0.6337890625 0.24739583333333334 0.66015625 0.2604166666666667 0.681640625 0.2890625 0.7021484375 0.3229166666666667 0.70703125 0.3372395833333333 0.7060546875 0.34765625 0.708984375 0.3658854166666667 0.70703125 0.3723958333333333 0.7060546875 0.3997395833333333 0.7001953125 0.4296875 0.69140625 0.4544270833333333 0.6796875 0.4765625 0.66796875 0.4947916666666667 0.6474609375 0.5130208333333334 0.6259765625 0.5234375 0.611328125 0.52734375 0.58984375 0.5260416666666666 0.564453125 0.515625 0.521484375 0.4869791666666667 0.5078125 0.484375 0.4853515625 0.4739583333333333 0.478515625 0.4661458333333333 0.4736328125 0.4557291666666667 0.4736328125 0.4453125 0.4794921875 0.4348958333333333 0.4765625 0.4205729166666667 0.48828125 0.40625 0.494140625 0.390625 0.494140625 0.3854166666666667 0.4873046875 0.3671875 0.4873046875 0.3606770833333333 0.498046875 0.3567708333333333 0.4990234375 0.3450520833333333 0.5068359375 0.31640625 0.51953125 0.2890625 0.53515625 0.2682291666666667 0.5595703125 0.25 0.5888671875 0.24088541666666666 0.6015625 0.23958333333333334
0 0.416015625 0 0.607421875 0 0.609375 0.0026041666666666665 0.61328125 0.0026041666666666665 0.6142578125 0 0.728515625 0 0.728515625 0.0078125 0.7236328125 0.024739583333333332 0.7138671875 0.07942708333333333 0.693359375 0.13411458333333334 0.66796875 0.17447916666666666 0.6455078125 0.20052083333333334 0.6201171875 0.22135416666666666 0.5947265625 0.234375 0.568359375 0.24088541666666666 0.533203125 0.24088541666666666 0.51171875 0.234375 0.494140625 0.22395833333333334 0.4697265625 0.20052083333333334 0.462890625 0.1796875 0.466796875 0.14713541666666666 0.4560546875 0.109375 0.4453125 0.09895833333333333 0.4384765625 0.07552083333333333 0.4345703125 0.07161458333333333 0.4248046875 0.07552083333333333 0.41796875 0.061197916666666664 0.4140625 0.026041666666666668 0.4140625 0.005208333333333333 0.416015625 0.0013020833333333333