0 0.5400390625 0.25 0.55078125 0.25390625 0.564453125 0.2643229166666667 0.5791015625 0.2877604166666667 0.5830078125 0.3046875 0.5810546875 0.3450520833333333 0.578125 0.35546875 0.568359375 0.3606770833333333 0.5654296875 0.3697916666666667 0.5517578125 0.3919270833333333 0.54296875 0.4127604166666667 0.5205078125 0.42578125 0.494140625 0.421875 0.4873046875 0.4166666666666667 0.4736328125 0.39453125 0.466796875 0.3658854166666667 0.466796875 0.3033854166666667 0.4697265625 0.2903645833333333 0.4765625 0.2825520833333333 0.4833984375 0.2786458333333333 0.4931640625 0.27734375 0.5146484375 0.2578125 0.5283203125 0.2513020833333333 0.5390625 0.25
0 0.400390625 0.17447916666666666 0.4072265625 0.17708333333333334 0.421875 0.18880208333333334 0.4326171875 0.20182291666666666 0.4375 0.21223958333333334 0.443359375 0.23177083333333334 0.447265625 0.2604166666666667 0.4443359375 0.2838541666666667 0.4326171875 0.3111979166666667 0.42578125 0.3203125 0.3974609375 0.3190104166666667 0.3837890625 0.3216145833333333 0.3701171875 0.328125 0.3642578125 0.328125 0.3515625 0.3203125 0.333984375 0.2955729166666667 0.3271484375 0.2747395833333333 0.3271484375 0.24479166666666666 0.3447265625 0.20052083333333334 0.3544921875 0.1875 0.37890625 0.17447916666666666 0.3994140625 0.17447916666666666
0 0.6533203125 0.5611979166666666 0.6611328125 0.5651041666666666 0.6708984375 0.578125 0.6845703125 0.5859375 0.703125 0.6223958333333334 0.712890625 0.65625 0.7158203125 0.6783854166666666 0.7158203125 0.6979166666666666 0.70703125 0.7278645833333334 0.6875 0.7578125 0.6533203125 0.7864583333333334 0.6298828125 0.7955729166666666 0.5888671875 0.79296875 0.572265625 0.7838541666666666 0.5615234375 0.79296875 0.5537109375 0.7942708333333334 0.55078125 0.7747395833333334 0.552734375 0.75390625 0.5341796875 0.703125 0.533203125 0.6901041666666666 0.537109375 0.6783854166666666 0.5361328125 0.66796875 0.54296875 0.62890625 0.5556640625 0.6015625 0.57421875 0.5846354166666666 0.591796875 0.5729166666666666 0.6259765625 0.5611979166666666 0.65234375 0.5611979166666666
0 0.490234375 0.4895833333333333 0.5009765625 0.4947916666666667 0.51953125 0.5091145833333334 0.5341796875 0.52734375 0.541015625 0.5442708333333334 0.54296875 0.5572916666666666 0.54296875 0.5885416666666666 0.541015625 0.5950520833333334 0.5478515625 0.60546875 0.5439453125 0.62109375 0.529296875 0.6536458333333334 0.5224609375 0.6901041666666666 0.509765625 0.6796875 0.46875 0.6848958333333334 0.453125 0.6783854166666666 0.4248046875 0.65234375 0.4111328125 0.6197916666666666 0.4111328125 0.609375 0.4072265625 0.58984375 0.4072265625 0.5755208333333334 0.4140625 0.5416666666666666 0.4228515625 0.515625 0.4560546875 0.4895833333333333 0.4892578125 0.4895833333333333
0 0.4912109375 0.73046875 0.5068359375 0.7369791666666666 0.5224609375 0.75 0.5322265625 0.7669270833333334 0.5380859375 0.7877604166666666 0.544921875 0.7955729166666666 0.5478515625 0.8033854166666666 0.5419921875 0.8216145833333334 0.541015625 0.8463541666666666 0.5361328125 0.8671875 0.525390625 0.88671875 0.5146484375 0.9010416666666666 0.5 0.91015625 0.4892578125 0.91015625 0.4794921875 0.90625 0.4609375 0.9088541666666666 0.4541015625 0.9049479166666666 0.4521484375 0.90234375 0.453125 0.8893229166666666 0.44140625 0.8723958333333334 0.427734375 0.8385416666666666 0.4248046875 0.8111979166666666 0.4248046875 0.8059895833333334 0.4306640625 0.7916666666666666 0.4326171875 0.7734375 0.44140625 0.7578125 0.4501953125 0.7486979166666666 0.4736328125 0.7330729166666666 0.490234375 0.73046875
0 0.654296875 0.328125 0.658203125 0.3359375 0.6650390625 0.33984375 0.6748046875 0.3515625 0.6943359375 0.3671875 0.705078125 0.3645833333333333 0.7080078125 0.3671875 0.7216796875 0.4036458333333333 0.7236328125 0.4153645833333333 0.7236328125 0.4583333333333333 0.71875 0.48046875 0.703125 0.5169270833333334 0.6796875 0.5455729166666666 0.6640625 0.5559895833333334 0.646484375 0.5533854166666666 0.6259765625 0.5572916666666666 0.6025390625 0.5572916666666666 0.5859375 0.5533854166666666 0.568359375 0.5364583333333334 0.55859375 0.5234375 0.5517578125 0.5104166666666666 0.541015625 0.4765625 0.54296875 0.42578125 0.5458984375 0.4127604166666667 0.552734375 0.3971354166666667 0.5732421875 0.36328125 0.59375 0.3515625 0.599609375 0.34375 0.6083984375 0.3372395833333333 0.6298828125 0.33984375 0.6533203125 0.328125
0 0.3359375 0.4700520833333333 0.361328125 0.49609375 0.3740234375 0.5130208333333334 0.3837890625 0.5442708333333334 0.388671875 0.5807291666666666 0.3974609375 0.5872395833333334 0.40234375 0.5950520833333334 0.40234375 0.5989583333333334 0.3984375 0.6119791666666666 0.39453125 0.6171875 0.3740234375 0.6263020833333334 0.353515625 0.6432291666666666 0.33203125 0.6484375 0.3173828125 0.65625 0.3037109375 0.65625 0.2861328125 0.65234375 0.275390625 0.6458333333333334 0.263671875 0.6328125 0.2568359375 0.6171875 0.2548828125 0.6041666666666666 0.248046875 0.5872395833333334 0.244140625 0.5703125 0.232421875 0.5455729166666666 0.23046875 0.5247395833333334 0.2392578125 0.5052083333333334 0.255859375 0.4908854166666667 0.275390625 0.4947916666666667 0.3076171875 0.47265625 0.3349609375 0.4700520833333333
0 0.6826171875 0.08463541666666667 0.7080078125 0.09375 0.71875 0.10546875 0.73828125 0.12109375 0.7529296875 0.15104166666666666 0.7548828125 0.1640625 0.75390625 0.19010416666666666 0.7451171875 0.23046875 0.732421875 0.2552083333333333 0.724609375 0.26171875 0.7138671875 0.2760416666666667 0.6904296875 0.29296875 0.6591796875 0.3020833333333333 0.6416015625 0.3020833333333333 0.6162109375 0.2942708333333333 0.59765625 0.28515625 0.5810546875 0.2669270833333333 0.5703125 0.2513020833333333 0.5654296875 0.23567708333333334 0.5615234375 0.20442708333333334 0.5615234375 0.18489583333333334 0.5673828125 0.16536458333333334 0.5830078125 0.13932291666666666 0.6123046875 0.10677083333333333 0.6279296875 0.09505208333333333 0.6513671875 0.08463541666666667 0.681640625 0.08463541666666667
0 0.7841796875 0.049479166666666664 0.7880859375 0.061197916666666664 0.7939453125 0.06640625 0.8046875 0.06640625 0.81640625 0.057291666666666664 0.8203125 0.057291666666666664 0.828125 0.06901041666666667 0.833984375 0.055989583333333336 0.8388671875 0.055989583333333336 0.841796875 0.06510416666666667 0.84375 0.09114583333333333 0.8408203125 0.10286458333333333 0.8408203125 0.12239583333333333 0.837890625 0.13411458333333334 0.833984375 0.14453125 0.8251953125 0.15494791666666666 0.822265625 0.16796875 0.7958984375 0.18880208333333334 0.775390625 0.19921875 0.7578125 0.19791666666666666 0.755859375 0.1953125 0.7568359375 0.15885416666666666 0.734375 0.109375 0.7421875 0.09114583333333333 0.7470703125 0.08463541666666667 0.7802734375 0.049479166666666664 0.783203125 0.049479166666666664
0 0.4697265625 0.0859375 0.4765625 0.0859375 0.484375 0.07942708333333333 0.4853515625 0.0859375 0.494140625 0.10416666666666667 0.5302734375 0.10416666666666667 0.541015625 0.11067708333333333 0.5537109375 0.12890625 0.560546875 0.15885416666666666 0.556640625 0.20572916666666666 0.5537109375 0.21614583333333334 0.5439453125 0.22916666666666666 0.5400390625 0.24088541666666666 0.517578125 0.2513020833333333 0.501953125 0.26171875 0.4892578125 0.26171875 0.462890625 0.25390625 0.4453125 0.22786458333333334 0.4384765625 0.20703125 0.439453125 0.17708333333333334 0.4443359375 0.1640625 0.458984375 0.140625 0.453125 0.1328125 0.4619140625 0.12109375 0.4638671875 0.09765625 0.4658203125 0.08854166666666667 0.46875 0.08723958333333333
0 0.41796875 0.32421875 0.4296875 0.3307291666666667 0.4482421875 0.3463541666666667 0.4638671875 0.3723958333333333 0.4697265625 0.3880208333333333 0.4736328125 0.4075520833333333 0.4736328125 0.4296875 0.470703125 0.4557291666666667 0.4609375 0.4765625 0.44921875 0.4908854166666667 0.416015625 0.5130208333333334 0.3876953125 0.51171875 0.3837890625 0.5182291666666666 0.3759765625 0.5091145833333334 0.369140625 0.4947916666666667 0.3486328125 0.4778645833333333 0.345703125 0.4700520833333333 0.3349609375 0.4609375 0.3310546875 0.4544270833333333 0.3291015625 0.3958333333333333 0.3427734375 0.3763020833333333 0.345703125 0.359375 0.365234375 0.3346354166666667 0.38671875 0.32421875 0.4169921875 0.32421875
0 0.3505859375 0.6536458333333334 0.3759765625 0.66796875 0.3876953125 0.6809895833333334 0.3994140625 0.7096354166666666 0.400390625 0.7421875 0.3974609375 0.75 0.3974609375 0.7630208333333334 0.3935546875 0.7799479166666666 0.384765625 0.8020833333333334 0.365234375 0.82421875 0.3408203125 0.8359375 0.3212890625 0.8359375 0.30859375 0.83203125 0.296875 0.82421875 0.28515625 0.8098958333333334 0.2724609375 0.7825520833333334 0.2705078125 0.7669270833333334 0.271484375 0.7421875 0.2734375 0.7265625 0.2802734375 0.70703125 0.296875 0.6770833333333334 0.314453125 0.6627604166666666 0.3330078125 0.6588541666666666 0.3408203125 0.6536458333333334 0.349609375 0.6536458333333334