0 0.2412109375 0.3359375 0.271484375 0.3424479166666667 0.287109375 0.3515625 0.3037109375 0.375 0.30859375 0.38671875 0.30859375 0.3932291666666667 0.2822265625 0.4036458333333333 0.26953125 0.4114583333333333 0.25390625 0.42578125 0.2421875 0.44140625 0.2275390625 0.46875 0.2216796875 0.484375 0.2197265625 0.4973958333333333 0.2158203125 0.5052083333333334 0.19921875 0.4921875 0.1787109375 0.46484375 0.1708984375 0.4322916666666667 0.1708984375 0.3984375 0.1767578125 0.3763020833333333 0.1953125 0.34765625 0.21484375 0.3346354166666667 0.240234375 0.3359375
0 0.7783203125 0.3515625 0.7890625 0.3580729166666667 0.7998046875 0.3606770833333333 0.8056640625 0.3645833333333333 0.8095703125 0.3723958333333333 0.8115234375 0.3971354166666667 0.8212890625 0.4140625 0.8212890625 0.4192708333333333 0.8173828125 0.4244791666666667 0.8271484375 0.4453125 0.83203125 0.4713541666666667 0.8310546875 0.4986979166666667 0.82421875 0.5208333333333334 0.7978515625 0.5520833333333334 0.7900390625 0.5572916666666666 0.7724609375 0.5611979166666666 0.7216796875 0.5611979166666666 0.7080078125 0.5716145833333334 0.69921875 0.57421875 0.693359375 0.5703125 0.6884765625 0.5651041666666666 0.6845703125 0.5533854166666666 0.6865234375 0.5494791666666666 0.693359375 0.546875 0.6953125 0.5416666666666666 0.6904296875 0.5208333333333334 0.673828125 0.4765625 0.6708984375 0.45703125 0.6708984375 0.43359375 0.673828125 0.4166666666666667 0.6826171875 0.3971354166666667 0.6953125 0.3802083333333333 0.708984375 0.37109375 0.724609375 0.3671875 0.7314453125 0.3619791666666667 0.7412109375 0.3606770833333333 0.7470703125 0.35546875 0.7548828125 0.35546875 0.7685546875 0.3619791666666667 0.7763671875 0.3567708333333333 0.7783203125 0.3528645833333333
0 0.6533203125 0.5455729166666666 0.6787109375 0.5598958333333334 0.693359375 0.578125 0.7001953125 0.5950520833333334 0.7021484375 0.6328125 0.69921875 0.65625 0.69140625 0.6861979166666666 0.69140625 0.7057291666666666 0.6884765625 0.7239583333333334 0.66796875 0.7421875 0.638671875 0.7447916666666666 0.619140625 0.7434895833333334 0.6064453125 0.7395833333333334 0.5888671875 0.7265625 0.5791015625 0.7135416666666666 0.5673828125 0.6875 0.5615234375 0.6614583333333334 0.560546875 0.6276041666666666 0.5673828125 0.6041666666666666 0.5771484375 0.5846354166666666 0.595703125 0.5598958333333334 0.6083984375 0.5494791666666666 0.6162109375 0.546875 0.62890625 0.5442708333333334 0.65234375 0.5455729166666666
0 0.6435546875 0.022135416666666668 0.64453125 0.03515625 0.6474609375 0.0390625 0.65625 0.045572916666666664 0.6650390625 0.045572916666666664 0.6767578125 0.05078125 0.681640625 0.06510416666666667 0.69140625 0.059895833333333336 0.6943359375 0.0625 0.693359375 0.09114583333333333 0.685546875 0.10546875 0.6845703125 0.11848958333333333 0.681640625 0.12630208333333334 0.6572265625 0.1640625 0.6298828125 0.18489583333333334 0.6220703125 0.18489583333333334 0.609375 0.19010416666666666 0.6044921875 0.18880208333333334 0.603515625 0.18489583333333334 0.6064453125 0.15494791666666666 0.6044921875 0.1328125 0.5888671875 0.09505208333333333 0.591796875 0.06380208333333333 0.5947265625 0.052083333333333336 0.609375 0.036458333333333336 0.626953125 0.026041666666666668 0.642578125 0.022135416666666668
0 0.2900390625 0.6809895833333334 0.3134765625 0.6875 0.3232421875 0.6927083333333334 0.3427734375 0.6927083333333334 0.349609375 0.6966145833333334 0.3642578125 0.7122395833333334 0.373046875 0.7109375 0.376953125 0.71875 0.3759765625 0.7252604166666666 0.365234375 0.7395833333333334 0.3583984375 0.7630208333333334 0.353515625 0.7877604166666666 0.3466796875 0.80859375 0.341796875 0.8502604166666666 0.341796875 0.8567708333333334 0.34375 0.859375 0.35546875 0.8619791666666666 0.357421875 0.859375 0.357421875 0.8515625 0.3623046875 0.84765625 0.3671875 0.85546875 0.365234375 0.8723958333333334 0.3564453125 0.8815104166666666 0.35546875 0.8919270833333334 0.3525390625 0.8984375 0.33203125 0.92578125 0.3134765625 0.9375 0.3037109375 0.9401041666666666 0.279296875 0.9401041666666666 0.2626953125 0.9361979166666666 0.2451171875 0.9361979166666666 0.2373046875 0.9401041666666666 0.2275390625 0.9192708333333334 0.220703125 0.91015625 0.2158203125 0.9075520833333334 0.212890625 0.8919270833333334 0.205078125 0.8828125 0.1982421875 0.8528645833333334 0.2001953125 0.8020833333333334 0.1962890625 0.7981770833333334 0.1923828125 0.8020833333333334 0.19140625 0.80078125 0.19140625 0.7838541666666666 0.2021484375 0.7734375 0.20703125 0.7513020833333334 0.2060546875 0.7434895833333334 0.1982421875 0.7356770833333334 0.1982421875 0.73046875 0.2041015625 0.72265625 0.212890625 0.7161458333333334 0.2197265625 0.7239583333333334 0.2392578125 0.7018229166666666 0.2548828125 0.6901041666666666 0.2705078125 0.68359375 0.2890625 0.6809895833333334
0 0.53125 0.06640625 0.556640625 0.0703125 0.5869140625 0.09895833333333333 0.6025390625 0.13671875 0.6025390625 0.17838541666666666 0.5947265625 0.21484375 0.57421875 0.23828125 0.564453125 0.2578125 0.53515625 0.2760416666666667 0.5126953125 0.2838541666666667 0.4833984375 0.2838541666666667 0.45703125 0.2734375 0.4462890625 0.2721354166666667 0.435546875 0.265625 0.41796875 0.234375 0.4140625 0.22265625 0.4111328125 0.19791666666666666 0.4111328125 0.17057291666666666 0.4150390625 0.15364583333333334 0.4228515625 0.140625 0.435546875 0.12369791666666667 0.4599609375 0.10026041666666667 0.4853515625 0.08072916666666667 0.5009765625 0.07291666666666667 0.517578125 0.06640625 0.5302734375 0.06640625
0 0.3310546875 0.3984375 0.3544921875 0.40625 0.376953125 0.4205729166666667 0.39453125 0.44140625 0.4111328125 0.4713541666666667 0.41796875 0.4934895833333333 0.4228515625 0.51953125 0.4228515625 0.5442708333333334 0.4248046875 0.5546875 0.4248046875 0.5794270833333334 0.421875 0.5963541666666666 0.4169921875 0.6145833333333334 0.3994140625 0.6575520833333334 0.3935546875 0.6653645833333334 0.373046875 0.6796875 0.3662109375 0.6822916666666666 0.3388671875 0.68359375 0.3193359375 0.68359375 0.2958984375 0.6770833333333334 0.2783203125 0.6627604166666666 0.26171875 0.6549479166666666 0.2587890625 0.6484375 0.2587890625 0.640625 0.255859375 0.6354166666666666 0.244140625 0.6223958333333334 0.23046875 0.6184895833333334 0.2275390625 0.6145833333333334 0.228515625 0.6028645833333334 0.2236328125 0.5911458333333334 0.2236328125 0.5833333333333334 0.2265625 0.5768229166666666 0.228515625 0.5455729166666666 0.2255859375 0.52734375 0.21875 0.5208333333333334 0.2236328125 0.48828125 0.23046875 0.46875 0.2470703125 0.4388020833333333 0.2578125 0.42578125 0.271484375 0.4140625 0.2900390625 0.4036458333333333 0.310546875 0.3971354166666667 0.330078125 0.3984375
0 0.640625 0.2565104166666667 0.658203125 0.2630208333333333 0.6767578125 0.2747395833333333 0.6962890625 0.3125 0.6982421875 0.34375 0.6953125 0.36328125 0.689453125 0.3815104166666667 0.671875 0.4114583333333333 0.6572265625 0.4270833333333333 0.640625 0.43359375 0.626953125 0.4427083333333333 0.6171875 0.4440104166666667 0.6025390625 0.4427083333333333 0.5927734375 0.4388020833333333 0.578125 0.44140625 0.568359375 0.4375 0.5537109375 0.4388020833333333 0.5498046875 0.43359375 0.548828125 0.4114583333333333 0.5517578125 0.3828125 0.5458984375 0.35546875 0.5458984375 0.3333333333333333 0.548828125 0.31640625 0.55859375 0.2942708333333333 0.568359375 0.2825520833333333 0.587890625 0.2669270833333333 0.591796875 0.2591145833333333 0.6396484375 0.2565104166666667
0 0.3583984375 0.16927083333333334 0.3798828125 0.18359375 0.4052734375 0.21744791666666666 0.4169921875 0.2421875 0.4248046875 0.2760416666666667 0.4248046875 0.2838541666666667 0.421875 0.2890625 0.4033203125 0.3033854166666667 0.3896484375 0.3216145833333333 0.376953125 0.3567708333333333 0.373046875 0.3606770833333333 0.36328125 0.36328125 0.330078125 0.3619791666666667 0.3154296875 0.3515625 0.2998046875 0.3294270833333333 0.2939453125 0.3125 0.2900390625 0.3072916666666667 0.28515625 0.3072916666666667 0.2783203125 0.30078125 0.2734375 0.2890625 0.265625 0.28125 0.2578125 0.2682291666666667 0.2587890625 0.24869791666666666 0.263671875 0.23958333333333334 0.26953125 0.23177083333333334 0.2783203125 0.22526041666666666 0.2861328125 0.2109375 0.298828125 0.20182291666666666 0.314453125 0.18229166666666666 0.330078125 0.17057291666666666 0.337890625 0.16796875 0.357421875 0.16927083333333334
0 0.517578125 0.4401041666666667 0.54296875 0.4440104166666667 0.55078125 0.4479166666666667 0.5654296875 0.4596354166666667 0.5771484375 0.4752604166666667 0.591796875 0.4895833333333333 0.59375 0.5247395833333334 0.59375 0.5455729166666666 0.591796875 0.5546875 0.5859375 0.5677083333333334 0.5673828125 0.5950520833333334 0.5595703125 0.60546875 0.5546875 0.6080729166666666 0.5146484375 0.6080729166666666 0.4970703125 0.6002604166666666 0.486328125 0.5911458333333334 0.4755859375 0.5768229166666666 0.4697265625 0.5598958333333334 0.4677734375 0.5377604166666666 0.46875 0.4973958333333333 0.466796875 0.484375 0.4736328125 0.4817708333333333 0.4833984375 0.4596354166666667 0.494140625 0.4479166666666667 0.5 0.4440104166666667 0.5166015625 0.4401041666666667
0 0.455078125 0.2890625 0.466796875 0.2916666666666667 0.4794921875 0.2994791666666667 0.5029296875 0.3255208333333333 0.5146484375 0.3606770833333333 0.515625 0.38671875 0.51171875 0.4192708333333333 0.5068359375 0.4348958333333333 0.484375 0.4479166666666667 0.466796875 0.4700520833333333 0.4541015625 0.4791666666666667 0.4453125 0.4817708333333333 0.4306640625 0.4778645833333333 0.4130859375 0.4635416666666667 0.3857421875 0.4231770833333333 0.37890625 0.3971354166666667 0.3779296875 0.3684895833333333 0.3857421875 0.3385416666666667 0.3916015625 0.32421875 0.4033203125 0.30859375 0.431640625 0.2903645833333333 0.4541015625 0.2890625
0 0.498046875 0.6536458333333334 0.515625 0.6627604166666666 0.5400390625 0.6888020833333334 0.55078125 0.7122395833333334 0.5625 0.7291666666666666 0.5751953125 0.7669270833333334 0.5791015625 0.7864583333333334 0.5791015625 0.85546875 0.5732421875 0.8828125 0.5751953125 0.8997395833333334 0.564453125 0.9036458333333334 0.5595703125 0.9088541666666666 0.5595703125 0.953125 0.556640625 0.95703125 0.541015625 0.96484375 0.5361328125 0.96484375 0.5263671875 0.9505208333333334 0.5205078125 0.9505208333333334 0.51171875 0.9557291666666666 0.5 0.9583333333333334 0.4833984375 0.9596354166666666 0.4619140625 0.953125 0.431640625 0.9505208333333334 0.41796875 0.9401041666666666 0.3955078125 0.91015625 0.3818359375 0.8763020833333334 0.3759765625 0.8333333333333334 0.3701171875 0.8268229166666666 0.3701171875 0.8151041666666666 0.373046875 0.8059895833333334 0.37109375 0.7994791666666666 0.373046875 0.7955729166666666 0.369140625 0.79296875 0.369140625 0.7864583333333334 0.36328125 0.7786458333333334 0.3603515625 0.7786458333333334 0.361328125 0.7682291666666666 0.3623046875 0.7643229166666666 0.3662109375 0.76171875 0.365234375 0.75390625 0.369140625 0.7434895833333334 0.3818359375 0.7278645833333334 0.390625 0.70703125 0.4150390625 0.6809895833333334 0.4287109375 0.6692708333333334 0.4482421875 0.6588541666666666 0.4697265625 0.65234375 0.4970703125 0.6536458333333334
0 0.6416015625 0.0234375 0.646484375 0.040364583333333336 0.6572265625 0.046875 0.6650390625 0.046875 0.6748046875 0.05078125 0.681640625 0.06770833333333333 0.6865234375 0.0625 0.693359375 0.06380208333333333 0.6923828125 0.09244791666666667 0.685546875 0.10416666666666667 0.681640625 0.125 0.671875 0.13802083333333334 0.6640625 0.15364583333333334 0.65234375 0.16796875 0.6435546875 0.171875 0.62890625 0.18359375 0.619140625 0.18489583333333334 0.6123046875 0.18880208333333334 0.6025390625 0.1875 0.599609375 0.19270833333333334 0.5947265625 0.21484375 0.5712890625 0.24348958333333334 0.56640625 0.2578125 0.5625 0.26171875 0.52734375 0.2799479166666667 0.501953125 0.28515625 0.4833984375 0.2838541666666667 0.458984375 0.2747395833333333 0.451171875 0.2747395833333333 0.4326171875 0.2630208333333333 0.41796875 0.234375 0.4130859375 0.21875 0.4111328125 0.17057291666666666 0.4150390625 0.15364583333333334 0.4365234375 0.12239583333333333 0.4580078125 0.1015625 0.484375 0.08072916666666667 0.5166015625 0.06640625 0.52734375 0.06510416666666667 0.5458984375 0.06901041666666667 0.548828125 0.06640625 0.5498046875 0.05859375 0.5546875 0.059895833333333336 0.5634765625 0.06770833333333333 0.564453125 0.07682291666666667 0.568359375 0.08203125 0.587890625 0.09895833333333333 0.58984375 0.09635416666666667 0.58984375 0.07942708333333333 0.5947265625 0.053385416666666664 0.60546875 0.040364583333333336 0.6162109375 0.032552083333333336 0.640625 0.0234375