0 0.8368055555555556 0.6106770833333334 0.8697916666666666 0.6119791666666666 0.8940972222222222 0.6171875 0.9340277777777778 0.6354166666666666 0.9444444444444444 0.6432291666666666 0.9670138888888888 0.671875 0.9722222222222222 0.6901041666666666 0.9739583333333334 0.7135416666666666 0.984375 0.72265625 0.9930555555555556 0.72265625 0.9947916666666666 0.7252604166666666 0.9930555555555556 0.73046875 0.9947916666666666 0.7591145833333334 0.9982638888888888 0.7604166666666666 0.9947916666666666 0.765625 0.9947916666666666 0.7721354166666666 0.9982638888888888 0.7799479166666666 0.9982638888888888 0.7942708333333334 0.9826388888888888 0.7955729166666666 0.9722222222222222 0.79296875 0.96875 0.7955729166666666 0.9670138888888888 0.8111979166666666 0.9635416666666666 0.8138020833333334 0.9357638888888888 0.8111979166666666 0.9166666666666666 0.8046875 0.90625 0.8138020833333334 0.8993055555555556 0.8255208333333334 0.8871527777777778 0.8346354166666666 0.8819444444444444 0.8346354166666666 0.8767361111111112 0.828125 0.8767361111111112 0.8177083333333334 0.8732638888888888 0.8072916666666666 0.8732638888888888 0.8020833333333334 0.8767361111111112 0.7994791666666666 0.875 0.7981770833333334 0.8680555555555556 0.796875 0.8315972222222222 0.7994791666666666 0.8038194444444444 0.7981770833333334 0.765625 0.7864583333333334 0.7413194444444444 0.7734375 0.7239583333333334 0.7591145833333334 0.7100694444444444 0.7408854166666666 0.7013888888888888 0.7213541666666666 0.6996527777777778 0.70703125 0.7013888888888888 0.6809895833333334 0.7118055555555556 0.6627604166666666 0.7326388888888888 0.6432291666666666 0.7465277777777778 0.6328125 0.7795138888888888 0.6184895833333334 0.8020833333333334 0.61328125 0.8350694444444444 0.6106770833333334
0 0.7934027777777778 0.2669270833333333 0.8125 0.2734375 0.8315972222222222 0.2864583333333333 0.8368055555555556 0.29296875 0.84375 0.3098958333333333 0.8420138888888888 0.3307291666666667 0.8315972222222222 0.34765625 0.8298611111111112 0.3658854166666667 0.8246527777777778 0.37890625 0.8211805555555556 0.3815104166666667 0.8177083333333334 0.3802083333333333 0.8072916666666666 0.3815104166666667 0.7986111111111112 0.3880208333333333 0.7795138888888888 0.3971354166666667 0.7604166666666666 0.3997395833333333 0.7170138888888888 0.3984375 0.6996527777777778 0.3919270833333333 0.6770833333333334 0.3736979166666667 0.6666666666666666 0.3619791666666667 0.6579861111111112 0.34375 0.6579861111111112 0.3255208333333333 0.6649305555555556 0.3020833333333333 0.6701388888888888 0.29296875 0.6996527777777778 0.2734375 0.734375 0.2643229166666667 0.7916666666666666 0.2669270833333333
0 0.9670138888888888 0.599609375 0.06597222222222222 0.15755208333333334
0 0.6736111111111112 0.7604166666666666 0.671875 0.7747395833333334 0.6545138888888888 0.8229166666666666 0.6354166666666666 0.8385416666666666 0.6041666666666666 0.8528645833333334 0.5746527777777778 0.8580729166666666 0.5555555555555556 0.8567708333333334 0.5434027777777778 0.8502604166666666 0.5121527777777778 0.8424479166666666 0.4965277777777778 0.8359375 0.4895833333333333 0.8307291666666666 0.4878472222222222 0.82421875 0.4895833333333333 0.8216145833333334 0.5069444444444444 0.8203125 0.5173611111111112 0.8229166666666666 0.5295138888888888 0.8229166666666666 0.5381944444444444 0.8203125 0.5711805555555556 0.8190104166666666 0.6163194444444444 0.8059895833333334 0.6354166666666666 0.7955729166666666 0.6493055555555556 0.78515625 0.671875 0.76171875
0 0.2621527777777778 0.4869791666666667 0.2864583333333333 0.4908854166666667 0.3090277777777778 0.5 0.3177083333333333 0.5013020833333334 0.3298611111111111 0.5078125 0.3559027777777778 0.515625 0.3663194444444444 0.5234375 0.3715277777777778 0.5325520833333334 0.3628472222222222 0.5390625 0.3628472222222222 0.546875 0.3663194444444444 0.5533854166666666 0.3663194444444444 0.5677083333333334 0.3628472222222222 0.5794270833333334 0.3645833333333333 0.5950520833333334 0.3524305555555556 0.6158854166666666 0.34375 0.6236979166666666 0.3229166666666667 0.6380208333333334 0.3020833333333333 0.6484375 0.2951388888888889 0.6510416666666666 0.22743055555555555 0.6510416666666666 0.22569444444444445 0.65234375 0.1996527777777778 0.65234375 0.1875 0.6484375 0.1527777777777778 0.6223958333333334 0.1545138888888889 0.6158854166666666 0.14756944444444445 0.60546875 0.1423611111111111 0.58984375 0.13368055555555555 0.578125 0.13194444444444445 0.5677083333333334 0.1388888888888889 0.55859375 0.1423611111111111 0.54296875 0.1527777777777778 0.5247395833333334 0.1579861111111111 0.5182291666666666 0.1736111111111111 0.5065104166666666 0.19618055555555555 0.49609375 0.21006944444444445 0.4921875 0.2170138888888889 0.4921875 0.2309027777777778 0.48828125 0.2604166666666667 0.4869791666666667
0 0.4097222222222222 0.37890625 0.4392361111111111 0.3880208333333333 0.4635416666666667 0.4036458333333333 0.4739583333333333 0.4153645833333333 0.4809027777777778 0.4296875 0.4809027777777778 0.4479166666666667 0.4739583333333333 0.4609375 0.4635416666666667 0.4934895833333333 0.4392361111111111 0.5104166666666666 0.4184027777777778 0.5169270833333334 0.3940972222222222 0.5208333333333334 0.3784722222222222 0.5208333333333334 0.3645833333333333 0.5169270833333334 0.3489583333333333 0.5091145833333334 0.3350694444444444 0.5065104166666666 0.3229166666666667 0.4973958333333333 0.3142361111111111 0.4856770833333333 0.3125 0.4752604166666667 0.2986111111111111 0.44921875 0.2934027777777778 0.4322916666666667 0.3038194444444444 0.41796875 0.328125 0.4010416666666667 0.3350694444444444 0.3932291666666667 0.3697916666666667 0.3815104166666667 0.3854166666666667 0.37890625 0.4079861111111111 0.37890625
0 0.8246527777777778 0.3971354166666667 0.8350694444444444 0.40234375 0.8524305555555556 0.40625 0.8611111111111112 0.4049479166666667 0.8663194444444444 0.40625 0.8680555555555556 0.4127604166666667 0.8715277777777778 0.4153645833333333 0.9166666666666666 0.4127604166666667 0.9409722222222222 0.4166666666666667 0.9565972222222222 0.4231770833333333 0.9756944444444444 0.4361979166666667 0.984375 0.4453125 0.9930555555555556 0.4596354166666667 0.9965277777777778 0.484375 0.9947916666666666 0.4973958333333333 0.9895833333333334 0.5078125 0.9704861111111112 0.5325520833333334 0.9427083333333334 0.5533854166666666 0.9322916666666666 0.5690104166666666 0.9236111111111112 0.5755208333333334 0.9166666666666666 0.5768229166666666 0.8663194444444444 0.56640625 0.8315972222222222 0.5638020833333334 0.8020833333333334 0.5572916666666666 0.7777777777777778 0.5455729166666666 0.7552083333333334 0.5260416666666666 0.75 0.5182291666666666 0.7465277777777778 0.5104166666666666 0.7465277777777778 0.4856770833333333 0.75 0.4739583333333333 0.765625 0.4505208333333333 0.765625 0.4401041666666667 0.7864583333333334 0.4244791666666667 0.78125 0.4192708333333333 0.78125 0.4140625 0.8038194444444444 0.3997395833333333 0.8107638888888888 0.3971354166666667 0.8229166666666666 0.3971354166666667
0 0.6510416666666666 0.37109375 0.6684027777777778 0.3736979166666667 0.6770833333333334 0.3841145833333333 0.6840277777777778 0.3880208333333333 0.6857638888888888 0.3932291666666667 0.7083333333333334 0.4049479166666667 0.7430555555555556 0.4388020833333333 0.7482638888888888 0.4505208333333333 0.7482638888888888 0.46875 0.7378472222222222 0.5065104166666666 0.7291666666666666 0.5182291666666666 0.7309027777777778 0.5221354166666666 0.7291666666666666 0.5364583333333334 0.7118055555555556 0.5533854166666666 0.6875 0.5677083333333334 0.6736111111111112 0.5729166666666666 0.6545138888888888 0.5716145833333334 0.5920138888888888 0.5729166666666666 0.5329861111111112 0.5611979166666666 0.5208333333333334 0.5559895833333334 0.484375 0.5260416666666666 0.4756944444444444 0.5143229166666666 0.4722222222222222 0.50390625 0.4722222222222222 0.48046875 0.4756944444444444 0.46875 0.4861111111111111 0.4453125 0.5069444444444444 0.4205729166666667 0.5364583333333334 0.4036458333333333 0.5572916666666666 0.3971354166666667 0.5763888888888888 0.3828125 0.5989583333333334 0.3815104166666667 0.6180555555555556 0.3776041666666667 0.6267361111111112 0.3684895833333333 0.6388888888888888 0.3684895833333333 0.6493055555555556 0.37109375
0 0.3020833333333333 0.22916666666666666 0.3194444444444444 0.23567708333333334 0.3298611111111111 0.23697916666666666 0.3402777777777778 0.2421875 0.3645833333333333 0.24739583333333334 0.375 0.2513020833333333 0.3784722222222222 0.2552083333333333 0.3767361111111111 0.2604166666666667 0.3680555555555556 0.2669270833333333 0.3611111111111111 0.3020833333333333 0.3628472222222222 0.3190104166666667 0.3715277777777778 0.3411458333333333 0.3506944444444444 0.3658854166666667 0.3315972222222222 0.3776041666666667 0.3194444444444444 0.3815104166666667 0.3003472222222222 0.3802083333333333 0.2864583333333333 0.3763020833333333 0.2604166666666667 0.3776041666666667 0.2517361111111111 0.3736979166666667 0.2378472222222222 0.375 0.21354166666666666 0.3736979166666667 0.1996527777777778 0.3658854166666667 0.1892361111111111 0.33984375 0.1857638888888889 0.2877604166666667 0.1909722222222222 0.265625 0.1996527777777778 0.25390625 0.21875 0.24088541666666666 0.2361111111111111 0.23307291666666666 0.2517361111111111 0.22916666666666666 0.2673611111111111 0.2265625 0.3003472222222222 0.22916666666666666
0 0.5381944444444444 0.5677083333333334 0.5729166666666666 0.5794270833333334 0.59375 0.5833333333333334 0.6319444444444444 0.59765625 0.640625 0.6015625 0.6631944444444444 0.6184895833333334 0.6788194444444444 0.6419270833333334 0.6875 0.6666666666666666 0.6875 0.7135416666666666 0.6840277777777778 0.7317708333333334 0.6753472222222222 0.75390625 0.6614583333333334 0.7708333333333334 0.6354166666666666 0.7942708333333334 0.609375 0.8072916666666666 0.5850694444444444 0.8125 0.5711805555555556 0.8177083333333334 0.5625 0.8190104166666666 0.5520833333333334 0.8177083333333334 0.5295138888888888 0.8216145833333334 0.484375 0.8177083333333334 0.4618055555555556 0.8177083333333334 0.421875 0.8020833333333334 0.390625 0.78125 0.3715277777777778 0.7591145833333334 0.3611111111111111 0.7395833333333334 0.3628472222222222 0.7135416666666666 0.3611111111111111 0.6731770833333334 0.3715277777777778 0.65234375 0.3819444444444444 0.6171875 0.3993055555555556 0.59375 0.4149305555555556 0.5911458333333334 0.4340277777777778 0.5768229166666666 0.4583333333333333 0.56640625 0.4774305555555556 0.5638020833333334 0.5173611111111112 0.5638020833333334 0.5364583333333334 0.5677083333333334
0 0.5243055555555556 0.20052083333333334 0.5347222222222222 0.21223958333333334 0.5416666666666666 0.21484375 0.5642361111111112 0.21614583333333334 0.5833333333333334 0.22786458333333334 0.5989583333333334 0.23046875 0.6267361111111112 0.24739583333333334 0.6388888888888888 0.2578125 0.65625 0.28125 0.6597222222222222 0.30078125 0.6493055555555556 0.3307291666666667 0.6319444444444444 0.3489583333333333 0.5972222222222222 0.37109375 0.5486111111111112 0.3893229166666667 0.5225694444444444 0.3958333333333333 0.4878472222222222 0.39453125 0.4722222222222222 0.3919270833333333 0.4618055555555556 0.38671875 0.4340277777777778 0.37890625 0.4097222222222222 0.3645833333333333 0.4010416666666667 0.35546875 0.3802083333333333 0.3411458333333333 0.3697916666666667 0.3268229166666667 0.3645833333333333 0.3072916666666667 0.3645833333333333 0.2955729166666667 0.3715277777777778 0.2734375 0.3854166666666667 0.2578125 0.3958333333333333 0.25 0.4340277777777778 0.23177083333333334 0.4652777777777778 0.22526041666666666 0.4756944444444444 0.21875 0.4791666666666667 0.21354166666666666 0.4878472222222222 0.21354166666666666 0.4965277777777778 0.2109375 0.515625 0.19921875 0.5225694444444444 0.20052083333333334
0 0.3142361111111111 0.6640625 0.3402777777777778 0.6666666666666666 0.3559027777777778 0.6744791666666666 0.3576388888888889 0.7421875 0.3645833333333333 0.7565104166666666 0.3802083333333333 0.7747395833333334 0.3802083333333333 0.7825520833333334 0.3472222222222222 0.8072916666666666 0.3159722222222222 0.8177083333333334 0.2899305555555556 0.8216145833333334 0.25 0.8177083333333334 0.22916666666666666 0.8111979166666666 0.21354166666666666 0.80078125 0.2048611111111111 0.7916666666666666 0.19444444444444445 0.7721354166666666 0.1892361111111111 0.7265625 0.19444444444444445 0.7213541666666666 0.19618055555555555 0.71484375 0.19791666666666666 0.6901041666666666 0.21180555555555555 0.6796875 0.22916666666666666 0.6731770833333334 0.2621527777777778 0.671875 0.296875 0.6640625 0.3125 0.6640625