0 0.6123046875 0.26171875 0.623046875 0.2604166666666667 0.6328125 0.2643229166666667 0.63671875 0.26953125 0.6376953125 0.2786458333333333 0.6435546875 0.2916666666666667 0.6484375 0.296875 0.6689453125 0.3046875 0.677734375 0.3111979166666667 0.6875 0.3255208333333333 0.697265625 0.3502604166666667 0.7001953125 0.3684895833333333 0.7001953125 0.4231770833333333 0.6962890625 0.4375 0.6767578125 0.46484375 0.6650390625 0.46875 0.6611328125 0.4752604166666667 0.65625 0.4752604166666667 0.646484375 0.4817708333333333 0.6259765625 0.484375 0.5986328125 0.4440104166666667 0.5693359375 0.4127604166666667 0.5390625 0.3971354166666667 0.5185546875 0.39453125 0.515625 0.3893229166666667 0.5166015625 0.37109375 0.5205078125 0.3580729166666667 0.546875 0.31640625 0.564453125 0.2955729166666667 0.57421875 0.2890625 0.5830078125 0.27734375 0.6083984375 0.2708333333333333 0.611328125 0.2682291666666667 0.6123046875 0.2630208333333333
0 0.396484375 0.2994791666666667 0.41796875 0.31640625 0.423828125 0.3268229166666667 0.421875 0.3333333333333333 0.421875 0.3463541666666667 0.42578125 0.36328125 0.4287109375 0.3984375 0.427734375 0.4609375 0.423828125 0.46875 0.404296875 0.484375 0.380859375 0.4947916666666667 0.3603515625 0.4947916666666667 0.341796875 0.48828125 0.322265625 0.4765625 0.3115234375 0.4661458333333333 0.3056640625 0.4583333333333333 0.29296875 0.4296875 0.2890625 0.4114583333333333 0.2880859375 0.3854166666666667 0.29296875 0.3580729166666667 0.2978515625 0.34765625 0.310546875 0.33203125 0.3427734375 0.3125 0.3466796875 0.3033854166666667 0.37890625 0.3111979166666667 0.390625 0.2994791666666667 0.3955078125 0.2994791666666667
0 0.7373046875 0.2513020833333333 0.7666015625 0.2721354166666667 0.7783203125 0.2903645833333333 0.79296875 0.32421875 0.79296875 0.34765625 0.7900390625 0.3567708333333333 0.787109375 0.3580729166666667 0.7734375 0.35546875 0.763671875 0.34765625 0.7548828125 0.3489583333333333 0.7216796875 0.3841145833333333 0.712890625 0.3997395833333333 0.7060546875 0.3932291666666667 0.701171875 0.3502604166666667 0.69140625 0.3255208333333333 0.6748046875 0.3033854166666667 0.6748046875 0.296875 0.685546875 0.2760416666666667 0.7060546875 0.2552083333333333 0.716796875 0.25 0.736328125 0.2513020833333333
0 0.8623046875 0.5221354166666666 0.8740234375 0.5260416666666666 0.88671875 0.5364583333333334 0.904296875 0.5390625 0.9052734375 0.5442708333333334 0.9267578125 0.5598958333333334 0.943359375 0.58984375 0.9482421875 0.6028645833333334 0.953125 0.6263020833333334 0.953125 0.63671875 0.9453125 0.6744791666666666 0.931640625 0.6966145833333334 0.896484375 0.7265625 0.8662109375 0.734375 0.8466796875 0.734375 0.8369140625 0.7317708333333334 0.8154296875 0.7200520833333334 0.79296875 0.6966145833333334 0.78515625 0.6770833333333334 0.783203125 0.6627604166666666 0.783203125 0.6419270833333334 0.7880859375 0.6119791666666666 0.7890625 0.5911458333333334 0.7998046875 0.5416666666666666 0.8134765625 0.52734375 0.818359375 0.52734375 0.828125 0.5338541666666666 0.8349609375 0.5338541666666666 0.845703125 0.5247395833333334 0.861328125 0.5221354166666666
0 0.388671875 0.6471354166666666 0.4248046875 0.6653645833333334 0.439453125 0.6861979166666666 0.455078125 0.7265625 0.45703125 0.76953125 0.4521484375 0.7903645833333334 0.4501953125 0.8151041666666666 0.4404296875 0.8385416666666666 0.4296875 0.8528645833333334 0.4091796875 0.8723958333333334 0.380859375 0.8854166666666666 0.357421875 0.8841145833333334 0.3349609375 0.8763020833333334 0.318359375 0.8658854166666666 0.3076171875 0.8541666666666666 0.302734375 0.8385416666666666 0.296875 0.8307291666666666 0.291015625 0.82421875 0.275390625 0.81640625 0.2734375 0.796875 0.2783203125 0.7864583333333334 0.2783203125 0.7760416666666666 0.2822265625 0.7604166666666666 0.2939453125 0.7473958333333334 0.3056640625 0.7200520833333334 0.337890625 0.6744791666666666 0.3486328125 0.6640625 0.3662109375 0.6536458333333334 0.380859375 0.6471354166666666 0.3876953125 0.6471354166666666
0 0.6298828125 0.671875 0.646484375 0.6770833333333334 0.6611328125 0.69140625 0.669921875 0.70703125 0.6806640625 0.734375 0.6923828125 0.7786458333333334 0.6923828125 0.8203125 0.6875 0.8307291666666666 0.68359375 0.84765625 0.66796875 0.8854166666666666 0.658203125 0.9036458333333334 0.6484375 0.9114583333333334 0.64453125 0.9049479166666666 0.6435546875 0.8932291666666666 0.6513671875 0.8736979166666666 0.6484375 0.8697916666666666 0.6435546875 0.8697916666666666 0.6337890625 0.8776041666666666 0.6337890625 0.86328125 0.63671875 0.8567708333333334 0.6357421875 0.8411458333333334 0.638671875 0.8346354166666666 0.640625 0.8177083333333334 0.6259765625 0.7955729166666666 0.603515625 0.80078125 0.59765625 0.796875 0.5986328125 0.76953125 0.5888671875 0.7265625 0.587890625 0.7122395833333334 0.5830078125 0.6979166666666666 0.576171875 0.6927083333333334 0.5810546875 0.6861979166666666 0.60546875 0.671875 0.62890625 0.671875
0 0.2265625 0.53125 0.24609375 0.53515625 0.2626953125 0.54296875 0.2744140625 0.5520833333333334 0.2861328125 0.5690104166666666 0.2958984375 0.5638020833333334 0.302734375 0.5638020833333334 0.3115234375 0.5729166666666666 0.3134765625 0.5794270833333334 0.3134765625 0.60546875 0.3095703125 0.6184895833333334 0.3095703125 0.6315104166666666 0.314453125 0.6471354166666666 0.314453125 0.6575520833333334 0.3125 0.6640625 0.3115234375 0.6953125 0.306640625 0.7122395833333334 0.2939453125 0.7369791666666666 0.2763671875 0.7578125 0.2705078125 0.7708333333333334 0.259765625 0.7760416666666666 0.240234375 0.77734375 0.2099609375 0.7903645833333334 0.169921875 0.78515625 0.146484375 0.7747395833333334 0.1328125 0.7630208333333334 0.115234375 0.73828125 0.10546875 0.7161458333333334 0.1005859375 0.69140625 0.099609375 0.6575520833333334 0.103515625 0.6354166666666666 0.115234375 0.6015625 0.1259765625 0.58203125 0.1435546875 0.5611979166666666 0.16796875 0.5416666666666666 0.18359375 0.53515625 0.2255859375 0.53125
0 0.248046875 0.3333333333333333 0.2578125 0.33984375 0.2646484375 0.3528645833333333 0.267578125 0.3658854166666667 0.267578125 0.3880208333333333 0.294921875 0.4479166666666667 0.296875 0.4596354166666667 0.2958984375 0.4778645833333333 0.29296875 0.4947916666666667 0.2890625 0.50390625 0.27734375 0.5260416666666666 0.26953125 0.53515625 0.2451171875 0.5325520833333334 0.2255859375 0.52734375 0.20703125 0.52734375 0.1708984375 0.5364583333333334 0.1474609375 0.5520833333333334 0.1435546875 0.55078125 0.138671875 0.54296875 0.123046875 0.5104166666666666 0.115234375 0.4752604166666667 0.115234375 0.4388020833333333 0.125 0.3997395833333333 0.134765625 0.3854166666666667 0.1513671875 0.3697916666666667 0.1796875 0.3502604166666667 0.197265625 0.3463541666666667 0.20703125 0.3372395833333333 0.2255859375 0.3294270833333333 0.2470703125 0.3333333333333333
0 0.75390625 0.359375 0.7607421875 0.35546875 0.775390625 0.3619791666666667 0.7802734375 0.3606770833333333 0.7900390625 0.3684895833333333 0.798828125 0.37109375 0.8037109375 0.3763020833333333 0.83203125 0.3854166666666667 0.8544921875 0.41015625 0.8642578125 0.4361979166666667 0.8642578125 0.4674479166666667 0.859375 0.4869791666666667 0.8525390625 0.5013020833333334 0.83203125 0.5260416666666666 0.826171875 0.52734375 0.8173828125 0.5221354166666666 0.8115234375 0.5234375 0.8037109375 0.5286458333333334 0.79296875 0.5416666666666666 0.779296875 0.5416666666666666 0.755859375 0.5130208333333334 0.740234375 0.5013020833333334 0.7080078125 0.4895833333333333 0.7041015625 0.4869791666666667 0.7001953125 0.4791666666666667 0.701171875 0.44140625 0.70703125 0.42578125 0.712890625 0.4166666666666667 0.7255859375 0.38671875 0.7509765625 0.36328125 0.7587890625 0.3645833333333333 0.7607421875 0.359375 0.7548828125 0.359375
0 0.509765625 0.3971354166666667 0.546875 0.4036458333333333 0.5732421875 0.4205729166666667 0.595703125 0.4453125 0.6103515625 0.4661458333333333 0.626953125 0.49609375 0.6328125 0.5182291666666666 0.6328125 0.55859375 0.6298828125 0.58203125 0.607421875 0.6640625 0.591796875 0.6770833333333334 0.5703125 0.6901041666666666 0.55859375 0.7083333333333334 0.53515625 0.7239583333333334 0.5126953125 0.7317708333333334 0.494140625 0.7317708333333334 0.458984375 0.7200520833333334 0.4365234375 0.6731770833333334 0.4287109375 0.6627604166666666 0.390625 0.6393229166666666 0.388671875 0.6223958333333334 0.3916015625 0.5703125 0.3984375 0.546875 0.412109375 0.5182291666666666 0.4248046875 0.4830729166666667 0.4560546875 0.43359375 0.46875 0.4231770833333333 0.478515625 0.4114583333333333 0.5009765625 0.3984375 0.5087890625 0.3971354166666667
0 0.462890625 0.14583333333333334 0.47265625 0.14973958333333334 0.48046875 0.14973958333333334 0.5009765625 0.16145833333333334 0.509765625 0.16145833333333334 0.53125 0.17708333333333334 0.54296875 0.18880208333333334 0.55078125 0.20182291666666666 0.5576171875 0.21875 0.560546875 0.23307291666666666 0.560546875 0.2591145833333333 0.55859375 0.26953125 0.5439453125 0.3111979166666667 0.5224609375 0.3411458333333333 0.5107421875 0.3619791666666667 0.50390625 0.3828125 0.49609375 0.3932291666666667 0.484375 0.3984375 0.474609375 0.3971354166666667 0.458984375 0.3880208333333333 0.4326171875 0.3580729166666667 0.4267578125 0.3411458333333333 0.4296875 0.31640625 0.4248046875 0.3072916666666667 0.41796875 0.30078125 0.3955078125 0.2942708333333333 0.388671875 0.2942708333333333 0.3798828125 0.3033854166666667 0.3720703125 0.3020833333333333 0.3662109375 0.2903645833333333 0.3642578125 0.2786458333333333 0.3662109375 0.24479166666666666 0.369140625 0.23046875 0.376953125 0.21223958333333334 0.3935546875 0.19401041666666666 0.4169921875 0.17578125 0.423828125 0.16666666666666666 0.4267578125 0.15494791666666666 0.44140625 0.14713541666666666 0.4521484375 0.13671875 0.4560546875 0.13802083333333334 0.4619140625 0.14583333333333334
0 0.7119140625 0.4934895833333333 0.7373046875 0.50390625 0.7548828125 0.5182291666666666 0.7685546875 0.53515625 0.7763671875 0.55078125 0.7841796875 0.5950520833333334 0.7802734375 0.6328125 0.7763671875 0.6484375 0.73828125 0.7096354166666666 0.7236328125 0.7486979166666666 0.7197265625 0.7513020833333334 0.6923828125 0.75 0.6875 0.7434895833333334 0.6845703125 0.73046875 0.6787109375 0.7213541666666666 0.673828125 0.70703125 0.6572265625 0.6809895833333334 0.6455078125 0.671875 0.6240234375 0.6653645833333334 0.619140625 0.6575520833333334 0.619140625 0.6393229166666666 0.6220703125 0.6223958333333334 0.630859375 0.5963541666666666 0.634765625 0.5755208333333334 0.63671875 0.5221354166666666 0.6396484375 0.5143229166666666 0.6591796875 0.5 0.67578125 0.4921875 0.7109375 0.4934895833333333