0 0.53515625 0.12239583333333333 0.548828125 0.12630208333333334 0.5634765625 0.140625 0.576171875 0.16666666666666666 0.5791015625 0.18098958333333334 0.5791015625 0.19270833333333334 0.5634765625 0.21223958333333334 0.5576171875 0.22526041666666666 0.5478515625 0.2526041666666667 0.541015625 0.2890625 0.5361328125 0.2955729166666667 0.5185546875 0.3046875 0.4990234375 0.3033854166666667 0.4873046875 0.2955729166666667 0.4794921875 0.2864583333333333 0.4755859375 0.2604166666666667 0.46484375 0.2265625 0.4638671875 0.17578125 0.4658203125 0.16666666666666666 0.4697265625 0.16145833333333334 0.4912109375 0.15234375 0.5 0.13932291666666666 0.5205078125 0.12630208333333334 0.5341796875 0.12239583333333333
0 0.7353515625 0 0.7568359375 0 0.7587890625 0.0026041666666666665 0.763671875 0.0026041666666666665 0.7646484375 0 0.80078125 0 0.802734375 0.032552083333333336 0.802734375 0.04296875 0.7998046875 0.055989583333333336 0.7939453125 0.06510416666666667 0.7900390625 0.08072916666666667 0.7490234375 0.11197916666666667 0.734375 0.11197916666666667 0.732421875 0.061197916666666664 0.7275390625 0.03515625 0.72265625 0.026041666666666668 0.72265625 0.022135416666666668 0.7265625 0.013020833333333334 0.7353515625 0.0013020833333333333
0 0.6806640625 0.3932291666666667 0.6953125 0.3984375 0.7119140625 0.4127604166666667 0.7275390625 0.4427083333333333 0.7431640625 0.4921875 0.7431640625 0.53125 0.740234375 0.546875 0.73046875 0.57421875 0.70703125 0.609375 0.677734375 0.6341145833333334 0.6533203125 0.6432291666666666 0.625 0.6419270833333334 0.6123046875 0.6393229166666666 0.599609375 0.6328125 0.5927734375 0.6223958333333334 0.591796875 0.6171875 0.5849609375 0.6080729166666666 0.5791015625 0.60546875 0.5634765625 0.5833333333333334 0.5498046875 0.5338541666666666 0.548828125 0.5221354166666666 0.552734375 0.5065104166666666 0.552734375 0.4947916666666667 0.5576171875 0.4856770833333333 0.556640625 0.4557291666666667 0.5625 0.4401041666666667 0.5673828125 0.43359375 0.595703125 0.41015625 0.625 0.3958333333333333 0.6796875 0.3932291666666667
0 0.41796875 0.18880208333333334 0.44140625 0.203125 0.44921875 0.2109375 0.4638671875 0.23307291666666666 0.470703125 0.25 0.4736328125 0.2643229166666667 0.4755859375 0.296875 0.470703125 0.3307291666666667 0.4658203125 0.3372395833333333 0.4541015625 0.3424479166666667 0.4375 0.3567708333333333 0.4169921875 0.38671875 0.3857421875 0.3854166666666667 0.3759765625 0.3684895833333333 0.373046875 0.359375 0.36328125 0.3450520833333333 0.341796875 0.3216145833333333 0.333984375 0.3216145833333333 0.328125 0.2994791666666667 0.3271484375 0.2747395833333333 0.3310546875 0.2578125 0.3447265625 0.2513020833333333 0.34765625 0.24739583333333334 0.3505859375 0.21614583333333334 0.359375 0.20052083333333334 0.3662109375 0.1953125 0.376953125 0.19401041666666666 0.3916015625 0.1875 0.4169921875 0.18880208333333334
0 0.505859375 0.5755208333333334 0.533203125 0.5872395833333334 0.5419921875 0.5950520833333334 0.5537109375 0.6106770833333334 0.5625 0.6184895833333334 0.5712890625 0.6197916666666666 0.57421875 0.625 0.572265625 0.6432291666666666 0.5673828125 0.6497395833333334 0.568359375 0.7005208333333334 0.5634765625 0.7200520833333334 0.5546875 0.73828125 0.5419921875 0.7578125 0.51953125 0.76953125 0.5107421875 0.76953125 0.4892578125 0.76171875 0.48046875 0.7552083333333334 0.4697265625 0.7421875 0.4580078125 0.734375 0.4423828125 0.71484375 0.4365234375 0.6848958333333334 0.4375 0.6731770833333334 0.44140625 0.6666666666666666 0.4443359375 0.6328125 0.4541015625 0.6080729166666666 0.470703125 0.58984375 0.4892578125 0.5768229166666666 0.5048828125 0.5755208333333334
0 0.3271484375 0.32421875 0.3310546875 0.328125 0.34375 0.3307291666666667 0.3583984375 0.3450520833333333 0.3701171875 0.3606770833333333 0.3837890625 0.390625 0.388671875 0.4153645833333333 0.392578125 0.453125 0.3974609375 0.4622395833333333 0.41015625 0.46875 0.4130859375 0.48046875 0.4072265625 0.4973958333333333 0.40234375 0.5 0.3916015625 0.5 0.3779296875 0.5052083333333334 0.36328125 0.5052083333333334 0.3447265625 0.4986979166666667 0.3310546875 0.4986979166666667 0.3193359375 0.5026041666666666 0.302734375 0.515625 0.2958984375 0.5182291666666666 0.28515625 0.5143229166666666 0.26171875 0.49609375 0.2509765625 0.4817708333333333 0.2353515625 0.41796875 0.2265625 0.39453125 0.2236328125 0.37109375 0.2314453125 0.34765625 0.23828125 0.33984375 0.2529296875 0.3359375 0.2607421875 0.3359375 0.267578125 0.33984375 0.279296875 0.33984375 0.306640625 0.3268229166666667 0.326171875 0.32421875
0 0.6318359375 0.171875 0.6357421875 0.17447916666666666 0.6572265625 0.17447916666666666 0.6904296875 0.20442708333333334 0.701171875 0.2109375 0.7099609375 0.22135416666666666 0.7236328125 0.2552083333333333 0.7275390625 0.2799479166666667 0.7275390625 0.30859375 0.7158203125 0.35546875 0.7041015625 0.3776041666666667 0.6943359375 0.390625 0.68359375 0.390625 0.67578125 0.38671875 0.6552734375 0.390625 0.6083984375 0.3880208333333333 0.599609375 0.39453125 0.5947265625 0.39453125 0.5908203125 0.3893229166666667 0.5810546875 0.3854166666666667 0.560546875 0.359375 0.546875 0.3190104166666667 0.5458984375 0.2890625 0.548828125 0.26171875 0.552734375 0.24609375 0.56640625 0.21484375 0.5888671875 0.18880208333333334 0.6083984375 0.17447916666666666 0.630859375 0.171875
0 0.39453125 0.078125 0.41015625 0.08463541666666667 0.4287109375 0.10286458333333333 0.4443359375 0.15625 0.4462890625 0.16666666666666666 0.4462890625 0.1796875 0.4443359375 0.18619791666666666 0.4404296875 0.19401041666666666 0.43359375 0.1953125 0.42578125 0.18880208333333334 0.4150390625 0.18489583333333334 0.3896484375 0.18489583333333334 0.36328125 0.19270833333333334 0.3466796875 0.20963541666666666 0.3408203125 0.20963541666666666 0.333984375 0.20052083333333334 0.3271484375 0.18359375 0.32421875 0.17057291666666666 0.32421875 0.14973958333333334 0.3271484375 0.13802083333333334 0.34375 0.1015625 0.357421875 0.08333333333333333 0.3720703125 0.07682291666666667 0.3935546875 0.078125
0 0.6865234375 0 0.689453125 0.00390625 0.6953125 0.00390625 0.712890625 0.016927083333333332 0.7255859375 0.036458333333333336 0.7314453125 0.07161458333333333 0.7314453125 0.10286458333333333 0.7255859375 0.11848958333333333 0.716796875 0.1328125 0.6982421875 0.15104166666666666 0.6806640625 0.17838541666666666 0.6689453125 0.17708333333333334 0.654296875 0.16927083333333334 0.63671875 0.16927083333333334 0.630859375 0.16536458333333334 0.6259765625 0.16536458333333334 0.60546875 0.17057291666666666 0.5888671875 0.18229166666666666 0.583984375 0.18229166666666666 0.576171875 0.15494791666666666 0.56640625 0.13671875 0.552734375 0.11848958333333333 0.552734375 0.08463541666666667 0.57421875 0.049479166666666664 0.59765625 0.026041666666666668 0.619140625 0.010416666666666666 0.6396484375 0 0.685546875 0
0 0.4794921875 0.3411458333333333 0.5146484375 0.34375 0.521484375 0.3463541666666667 0.53125 0.3567708333333333 0.5400390625 0.3606770833333333 0.546875 0.3723958333333333 0.552734375 0.3763020833333333 0.5546875 0.4010416666666667 0.564453125 0.4140625 0.5634765625 0.4270833333333333 0.5517578125 0.4518229166666667 0.5498046875 0.4661458333333333 0.552734375 0.48046875 0.546875 0.4934895833333333 0.546875 0.5052083333333334 0.5419921875 0.5182291666666666 0.513671875 0.5338541666666666 0.4931640625 0.5403645833333334 0.478515625 0.5403645833333334 0.462890625 0.5364583333333334 0.4345703125 0.51171875 0.427734375 0.5026041666666666 0.4267578125 0.4908854166666667 0.4189453125 0.4739583333333333 0.4130859375 0.4440104166666667 0.4130859375 0.4140625 0.4208984375 0.3893229166666667 0.431640625 0.3684895833333333 0.45703125 0.3450520833333333 0.4677734375 0.3411458333333333 0.478515625 0.3411458333333333
0 0.470703125 0.0026041666666666665 0.474609375 0.005208333333333333 0.4794921875 0.016927083333333332 0.4892578125 0.014322916666666666 0.515625 0.015625 0.5302734375 0.024739583333333332 0.54296875 0.048177083333333336 0.548828125 0.07421875 0.548828125 0.09895833333333333 0.544921875 0.11848958333333333 0.529296875 0.11979166666666667 0.51953125 0.12369791666666667 0.4970703125 0.13802083333333334 0.4912109375 0.14713541666666666 0.4716796875 0.15625 0.4609375 0.16796875 0.4541015625 0.16666666666666666 0.4443359375 0.1484375 0.43359375 0.109375 0.43359375 0.09375 0.4365234375 0.07942708333333333 0.4453125 0.059895833333333336 0.4443359375 0.046875 0.4541015625 0.03515625 0.455078125 0.03125 0.4560546875 0.00390625 0.4697265625 0.0026041666666666665
0 0.35546875 0.5065104166666666 0.37109375 0.5143229166666666 0.3955078125 0.5403645833333334 0.4052734375 0.56640625 0.4091796875 0.58203125 0.4091796875 0.5924479166666666 0.4013671875 0.64453125 0.39453125 0.66796875 0.3642578125 0.6927083333333334 0.345703125 0.69921875 0.3232421875 0.69921875 0.3115234375 0.6966145833333334 0.29296875 0.6848958333333334 0.2705078125 0.6536458333333334 0.2646484375 0.6354166666666666 0.263671875 0.6158854166666666 0.267578125 0.5833333333333334 0.27734375 0.55859375 0.287109375 0.5390625 0.294921875 0.5286458333333334 0.3232421875 0.5065104166666666 0.333984375 0.50390625 0.3486328125 0.50390625 0.3544921875 0.5065104166666666