0 0.8125 0.19401041666666666 0.8454861111111112 0.19921875 0.8645833333333334 0.20442708333333334 0.875 0.20963541666666666 0.8975694444444444 0.234375 0.9079861111111112 0.2526041666666667 0.9253472222222222 0.2890625 0.9322916666666666 0.3177083333333333 0.9322916666666666 0.3359375 0.9288194444444444 0.3489583333333333 0.9201388888888888 0.3645833333333333 0.9079861111111112 0.3776041666666667 0.8854166666666666 0.39453125 0.8611111111111112 0.40625 0.8246527777777778 0.4153645833333333 0.8090277777777778 0.4140625 0.796875 0.4153645833333333 0.765625 0.4088541666666667 0.7465277777777778 0.4010416666666667 0.7291666666666666 0.390625 0.7222222222222222 0.3854166666666667 0.7135416666666666 0.3736979166666667 0.7083333333333334 0.36328125 0.7083333333333334 0.3580729166666667 0.6961805555555556 0.3385416666666667 0.6909722222222222 0.3203125 0.6857638888888888 0.3125 0.6857638888888888 0.29296875 0.6909722222222222 0.2682291666666667 0.7083333333333334 0.23177083333333334 0.7152777777777778 0.22395833333333334 0.7239583333333334 0.21875 0.7309027777777778 0.21875 0.7482638888888888 0.20572916666666666 0.7552083333333334 0.203125 0.7708333333333334 0.20052083333333334 0.7881944444444444 0.19401041666666666 0.8107638888888888 0.19401041666666666
0 0.609375 0.28515625 0.6527777777777778 0.3177083333333333 0.6614583333333334 0.328125 0.671875 0.3528645833333333 0.6736111111111112 0.36328125 0.671875 0.3763020833333333 0.6649305555555556 0.3919270833333333 0.6545138888888888 0.4036458333333333 0.640625 0.41015625 0.6197916666666666 0.4244791666666667 0.6006944444444444 0.4322916666666667 0.5625 0.4596354166666667 0.5538194444444444 0.4596354166666667 0.5381944444444444 0.4518229166666667 0.5347222222222222 0.4479166666666667 0.5329861111111112 0.4388020833333333 0.5173611111111112 0.4309895833333333 0.515625 0.4244791666666667 0.4826388888888889 0.39453125 0.4774305555555556 0.3763020833333333 0.4861111111111111 0.3619791666666667 0.4982638888888889 0.3515625 0.5104166666666666 0.3359375 0.5173611111111112 0.3138020833333333 0.5295138888888888 0.3020833333333333 0.5399305555555556 0.2955729166666667 0.5607638888888888 0.2890625 0.5920138888888888 0.28515625 0.5989583333333334 0.2825520833333333 0.6076388888888888 0.28515625
0 0.7152777777777778 0.4140625 0.7395833333333334 0.4231770833333333 0.7586805555555556 0.4375 0.7673611111111112 0.4518229166666667 0.7690972222222222 0.47265625 0.765625 0.4869791666666667 0.7552083333333334 0.5065104166666666 0.7378472222222222 0.5221354166666666 0.7222222222222222 0.546875 0.7100694444444444 0.5546875 0.7048611111111112 0.5546875 0.6996527777777778 0.5494791666666666 0.6961805555555556 0.5494791666666666 0.6857638888888888 0.54296875 0.671875 0.5455729166666666 0.6684027777777778 0.5481770833333334 0.6545138888888888 0.5481770833333334 0.6493055555555556 0.5455729166666666 0.625 0.5442708333333334 0.6111111111111112 0.5403645833333334 0.5989583333333334 0.53125 0.5920138888888888 0.515625 0.5729166666666666 0.5 0.5711805555555556 0.4674479166666667 0.578125 0.4557291666666667 0.5885416666666666 0.4453125 0.6423611111111112 0.4140625 0.65625 0.4114583333333333 0.6927083333333334 0.4114583333333333 0.7135416666666666 0.4140625
0 0.9027777777777778 0.3971354166666667 0.9131944444444444 0.40234375 0.9184027777777778 0.4075520833333333 0.9236111111111112 0.4270833333333333 0.9340277777777778 0.44921875 0.9340277777777778 0.4661458333333333 0.9166666666666666 0.48828125 0.9114583333333334 0.48828125 0.90625 0.484375 0.8697916666666666 0.4713541666666667 0.8506944444444444 0.4700520833333333 0.7951388888888888 0.44921875 0.7881944444444444 0.44140625 0.7864583333333334 0.43359375 0.7864583333333334 0.41796875 0.7899305555555556 0.4166666666666667 0.8107638888888888 0.41796875 0.8333333333333334 0.4166666666666667 0.859375 0.41015625 0.890625 0.3958333333333333 0.9010416666666666 0.3971354166666667
0 0.5086805555555556 0.6614583333333334 0.5208333333333334 0.6627604166666666 0.53125 0.6588541666666666 0.5538194444444444 0.65625 0.5746527777777778 0.6588541666666666 0.5850694444444444 0.6627604166666666 0.5954861111111112 0.6705729166666666 0.6197916666666666 0.69921875 0.6336805555555556 0.73046875 0.6319444444444444 0.765625 0.6232638888888888 0.78125 0.609375 0.79296875 0.5815972222222222 0.8059895833333334 0.5555555555555556 0.8125 0.5104166666666666 0.8125 0.5086805555555556 0.8138020833333334 0.4947916666666667 0.8138020833333334 0.4618055555555556 0.8072916666666666 0.4444444444444444 0.80859375 0.4236111111111111 0.7955729166666666 0.4027777777777778 0.79296875 0.3975694444444444 0.78125 0.3923611111111111 0.7760416666666666 0.3940972222222222 0.7643229166666666 0.3888888888888889 0.75 0.3888888888888889 0.7330729166666666 0.3923611111111111 0.7200520833333334 0.4010416666666667 0.70703125 0.4166666666666667 0.6966145833333334 0.421875 0.6848958333333334 0.453125 0.6666666666666666 0.4722222222222222 0.66015625 0.5069444444444444 0.6614583333333334
0 0.3506944444444444 0.7291666666666666 0.3559027777777778 0.74609375 0.3663194444444444 0.7565104166666666 0.3732638888888889 0.76953125 0.375 0.7825520833333334 0.3732638888888889 0.8203125 0.3628472222222222 0.8359375 0.3454861111111111 0.8502604166666666 0.3211805555555556 0.859375 0.2986111111111111 0.8645833333333334 0.24479166666666666 0.8645833333333334 0.2152777777777778 0.8580729166666666 0.21180555555555555 0.8515625 0.20833333333333334 0.8307291666666666 0.2048611111111111 0.8268229166666666 0.19618055555555555 0.8229166666666666 0.19270833333333334 0.8125 0.18229166666666666 0.7981770833333334 0.1840277777777778 0.7708333333333334 0.19270833333333334 0.7591145833333334 0.20833333333333334 0.74609375 0.234375 0.7330729166666666 0.2552083333333333 0.7317708333333334 0.2986111111111111 0.7356770833333334 0.3298611111111111 0.7291666666666666 0.3489583333333333 0.7291666666666666
0 0.2673611111111111 0.56640625 0.2829861111111111 0.5703125 0.2899305555555556 0.57421875 0.3142361111111111 0.578125 0.3298611111111111 0.5859375 0.3506944444444444 0.5859375 0.3645833333333333 0.58984375 0.375 0.58984375 0.3784722222222222 0.5924479166666666 0.3819444444444444 0.5911458333333334 0.3854166666666667 0.5924479166666666 0.3940972222222222 0.6041666666666666 0.40625 0.6315104166666666 0.4079861111111111 0.6432291666666666 0.4045138888888889 0.6640625 0.3958333333333333 0.6809895833333334 0.3802083333333333 0.69921875 0.3454861111111111 0.7239583333333334 0.3020833333333333 0.7317708333333334 0.2638888888888889 0.73046875 0.24131944444444445 0.7265625 0.22916666666666666 0.7213541666666666 0.2048611111111111 0.70703125 0.1875 0.6927083333333334 0.1753472222222222 0.6653645833333334 0.1736111111111111 0.6484375 0.1753472222222222 0.6380208333333334 0.18229166666666666 0.6184895833333334 0.1892361111111111 0.6080729166666666 0.21180555555555555 0.5911458333333334 0.2204861111111111 0.5885416666666666 0.2534722222222222 0.56640625 0.2586805555555556 0.5651041666666666 0.265625 0.56640625
0 0.3402777777777778 0.15364583333333334 0.3506944444444444 0.15885416666666666 0.3697916666666667 0.16015625 0.3819444444444444 0.16666666666666666 0.3888888888888889 0.17317708333333334 0.4201388888888889 0.1875 0.4288194444444444 0.19010416666666666 0.4444444444444444 0.18880208333333334 0.4513888888888889 0.19140625 0.4739583333333333 0.2109375 0.4947916666666667 0.23307291666666666 0.5069444444444444 0.25390625 0.5138888888888888 0.27734375 0.5138888888888888 0.3098958333333333 0.5086805555555556 0.328125 0.4947916666666667 0.3489583333333333 0.4791666666666667 0.3645833333333333 0.4565972222222222 0.3802083333333333 0.4340277777777778 0.3893229166666667 0.4045138888888889 0.39453125 0.3767361111111111 0.3958333333333333 0.3333333333333333 0.39453125 0.2951388888888889 0.3841145833333333 0.2725694444444444 0.3802083333333333 0.23958333333333334 0.3645833333333333 0.21180555555555555 0.3450520833333333 0.19270833333333334 0.32421875 0.17708333333333334 0.30078125 0.1701388888888889 0.2747395833333333 0.1701388888888889 0.2578125 0.1736111111111111 0.24869791666666666 0.19791666666666666 0.20833333333333334 0.20833333333333334 0.20052083333333334 0.21875 0.19401041666666666 0.234375 0.19010416666666666 0.24479166666666666 0.18359375 0.2604166666666667 0.17838541666666666 0.2708333333333333 0.17057291666666666 0.2829861111111111 0.16536458333333334 0.3003472222222222 0.17057291666666666 0.3159722222222222 0.16666666666666666 0.3333333333333333 0.15494791666666666 0.3385416666666667 0.15364583333333334
0 0.6996527777777778 0.5755208333333334 0.7170138888888888 0.5872395833333334 0.7309027777777778 0.59375 0.7534722222222222 0.6106770833333334 0.7586805555555556 0.6236979166666666 0.7604166666666666 0.6458333333333334 0.7569444444444444 0.6575520833333334 0.7361111111111112 0.6731770833333334 0.7291666666666666 0.6809895833333334 0.6892361111111112 0.6940104166666666 0.6753472222222222 0.7018229166666666 0.6631944444444444 0.7005208333333334 0.6597222222222222 0.6966145833333334 0.6579861111111112 0.6861979166666666 0.6510416666666666 0.6809895833333334 0.6302083333333334 0.6731770833333334 0.6180555555555556 0.6640625 0.6128472222222222 0.6549479166666666 0.609375 0.640625 0.6267361111111112 0.6184895833333334 0.6336805555555556 0.6015625 0.6371527777777778 0.5833333333333334 0.65625 0.57421875 0.6979166666666666 0.5755208333333334
0 0.5173611111111112 0.47265625 0.5416666666666666 0.4869791666666667 0.5625 0.4921875 0.5677083333333334 0.5026041666666666 0.5798611111111112 0.51171875 0.5833333333333334 0.5182291666666666 0.578125 0.5234375 0.578125 0.5286458333333334 0.5954861111111112 0.5364583333333334 0.6128472222222222 0.5494791666666666 0.625 0.56640625 0.6302083333333334 0.5807291666666666 0.6302083333333334 0.5963541666666666 0.6232638888888888 0.6145833333333334 0.6180555555555556 0.6223958333333334 0.6006944444444444 0.6380208333333334 0.578125 0.6484375 0.5590277777777778 0.6497395833333334 0.5260416666666666 0.65625 0.4930555555555556 0.6549479166666666 0.4513888888888889 0.6380208333333334 0.4270833333333333 0.6197916666666666 0.4166666666666667 0.6041666666666666 0.4114583333333333 0.5911458333333334 0.4114583333333333 0.58203125 0.421875 0.57421875 0.421875 0.5638020833333334 0.4704861111111111 0.51953125 0.4826388888888889 0.51171875 0.4722222222222222 0.5065104166666666 0.4756944444444444 0.4947916666666667 0.4826388888888889 0.4895833333333333 0.4895833333333333 0.48828125 0.5069444444444444 0.47265625 0.515625 0.47265625
0 0.5694444444444444 0.11067708333333333 0.5868055555555556 0.11197916666666667 0.6163194444444444 0.11848958333333333 0.6319444444444444 0.125 0.6545138888888888 0.14192708333333334 0.6666666666666666 0.15625 0.6736111111111112 0.16927083333333334 0.6753472222222222 0.19791666666666666 0.6684027777777778 0.22265625 0.6597222222222222 0.23828125 0.6423611111111112 0.2552083333333333 0.625 0.2682291666666667 0.5972222222222222 0.2799479166666667 0.5850694444444444 0.2825520833333333 0.5607638888888888 0.2838541666666667 0.5538194444444444 0.2864583333333333 0.5295138888888888 0.2825520833333333 0.5173611111111112 0.2760416666666667 0.5138888888888888 0.2604166666666667 0.5 0.23307291666666666 0.4739583333333333 0.20572916666666666 0.453125 0.18880208333333334 0.4427083333333333 0.18359375 0.4427083333333333 0.17447916666666666 0.4600694444444444 0.14713541666666666 0.4861111111111111 0.12890625 0.5260416666666666 0.11197916666666667 0.5677083333333334 0.11067708333333333
0 0.34375 0.3997395833333333 0.3923611111111111 0.40234375 0.4010416666666667 0.4036458333333333 0.4131944444444444 0.4088541666666667 0.4427083333333333 0.4296875 0.4548611111111111 0.4427083333333333 0.4670138888888889 0.4622395833333333 0.4704861111111111 0.4752604166666667 0.4704861111111111 0.4947916666666667 0.4600694444444444 0.5221354166666666 0.4444444444444444 0.5390625 0.4114583333333333 0.5638020833333334 0.4097222222222222 0.5690104166666666 0.4045138888888889 0.5729166666666666 0.3888888888888889 0.5729166666666666 0.3715277777777778 0.5690104166666666 0.3229166666666667 0.5716145833333334 0.2899305555555556 0.5703125 0.2552083333333333 0.5572916666666666 0.2361111111111111 0.5377604166666666 0.22569444444444445 0.5208333333333334 0.2222222222222222 0.5078125 0.22395833333333334 0.4908854166666667 0.2222222222222222 0.4791666666666667 0.22569444444444445 0.4700520833333333 0.24131944444444445 0.44921875 0.24305555555555555 0.4348958333333333 0.2847222222222222 0.4127604166666667 0.3090277777777778 0.4036458333333333 0.3298611111111111 0.3997395833333333 0.3420138888888889 0.3997395833333333