0 0.8037109375 0.0859375 0.806640625 0.09244791666666667 0.8154296875 0.1015625 0.8291015625 0.09895833333333333 0.837890625 0.10677083333333333 0.85546875 0.10416666666666667 0.861328125 0.13671875 0.859375 0.15625 0.8623046875 0.16015625 0.8759765625 0.13671875 0.8837890625 0.13541666666666666 0.8994140625 0.14322916666666666 0.8974609375 0.15234375 0.8916015625 0.15885416666666666 0.892578125 0.17057291666666666 0.8876953125 0.18880208333333334 0.8818359375 0.1953125 0.8818359375 0.203125 0.88671875 0.21484375 0.8896484375 0.22916666666666666 0.8896484375 0.26171875 0.8876953125 0.2786458333333333 0.8720703125 0.3294270833333333 0.859375 0.3502604166666667 0.8369140625 0.3736979166666667 0.8203125 0.3958333333333333 0.806640625 0.4010416666666667 0.7880859375 0.4010416666666667 0.77734375 0.3971354166666667 0.765625 0.390625 0.748046875 0.3697916666666667 0.744140625 0.3619791666666667 0.7451171875 0.3567708333333333 0.7431640625 0.3541666666666667 0.7333984375 0.3515625 0.7138671875 0.33203125 0.701171875 0.32421875 0.6943359375 0.3111979166666667 0.6875 0.2825520833333333 0.6875 0.234375 0.6904296875 0.22005208333333334 0.701171875 0.19010416666666666 0.7177734375 0.16015625 0.7373046875 0.13541666666666666 0.751953125 0.12630208333333334 0.7548828125 0.12239583333333333 0.7548828125 0.11197916666666667 0.7587890625 0.10807291666666667 0.7626953125 0.10807291666666667 0.7744140625 0.10026041666666667 0.7822265625 0.10546875 0.7890625 0.10416666666666667 0.796875 0.09765625 0.802734375 0.08723958333333333
0 0.6884765625 0.014322916666666666 0.6953125 0.018229166666666668 0.69921875 0.024739583333333332 0.7236328125 0.08333333333333333 0.734375 0.11848958333333333 0.7353515625 0.1328125 0.712890625 0.16276041666666666 0.6982421875 0.19010416666666666 0.689453125 0.21223958333333334 0.6806640625 0.21875 0.65234375 0.21744791666666666 0.646484375 0.21354166666666666 0.6396484375 0.21354166666666666 0.63671875 0.20963541666666666 0.6318359375 0.1875 0.619140625 0.15494791666666666 0.5986328125 0.13411458333333334 0.5703125 0.11979166666666667 0.568359375 0.11588541666666667 0.568359375 0.10546875 0.572265625 0.08203125 0.5810546875 0.055989583333333336 0.587890625 0.045572916666666664 0.59765625 0.036458333333333336 0.6142578125 0.02734375 0.634765625 0.0234375 0.6611328125 0.024739583333333332 0.671875 0.016927083333333332 0.6875 0.014322916666666666
0 0.4326171875 0.4856770833333333 0.4638671875 0.5 0.4921875 0.5325520833333334 0.501953125 0.55078125 0.5205078125 0.6106770833333334 0.5224609375 0.6432291666666666 0.51953125 0.6666666666666666 0.509765625 0.6979166666666666 0.5009765625 0.7200520833333334 0.48828125 0.7395833333333334 0.4716796875 0.7591145833333334 0.4580078125 0.7682291666666666 0.4423828125 0.7760416666666666 0.427734375 0.7786458333333334 0.404296875 0.77734375 0.3896484375 0.7721354166666666 0.36328125 0.75390625 0.34765625 0.7369791666666666 0.3203125 0.6953125 0.3203125 0.66796875 0.3095703125 0.640625 0.3095703125 0.6080729166666666 0.3154296875 0.5950520833333334 0.322265625 0.5859375 0.341796875 0.5247395833333334 0.353515625 0.5078125 0.361328125 0.5013020833333334 0.373046875 0.50390625 0.3837890625 0.4934895833333333 0.40234375 0.4856770833333333 0.431640625 0.4856770833333333
0 0.4423828125 0.3059895833333333 0.458984375 0.3203125 0.4697265625 0.3372395833333333 0.4814453125 0.3723958333333333 0.4853515625 0.4127604166666667 0.4775390625 0.4466145833333333 0.4765625 0.4661458333333333 0.47265625 0.4700520833333333 0.466796875 0.4856770833333333 0.4619140625 0.4908854166666667 0.4326171875 0.4817708333333333 0.4111328125 0.48046875 0.4072265625 0.4765625 0.400390625 0.4752604166666667 0.3720703125 0.4986979166666667 0.3603515625 0.4947916666666667 0.345703125 0.4765625 0.3408203125 0.4674479166666667 0.330078125 0.4348958333333333 0.330078125 0.39453125 0.3349609375 0.3736979166666667 0.337890625 0.33984375 0.341796875 0.3255208333333333 0.34765625 0.3190104166666667 0.353515625 0.31640625 0.3828125 0.3098958333333333 0.40234375 0.3020833333333333 0.431640625 0.30078125 0.44140625 0.3059895833333333
0 0.259765625 0.08723958333333333 0.2939453125 0.10286458333333333 0.296875 0.10677083333333333 0.2978515625 0.15755208333333334 0.3046875 0.1875 0.3095703125 0.20052083333333334 0.3095703125 0.20833333333333334 0.306640625 0.21223958333333334 0.2998046875 0.21484375 0.2939453125 0.21484375 0.27734375 0.20182291666666666 0.2529296875 0.19270833333333334 0.240234375 0.19270833333333334 0.2265625 0.19661458333333334 0.193359375 0.21484375 0.1884765625 0.2109375 0.18359375 0.19921875 0.181640625 0.18880208333333334 0.18359375 0.1640625 0.1884765625 0.14973958333333334 0.2080078125 0.11197916666666667 0.2275390625 0.09375 0.244140625 0.08723958333333333 0.2587890625 0.08723958333333333
0 0.7861328125 0.4661458333333333 0.8203125 0.49609375 0.8427734375 0.5208333333333334 0.8505859375 0.546875 0.8515625 0.5690104166666666 0.8388671875 0.59765625 0.8125 0.62890625 0.7607421875 0.6432291666666666 0.7236328125 0.640625 0.71484375 0.63671875 0.708984375 0.6302083333333334 0.75390625 0.5716145833333334 0.763671875 0.5533854166666666 0.7744140625 0.515625 0.77734375 0.4921875 0.77734375 0.4700520833333333 0.779296875 0.46484375 0.78515625 0.4661458333333333
0 0.267578125 0.46484375 0.2783203125 0.4700520833333333 0.2880859375 0.4908854166666667 0.29296875 0.5026041666666666 0.2958984375 0.5260416666666666 0.3046875 0.5455729166666666 0.30859375 0.5611979166666666 0.3095703125 0.59375 0.3056640625 0.6067708333333334 0.3056640625 0.6380208333333334 0.3037109375 0.6432291666666666 0.3037109375 0.6549479166666666 0.3056640625 0.6614583333333334 0.3115234375 0.66796875 0.3115234375 0.6744791666666666 0.3076171875 0.6848958333333334 0.2802734375 0.7161458333333334 0.23046875 0.75 0.2177734375 0.76171875 0.1884765625 0.7708333333333334 0.177734375 0.7591145833333334 0.169921875 0.7408854166666666 0.166015625 0.7239583333333334 0.1552734375 0.7135416666666666 0.1455078125 0.69921875 0.1328125 0.6705729166666666 0.125 0.6458333333333334 0.12109375 0.6184895833333334 0.12109375 0.59765625 0.126953125 0.5559895833333334 0.1328125 0.5416666666666666 0.14453125 0.5234375 0.1689453125 0.5065104166666666 0.205078125 0.48828125 0.220703125 0.484375 0.2490234375 0.4661458333333333 0.2666015625 0.46484375
0 0.65625 0.31640625 0.693359375 0.328125 0.7041015625 0.3346354166666667 0.720703125 0.34765625 0.736328125 0.3697916666666667 0.7548828125 0.390625 0.7568359375 0.39453125 0.7568359375 0.4036458333333333 0.763671875 0.41796875 0.771484375 0.4440104166666667 0.7744140625 0.4609375 0.7744140625 0.4947916666666667 0.7705078125 0.5221354166666666 0.759765625 0.5559895833333334 0.7529296875 0.5690104166666666 0.7197265625 0.6145833333333334 0.7080078125 0.625 0.681640625 0.6341145833333334 0.6484375 0.6341145833333334 0.6376953125 0.6380208333333334 0.6103515625 0.63671875 0.5830078125 0.6302083333333334 0.5576171875 0.609375 0.5361328125 0.5963541666666666 0.521484375 0.5807291666666666 0.517578125 0.5755208333333334 0.5146484375 0.5638020833333334 0.5078125 0.5533854166666666 0.4931640625 0.515625 0.4833984375 0.4674479166666667 0.482421875 0.4453125 0.4873046875 0.421875 0.49609375 0.4127604166666667 0.5048828125 0.3815104166666667 0.51953125 0.3580729166666667 0.5439453125 0.3424479166666667 0.58203125 0.3229166666666667 0.6318359375 0.3151041666666667 0.6552734375 0.31640625
0 0.3876953125 0.029947916666666668 0.4111328125 0.037760416666666664 0.435546875 0.055989583333333336 0.4462890625 0.07161458333333333 0.45703125 0.09635416666666667 0.4599609375 0.10807291666666667 0.45703125 0.11588541666666667 0.4453125 0.12239583333333333 0.421875 0.14453125 0.4130859375 0.15625 0.40625 0.171875 0.3974609375 0.20182291666666666 0.39453125 0.20572916666666666 0.3955078125 0.21484375 0.4072265625 0.24479166666666666 0.4072265625 0.24869791666666666 0.40234375 0.2526041666666667 0.39453125 0.2526041666666667 0.369140625 0.24479166666666666 0.3486328125 0.234375 0.326171875 0.21744791666666666 0.3193359375 0.20963541666666666 0.3095703125 0.18880208333333334 0.302734375 0.16796875 0.30078125 0.15364583333333334 0.3017578125 0.10807291666666667 0.3076171875 0.08854166666666667 0.3134765625 0.078125 0.3359375 0.049479166666666664 0.35546875 0.033854166666666664 0.3623046875 0.03125 0.38671875 0.029947916666666668
0 0.59375 0.63671875 0.6142578125 0.6419270833333334 0.6376953125 0.6432291666666666 0.6494140625 0.6497395833333334 0.6796875 0.6888020833333334 0.69140625 0.7109375 0.7001953125 0.7421875 0.7021484375 0.7604166666666666 0.701171875 0.796875 0.6923828125 0.8346354166666666 0.685546875 0.8489583333333334 0.66796875 0.87109375 0.6650390625 0.8776041666666666 0.650390625 0.88671875 0.6337890625 0.8919270833333334 0.6005859375 0.8841145833333334 0.5634765625 0.859375 0.54296875 0.8385416666666666 0.533203125 0.8346354166666666 0.5185546875 0.82421875 0.5146484375 0.8190104166666666 0.5048828125 0.7916666666666666 0.505859375 0.7291666666666666 0.509765625 0.7096354166666666 0.51953125 0.68359375 0.5380859375 0.65625 0.5537109375 0.6432291666666666 0.57421875 0.6341145833333334 0.5927734375 0.63671875
0 0.51171875 0.11328125 0.537109375 0.11458333333333333 0.560546875 0.11979166666666667 0.583984375 0.12890625 0.60546875 0.14322916666666666 0.6171875 0.15885416666666666 0.626953125 0.18489583333333334 0.6328125 0.21354166666666666 0.6337890625 0.23307291666666666 0.630859375 0.2578125 0.625 0.2747395833333333 0.6044921875 0.3033854166666667 0.5908203125 0.3138020833333333 0.5703125 0.3216145833333333 0.564453125 0.3216145833333333 0.5498046875 0.3307291666666667 0.54296875 0.33203125 0.529296875 0.3450520833333333 0.5185546875 0.3502604166666667 0.5068359375 0.34765625 0.4462890625 0.3033854166666667 0.4267578125 0.2760416666666667 0.421875 0.2721354166666667 0.4169921875 0.26171875 0.40625 0.23177083333333334 0.4033203125 0.20442708333333334 0.40625 0.1796875 0.4140625 0.16015625 0.421875 0.14973958333333334 0.4423828125 0.13020833333333334 0.4736328125 0.11458333333333333 0.5107421875 0.11328125
0 0.251953125 0.1953125 0.271484375 0.20182291666666666 0.2822265625 0.20963541666666666 0.296875 0.22786458333333334 0.3046875 0.22916666666666666 0.3095703125 0.23307291666666666 0.3095703125 0.23697916666666666 0.3173828125 0.2513020833333333 0.3349609375 0.3098958333333333 0.333984375 0.3333333333333333 0.3291015625 0.36328125 0.3251953125 0.4088541666666667 0.3203125 0.4322916666666667 0.291015625 0.46484375 0.28515625 0.4661458333333333 0.271484375 0.4596354166666667 0.255859375 0.4596354166666667 0.2451171875 0.4635416666666667 0.2177734375 0.48046875 0.2001953125 0.4856770833333333 0.1923828125 0.4856770833333333 0.185546875 0.4817708333333333 0.1708984375 0.46875 0.1611328125 0.4544270833333333 0.1552734375 0.4401041666666667 0.1474609375 0.4088541666666667 0.1435546875 0.3541666666666667 0.13671875 0.3372395833333333 0.1298828125 0.3072916666666667 0.1298828125 0.2981770833333333 0.1337890625 0.2890625 0.1337890625 0.2825520833333333 0.1396484375 0.2760416666666667 0.146484375 0.2721354166666667 0.1611328125 0.2721354166666667 0.1982421875 0.21614583333333334 0.2197265625 0.203125 0.240234375 0.1953125 0.2509765625 0.1953125