0 0.4739583333333333 0.5052083333333334 0.5034722222222222 0.5208333333333334 0.5173611111111112 0.5325520833333334 0.5208333333333334 0.5403645833333334 0.5208333333333334 0.5533854166666666 0.5260416666666666 0.5690104166666666 0.5260416666666666 0.5794270833333334 0.5416666666666666 0.6080729166666666 0.546875 0.6315104166666666 0.5399305555555556 0.6484375 0.5225694444444444 0.66015625 0.4930555555555556 0.671875 0.46875 0.6744791666666666 0.4479166666666667 0.6744791666666666 0.4114583333333333 0.6705729166666666 0.3836805555555556 0.65625 0.3715277777777778 0.65234375 0.359375 0.6432291666666666 0.3524305555555556 0.6341145833333334 0.34375 0.6145833333333334 0.3420138888888889 0.5755208333333334 0.34375 0.5625 0.3506944444444444 0.5455729166666666 0.3611111111111111 0.52734375 0.3697916666666667 0.5208333333333334 0.3819444444444444 0.5143229166666666 0.4131944444444444 0.50390625 0.4704861111111111 0.50390625 0.4722222222222222 0.5052083333333334
0 0.4704861111111111 0 0.5381944444444444 0 0.5399305555555556 0.0013020833333333333 0.5520833333333334 0 0.5607638888888888 0.00390625 0.5659722222222222 0 0.59375 0 0.5868055555555556 0.026041666666666668 0.578125 0.044270833333333336 0.5729166666666666 0.052083333333333336 0.5520833333333334 0.06901041666666667 0.5381944444444444 0.09375 0.53125 0.10026041666666667 0.5277777777777778 0.10026041666666667 0.5173611111111112 0.09114583333333333 0.5069444444444444 0.0703125 0.4826388888888889 0.05078125 0.4652777777777778 0.044270833333333336 0.4618055555555556 0.040364583333333336 0.4618055555555556 0.02734375 0.4670138888888889 0.013020833333333334 0.4670138888888889 0.005208333333333333 0.4704861111111111 0.0013020833333333333
0 0.4184027777777778 0.7174479166666666 0.4513888888888889 0.7317708333333334 0.4722222222222222 0.7486979166666666 0.4861111111111111 0.7747395833333334 0.4895833333333333 0.7903645833333334 0.4895833333333333 0.8059895833333334 0.4774305555555556 0.8359375 0.4635416666666667 0.8528645833333334 0.4340277777777778 0.8723958333333334 0.4201388888888889 0.8776041666666666 0.4010416666666667 0.8815104166666666 0.3715277777777778 0.8815104166666666 0.3489583333333333 0.8763020833333334 0.3402777777777778 0.8723958333333334 0.3211805555555556 0.85546875 0.3020833333333333 0.8151041666666666 0.3020833333333333 0.7643229166666666 0.3090277777777778 0.7486979166666666 0.3142361111111111 0.7434895833333334 0.3350694444444444 0.73046875 0.3611111111111111 0.71875 0.3958333333333333 0.7161458333333334 0.4166666666666667 0.7174479166666666
0 0.6423611111111112 0.4309895833333333 0.6440972222222222 0.4322916666666667 0.6857638888888888 0.4309895833333333 0.6944444444444444 0.43359375 0.7065972222222222 0.43359375 0.7239583333333334 0.4388020833333333 0.7534722222222222 0.4440104166666667 0.7881944444444444 0.4557291666666667 0.84375 0.4973958333333333 0.8576388888888888 0.5182291666666666 0.859375 0.5611979166666666 0.8541666666666666 0.5833333333333334 0.8454861111111112 0.6015625 0.828125 0.6263020833333334 0.7881944444444444 0.65625 0.7413194444444444 0.6731770833333334 0.71875 0.6783854166666666 0.7100694444444444 0.6875 0.6909722222222222 0.6861979166666666 0.6770833333333334 0.6796875 0.65625 0.67578125 0.6440972222222222 0.6744791666666666 0.6267361111111112 0.67578125 0.6232638888888888 0.6731770833333334 0.6006944444444444 0.66796875 0.5833333333333334 0.6549479166666666 0.5798611111111112 0.6497395833333334 0.5833333333333334 0.6393229166666666 0.5659722222222222 0.6263020833333334 0.5486111111111112 0.6067708333333334 0.5399305555555556 0.5950520833333334 0.53125 0.5755208333333334 0.5277777777777778 0.5572916666666666 0.5295138888888888 0.5325520833333334 0.5347222222222222 0.51953125 0.5451388888888888 0.5065104166666666 0.5520833333333334 0.48828125 0.5694444444444444 0.4739583333333333 0.5868055555555556 0.4635416666666667 0.609375 0.44140625 0.6302083333333334 0.4322916666666667 0.640625 0.4309895833333333
0 0.2916666666666667 0.4427083333333333 0.3454861111111111 0.46484375 0.3576388888888889 0.4739583333333333 0.3732638888888889 0.4947916666666667 0.3767361111111111 0.50390625 0.3767361111111111 0.51171875 0.359375 0.5234375 0.34375 0.546875 0.3350694444444444 0.5846354166666666 0.3194444444444444 0.5950520833333334 0.2986111111111111 0.5989583333333334 0.2760416666666667 0.5963541666666666 0.2309027777777778 0.59765625 0.2152777777777778 0.5924479166666666 0.1996527777777778 0.5807291666666666 0.19618055555555555 0.5755208333333334 0.1840277777777778 0.5690104166666666 0.18229166666666666 0.5559895833333334 0.17708333333333334 0.55078125 0.1684027777777778 0.53125 0.1597222222222222 0.5247395833333334 0.1579861111111111 0.5104166666666666 0.1579861111111111 0.5078125 0.16666666666666666 0.5013020833333334 0.1684027777777778 0.4895833333333333 0.17881944444444445 0.47265625 0.2048611111111111 0.453125 0.22569444444444445 0.4453125 0.24131944444444445 0.4427083333333333 0.2552083333333333 0.44140625 0.2899305555555556 0.4427083333333333
0 0.6059027777777778 0.6822916666666666 0.6319444444444444 0.6848958333333334 0.65625 0.6927083333333334 0.6736111111111112 0.703125 0.6927083333333334 0.71875 0.7100694444444444 0.7395833333333334 0.71875 0.7591145833333334 0.71875 0.7877604166666666 0.7152777777777778 0.7942708333333334 0.7152777777777778 0.8125 0.6961805555555556 0.8359375 0.6857638888888888 0.8411458333333334 0.6666666666666666 0.8463541666666666 0.6440972222222222 0.84765625 0.6232638888888888 0.8619791666666666 0.6128472222222222 0.8658854166666666 0.6041666666666666 0.8658854166666666 0.6024305555555556 0.8645833333333334 0.6041666666666666 0.8515625 0.6006944444444444 0.8489583333333334 0.578125 0.8450520833333334 0.5538194444444444 0.8346354166666666 0.5277777777777778 0.8111979166666666 0.515625 0.7942708333333334 0.5121527777777778 0.7877604166666666 0.5069444444444444 0.7565104166666666 0.5138888888888888 0.7330729166666666 0.5295138888888888 0.7122395833333334 0.5364583333333334 0.7057291666666666 0.5625 0.69140625 0.5763888888888888 0.6861979166666666 0.5902777777777778 0.68359375 0.6041666666666666 0.68359375
0 0.3541666666666667 0.2942708333333333 0.3732638888888889 0.2994791666666667 0.3819444444444444 0.30859375 0.3802083333333333 0.31640625 0.3732638888888889 0.3268229166666667 0.3715277777777778 0.3489583333333333 0.3628472222222222 0.3763020833333333 0.3628472222222222 0.3880208333333333 0.3715277777777778 0.4153645833333333 0.3923611111111111 0.44140625 0.390625 0.44921875 0.3871527777777778 0.4518229166666667 0.3628472222222222 0.4583333333333333 0.3454861111111111 0.4583333333333333 0.3333333333333333 0.4557291666666667 0.3142361111111111 0.44921875 0.3072916666666667 0.4440104166666667 0.2916666666666667 0.4375 0.2847222222222222 0.4309895833333333 0.2743055555555556 0.4140625 0.2569444444444444 0.3971354166666667 0.2517361111111111 0.3841145833333333 0.2534722222222222 0.359375 0.2673611111111111 0.3294270833333333 0.2795138888888889 0.3138020833333333 0.2951388888888889 0.3033854166666667 0.3142361111111111 0.296875 0.3263888888888889 0.2942708333333333 0.3524305555555556 0.2942708333333333
0 0.5694444444444444 0.23958333333333334 0.6128472222222222 0.25390625 0.6336805555555556 0.265625 0.6649305555555556 0.2903645833333333 0.6840277777777778 0.3203125 0.6909722222222222 0.3489583333333333 0.6909722222222222 0.36328125 0.6840277777777778 0.3971354166666667 0.6684027777777778 0.4231770833333333 0.6597222222222222 0.4270833333333333 0.6493055555555556 0.42578125 0.625 0.4270833333333333 0.5954861111111112 0.4440104166666667 0.5677083333333334 0.4674479166666667 0.5416666666666666 0.4778645833333333 0.5225694444444444 0.4752604166666667 0.5017361111111112 0.4752604166666667 0.4947916666666667 0.4778645833333333 0.4826388888888889 0.4778645833333333 0.4427083333333333 0.4674479166666667 0.421875 0.45703125 0.3940972222222222 0.4361979166666667 0.3802083333333333 0.4205729166666667 0.3680555555555556 0.3919270833333333 0.3680555555555556 0.3763020833333333 0.3697916666666667 0.3697916666666667 0.3767361111111111 0.3606770833333333 0.3784722222222222 0.33203125 0.3871527777777778 0.3125 0.3975694444444444 0.3020833333333333 0.4027777777777778 0.29296875 0.4270833333333333 0.2747395833333333 0.4583333333333333 0.2604166666666667 0.4635416666666667 0.2591145833333333 0.484375 0.2604166666666667 0.5034722222222222 0.2578125 0.5225694444444444 0.2526041666666667 0.5381944444444444 0.2513020833333333 0.546875 0.24869791666666666 0.5590277777777778 0.23958333333333334 0.5677083333333334 0.23958333333333334
0 0.2482638888888889 0.21354166666666666 0.2777777777777778 0.22135416666666666 0.2916666666666667 0.23046875 0.296875 0.2421875 0.3177083333333333 0.2643229166666667 0.328125 0.2799479166666667 0.3298611111111111 0.2890625 0.2916666666666667 0.3020833333333333 0.2743055555555556 0.3151041666666667 0.265625 0.3255208333333333 0.2552083333333333 0.3502604166666667 0.24479166666666666 0.3671875 0.2361111111111111 0.3671875 0.19618055555555555 0.35546875 0.1753472222222222 0.33984375 0.16145833333333334 0.3216145833333333 0.15625 0.296875 0.14756944444444445 0.28515625 0.14756944444444445 0.27734375 0.1736111111111111 0.24088541666666666 0.19444444444444445 0.22526041666666666 0.203125 0.22005208333333334 0.21875 0.21484375 0.2465277777777778 0.21354166666666666
0 0.19618055555555555 0.3580729166666667 0.2309027777777778 0.37109375 0.24479166666666666 0.3802083333333333 0.2482638888888889 0.3919270833333333 0.2690972222222222 0.4166666666666667 0.2725694444444444 0.4322916666666667 0.265625 0.4375 0.2361111111111111 0.4401041666666667 0.2048611111111111 0.44921875 0.18055555555555555 0.4661458333333333 0.16666666666666666 0.484375 0.1527777777777778 0.484375 0.140625 0.48046875 0.1284722222222222 0.4739583333333333 0.1111111111111111 0.4596354166666667 0.10243055555555555 0.44140625 0.10243055555555555 0.4296875 0.0954861111111111 0.41015625 0.0954861111111111 0.3997395833333333 0.1076388888888889 0.3802083333333333 0.13020833333333334 0.3645833333333333 0.14756944444444445 0.3580729166666667 0.16493055555555555 0.35546875 0.19444444444444445 0.3580729166666667
0 0.4618055555555556 0.045572916666666664 0.484375 0.055989583333333336 0.5034722222222222 0.07161458333333333 0.515625 0.09505208333333333 0.5243055555555556 0.10416666666666667 0.5243055555555556 0.140625 0.5208333333333334 0.16276041666666666 0.5225694444444444 0.18489583333333334 0.5086805555555556 0.19791666666666666 0.4947916666666667 0.22916666666666666 0.4826388888888889 0.23958333333333334 0.4357638888888889 0.265625 0.3888888888888889 0.27734375 0.3680555555555556 0.2760416666666667 0.3454861111111111 0.26953125 0.3420138888888889 0.2669270833333333 0.3368055555555556 0.2669270833333333 0.3125 0.25 0.296875 0.23177083333333334 0.2951388888888889 0.18098958333333334 0.3003472222222222 0.15364583333333334 0.2986111111111111 0.13541666666666666 0.3072916666666667 0.1171875 0.3090277777777778 0.10286458333333333 0.3194444444444444 0.08203125 0.3350694444444444 0.07552083333333333 0.3645833333333333 0.0546875 0.3802083333333333 0.046875 0.4184027777777778 0.0390625 0.4427083333333333 0.040364583333333336 0.4600694444444444 0.045572916666666664
0 0.2760416666666667 0.6015625 0.3333333333333333 0.6171875 0.3420138888888889 0.6236979166666666 0.3489583333333333 0.6419270833333334 0.3680555555555556 0.65625 0.3854166666666667 0.6614583333333334 0.3975694444444444 0.6692708333333334 0.3975694444444444 0.6744791666666666 0.3784722222222222 0.6888020833333334 0.3559027777777778 0.7174479166666666 0.3350694444444444 0.7252604166666666 0.3107638888888889 0.7408854166666666 0.2986111111111111 0.7513020833333334 0.2777777777777778 0.7578125 0.24479166666666666 0.7565104166666666 0.21006944444444445 0.74609375 0.2013888888888889 0.73828125 0.1909722222222222 0.734375 0.1753472222222222 0.7239583333333334 0.16145833333333334 0.7174479166666666 0.1527777777777778 0.7161458333333334 0.13020833333333334 0.6979166666666666 0.13194444444444445 0.6822916666666666 0.1440972222222222 0.671875 0.14756944444444445 0.6640625 0.16319444444444445 0.6614583333333334 0.1701388888888889 0.65625 0.1909722222222222 0.6236979166666666 0.2013888888888889 0.6145833333333334 0.22569444444444445 0.6028645833333334 0.2743055555555556 0.6015625