0 0.41015625 0.7643229166666666 0.41796875 0.77734375 0.4423828125 0.7877604166666666 0.4580078125 0.8072916666666666 0.4638671875 0.8190104166666666 0.4638671875 0.8385416666666666 0.47265625 0.8802083333333334 0.47265625 0.8958333333333334 0.4677734375 0.92578125 0.462890625 0.9401041666666666 0.443359375 0.9765625 0.443359375 0.98828125 0.4462890625 0.9947916666666666 0.4423828125 0.9986979166666666 0.3251953125 0.9986979166666666 0.3125 0.9830729166666666 0.302734375 0.9635416666666666 0.2919921875 0.93359375 0.2880859375 0.9140625 0.2919921875 0.875 0.306640625 0.8307291666666666 0.3115234375 0.8203125 0.3349609375 0.7864583333333334 0.345703125 0.77734375 0.35546875 0.7734375 0.3642578125 0.7643229166666666 0.376953125 0.7643229166666666 0.388671875 0.7591145833333334 0.4091796875 0.7643229166666666
0 0.46875 0.3971354166666667 0.5 0.40625 0.515625 0.4166666666666667 0.5341796875 0.4466145833333333 0.5380859375 0.4622395833333333 0.5361328125 0.4934895833333333 0.529296875 0.51953125 0.513671875 0.5377604166666666 0.509765625 0.5455729166666666 0.4716796875 0.55859375 0.4560546875 0.55859375 0.4248046875 0.54296875 0.4189453125 0.5325520833333334 0.4091796875 0.4869791666666667 0.4091796875 0.4700520833333333 0.4150390625 0.4440104166666667 0.4306640625 0.4140625 0.44140625 0.4036458333333333 0.458984375 0.3971354166666667 0.4677734375 0.3971354166666667
0 0.38671875 0.5572916666666666 0.412109375 0.5690104166666666 0.4306640625 0.5846354166666666 0.4501953125 0.6171875 0.45703125 0.6263020833333334 0.466796875 0.6328125 0.466796875 0.640625 0.4658203125 0.6458333333333334 0.462890625 0.64453125 0.4599609375 0.6471354166666666 0.45703125 0.6432291666666666 0.455078125 0.64453125 0.4462890625 0.6940104166666666 0.439453125 0.7109375 0.41015625 0.73828125 0.392578125 0.7473958333333334 0.3720703125 0.7526041666666666 0.35546875 0.7526041666666666 0.3251953125 0.7330729166666666 0.3056640625 0.7057291666666666 0.2939453125 0.67578125 0.2939453125 0.66796875 0.2958984375 0.6575520833333334 0.2998046875 0.6497395833333334 0.3017578125 0.6315104166666666 0.3056640625 0.6171875 0.314453125 0.6028645833333334 0.3173828125 0.5885416666666666 0.3212890625 0.5807291666666666 0.3359375 0.5690104166666666 0.3583984375 0.55859375 0.3720703125 0.5559895833333334 0.3857421875 0.5572916666666666
0 0.6513671875 0.3541666666666667 0.6904296875 0.3645833333333333 0.7099609375 0.3763020833333333 0.7333984375 0.3971354166666667 0.7431640625 0.43359375 0.7451171875 0.4817708333333333 0.7412109375 0.5091145833333334 0.7314453125 0.5416666666666666 0.7119140625 0.5690104166666666 0.6904296875 0.5833333333333334 0.6669921875 0.58984375 0.6494140625 0.5911458333333334 0.6279296875 0.5911458333333334 0.619140625 0.5807291666666666 0.5986328125 0.5729166666666666 0.580078125 0.5572916666666666 0.55859375 0.5299479166666666 0.552734375 0.5143229166666666 0.552734375 0.5026041666666666 0.5458984375 0.45703125 0.5458984375 0.4375 0.5498046875 0.4166666666666667 0.556640625 0.3958333333333333 0.57421875 0.3723958333333333 0.58203125 0.3658854166666667 0.59375 0.3580729166666667 0.603515625 0.35546875 0.623046875 0.3528645833333333 0.650390625 0.3541666666666667
0 0.390625 0.25 0.4052734375 0.2591145833333333 0.4140625 0.2682291666666667 0.4296875 0.29296875 0.4375 0.3190104166666667 0.439453125 0.3645833333333333 0.4130859375 0.4049479166666667 0.3837890625 0.4231770833333333 0.37109375 0.42578125 0.3447265625 0.4231770833333333 0.3271484375 0.40625 0.3125 0.3619791666666667 0.3095703125 0.3177083333333333 0.3203125 0.2864583333333333 0.3291015625 0.2721354166666667 0.337890625 0.2630208333333333 0.3525390625 0.2526041666666667 0.3623046875 0.24869791666666666 0.3896484375 0.25
0 0.244140625 0.2552083333333333 0.2666015625 0.2643229166666667 0.279296875 0.2747395833333333 0.2900390625 0.2890625 0.3017578125 0.3190104166666667 0.3037109375 0.33203125 0.3037109375 0.3619791666666667 0.2958984375 0.3776041666666667 0.2880859375 0.40234375 0.2763671875 0.41796875 0.2568359375 0.43359375 0.236328125 0.4388020833333333 0.2216796875 0.4388020833333333 0.2099609375 0.4348958333333333 0.19140625 0.43359375 0.1728515625 0.421875 0.16015625 0.4036458333333333 0.1513671875 0.3841145833333333 0.1455078125 0.3606770833333333 0.1455078125 0.3411458333333333 0.1484375 0.3268229166666667 0.1630859375 0.2955729166666667 0.171875 0.26953125 0.1826171875 0.2708333333333333 0.19140625 0.2643229166666667 0.2109375 0.2604166666666667 0.2275390625 0.25390625 0.2431640625 0.2552083333333333
0 0.212890625 0.4401041666666667 0.236328125 0.44921875 0.248046875 0.45703125 0.2666015625 0.48046875 0.29296875 0.5221354166666666 0.3056640625 0.5768229166666666 0.302734375 0.61328125 0.2958984375 0.6315104166666666 0.2919921875 0.65625 0.2802734375 0.6822916666666666 0.265625 0.69921875 0.2412109375 0.7161458333333334 0.220703125 0.7213541666666666 0.20703125 0.7213541666666666 0.1904296875 0.7161458333333334 0.16015625 0.6953125 0.142578125 0.6731770833333334 0.1328125 0.65625 0.12890625 0.640625 0.119140625 0.6184895833333334 0.115234375 0.5924479166666666 0.115234375 0.5260416666666666 0.1259765625 0.4947916666666667 0.13671875 0.4739583333333333 0.154296875 0.4544270833333333 0.169921875 0.4440104166666667 0.1826171875 0.4388020833333333 0.2119140625 0.4401041666666667
0 0.640625 0.13411458333333334 0.6591796875 0.14453125 0.67578125 0.14453125 0.6796875 0.1484375 0.6953125 0.18489583333333334 0.7021484375 0.19401041666666666 0.7080078125 0.23697916666666666 0.7001953125 0.28125 0.6884765625 0.3033854166666667 0.6572265625 0.32421875 0.6328125 0.3307291666666667 0.623046875 0.3307291666666667 0.6025390625 0.3216145833333333 0.5810546875 0.2981770833333333 0.564453125 0.24348958333333334 0.564453125 0.23697916666666666 0.5673828125 0.23046875 0.5654296875 0.20572916666666666 0.5673828125 0.19401041666666666 0.576171875 0.171875 0.591796875 0.1484375 0.6142578125 0.13411458333333334 0.6396484375 0.13411458333333334
0 0.52734375 0.6380208333333334 0.533203125 0.6432291666666666 0.5458984375 0.6627604166666666 0.5517578125 0.6640625 0.560546875 0.6705729166666666 0.5712890625 0.6822916666666666 0.576171875 0.6953125 0.5966796875 0.72265625 0.599609375 0.7356770833333334 0.599609375 0.74609375 0.59375 0.7591145833333334 0.5703125 0.78125 0.5615234375 0.80078125 0.546875 0.8203125 0.5390625 0.8346354166666666 0.533203125 0.8346354166666666 0.5263671875 0.83984375 0.494140625 0.83203125 0.46875 0.8151041666666666 0.4423828125 0.7786458333333334 0.439453125 0.76953125 0.439453125 0.75390625 0.4375 0.7513020833333334 0.4404296875 0.7200520833333334 0.4482421875 0.6979166666666666 0.4580078125 0.6809895833333334 0.4599609375 0.6666666666666666 0.4638671875 0.66015625 0.494140625 0.6393229166666666 0.5078125 0.6354166666666666 0.5224609375 0.6354166666666666 0.5263671875 0.6380208333333334
0 0.5322265625 0.19921875 0.537109375 0.19921875 0.5390625 0.20182291666666666 0.546875 0.22526041666666666 0.56640625 0.26171875 0.57421875 0.2890625 0.57421875 0.31640625 0.5703125 0.3359375 0.564453125 0.3528645833333333 0.55078125 0.37109375 0.533203125 0.3828125 0.51171875 0.3841145833333333 0.4609375 0.3645833333333333 0.4580078125 0.3606770833333333 0.45703125 0.3541666666666667 0.453125 0.3515625 0.4404296875 0.2825520833333333 0.4404296875 0.26171875 0.4453125 0.23958333333333334 0.453125 0.22265625 0.4599609375 0.21484375 0.4736328125 0.20572916666666666 0.4970703125 0.20182291666666666 0.5 0.19921875 0.5126953125 0.19921875 0.5263671875 0.21223958333333334 0.5302734375 0.20963541666666666 0.5322265625 0.20052083333333334
0 0.560546875 0.5377604166666666 0.5986328125 0.578125 0.6181640625 0.5846354166666666 0.6201171875 0.5885416666666666 0.619140625 0.6119791666666666 0.62109375 0.6302083333333334 0.619140625 0.6354166666666666 0.6103515625 0.6484375 0.5966796875 0.6614583333333334 0.578125 0.6744791666666666 0.5693359375 0.6744791666666666 0.5439453125 0.6549479166666666 0.5390625 0.6458333333333334 0.525390625 0.6302083333333334 0.5224609375 0.6158854166666666 0.521484375 0.5911458333333334 0.5185546875 0.578125 0.5361328125 0.5520833333333334 0.548828125 0.5416666666666666 0.5595703125 0.5377604166666666
0 0.2568359375 0.7265625 0.2685546875 0.73046875 0.2919921875 0.75 0.30078125 0.76171875 0.3037109375 0.76953125 0.3056640625 0.78515625 0.3046875 0.8177083333333334 0.3017578125 0.8359375 0.2958984375 0.8528645833333334 0.2763671875 0.8802083333333334 0.2607421875 0.890625 0.2392578125 0.8958333333333334 0.2119140625 0.89453125 0.2001953125 0.88671875 0.193359375 0.8776041666666666 0.1865234375 0.8619791666666666 0.1787109375 0.82421875 0.1767578125 0.7890625 0.185546875 0.7591145833333334 0.201171875 0.7369791666666666 0.2255859375 0.7239583333333334 0.255859375 0.7265625