0 0.341796875 0.609375 0.369140625 0.6145833333333334 0.3720703125 0.62109375 0.390625 0.6197916666666666 0.4091796875 0.6328125 0.4365234375 0.671875 0.453125 0.7005208333333334 0.4580078125 0.7135416666666666 0.4677734375 0.7604166666666666 0.4697265625 0.7877604166666666 0.46875 0.8151041666666666 0.462890625 0.8489583333333334 0.455078125 0.875 0.43359375 0.9166666666666666 0.416015625 0.9361979166666666 0.400390625 0.9466145833333334 0.3740234375 0.95703125 0.3583984375 0.9596354166666666 0.3466796875 0.9583333333333334 0.3251953125 0.953125 0.310546875 0.9466145833333334 0.3046875 0.9466145833333334 0.302734375 0.9518229166666666 0.2958984375 0.9557291666666666 0.2890625 0.9557291666666666 0.2919921875 0.9388020833333334 0.26953125 0.9192708333333334 0.2509765625 0.8958333333333334 0.236328125 0.8723958333333334 0.2353515625 0.8606770833333334 0.2236328125 0.8294270833333334 0.21875 0.8072916666666666 0.216796875 0.7682291666666666 0.2177734375 0.7330729166666666 0.22265625 0.7083333333333334 0.234375 0.6744791666666666 0.23828125 0.6692708333333334 0.2490234375 0.6640625 0.2626953125 0.6497395833333334 0.2919921875 0.62890625 0.310546875 0.62109375 0.330078125 0.6197916666666666 0.337890625 0.6158854166666666 0.3408203125 0.6106770833333334
0 0.7744140625 0.5247395833333334 0.7978515625 0.5416666666666666 0.80859375 0.5598958333333334 0.8193359375 0.59375 0.8193359375 0.6263020833333334 0.82421875 0.6380208333333334 0.82421875 0.6497395833333334 0.8232421875 0.6575520833333334 0.8203125 0.6627604166666666 0.8095703125 0.6640625 0.7998046875 0.6796875 0.78515625 0.6966145833333334 0.7724609375 0.7057291666666666 0.7578125 0.7109375 0.744140625 0.7109375 0.7177734375 0.7057291666666666 0.701171875 0.6966145833333334 0.69140625 0.6848958333333334 0.68359375 0.6705729166666666 0.6787109375 0.6497395833333334 0.6767578125 0.6328125 0.6767578125 0.59765625 0.6796875 0.5833333333333334 0.685546875 0.5703125 0.7119140625 0.5325520833333334 0.73828125 0.51953125 0.7529296875 0.5182291666666666 0.7666015625 0.5208333333333334 0.7734375 0.5247395833333334
0 0.4208984375 0.21875 0.42578125 0.21744791666666666 0.435546875 0.23307291666666666 0.4404296875 0.24869791666666666 0.4404296875 0.2578125 0.431640625 0.26171875 0.419921875 0.2721354166666667 0.408203125 0.2903645833333333 0.404296875 0.3020833333333333 0.400390625 0.2994791666666667 0.3935546875 0.28515625 0.3876953125 0.2669270833333333 0.388671875 0.2565104166666667 0.3974609375 0.25390625 0.40234375 0.24739583333333334 0.408203125 0.23046875 0.4189453125 0.234375 0.4208984375 0.22005208333333334
0 0.15234375 0.4817708333333333 0.15234375 0.4908854166666667 0.1435546875 0.51953125 0.138671875 0.5442708333333334 0.138671875 0.5611979166666666 0.1416015625 0.5768229166666666 0.1474609375 0.5924479166666666 0.158203125 0.6106770833333334 0.177734375 0.6354166666666666 0.1953125 0.6484375 0.2060546875 0.65234375 0.2109375 0.6575520833333334 0.2041015625 0.6731770833333334 0.19140625 0.6875 0.1767578125 0.6953125 0.158203125 0.69921875 0.1220703125 0.6953125 0.1025390625 0.68359375 0.0732421875 0.6471354166666666 0.064453125 0.6263020833333334 0.0595703125 0.6028645833333334 0.0615234375 0.5703125 0.072265625 0.5299479166666666 0.078125 0.5182291666666666 0.0947265625 0.5026041666666666 0.119140625 0.48828125 0.1357421875 0.4830729166666667 0.1513671875 0.4817708333333333
0 0.3935546875 0.4127604166666667 0.396484375 0.4244791666666667 0.396484375 0.4361979166666667 0.3896484375 0.4609375 0.388671875 0.5078125 0.39453125 0.5260416666666666 0.400390625 0.5325520833333334 0.412109375 0.5533854166666666 0.4140625 0.5625 0.3974609375 0.5794270833333334 0.37890625 0.5872395833333334 0.361328125 0.5872395833333334 0.3408203125 0.5807291666666666 0.34765625 0.5403645833333334 0.3466796875 0.5013020833333334 0.3408203125 0.48046875 0.3154296875 0.4453125 0.3193359375 0.44140625 0.328125 0.44140625 0.3525390625 0.43359375 0.36328125 0.4270833333333333 0.376953125 0.4140625 0.38671875 0.4114583333333333 0.392578125 0.4127604166666667
0 0.2724609375 0.4309895833333333 0.310546875 0.4479166666666667 0.32421875 0.4609375 0.337890625 0.4817708333333333 0.341796875 0.4908854166666667 0.345703125 0.5143229166666666 0.3427734375 0.55859375 0.337890625 0.5768229166666666 0.33203125 0.58984375 0.310546875 0.6158854166666666 0.29296875 0.6236979166666666 0.2802734375 0.6341145833333334 0.2548828125 0.6484375 0.2333984375 0.6549479166666666 0.2197265625 0.6536458333333334 0.1982421875 0.6458333333333334 0.1806640625 0.6341145833333334 0.1708984375 0.6236979166666666 0.16015625 0.6080729166666666 0.1455078125 0.5768229166666666 0.1416015625 0.5598958333333334 0.1416015625 0.5403645833333334 0.1474609375 0.51171875 0.1572265625 0.4817708333333333 0.1875 0.4505208333333333 0.22265625 0.4309895833333333 0.271484375 0.4309895833333333
0 0.279296875 0.22005208333333334 0.3154296875 0.22005208333333334 0.345703125 0.2265625 0.369140625 0.23828125 0.3828125 0.2513020833333333 0.388671875 0.27734375 0.4013671875 0.3072916666666667 0.4033203125 0.3203125 0.4033203125 0.3502604166666667 0.3974609375 0.3841145833333333 0.3916015625 0.3997395833333333 0.3837890625 0.4075520833333333 0.3720703125 0.4127604166666667 0.35546875 0.4283854166666667 0.3203125 0.4388020833333333 0.302734375 0.4388020833333333 0.265625 0.4231770833333333 0.25 0.4036458333333333 0.240234375 0.3736979166666667 0.240234375 0.3268229166666667 0.2373046875 0.3203125 0.2392578125 0.3177083333333333 0.23828125 0.3138020833333333 0.2412109375 0.2994791666666667 0.236328125 0.28515625 0.2373046875 0.2669270833333333 0.2314453125 0.24739583333333334 0.220703125 0.23046875 0.2197265625 0.21614583333333334 0.2236328125 0.21484375 0.228515625 0.22916666666666666 0.236328125 0.23828125 0.244140625 0.23567708333333334 0.248046875 0.22786458333333334 0.25 0.21614583333333334 0.25390625 0.20963541666666666 0.26171875 0.2109375 0.2646484375 0.22526041666666666 0.2705078125 0.22526041666666666 0.2734375 0.22005208333333334 0.2783203125 0.22005208333333334
0 0.2373046875 0.2942708333333333 0.2392578125 0.3033854166666667 0.234375 0.3203125 0.23828125 0.32421875 0.23828125 0.3697916666666667 0.240234375 0.3802083333333333 0.248046875 0.40234375 0.2626953125 0.4244791666666667 0.2568359375 0.4270833333333333 0.22265625 0.4283854166666667 0.208984375 0.4348958333333333 0.2060546875 0.4348958333333333 0.2021484375 0.4283854166666667 0.201171875 0.4114583333333333 0.1943359375 0.3880208333333333 0.1953125 0.3580729166666667 0.2041015625 0.3333333333333333 0.208984375 0.3268229166666667 0.220703125 0.3203125 0.2265625 0.3138020833333333 0.2275390625 0.30078125 0.2314453125 0.2916666666666667 0.236328125 0.2942708333333333
0 0.5986328125 0.3229166666666667 0.6162109375 0.3294270833333333 0.6455078125 0.3541666666666667 0.6728515625 0.3932291666666667 0.685546875 0.4270833333333333 0.689453125 0.4609375 0.6875 0.4986979166666667 0.69140625 0.5052083333333334 0.6923828125 0.51171875 0.6884765625 0.5182291666666666 0.6826171875 0.5221354166666666 0.6796875 0.5286458333333334 0.68359375 0.5494791666666666 0.6826171875 0.5559895833333334 0.6796875 0.5598958333333334 0.6669921875 0.56640625 0.66015625 0.5638020833333334 0.6552734375 0.5442708333333334 0.62890625 0.56640625 0.623046875 0.56640625 0.5986328125 0.5533854166666666 0.5908203125 0.5533854166666666 0.583984375 0.54296875 0.578125 0.5234375 0.5712890625 0.4856770833333333 0.572265625 0.45703125 0.5654296875 0.40625 0.556640625 0.3815104166666667 0.5322265625 0.3515625 0.5390625 0.3424479166666667 0.57421875 0.3229166666666667 0.59765625 0.3229166666666667
0 0.6064453125 0.5611979166666666 0.623046875 0.5703125 0.6416015625 0.58984375 0.650390625 0.60546875 0.662109375 0.640625 0.6650390625 0.6848958333333334 0.6591796875 0.7135416666666666 0.6484375 0.7395833333333334 0.6484375 0.74609375 0.650390625 0.7486979166666666 0.6591796875 0.7434895833333334 0.6767578125 0.72265625 0.681640625 0.72265625 0.689453125 0.734375 0.671875 0.7591145833333334 0.6708984375 0.7643229166666666 0.66796875 0.765625 0.6611328125 0.7630208333333334 0.6337890625 0.76953125 0.619140625 0.7890625 0.6201171875 0.7994791666666666 0.603515625 0.7994791666666666 0.5869140625 0.8072916666666666 0.5712890625 0.8111979166666666 0.5595703125 0.8111979166666666 0.5283203125 0.8033854166666666 0.5087890625 0.7890625 0.4951171875 0.7708333333333334 0.482421875 0.73828125 0.4755859375 0.7018229166666666 0.462890625 0.6875 0.46875 0.6614583333333334 0.482421875 0.6354166666666666 0.482421875 0.6263020833333334 0.4765625 0.6184895833333334 0.4697265625 0.6145833333333334 0.4833984375 0.6015625 0.49609375 0.59765625 0.5185546875 0.5833333333333334 0.529296875 0.5846354166666666 0.5390625 0.5924479166666666 0.5537109375 0.5950520833333334 0.5771484375 0.5833333333333334 0.5859375 0.5716145833333334 0.5859375 0.5651041666666666 0.58984375 0.5598958333333334 0.595703125 0.55859375 0.60546875 0.5611979166666666
0 0.5185546875 0.34765625 0.5361328125 0.3619791666666667 0.55078125 0.3802083333333333 0.55859375 0.4010416666666667 0.56640625 0.4322916666666667 0.568359375 0.453125 0.5673828125 0.4869791666666667 0.5771484375 0.546875 0.57421875 0.5559895833333334 0.5673828125 0.55859375 0.5625 0.56640625 0.5537109375 0.5703125 0.55078125 0.57421875 0.52734375 0.57421875 0.509765625 0.5807291666666666 0.4873046875 0.5846354166666666 0.4609375 0.5807291666666666 0.443359375 0.57421875 0.4150390625 0.5533854166666666 0.3984375 0.5221354166666666 0.39453125 0.5091145833333334 0.3916015625 0.48046875 0.392578125 0.4583333333333333 0.3984375 0.4388020833333333 0.400390625 0.4166666666666667 0.404296875 0.40625 0.4296875 0.3697916666666667 0.4384765625 0.3619791666666667 0.4609375 0.34765625 0.482421875 0.3411458333333333 0.4970703125 0.3411458333333333 0.517578125 0.34765625
0 0.466796875 0.24869791666666666 0.4912109375 0.2513020833333333 0.5205078125 0.2682291666666667 0.5390625 0.2890625 0.546875 0.3098958333333333 0.5498046875 0.3307291666666667 0.529296875 0.3489583333333333 0.4951171875 0.3385416666666667 0.4765625 0.33984375 0.4609375 0.3450520833333333 0.427734375 0.3658854166666667 0.4189453125 0.3619791666666667 0.4072265625 0.3619791666666667 0.40625 0.3020833333333333 0.408203125 0.2942708333333333 0.4140625 0.28125 0.4267578125 0.2669270833333333 0.4462890625 0.2578125 0.4560546875 0.25 0.4658203125 0.24869791666666666