0 0 0.3658854166666667 0.0068359375 0.37109375 0.0078125 0.3776041666666667 0.021484375 0.3932291666666667 0.0361328125 0.41796875 0.041015625 0.4283854166666667 0.0419921875 0.4401041666666667 0.046875 0.4544270833333333 0.0576171875 0.4674479166666667 0.064453125 0.4869791666666667 0.056640625 0.5013020833333334 0.044921875 0.5143229166666666 0.037109375 0.51953125 0.025390625 0.5390625 0.015625 0.546875 0.00390625 0.5651041666666666 0 0.56640625 0 0.3671875
0 0.474609375 0.3619791666666667 0.498046875 0.3671875 0.501953125 0.37890625 0.5087890625 0.38671875 0.53125 0.4010416666666667 0.5341796875 0.4114583333333333 0.5322265625 0.4466145833333333 0.54296875 0.4635416666666667 0.5439453125 0.4700520833333333 0.5419921875 0.4856770833333333 0.5380859375 0.4973958333333333 0.5390625 0.5091145833333334 0.529296875 0.5221354166666666 0.5244140625 0.5234375 0.5263671875 0.5481770833333334 0.5224609375 0.5572916666666666 0.515625 0.5533854166666666 0.509765625 0.5455729166666666 0.5009765625 0.5442708333333334 0.4970703125 0.546875 0.5 0.5729166666666666 0.5 0.59765625 0.494140625 0.6380208333333334 0.478515625 0.6901041666666666 0.4599609375 0.7200520833333334 0.44140625 0.73828125 0.416015625 0.7552083333333334 0.3984375 0.76171875 0.3759765625 0.765625 0.3564453125 0.7643229166666666 0.322265625 0.7513020833333334 0.2998046875 0.73046875 0.2958984375 0.7174479166666666 0.2939453125 0.6953125 0.2822265625 0.6614583333333334 0.265625 0.6354166666666666 0.255859375 0.62890625 0.2509765625 0.6223958333333334 0.2451171875 0.6067708333333334 0.2421875 0.5859375 0.2421875 0.5390625 0.2451171875 0.5169270833333334 0.2578125 0.46875 0.2705078125 0.44140625 0.2890625 0.4166666666666667 0.310546875 0.3971354166666667 0.328125 0.3880208333333333 0.3515625 0.3893229166666667 0.3828125 0.3802083333333333 0.4169921875 0.3893229166666667 0.419921875 0.39453125 0.4384765625 0.4088541666666667 0.44921875 0.4231770833333333 0.4560546875 0.4270833333333333 0.45703125 0.4192708333333333 0.4423828125 0.4049479166666667 0.435546875 0.3932291666666667 0.44140625 0.3932291666666667 0.4453125 0.3997395833333333 0.453125 0.40234375 0.4599609375 0.41015625 0.4619140625 0.3997395833333333 0.4580078125 0.3854166666666667 0.4580078125 0.37109375 0.46484375 0.3619791666666667 0.4736328125 0.3619791666666667
0 0.9423828125 0.4153645833333333 0.9619140625 0.4205729166666667 0.9833984375 0.4309895833333333 0.9912109375 0.44140625 0.9931640625 0.4518229166666667 0.9990234375 0.4635416666666667 0.9990234375 0.6080729166666666 0.9970703125 0.609375 0.994140625 0.6276041666666666 0.9951171875 0.6497395833333334 0.99609375 0.6549479166666666 0.9990234375 0.6575520833333334 0.9970703125 0.6614583333333334 0.9990234375 0.6627604166666666 0.9990234375 0.6744791666666666 0.99609375 0.6770833333333334 0.9990234375 0.6875 0.99609375 0.6901041666666666 0.9970703125 0.7018229166666666 0.9912109375 0.70703125 0.9912109375 0.7135416666666666 0.9951171875 0.7161458333333334 0.9951171875 0.72265625 0.9873046875 0.7369791666666666 0.9873046875 0.7408854166666666 0.9873046875 0.7369791666666666 0.9833984375 0.7330729166666666 0.9814453125 0.7356770833333334 0.982421875 0.7473958333333334 0.9794921875 0.7486979166666666 0.9775390625 0.7421875 0.9794921875 0.734375 0.9765625 0.7317708333333334 0.9755859375 0.73828125 0.96875 0.7421875 0.9697265625 0.7486979166666666 0.9677734375 0.75390625 0.9697265625 0.76171875 0.986328125 0.7591145833333334 0.986328125 0.7473958333333334 0.9912109375 0.7526041666666666 0.994140625 0.75 0.9990234375 0.7552083333333334 0.9990234375 0.765625 0.9873046875 0.765625 0.984375 0.7682291666666666 0.9990234375 0.7734375 0.9990234375 0.78125 0.9970703125 0.7825520833333334 0.9990234375 0.7838541666666666 0.9990234375 0.7877604166666666 0.9970703125 0.7890625 0.9970703125 0.79296875 0.9990234375 0.7942708333333334 0.9990234375 0.8072916666666666 0.98828125 0.828125 0.9716796875 0.8489583333333334 0.9580078125 0.859375 0.9296875 0.8684895833333334 0.8984375 0.8684895833333334 0.8818359375 0.8658854166666666 0.8701171875 0.8619791666666666 0.84765625 0.84765625 0.837890625 0.8450520833333334 0.8251953125 0.8359375 0.8056640625 0.8098958333333334 0.791015625 0.7838541666666666 0.7734375 0.73046875 0.76953125 0.69921875 0.771484375 0.6484375 0.775390625 0.6080729166666666 0.7861328125 0.5807291666666666 0.787109375 0.5677083333333334 0.791015625 0.5559895833333334 0.8046875 0.5338541666666666 0.8056640625 0.5260416666666666 0.818359375 0.49609375 0.8447265625 0.4596354166666667 0.85546875 0.44921875 0.9052734375 0.4205729166666667 0.9296875 0.4140625 0.94140625 0.4153645833333333
0 0.14453125 0.55078125 0.17578125 0.5638020833333334 0.208984375 0.5950520833333334 0.2314453125 0.6276041666666666 0.2373046875 0.6549479166666666 0.2470703125 0.6497395833333334 0.2607421875 0.6497395833333334 0.259765625 0.6536458333333334 0.2529296875 0.6575520833333334 0.2548828125 0.66796875 0.244140625 0.6627604166666666 0.2412109375 0.6640625 0.240234375 0.66796875 0.2509765625 0.6822916666666666 0.2568359375 0.6861979166666666 0.2666015625 0.6848958333333334 0.275390625 0.6875 0.279296875 0.6848958333333334 0.28125 0.6875 0.2861328125 0.6979166666666666 0.2900390625 0.7174479166666666 0.29296875 0.7434895833333334 0.29296875 0.7630208333333334 0.2890625 0.7903645833333334 0.2666015625 0.8385416666666666 0.26171875 0.8684895833333334 0.244140625 0.91015625 0.2177734375 0.953125 0.2041015625 0.9713541666666666 0.177734375 0.9934895833333334 0.1708984375 0.99609375 0.1357421875 0.99609375 0.1337890625 0.9986979166666666 0.046875 0.9986979166666666 0.044921875 0.99609375 0.0341796875 0.99609375 0.025390625 0.98828125 0.0107421875 0.96875 0 0.9479166666666666 0 0.8776041666666666 0.0029296875 0.8763020833333334 0.001953125 0.8567708333333334 0 0.85546875 0 0.66015625 0.0048828125 0.65625 0.0078125 0.66015625 0.009765625 0.6575520833333334 0.0068359375 0.6471354166666666 0.0087890625 0.6197916666666666 0.0283203125 0.5911458333333334 0.04296875 0.5768229166666666 0.068359375 0.5625 0.1083984375 0.55859375 0.134765625 0.55078125 0.1435546875 0.55078125
0 0.7685546875 0.7447916666666666 0.7724609375 0.7421875 0.775390625 0.74609375 0.7763671875 0.7565104166666666 0.7861328125 0.77734375 0.7861328125 0.7838541666666666 0.796875 0.8046875 0.8212890625 0.83984375 0.8349609375 0.8489583333333334 0.8369140625 0.8606770833333334 0.859375 0.9036458333333334 0.865234375 0.9205729166666666 0.8642578125 0.95703125 0.8603515625 0.96484375 0.8564453125 0.9830729166666666 0.84765625 0.9947916666666666 0.83984375 0.99609375 0.837890625 0.9986979166666666 0.77734375 0.9986979166666666 0.7724609375 0.9557291666666666 0.7705078125 0.9505208333333334 0.76171875 0.94140625 0.7548828125 0.9244791666666666 0.7265625 0.8372395833333334 0.7294921875 0.8255208333333334 0.740234375 0.8111979166666666 0.7509765625 0.7890625 0.7646484375 0.7786458333333334 0.7607421875 0.76171875 0.7685546875 0.74609375
0 0.22265625 0.078125 0.2412109375 0.08723958333333333 0.26171875 0.109375 0.2626953125 0.16536458333333334 0.265625 0.17317708333333334 0.265625 0.19401041666666666 0.2626953125 0.203125 0.2626953125 0.21484375 0.275390625 0.2565104166666667 0.27734375 0.2916666666666667 0.2861328125 0.31640625 0.2861328125 0.33984375 0.2783203125 0.3645833333333333 0.263671875 0.3958333333333333 0.2353515625 0.4283854166666667 0.205078125 0.4505208333333333 0.189453125 0.4583333333333333 0.173828125 0.46484375 0.1484375 0.4700520833333333 0.1279296875 0.46875 0.1005859375 0.4622395833333333 0.060546875 0.4596354166666667 0.046875 0.4401041666666667 0.044921875 0.4270833333333333 0.0166015625 0.3776041666666667 0.0087890625 0.3463541666666667 0.0029296875 0.33203125 0.001953125 0.3229166666666667 0 0.3216145833333333 0 0.1796875 0.001953125 0.17838541666666666 0.00390625 0.16666666666666666 0.013671875 0.14453125 0.0263671875 0.12369791666666667 0.0361328125 0.11588541666666667 0.072265625 0.1015625 0.091796875 0.09765625 0.1298828125 0.09765625 0.1435546875 0.1015625 0.16796875 0.10026041666666667 0.1748046875 0.09635416666666667 0.181640625 0.0859375 0.1923828125 0.078125 0.2216796875 0.078125
0 0.8935546875 0.06770833333333333 0.9248046875 0.07291666666666667 0.9384765625 0.08463541666666667 0.9453125 0.09505208333333333 0.9482421875 0.10807291666666667 0.9609375 0.12369791666666667 0.9736328125 0.14583333333333334 0.982421875 0.16927083333333334 0.9912109375 0.20963541666666666 0.9912109375 0.234375 0.982421875 0.2721354166666667 0.9736328125 0.2916666666666667 0.9658203125 0.3020833333333333 0.935546875 0.3333333333333333 0.9169921875 0.3450520833333333 0.890625 0.3541666666666667 0.869140625 0.3541666666666667 0.845703125 0.3489583333333333 0.8271484375 0.3385416666666667 0.822265625 0.33203125 0.81640625 0.3098958333333333 0.7998046875 0.2760416666666667 0.7685546875 0.23697916666666666 0.7626953125 0.21875 0.7626953125 0.19791666666666666 0.7666015625 0.18489583333333334 0.8046875 0.13671875 0.8125 0.11848958333333333 0.8291015625 0.08984375 0.8388671875 0.06510416666666667 0.8525390625 0.06380208333333333 0.892578125 0.06770833333333333
0 0.6064453125 0.5065104166666666 0.626953125 0.5091145833333334 0.6611328125 0.5221354166666666 0.689453125 0.54296875 0.712890625 0.5690104166666666 0.73046875 0.59765625 0.744140625 0.6380208333333334 0.7490234375 0.6653645833333334 0.7490234375 0.7083333333333334 0.7431640625 0.7330729166666666 0.734375 0.7552083333333334 0.720703125 0.7786458333333334 0.7021484375 0.7994791666666666 0.662109375 0.8268229166666666 0.650390625 0.8307291666666666 0.6357421875 0.8411458333333334 0.6259765625 0.84375 0.6015625 0.8372395833333334 0.59375 0.8411458333333334 0.5849609375 0.8567708333333334 0.57421875 0.85546875 0.5673828125 0.859375 0.5634765625 0.8502604166666666 0.552734375 0.8489583333333334 0.54296875 0.8424479166666666 0.5390625 0.8424479166666666 0.541015625 0.8346354166666666 0.52734375 0.8268229166666666 0.5283203125 0.8203125 0.5400390625 0.8177083333333334 0.544921875 0.8111979166666666 0.5439453125 0.7760416666666666 0.5400390625 0.7721354166666666 0.5380859375 0.7747395833333334 0.5185546875 0.7734375 0.5185546875 0.765625 0.509765625 0.7552083333333334 0.509765625 0.7447916666666666 0.490234375 0.6979166666666666 0.48828125 0.6783854166666666 0.5009765625 0.6236979166666666 0.5048828125 0.5872395833333334 0.51171875 0.5755208333333334 0.51953125 0.578125 0.525390625 0.5755208333333334 0.533203125 0.53515625 0.5478515625 0.5234375 0.5712890625 0.51171875 0.5830078125 0.5078125 0.60546875 0.5065104166666666
0 0.4111328125 0.7799479166666666 0.4267578125 0.78515625 0.44921875 0.8033854166666666 0.4619140625 0.8203125 0.4677734375 0.8346354166666666 0.48046875 0.8515625 0.484375 0.86328125 0.490234375 0.8723958333333334 0.4921875 0.8828125 0.4912109375 0.90625 0.4931640625 0.9231770833333334 0.4921875 0.9791666666666666 0.490234375 0.9908854166666666 0.486328125 0.9986979166666666 0.3359375 0.9986979166666666 0.333984375 0.99609375 0.326171875 0.9986979166666666 0.28125 0.9986979166666666 0.2783203125 0.9934895833333334 0.2783203125 0.9869791666666666 0.2744140625 0.9752604166666666 0.2783203125 0.9661458333333334 0.2880859375 0.9609375 0.2919921875 0.9557291666666666 0.2919921875 0.9140625 0.298828125 0.8736979166666666 0.302734375 0.8606770833333334 0.3154296875 0.8359375 0.3212890625 0.828125 0.3466796875 0.8098958333333334 0.3623046875 0.7916666666666666 0.3720703125 0.78515625 0.3857421875 0.7799479166666666 0.41015625 0.7799479166666666
0 0.3447265625 0 0.4384765625 0 0.4658203125 0.009114583333333334 0.4853515625 0.026041666666666668 0.501953125 0.049479166666666664 0.51171875 0.055989583333333336 0.51953125 0.06510416666666667 0.5244140625 0.06510416666666667 0.5322265625 0.057291666666666664 0.5361328125 0.05859375 0.54296875 0.06901041666666667 0.546875 0.08463541666666667 0.5498046875 0.08854166666666667 0.564453125 0.09635416666666667 0.572265625 0.11979166666666667 0.5712890625 0.140625 0.5634765625 0.15494791666666666 0.564453125 0.18098958333333334 0.5556640625 0.19010416666666666 0.5546875 0.23046875 0.546875 0.2552083333333333 0.5439453125 0.2721354166666667 0.529296875 0.3033854166666667 0.509765625 0.328125 0.498046875 0.3385416666666667 0.46875 0.3567708333333333 0.4404296875 0.3645833333333333 0.3955078125 0.3645833333333333 0.373046875 0.3684895833333333 0.369140625 0.3763020833333333 0.36328125 0.37890625 0.341796875 0.37890625 0.333984375 0.3723958333333333 0.3291015625 0.3619791666666667 0.3232421875 0.3346354166666667 0.3125 0.3190104166666667 0.3046875 0.2903645833333333 0.294921875 0.2760416666666667 0.2822265625 0.23958333333333334 0.271484375 0.19010416666666666 0.271484375 0.15494791666666666 0.2685546875 0.11197916666666667 0.279296875 0.07291666666666667 0.298828125 0.040364583333333336 0.3212890625 0.013020833333333334 0.3447265625 0.0013020833333333333
0 0.7216796875 0.22786458333333334 0.74609375 0.23567708333333334 0.7724609375 0.25 0.794921875 0.27734375 0.8076171875 0.2994791666666667 0.814453125 0.3177083333333333 0.8212890625 0.3450520833333333 0.8232421875 0.3645833333333333 0.8232421875 0.3828125 0.8154296875 0.4270833333333333 0.7998046875 0.46484375 0.7880859375 0.4869791666666667 0.7724609375 0.5078125 0.76171875 0.5169270833333334 0.724609375 0.5338541666666666 0.69921875 0.5338541666666666 0.6748046875 0.5260416666666666 0.6259765625 0.4947916666666667 0.6005859375 0.4856770833333333 0.580078125 0.4739583333333333 0.5732421875 0.4622395833333333 0.5712890625 0.453125 0.5712890625 0.4479166666666667 0.578125 0.4348958333333333 0.57421875 0.4192708333333333 0.5859375 0.4049479166666667 0.5927734375 0.3828125 0.5869140625 0.35546875 0.5947265625 0.34765625 0.6005859375 0.3177083333333333 0.6162109375 0.2825520833333333 0.6337890625 0.2604166666666667 0.654296875 0.24348958333333334 0.669921875 0.23567708333333334 0.703125 0.2265625 0.720703125 0.22786458333333334
0 0.5078125 0 0.849609375 0 0.8505859375 0.00390625 0.8359375 0.052083333333333336 0.8330078125 0.06901041666666667 0.8203125 0.09765625 0.80859375 0.11588541666666667 0.80078125 0.13411458333333334 0.7646484375 0.1796875 0.7353515625 0.203125 0.7080078125 0.21744791666666666 0.669921875 0.22786458333333334 0.6337890625 0.22786458333333334 0.599609375 0.21744791666666666 0.572265625 0.19140625 0.5693359375 0.17447916666666666 0.5693359375 0.16015625 0.578125 0.140625 0.578125 0.11979166666666667 0.576171875 0.11197916666666667 0.5654296875 0.08333333333333333 0.5537109375 0.07682291666666667 0.5478515625 0.05859375 0.5390625 0.045572916666666664 0.5302734375 0.044270833333333336 0.5234375 0.05078125 0.5185546875 0.05078125 0.5146484375 0.046875 0.509765625 0.029947916666666668 0.5078125 0.0013020833333333333