0 0.2626953125 0.2786458333333333 0.2685546875 0.2799479166666667 0.2705078125 0.2838541666666667 0.259765625 0.3059895833333333 0.2568359375 0.3177083333333333 0.255859375 0.3372395833333333 0.2490234375 0.359375 0.2490234375 0.3671875 0.259765625 0.3893229166666667 0.2734375 0.4049479166666667 0.2822265625 0.4231770833333333 0.298828125 0.44140625 0.298828125 0.4505208333333333 0.294921875 0.4596354166666667 0.2841796875 0.4739583333333333 0.275390625 0.48046875 0.2607421875 0.484375 0.2509765625 0.484375 0.2265625 0.4778645833333333 0.216796875 0.4739583333333333 0.2021484375 0.4635416666666667 0.1845703125 0.4388020833333333 0.16796875 0.4049479166666667 0.166015625 0.3619791666666667 0.1728515625 0.3346354166666667 0.1845703125 0.3046875 0.1884765625 0.2994791666666667 0.2021484375 0.2890625 0.2177734375 0.2825520833333333 0.2392578125 0.2786458333333333 0.26171875 0.2786458333333333
0 0.482421875 0.2552083333333333 0.5 0.2643229166666667 0.5126953125 0.2864583333333333 0.51953125 0.3151041666666667 0.51953125 0.3502604166666667 0.51171875 0.37890625 0.4951171875 0.40625 0.482421875 0.4153645833333333 0.4619140625 0.421875 0.435546875 0.4192708333333333 0.4287109375 0.4127604166666667 0.4296875 0.40625 0.4375 0.3893229166666667 0.44140625 0.3723958333333333 0.443359375 0.3203125 0.4404296875 0.30859375 0.431640625 0.29296875 0.4228515625 0.2708333333333333 0.423828125 0.2682291666666667 0.4375 0.2643229166666667 0.451171875 0.2552083333333333 0.4814453125 0.2552083333333333
0 0.4365234375 0.4401041666666667 0.453125 0.4453125 0.4560546875 0.453125 0.47265625 0.453125 0.4794921875 0.4596354166666667 0.4951171875 0.4830729166666667 0.5205078125 0.5442708333333334 0.5234375 0.55859375 0.525390625 0.5911458333333334 0.521484375 0.6380208333333334 0.50390625 0.6888020833333334 0.478515625 0.7239583333333334 0.4697265625 0.7317708333333334 0.4599609375 0.73828125 0.4384765625 0.7434895833333334 0.404296875 0.7421875 0.384765625 0.734375 0.36328125 0.7200520833333334 0.353515625 0.7213541666666666 0.3486328125 0.7252604166666666 0.3486328125 0.7200520833333334 0.3525390625 0.71484375 0.3515625 0.7096354166666666 0.33984375 0.6953125 0.328125 0.67578125 0.3115234375 0.6393229166666666 0.3037109375 0.5794270833333334 0.3056640625 0.5455729166666666 0.3115234375 0.5130208333333334 0.3193359375 0.4921875 0.3349609375 0.4635416666666667 0.3564453125 0.45703125 0.3974609375 0.4388020833333333 0.408203125 0.4388020833333333 0.4140625 0.44140625 0.435546875 0.4401041666666667
0 0.7041015625 0.5703125 0.732421875 0.5885416666666666 0.751953125 0.6080729166666666 0.7587890625 0.6184895833333334 0.7685546875 0.66015625 0.767578125 0.7122395833333334 0.76171875 0.7330729166666666 0.744140625 0.7591145833333334 0.72265625 0.7760416666666666 0.6943359375 0.7825520833333334 0.6748046875 0.7799479166666666 0.6572265625 0.7734375 0.638671875 0.7552083333333334 0.6279296875 0.7369791666666666 0.619140625 0.7122395833333334 0.6162109375 0.671875 0.619140625 0.6380208333333334 0.6298828125 0.61328125 0.6416015625 0.5950520833333334 0.6748046875 0.5716145833333334 0.689453125 0.5690104166666666 0.703125 0.5703125
0 0.814453125 0.4466145833333333 0.8359375 0.4596354166666667 0.853515625 0.484375 0.861328125 0.5260416666666666 0.859375 0.546875 0.8603515625 0.57421875 0.8544921875 0.5885416666666666 0.84375 0.5872395833333334 0.822265625 0.6080729166666666 0.810546875 0.6158854166666666 0.7998046875 0.6184895833333334 0.7861328125 0.6171875 0.7763671875 0.6119791666666666 0.759765625 0.6080729166666666 0.7548828125 0.60546875 0.7421875 0.5911458333333334 0.732421875 0.5755208333333334 0.7265625 0.5598958333333334 0.724609375 0.5208333333333334 0.7275390625 0.5052083333333334 0.734375 0.48828125 0.7646484375 0.4557291666666667 0.7744140625 0.44921875 0.7861328125 0.4453125 0.8134765625 0.4466145833333333
0 0.21484375 0.55859375 0.232421875 0.5625 0.251953125 0.57421875 0.27734375 0.60546875 0.29296875 0.6393229166666666 0.298828125 0.6705729166666666 0.3134765625 0.6979166666666666 0.3271484375 0.73046875 0.33203125 0.7447916666666666 0.33203125 0.7513020833333334 0.32421875 0.7760416666666666 0.314453125 0.78515625 0.30859375 0.7877604166666666 0.3037109375 0.7864583333333334 0.3017578125 0.7825520833333334 0.3017578125 0.7734375 0.298828125 0.7708333333333334 0.2236328125 0.80859375 0.1943359375 0.8151041666666666 0.171875 0.8151041666666666 0.15625 0.8111979166666666 0.1474609375 0.8059895833333334 0.1357421875 0.7942708333333334 0.1220703125 0.7630208333333334 0.1064453125 0.7005208333333334 0.1015625 0.69140625 0.083984375 0.6705729166666666 0.08203125 0.6432291666666666 0.0908203125 0.6263020833333334 0.1123046875 0.5989583333333334 0.1220703125 0.6015625 0.1357421875 0.5989583333333334 0.1533203125 0.5833333333333334 0.1591796875 0.58203125 0.19921875 0.55859375 0.2138671875 0.55859375
0 0.6552734375 0.20833333333333334 0.6689453125 0.21614583333333334 0.6767578125 0.21614583333333334 0.701171875 0.2265625 0.70703125 0.23046875 0.720703125 0.24869791666666666 0.7294921875 0.2643229166666667 0.73828125 0.2916666666666667 0.7470703125 0.3385416666666667 0.748046875 0.3567708333333333 0.74609375 0.3763020833333333 0.73828125 0.40625 0.7314453125 0.421875 0.7177734375 0.4440104166666667 0.70703125 0.44921875 0.7041015625 0.453125 0.6953125 0.4778645833333333 0.69140625 0.4817708333333333 0.681640625 0.4817708333333333 0.6787109375 0.4791666666666667 0.669921875 0.43359375 0.6494140625 0.4075520833333333 0.6318359375 0.3932291666666667 0.6181640625 0.3880208333333333 0.59375 0.3893229166666667 0.5830078125 0.38671875 0.580078125 0.3828125 0.576171875 0.3658854166666667 0.5732421875 0.3059895833333333 0.578125 0.28125 0.5830078125 0.2682291666666667 0.5986328125 0.24348958333333334 0.6259765625 0.22135416666666666 0.640625 0.21875 0.654296875 0.20833333333333334
0 0.396484375 0.0546875 0.404296875 0.059895833333333336 0.4140625 0.07161458333333333 0.431640625 0.06380208333333333 0.439453125 0.06380208333333333 0.4609375 0.08072916666666667 0.482421875 0.109375 0.4892578125 0.13541666666666666 0.4873046875 0.18880208333333334 0.47265625 0.21875 0.4521484375 0.24869791666666666 0.421875 0.26171875 0.3779296875 0.24088541666666666 0.3408203125 0.23697916666666666 0.3046875 0.24479166666666666 0.302734375 0.23697916666666666 0.2998046875 0.18489583333333334 0.30859375 0.15755208333333334 0.3203125 0.14322916666666666 0.333984375 0.13932291666666666 0.3369140625 0.13411458333333334 0.337890625 0.12109375 0.3515625 0.10286458333333333 0.353515625 0.09505208333333333 0.3583984375 0.09114583333333333 0.3671875 0.07682291666666667 0.37890625 0.06901041666666667 0.38671875 0.057291666666666664 0.3955078125 0.0546875
0 0.6201171875 0.3932291666666667 0.646484375 0.41015625 0.6611328125 0.4283854166666667 0.6630859375 0.4361979166666667 0.66796875 0.4440104166666667 0.6748046875 0.4908854166666667 0.666015625 0.5455729166666666 0.6669921875 0.5546875 0.6630859375 0.56640625 0.650390625 0.57421875 0.634765625 0.5924479166666666 0.60546875 0.6080729166666666 0.5849609375 0.61328125 0.5634765625 0.6106770833333334 0.5439453125 0.6015625 0.5341796875 0.5950520833333334 0.529296875 0.5885416666666666 0.5234375 0.54296875 0.50390625 0.4921875 0.5048828125 0.4765625 0.5078125 0.4661458333333333 0.513671875 0.45703125 0.5166015625 0.4427083333333333 0.5341796875 0.4166666666666667 0.546875 0.4049479166666667 0.5693359375 0.39453125 0.619140625 0.3932291666666667
0 0.5859375 0.12239583333333333 0.615234375 0.14322916666666666 0.6279296875 0.16145833333333334 0.63671875 0.18880208333333334 0.63671875 0.20963541666666666 0.6328125 0.21614583333333334 0.6162109375 0.22395833333333334 0.595703125 0.2421875 0.580078125 0.2682291666666667 0.572265625 0.29296875 0.5595703125 0.30078125 0.548828125 0.30078125 0.5400390625 0.2955729166666667 0.5244140625 0.2786458333333333 0.51171875 0.2708333333333333 0.5 0.2578125 0.4892578125 0.23958333333333334 0.4873046875 0.21354166666666666 0.4921875 0.19921875 0.4931640625 0.18098958333333334 0.50390625 0.14453125 0.5380859375 0.12109375 0.5615234375 0.1171875 0.576171875 0.11848958333333333 0.5849609375 0.12239583333333333
0 0.3515625 0.24088541666666666 0.3828125 0.24609375 0.400390625 0.25390625 0.419921875 0.2708333333333333 0.4384765625 0.3098958333333333 0.44140625 0.3203125 0.4404296875 0.3645833333333333 0.4365234375 0.38671875 0.4287109375 0.4036458333333333 0.408203125 0.4283854166666667 0.3662109375 0.4453125 0.333984375 0.4518229166666667 0.3271484375 0.4518229166666667 0.31640625 0.4466145833333333 0.3017578125 0.4375 0.2880859375 0.4244791666666667 0.2783203125 0.4075520833333333 0.259765625 0.3841145833333333 0.2529296875 0.3658854166666667 0.2529296875 0.35546875 0.2568359375 0.34375 0.26171875 0.3072916666666667 0.2783203125 0.2747395833333333 0.306640625 0.2513020833333333 0.328125 0.24609375 0.337890625 0.24088541666666666 0.3505859375 0.24088541666666666