0 0.3368055555555556 0.3463541666666667 0.3559027777777778 0.3515625 0.3836805555555556 0.37109375 0.3923611111111111 0.3723958333333333 0.4027777777777778 0.3776041666666667 0.40625 0.41796875 0.4045138888888889 0.4296875 0.3993055555555556 0.4375 0.3784722222222222 0.4401041666666667 0.359375 0.4466145833333333 0.3194444444444444 0.4739583333333333 0.3020833333333333 0.4739583333333333 0.2829861111111111 0.4700520833333333 0.2690972222222222 0.46484375 0.2534722222222222 0.4557291666666667 0.2378472222222222 0.4322916666666667 0.23958333333333334 0.3880208333333333 0.24305555555555555 0.37890625 0.25 0.37109375 0.2690972222222222 0.35546875 0.2795138888888889 0.3502604166666667 0.3038194444444444 0.3450520833333333 0.3350694444444444 0.3463541666666667
0 0.5642361111111112 0.3268229166666667 0.5815972222222222 0.3346354166666667 0.5954861111111112 0.3489583333333333 0.6059027777777778 0.3671875 0.6076388888888888 0.3776041666666667 0.5954861111111112 0.390625 0.5954861111111112 0.4036458333333333 0.5902777777777778 0.4231770833333333 0.5902777777777778 0.44921875 0.5677083333333334 0.4661458333333333 0.5434027777777778 0.4739583333333333 0.5208333333333334 0.4739583333333333 0.5034722222222222 0.4700520833333333 0.4704861111111111 0.44921875 0.4392361111111111 0.40625 0.4340277777777778 0.3958333333333333 0.4340277777777778 0.3893229166666667 0.4427083333333333 0.37890625 0.4600694444444444 0.3684895833333333 0.4652777777777778 0.3580729166666667 0.484375 0.3372395833333333 0.5017361111111112 0.3268229166666667 0.5260416666666666 0.3216145833333333 0.5381944444444444 0.3216145833333333 0.5625 0.3268229166666667
0 0.4270833333333333 0.4427083333333333 0.4409722222222222 0.4453125 0.4583333333333333 0.4544270833333333 0.4704861111111111 0.4557291666666667 0.4878472222222222 0.4661458333333333 0.4965277777777778 0.4739583333333333 0.5121527777777778 0.49609375 0.5190972222222222 0.5221354166666666 0.5121527777777778 0.54296875 0.4947916666666667 0.5598958333333334 0.4809027777777778 0.5794270833333334 0.4652777777777778 0.5885416666666666 0.4392361111111111 0.59375 0.4288194444444444 0.59375 0.4253472222222222 0.59765625 0.4114583333333333 0.5950520833333334 0.4027777777777778 0.5911458333333334 0.390625 0.58984375 0.3680555555555556 0.5911458333333334 0.3368055555555556 0.5794270833333334 0.3072916666666667 0.5403645833333334 0.3090277777777778 0.51171875 0.3055555555555556 0.5052083333333334 0.3142361111111111 0.48828125 0.3263888888888889 0.47265625 0.3576388888888889 0.4518229166666667 0.375 0.4453125 0.3836805555555556 0.4453125 0.3940972222222222 0.44140625 0.4253472222222222 0.4427083333333333
0 0.8454861111111112 0.4973958333333333 0.8524305555555556 0.5 0.8836805555555556 0.4986979166666667 0.9375 0.5208333333333334 0.9496527777777778 0.5286458333333334 0.9704861111111112 0.5442708333333334 0.9913194444444444 0.5690104166666666 0.9965277777777778 0.5872395833333334 0.9965277777777778 0.609375 0.9913194444444444 0.6263020833333334 0.9809027777777778 0.6432291666666666 0.9565972222222222 0.6731770833333334 0.9375 0.6888020833333334 0.90625 0.7044270833333334 0.8663194444444444 0.71484375 0.8368055555555556 0.7161458333333334 0.8263888888888888 0.7265625 0.8177083333333334 0.7317708333333334 0.8142361111111112 0.7317708333333334 0.8107638888888888 0.7291666666666666 0.8107638888888888 0.7252604166666666 0.7951388888888888 0.7161458333333334 0.7899305555555556 0.7057291666666666 0.7829861111111112 0.7005208333333334 0.7690972222222222 0.6940104166666666 0.7413194444444444 0.6705729166666666 0.734375 0.6692708333333334 0.7256944444444444 0.6640625 0.7239583333333334 0.6510416666666666 0.7135416666666666 0.6354166666666666 0.7135416666666666 0.625 0.7048611111111112 0.609375 0.7065972222222222 0.5846354166666666 0.7274305555555556 0.5546875 0.7604166666666666 0.5247395833333334 0.7795138888888888 0.515625 0.7951388888888888 0.5052083333333334 0.8159722222222222 0.49609375 0.84375 0.4973958333333333
0 0.5173611111111112 0.7252604166666666 0.5399305555555556 0.7356770833333334 0.5538194444444444 0.74609375 0.5659722222222222 0.7604166666666666 0.578125 0.7877604166666666 0.5798611111111112 0.8216145833333334 0.5746527777777778 0.8359375 0.5625 0.8541666666666666 0.5295138888888888 0.8763020833333334 0.515625 0.8815104166666666 0.4965277777777778 0.8854166666666666 0.4600694444444444 0.8841145833333334 0.4253472222222222 0.8697916666666666 0.4114583333333333 0.859375 0.4010416666666667 0.84375 0.390625 0.8203125 0.3923611111111111 0.78125 0.3958333333333333 0.76953125 0.4097222222222222 0.7513020833333334 0.4305555555555556 0.7369791666666666 0.4548611111111111 0.7239583333333334 0.4982638888888889 0.72265625 0.515625 0.7252604166666666
0 0.3628472222222222 0.59375 0.3715277777777778 0.5963541666666666 0.4027777777777778 0.59765625 0.4201388888888889 0.6041666666666666 0.4635416666666667 0.6341145833333334 0.4739583333333333 0.6471354166666666 0.484375 0.6497395833333334 0.4982638888888889 0.66015625 0.5017361111111112 0.6705729166666666 0.4965277777777778 0.6809895833333334 0.4704861111111111 0.6979166666666666 0.4600694444444444 0.7122395833333334 0.4461805555555556 0.72265625 0.4270833333333333 0.7317708333333334 0.4131944444444444 0.7421875 0.3836805555555556 0.7513020833333334 0.3628472222222222 0.75390625 0.3454861111111111 0.7526041666666666 0.3211805555555556 0.7434895833333334 0.2743055555555556 0.7096354166666666 0.2517361111111111 0.69921875 0.24305555555555555 0.6927083333333334 0.2361111111111111 0.68359375 0.2378472222222222 0.6640625 0.2569444444444444 0.6432291666666666 0.2777777777777778 0.640625 0.3072916666666667 0.6119791666666666 0.3298611111111111 0.59765625 0.3489583333333333 0.5911458333333334 0.3611111111111111 0.59375
0 0.7378472222222222 0.7135416666666666 0.7638888888888888 0.7213541666666666 0.7881944444444444 0.7395833333333334 0.8003472222222222 0.7408854166666666 0.8072916666666666 0.7447916666666666 0.8107638888888888 0.7486979166666666 0.8107638888888888 0.76171875 0.8246527777777778 0.7864583333333334 0.8263888888888888 0.8125 0.8159722222222222 0.8411458333333334 0.7986111111111112 0.8567708333333334 0.7881944444444444 0.8606770833333334 0.7690972222222222 0.86328125 0.7482638888888888 0.8736979166666666 0.7309027777777778 0.8763020833333334 0.7274305555555556 0.8763020833333334 0.7222222222222222 0.8723958333333334 0.7239583333333334 0.8658854166666666 0.7204861111111112 0.8619791666666666 0.7135416666666666 0.8619791666666666 0.6805555555555556 0.8489583333333334 0.6527777777777778 0.8255208333333334 0.6388888888888888 0.8072916666666666 0.6371527777777778 0.79296875 0.6319444444444444 0.7825520833333334 0.6319444444444444 0.7669270833333334 0.6458333333333334 0.7447916666666666 0.6701388888888888 0.72265625 0.6944444444444444 0.7135416666666666 0.7048611111111112 0.7122395833333334 0.7361111111111112 0.7135416666666666
0 0.7013888888888888 0.3203125 0.75 0.3268229166666667 0.7586805555555556 0.3255208333333333 0.7743055555555556 0.3268229166666667 0.7864583333333334 0.3190104166666667 0.7916666666666666 0.3190104166666667 0.8142361111111112 0.328125 0.84375 0.34765625 0.8645833333333334 0.3763020833333333 0.8715277777777778 0.3932291666666667 0.8697916666666666 0.4388020833333333 0.859375 0.4622395833333333 0.8420138888888888 0.484375 0.8350694444444444 0.4895833333333333 0.8159722222222222 0.4908854166666667 0.8055555555555556 0.4947916666666667 0.7881944444444444 0.5052083333333334 0.7586805555555556 0.5182291666666666 0.7309027777777778 0.5221354166666666 0.7239583333333334 0.5260416666666666 0.7204861111111112 0.5260416666666666 0.7152777777777778 0.5208333333333334 0.6996527777777778 0.5208333333333334 0.6753472222222222 0.5143229166666666 0.6319444444444444 0.4973958333333333 0.6059027777777778 0.4700520833333333 0.5954861111111112 0.4440104166666667 0.5954861111111112 0.41796875 0.6024305555555556 0.3932291666666667 0.625 0.36328125 0.640625 0.3489583333333333 0.6527777777777778 0.34765625 0.6736111111111112 0.3372395833333333 0.6944444444444444 0.3216145833333333 0.6996527777777778 0.3203125
0 0.8072916666666666 0.029947916666666668 0.8246527777777778 0.044270833333333336 0.8315972222222222 0.059895833333333336 0.8420138888888888 0.07421875 0.8454861111111112 0.09114583333333333 0.8402777777777778 0.1015625 0.8420138888888888 0.11197916666666667 0.8402777777777778 0.11979166666666667 0.8038194444444444 0.16015625 0.7934027777777778 0.16796875 0.765625 0.17838541666666666 0.7638888888888888 0.18229166666666666 0.7690972222222222 0.203125 0.7690972222222222 0.21744791666666666 0.7569444444444444 0.23697916666666666 0.7534722222222222 0.24869791666666666 0.7361111111111112 0.26953125 0.6857638888888888 0.3059895833333333 0.6684027777777778 0.3098958333333333 0.6510416666666666 0.3098958333333333 0.6145833333333334 0.3190104166666667 0.5920138888888888 0.3190104166666667 0.5833333333333334 0.31640625 0.5711805555555556 0.31640625 0.5486111111111112 0.3098958333333333 0.515625 0.28515625 0.5052083333333334 0.2630208333333333 0.5069444444444444 0.24088541666666666 0.5138888888888888 0.22005208333333334 0.5277777777777778 0.1953125 0.5399305555555556 0.1796875 0.5729166666666666 0.14973958333333334 0.5920138888888888 0.13932291666666666 0.6302083333333334 0.12760416666666666 0.6319444444444444 0.12630208333333334 0.6302083333333334 0.11979166666666667 0.65625 0.11848958333333333 0.6631944444444444 0.125 0.6892361111111112 0.12369791666666667 0.6961805555555556 0.1171875 0.703125 0.09765625 0.7256944444444444 0.059895833333333336 0.7291666666666666 0.05859375 0.7413194444444444 0.06510416666666667 0.7569444444444444 0.0625 0.765625 0.057291666666666664 0.7690972222222222 0.05078125 0.7795138888888888 0.04296875 0.796875 0.044270833333333336 0.7986111111111112 0.03125 0.8020833333333334 0.028645833333333332 0.8055555555555556 0.029947916666666668
0 0.4548611111111111 0.23046875 0.4809027777777778 0.23828125 0.4965277777777778 0.2526041666666667 0.4982638888888889 0.2630208333333333 0.5104166666666666 0.2916666666666667 0.5104166666666666 0.3111979166666667 0.5069444444444444 0.3203125 0.4826388888888889 0.3333333333333333 0.4670138888888889 0.3528645833333333 0.453125 0.3645833333333333 0.4288194444444444 0.37109375 0.4045138888888889 0.37109375 0.3871527777777778 0.3658854166666667 0.3645833333333333 0.3528645833333333 0.3541666666666667 0.3424479166666667 0.3472222222222222 0.3255208333333333 0.3506944444444444 0.2942708333333333 0.3402777777777778 0.2916666666666667 0.3402777777777778 0.2877604166666667 0.3454861111111111 0.28125 0.3454861111111111 0.2734375 0.3368055555555556 0.2552083333333333 0.3402777777777778 0.24869791666666666 0.3524305555555556 0.24088541666666666 0.3645833333333333 0.24479166666666666 0.3732638888888889 0.24348958333333334 0.3888888888888889 0.24479166666666666 0.4184027777777778 0.23046875 0.4253472222222222 0.22916666666666666 0.453125 0.23046875
0 0.6024305555555556 0.5260416666666666 0.6423611111111112 0.5338541666666666 0.6614583333333334 0.5442708333333334 0.6770833333333334 0.5611979166666666 0.6875 0.5807291666666666 0.6961805555555556 0.5833333333333334 0.7013888888888888 0.5924479166666666 0.6979166666666666 0.625 0.6996527777777778 0.6419270833333334 0.7065972222222222 0.6497395833333334 0.7118055555555556 0.6484375 0.7152777777777778 0.6510416666666666 0.7135416666666666 0.6640625 0.6788194444444444 0.6666666666666666 0.6649305555555556 0.6731770833333334 0.6493055555555556 0.6848958333333334 0.6197916666666666 0.69140625 0.5972222222222222 0.69140625 0.5694444444444444 0.6875 0.5190972222222222 0.66796875 0.4947916666666667 0.6393229166666666 0.4895833333333333 0.6302083333333334 0.4861111111111111 0.61328125 0.4878472222222222 0.58203125 0.4965277777777778 0.56640625 0.515625 0.5455729166666666 0.5520833333333334 0.52734375 0.6006944444444444 0.5260416666666666