0 0.41015625 0.5807291666666666 0.41796875 0.5872395833333334 0.4208984375 0.5963541666666666 0.42578125 0.6028645833333334 0.451171875 0.6106770833333334 0.466796875 0.625 0.484375 0.6510416666666666 0.490234375 0.6692708333333334 0.4921875 0.7122395833333334 0.4853515625 0.7552083333333334 0.4619140625 0.8138020833333334 0.4521484375 0.828125 0.4404296875 0.8346354166666666 0.416015625 0.83203125 0.373046875 0.8177083333333334 0.3505859375 0.7942708333333334 0.3310546875 0.7669270833333334 0.32421875 0.7526041666666666 0.3173828125 0.7265625 0.31640625 0.7096354166666666 0.3193359375 0.6875 0.341796875 0.640625 0.349609375 0.6328125 0.3583984375 0.60546875 0.365234375 0.59375 0.3759765625 0.5807291666666666 0.384765625 0.5755208333333334 0.3935546875 0.5755208333333334 0.4091796875 0.5807291666666666
0 0.681640625 0.3645833333333333 0.685546875 0.37109375 0.69140625 0.375 0.7060546875 0.3763020833333333 0.7197265625 0.3736979166666667 0.7265625 0.37890625 0.734375 0.37890625 0.7421875 0.3828125 0.765625 0.40234375 0.7802734375 0.4244791666666667 0.787109375 0.4518229166666667 0.7880859375 0.46875 0.7919921875 0.4830729166666667 0.7890625 0.51171875 0.783203125 0.53125 0.77734375 0.5416666666666666 0.76171875 0.55859375 0.74609375 0.5807291666666666 0.7470703125 0.6028645833333334 0.7451171875 0.6080729166666666 0.740234375 0.6119791666666666 0.728515625 0.6119791666666666 0.7060546875 0.59765625 0.671875 0.6002604166666666 0.66015625 0.5924479166666666 0.65625 0.5924479166666666 0.650390625 0.5989583333333334 0.6484375 0.59765625 0.6484375 0.5911458333333334 0.646484375 0.5885416666666666 0.63671875 0.5833333333333334 0.615234375 0.5559895833333334 0.6044921875 0.5377604166666666 0.59765625 0.5208333333333334 0.5966796875 0.4895833333333333 0.599609375 0.4765625 0.6064453125 0.4609375 0.609375 0.4361979166666667 0.6162109375 0.4166666666666667 0.6298828125 0.4010416666666667 0.6416015625 0.3828125 0.6533203125 0.3723958333333333 0.66015625 0.3684895833333333 0.6806640625 0.3658854166666667
0 0.6611328125 0.5989583333333334 0.6689453125 0.6041666666666666 0.677734375 0.60546875 0.703125 0.6041666666666666 0.7158203125 0.6106770833333334 0.7197265625 0.6158854166666666 0.73828125 0.6171875 0.7470703125 0.6106770833333334 0.75 0.6002604166666666 0.7490234375 0.5885416666666666 0.7529296875 0.578125 0.7578125 0.5716145833333334 0.76171875 0.5703125 0.7685546875 0.5794270833333334 0.7744140625 0.5950520833333334 0.77734375 0.60546875 0.779296875 0.6276041666666666 0.7763671875 0.6614583333333334 0.76953125 0.6861979166666666 0.7646484375 0.6966145833333334 0.755859375 0.7057291666666666 0.7353515625 0.7200520833333334 0.7197265625 0.7252604166666666 0.69921875 0.7239583333333334 0.654296875 0.7057291666666666 0.650390625 0.69921875 0.646484375 0.6692708333333334 0.646484375 0.6536458333333334 0.6357421875 0.6236979166666666 0.6337890625 0.6067708333333334 0.63671875 0.58984375 0.6416015625 0.5924479166666666 0.6474609375 0.6067708333333334 0.65234375 0.6067708333333334 0.6572265625 0.6002604166666666 0.66015625 0.6002604166666666
0 0.4560546875 0.18619791666666666 0.4697265625 0.19270833333333334 0.48828125 0.21744791666666666 0.4951171875 0.234375 0.4970703125 0.2513020833333333 0.49609375 0.2682291666666667 0.4912109375 0.30078125 0.48828125 0.3072916666666667 0.484375 0.3059895833333333 0.474609375 0.2916666666666667 0.4619140625 0.2786458333333333 0.4326171875 0.2591145833333333 0.41796875 0.2591145833333333 0.408203125 0.2643229166666667 0.3994140625 0.265625 0.3759765625 0.2786458333333333 0.369140625 0.2799479166666667 0.3662109375 0.2747395833333333 0.3642578125 0.2643229166666667 0.365234375 0.24479166666666666 0.3720703125 0.22395833333333334 0.373046875 0.21223958333333334 0.3759765625 0.20703125 0.3935546875 0.19401041666666666 0.4140625 0.1875 0.455078125 0.18619791666666666
0 0.25390625 0.171875 0.2548828125 0.19010416666666666 0.2607421875 0.19791666666666666 0.2705078125 0.19921875 0.2880859375 0.19401041666666666 0.3134765625 0.1953125 0.3359375 0.20703125 0.3466796875 0.21875 0.3583984375 0.26171875 0.3603515625 0.29296875 0.35546875 0.3098958333333333 0.3427734375 0.3359375 0.3408203125 0.3450520833333333 0.3349609375 0.3489583333333333 0.326171875 0.3606770833333333 0.3203125 0.36328125 0.3095703125 0.3658854166666667 0.2890625 0.3658854166666667 0.2783203125 0.3619791666666667 0.2705078125 0.3645833333333333 0.265625 0.37109375 0.2470703125 0.37109375 0.2421875 0.3736979166666667 0.2353515625 0.3736979166666667 0.232421875 0.37109375 0.22265625 0.35546875 0.2119140625 0.32421875 0.212890625 0.2903645833333333 0.2265625 0.23958333333333334 0.234375 0.22005208333333334 0.2373046875 0.1953125 0.244140625 0.1796875 0.248046875 0.17447916666666666 0.2529296875 0.17317708333333334
0 0.2822265625 0.3671875 0.322265625 0.37890625 0.3310546875 0.3854166666666667 0.3466796875 0.40625 0.3544921875 0.4127604166666667 0.3837890625 0.45703125 0.390625 0.4752604166666667 0.3935546875 0.4973958333333333 0.3916015625 0.53515625 0.38671875 0.5546875 0.3798828125 0.5690104166666666 0.357421875 0.5924479166666666 0.3359375 0.62109375 0.3232421875 0.6315104166666666 0.3095703125 0.6380208333333334 0.3046875 0.64453125 0.3037109375 0.6497395833333334 0.2978515625 0.6549479166666666 0.29296875 0.6549479166666666 0.291015625 0.6497395833333334 0.2548828125 0.6497395833333334 0.236328125 0.64453125 0.20703125 0.6315104166666666 0.197265625 0.6236979166666666 0.1640625 0.5807291666666666 0.1611328125 0.5703125 0.1611328125 0.55859375 0.1533203125 0.5065104166666666 0.154296875 0.4908854166666667 0.1572265625 0.4830729166666667 0.1796875 0.44921875 0.181640625 0.4309895833333333 0.203125 0.4075520833333333 0.2060546875 0.4010416666666667 0.2060546875 0.3932291666666667 0.2109375 0.3893229166666667 0.2177734375 0.3893229166666667 0.2470703125 0.3776041666666667 0.2666015625 0.3776041666666667 0.2724609375 0.3697916666666667 0.28125 0.3671875
0 0.4443359375 0.2682291666666667 0.466796875 0.28515625 0.4814453125 0.3033854166666667 0.494140625 0.3411458333333333 0.4951171875 0.3776041666666667 0.4921875 0.390625 0.486328125 0.4010416666666667 0.484375 0.41015625 0.484375 0.4309895833333333 0.4794921875 0.4401041666666667 0.4658203125 0.4518229166666667 0.4560546875 0.4505208333333333 0.4482421875 0.4544270833333333 0.4296875 0.4544270833333333 0.4248046875 0.45703125 0.404296875 0.4557291666666667 0.3837890625 0.4466145833333333 0.3623046875 0.4166666666666667 0.349609375 0.3880208333333333 0.3447265625 0.3815104166666667 0.341796875 0.3828125 0.3349609375 0.37890625 0.3330078125 0.37109375 0.3349609375 0.359375 0.345703125 0.3580729166666667 0.3486328125 0.3372395833333333 0.3564453125 0.3255208333333333 0.361328125 0.3033854166666667 0.3671875 0.2890625 0.3720703125 0.2825520833333333 0.3974609375 0.2682291666666667 0.4208984375 0.2604166666666667 0.4296875 0.2604166666666667 0.443359375 0.2682291666666667
0 0.728515625 0.24739583333333334 0.7431640625 0.25390625 0.7607421875 0.2578125 0.7724609375 0.2682291666666667 0.79296875 0.2760416666666667 0.8076171875 0.28515625 0.8291015625 0.3059895833333333 0.8388671875 0.3190104166666667 0.85546875 0.3528645833333333 0.8564453125 0.3658854166666667 0.853515625 0.375 0.853515625 0.39453125 0.845703125 0.4322916666666667 0.8388671875 0.44140625 0.8359375 0.44921875 0.822265625 0.4635416666666667 0.8134765625 0.4778645833333333 0.80078125 0.484375 0.7958984375 0.484375 0.7919921875 0.4765625 0.791015625 0.4596354166666667 0.783203125 0.4309895833333333 0.7822265625 0.4205729166666667 0.7685546875 0.40234375 0.765625 0.38671875 0.744140625 0.37890625 0.7353515625 0.3658854166666667 0.7158203125 0.3658854166666667 0.7119140625 0.3697916666666667 0.7021484375 0.3697916666666667 0.6865234375 0.3580729166666667 0.671875 0.36328125 0.66015625 0.3619791666666667 0.6552734375 0.3528645833333333 0.654296875 0.33984375 0.6474609375 0.3203125 0.65234375 0.3059895833333333 0.6513671875 0.296875 0.6533203125 0.29296875 0.662109375 0.28515625 0.671875 0.28125 0.6884765625 0.2578125 0.6953125 0.2526041666666667 0.705078125 0.24869791666666666 0.7275390625 0.24739583333333334
0 0.8896484375 0.3828125 0.9140625 0.40234375 0.91796875 0.4088541666666667 0.9169921875 0.4713541666666667 0.9189453125 0.48828125 0.9140625 0.4973958333333333 0.908203125 0.5013020833333334 0.8759765625 0.5078125 0.865234375 0.5078125 0.853515625 0.5013020833333334 0.826171875 0.48046875 0.822265625 0.4739583333333333 0.822265625 0.46875 0.8369140625 0.4518229166666667 0.83984375 0.4427083333333333 0.84765625 0.4322916666666667 0.85546875 0.3971354166666667 0.8603515625 0.3880208333333333 0.8720703125 0.3828125 0.888671875 0.3828125
0 0.5087890625 0.3216145833333333 0.5439453125 0.3333333333333333 0.56640625 0.3450520833333333 0.5927734375 0.37890625 0.60546875 0.4088541666666667 0.6064453125 0.4166666666666667 0.60546875 0.44140625 0.6015625 0.4583333333333333 0.5927734375 0.48046875 0.591796875 0.5208333333333334 0.5947265625 0.5325520833333334 0.591796875 0.5403645833333334 0.5703125 0.5768229166666666 0.5625 0.5807291666666666 0.537109375 0.5768229166666666 0.5302734375 0.5833333333333334 0.521484375 0.6015625 0.51171875 0.609375 0.5078125 0.6080729166666666 0.509765625 0.5950520833333334 0.5087890625 0.58984375 0.50390625 0.59375 0.478515625 0.58984375 0.4716796875 0.5859375 0.4560546875 0.56640625 0.4453125 0.57421875 0.43359375 0.57421875 0.4287109375 0.5559895833333334 0.4296875 0.5455729166666666 0.4404296875 0.5442708333333334 0.439453125 0.53515625 0.4296875 0.5130208333333334 0.4326171875 0.4947916666666667 0.431640625 0.4908854166666667 0.4287109375 0.4908854166666667 0.4306640625 0.4869791666666667 0.4287109375 0.4856770833333333 0.427734375 0.4778645833333333 0.4296875 0.4635416666666667 0.4609375 0.4622395833333333 0.478515625 0.4479166666666667 0.484375 0.4401041666666667 0.48828125 0.4309895833333333 0.4892578125 0.4075520833333333 0.49609375 0.3932291666666667 0.4990234375 0.3723958333333333 0.4990234375 0.35546875 0.4951171875 0.32421875 0.4970703125 0.3216145833333333 0.5078125 0.3216145833333333
0 0.578125 0.5833333333333334 0.6015625 0.5911458333333334 0.626953125 0.6145833333333334 0.640625 0.6458333333333334 0.6455078125 0.6744791666666666 0.6455078125 0.703125 0.638671875 0.7291666666666666 0.63671875 0.7526041666666666 0.6083984375 0.7981770833333334 0.580078125 0.8111979166666666 0.5576171875 0.8098958333333334 0.5322265625 0.7981770833333334 0.521484375 0.7877604166666666 0.5048828125 0.7643229166666666 0.4990234375 0.7473958333333334 0.4970703125 0.7265625 0.49609375 0.66015625 0.4990234375 0.6393229166666666 0.5068359375 0.625 0.5283203125 0.6106770833333334 0.5380859375 0.609375 0.5478515625 0.59765625 0.5625 0.5859375 0.5771484375 0.5833333333333334
0 0.578125 0.18489583333333334 0.595703125 0.19401041666666666 0.607421875 0.20833333333333334 0.623046875 0.24739583333333334 0.6279296875 0.2734375 0.634765625 0.2903645833333333 0.6337890625 0.3072916666666667 0.626953125 0.3177083333333333 0.611328125 0.328125 0.60546875 0.3385416666666667 0.58203125 0.3502604166666667 0.576171875 0.3489583333333333 0.5654296875 0.33984375 0.5439453125 0.328125 0.5283203125 0.32421875 0.505859375 0.3138020833333333 0.5009765625 0.2981770833333333 0.4990234375 0.2799479166666667 0.5 0.23307291666666666 0.5048828125 0.22135416666666666 0.517578125 0.20442708333333334 0.54296875 0.18489583333333334 0.5771484375 0.18489583333333334