0 0.7578125 0.36328125 0.7783203125 0.3723958333333333 0.794921875 0.3854166666666667 0.8125 0.4114583333333333 0.8193359375 0.4427083333333333 0.8173828125 0.4752604166666667 0.8037109375 0.5078125 0.796875 0.5182291666666666 0.7861328125 0.5286458333333334 0.76171875 0.5416666666666666 0.7431640625 0.5403645833333334 0.7275390625 0.5338541666666666 0.7158203125 0.52734375 0.7060546875 0.5182291666666666 0.6962890625 0.5052083333333334 0.69140625 0.4921875 0.6875 0.4765625 0.6865234375 0.4596354166666667 0.68359375 0.4518229166666667 0.6845703125 0.4401041666666667 0.6884765625 0.4270833333333333 0.7001953125 0.4036458333333333 0.7109375 0.3893229166666667 0.73046875 0.3671875 0.7568359375 0.36328125
0 0.6552734375 0.10546875 0.662109375 0.11328125 0.673828125 0.11848958333333333 0.697265625 0.1171875 0.7021484375 0.12239583333333333 0.7158203125 0.11979166666666667 0.71875 0.1328125 0.7197265625 0.15364583333333334 0.7158203125 0.16666666666666666 0.7138671875 0.19140625 0.701171875 0.21744791666666666 0.69921875 0.23177083333333334 0.6767578125 0.2578125 0.666015625 0.26171875 0.654296875 0.2708333333333333 0.63671875 0.26953125 0.6181640625 0.234375 0.5966796875 0.21614583333333334 0.5947265625 0.21223958333333334 0.6015625 0.17057291666666666 0.609375 0.14713541666666666 0.626953125 0.12239583333333333 0.646484375 0.10677083333333333 0.654296875 0.10546875
0 0.7021484375 0.7643229166666666 0.7275390625 0.7786458333333334 0.7373046875 0.78125 0.76171875 0.78125 0.767578125 0.78515625 0.7763671875 0.7981770833333334 0.7802734375 0.81640625 0.779296875 0.8450520833333334 0.7705078125 0.8763020833333334 0.7587890625 0.8958333333333334 0.755859375 0.90625 0.75 0.9088541666666666 0.7197265625 0.90234375 0.69921875 0.89453125 0.685546875 0.8828125 0.671875 0.8580729166666666 0.6689453125 0.8333333333333334 0.677734375 0.7942708333333334 0.685546875 0.7786458333333334 0.6962890625 0.7669270833333334 0.701171875 0.765625
0 0.7578125 0.5963541666666666 0.78125 0.6080729166666666 0.7958984375 0.6236979166666666 0.810546875 0.65234375 0.81640625 0.6783854166666666 0.8154296875 0.7122395833333334 0.810546875 0.7278645833333334 0.787109375 0.7604166666666666 0.7607421875 0.77734375 0.73046875 0.7760416666666666 0.7021484375 0.7565104166666666 0.68359375 0.7265625 0.6796875 0.7122395833333334 0.6787109375 0.6888020833333334 0.671875 0.6770833333333334 0.673828125 0.6536458333333334 0.6865234375 0.6393229166666666 0.697265625 0.61328125 0.7080078125 0.6119791666666666 0.73046875 0.59765625 0.7568359375 0.5963541666666666
0 0.310546875 0.6328125 0.3193359375 0.63671875 0.3525390625 0.6432291666666666 0.36328125 0.6510416666666666 0.380859375 0.6744791666666666 0.388671875 0.6927083333333334 0.3955078125 0.71875 0.3955078125 0.73828125 0.3876953125 0.765625 0.376953125 0.7890625 0.361328125 0.80859375 0.3486328125 0.8177083333333334 0.3193359375 0.8268229166666666 0.2998046875 0.8255208333333334 0.2822265625 0.81640625 0.26171875 0.7903645833333334 0.251953125 0.7721354166666666 0.2451171875 0.7682291666666666 0.2392578125 0.7552083333333334 0.2333984375 0.7526041666666666 0.234375 0.74609375 0.2431640625 0.7317708333333334 0.2470703125 0.7174479166666666 0.251953125 0.7122395833333334 0.265625 0.6796875 0.2802734375 0.66015625 0.296875 0.6458333333333334 0.3046875 0.6328125 0.3095703125 0.6328125
0 0.337890625 0.4036458333333333 0.3525390625 0.4127604166666667 0.3623046875 0.4140625 0.376953125 0.4244791666666667 0.3916015625 0.4518229166666667 0.3955078125 0.4622395833333333 0.3994140625 0.484375 0.3974609375 0.5208333333333334 0.384765625 0.5494791666666666 0.376953125 0.55859375 0.3564453125 0.57421875 0.3388671875 0.58203125 0.3037109375 0.5794270833333334 0.28125 0.5651041666666666 0.263671875 0.5364583333333334 0.255859375 0.5052083333333334 0.255859375 0.4791666666666667 0.259765625 0.4583333333333333 0.287109375 0.4205729166666667 0.3154296875 0.4049479166666667 0.3251953125 0.40234375 0.3369140625 0.4036458333333333
0 0.6123046875 0.7135416666666666 0.634765625 0.7213541666666666 0.6484375 0.7317708333333334 0.6591796875 0.7473958333333334 0.6689453125 0.7838541666666666 0.6689453125 0.8177083333333334 0.666015625 0.8372395833333334 0.66015625 0.8541666666666666 0.66015625 0.8815104166666666 0.642578125 0.91015625 0.6455078125 0.91796875 0.6435546875 0.9283854166666666 0.6240234375 0.93359375 0.6181640625 0.9270833333333334 0.6171875 0.9140625 0.6025390625 0.9192708333333334 0.576171875 0.91796875 0.556640625 0.90625 0.548828125 0.8971354166666666 0.5390625 0.87890625 0.53515625 0.8658854166666666 0.53125 0.8385416666666666 0.525390625 0.8203125 0.5263671875 0.7825520833333334 0.529296875 0.7786458333333334 0.5390625 0.7760416666666666 0.5439453125 0.7604166666666666 0.5546875 0.7447916666666666 0.5634765625 0.7395833333333334 0.5830078125 0.71875 0.5966796875 0.7135416666666666 0.611328125 0.7135416666666666
0 0.50390625 0.8098958333333334 0.515625 0.81640625 0.5263671875 0.83203125 0.533203125 0.8684895833333334 0.5322265625 0.8984375 0.5380859375 0.921875 0.533203125 0.9283854166666666 0.517578125 0.9322916666666666 0.51171875 0.94140625 0.4990234375 0.94921875 0.4736328125 0.9505208333333334 0.462890625 0.9479166666666666 0.4580078125 0.953125 0.4423828125 0.9453125 0.4384765625 0.9388020833333334 0.44140625 0.9270833333333334 0.4365234375 0.8984375 0.435546875 0.8515625 0.4384765625 0.8372395833333334 0.447265625 0.8216145833333334 0.4580078125 0.81640625 0.484375 0.8098958333333334 0.5029296875 0.8098958333333334
0 0.4912109375 0.55078125 0.517578125 0.5533854166666666 0.5380859375 0.5638020833333334 0.55078125 0.5794270833333334 0.5576171875 0.5924479166666666 0.56640625 0.62109375 0.5703125 0.6497395833333334 0.5703125 0.6705729166666666 0.56640625 0.6940104166666666 0.560546875 0.7174479166666666 0.5400390625 0.7578125 0.53125 0.76953125 0.5087890625 0.7864583333333334 0.490234375 0.79296875 0.4716796875 0.7916666666666666 0.462890625 0.7890625 0.4482421875 0.7786458333333334 0.4306640625 0.7526041666666666 0.41796875 0.7265625 0.41796875 0.6861979166666666 0.4150390625 0.6497395833333334 0.4306640625 0.6015625 0.44921875 0.5794270833333334 0.470703125 0.5638020833333334 0.4765625 0.5546875 0.490234375 0.5520833333333334
0 0.560546875 0.19921875 0.587890625 0.21223958333333334 0.6162109375 0.23697916666666666 0.6181640625 0.24348958333333334 0.626953125 0.2552083333333333 0.6376953125 0.2799479166666667 0.6416015625 0.2955729166666667 0.6416015625 0.3216145833333333 0.638671875 0.3684895833333333 0.6201171875 0.4140625 0.6025390625 0.4375 0.58984375 0.44921875 0.572265625 0.4583333333333333 0.5537109375 0.4635416666666667 0.5400390625 0.4635416666666667 0.529296875 0.4557291666666667 0.5068359375 0.4505208333333333 0.498046875 0.4440104166666667 0.486328125 0.4296875 0.4697265625 0.4205729166666667 0.4541015625 0.3958333333333333 0.4501953125 0.3854166666666667 0.4501953125 0.3763020833333333 0.44140625 0.35546875 0.4404296875 0.3359375 0.4453125 0.3098958333333333 0.4560546875 0.2760416666666667 0.4677734375 0.2513020833333333 0.4873046875 0.22265625 0.4970703125 0.21354166666666666 0.51953125 0.20052083333333334 0.5595703125 0.19921875
0 0.6591796875 0.49609375 0.6767578125 0.5104166666666666 0.689453125 0.52734375 0.69921875 0.5533854166666666 0.7001953125 0.5729166666666666 0.6943359375 0.609375 0.6826171875 0.6354166666666666 0.671875 0.6497395833333334 0.658203125 0.6588541666666666 0.64453125 0.6627604166666666 0.6201171875 0.6588541666666666 0.5986328125 0.64453125 0.58984375 0.6328125 0.583984375 0.6197916666666666 0.5791015625 0.5950520833333334 0.5771484375 0.5729166666666666 0.580078125 0.5520833333333334 0.5869140625 0.5286458333333334 0.603515625 0.5078125 0.6123046875 0.5 0.6259765625 0.4934895833333333 0.654296875 0.4934895833333333 0.658203125 0.49609375
0 0.3671875 0.81640625 0.3896484375 0.8424479166666666 0.3974609375 0.8606770833333334 0.400390625 0.8723958333333334 0.400390625 0.90625 0.3955078125 0.9231770833333334 0.384765625 0.94140625 0.3447265625 0.9947916666666666 0.3388671875 0.9973958333333334 0.3251953125 0.9947916666666666 0.322265625 0.9869791666666666 0.3095703125 0.9713541666666666 0.2958984375 0.94921875 0.2890625 0.9270833333333334 0.287109375 0.8854166666666666 0.29296875 0.8619791666666666 0.310546875 0.8372395833333334 0.3232421875 0.8307291666666666 0.3466796875 0.82421875 0.3564453125 0.81640625 0.3662109375 0.81640625