0 0.6103515625 0.62890625 0.6474609375 0.63671875 0.6611328125 0.6432291666666666 0.6787109375 0.6588541666666666 0.6962890625 0.6822916666666666 0.703125 0.7005208333333334 0.7080078125 0.7239583333333334 0.7080078125 0.7604166666666666 0.7060546875 0.77734375 0.6962890625 0.8098958333333334 0.669921875 0.8515625 0.6572265625 0.8971354166666666 0.642578125 0.91015625 0.6337890625 0.9127604166666666 0.6298828125 0.9166666666666666 0.623046875 0.9127604166666666 0.6162109375 0.8971354166666666 0.5771484375 0.9088541666666666 0.55078125 0.9075520833333334 0.5400390625 0.9036458333333334 0.5361328125 0.8997395833333334 0.5322265625 0.9010416666666666 0.5263671875 0.8984375 0.4970703125 0.8385416666666666 0.4912109375 0.8111979166666666 0.486328125 0.7630208333333334 0.4873046875 0.7447916666666666 0.4951171875 0.7317708333333334 0.5078125 0.6966145833333334 0.5283203125 0.66015625 0.5439453125 0.6536458333333334 0.572265625 0.6354166666666666 0.609375 0.62890625
0 0.7099609375 0.81640625 0.728515625 0.8255208333333334 0.7333984375 0.8307291666666666 0.7373046875 0.8411458333333334 0.7353515625 0.8502604166666666 0.7275390625 0.8580729166666666 0.728515625 0.8645833333333334 0.732421875 0.8763020833333334 0.748046875 0.9049479166666666 0.7646484375 0.9466145833333334 0.775390625 0.9869791666666666 0.7763671875 0.9947916666666666 0.7744140625 0.9986979166666666 0.701171875 0.9986979166666666 0.69921875 0.99609375 0.6865234375 0.99609375 0.6845703125 0.9986979166666666 0.6015625 0.9986979166666666 0.6005859375 0.99609375 0.6015625 0.9661458333333334 0.60546875 0.9479166666666666 0.611328125 0.9322916666666666 0.619140625 0.9205729166666666 0.6298828125 0.9244791666666666 0.6416015625 0.91796875 0.650390625 0.9075520833333334 0.6572265625 0.90625 0.6748046875 0.8515625 0.6962890625 0.8216145833333334 0.7041015625 0.81640625 0.708984375 0.81640625
0 0.53515625 0.40625 0.5400390625 0.4114583333333333 0.544921875 0.4309895833333333 0.560546875 0.45703125 0.5625 0.46875 0.568359375 0.4752604166666667 0.57421875 0.4869791666666667 0.5859375 0.52734375 0.587890625 0.5481770833333334 0.5859375 0.57421875 0.5810546875 0.5989583333333334 0.5732421875 0.6197916666666666 0.5625 0.6341145833333334 0.5380859375 0.6510416666666666 0.521484375 0.6575520833333334 0.4912109375 0.6588541666666666 0.486328125 0.6575520833333334 0.4794921875 0.6497395833333334 0.4638671875 0.6484375 0.4501953125 0.640625 0.4248046875 0.6106770833333334 0.41796875 0.5950520833333334 0.4140625 0.5950520833333334 0.412109375 0.5911458333333334 0.412109375 0.58203125 0.404296875 0.546875 0.404296875 0.5338541666666666 0.4072265625 0.5247395833333334 0.4111328125 0.4908854166666667 0.4287109375 0.4518229166666667 0.4453125 0.4348958333333333 0.466796875 0.4231770833333333 0.48828125 0.421875 0.5234375 0.4244791666666667 0.5283203125 0.41796875 0.5283203125 0.4088541666666667 0.5341796875 0.4075520833333333
0 0.2275390625 0.6953125 0.2568359375 0.7005208333333334 0.283203125 0.7135416666666666 0.3017578125 0.73828125 0.3388671875 0.8203125 0.34375 0.83984375 0.33984375 0.8932291666666666 0.3349609375 0.9036458333333334 0.3193359375 0.921875 0.3125 0.9283854166666666 0.2998046875 0.9348958333333334 0.255859375 0.9322916666666666 0.236328125 0.9140625 0.220703125 0.9049479166666666 0.1884765625 0.9036458333333334 0.1806640625 0.8893229166666666 0.1767578125 0.88671875 0.1689453125 0.88671875 0.1611328125 0.8723958333333334 0.1640625 0.85546875 0.169921875 0.8450520833333334 0.169921875 0.8411458333333334 0.1611328125 0.8268229166666666 0.15625 0.80859375 0.1552734375 0.7786458333333334 0.16015625 0.75 0.173828125 0.7252604166666666 0.1884765625 0.7083333333333334 0.2099609375 0.6979166666666666 0.2265625 0.6953125
0 0.375 0.6236979166666666 0.3896484375 0.6276041666666666 0.4052734375 0.63671875 0.41796875 0.6497395833333334 0.42578125 0.6614583333333334 0.4384765625 0.69140625 0.44140625 0.7122395833333334 0.44140625 0.7317708333333334 0.4384765625 0.7486979166666666 0.4296875 0.76953125 0.408203125 0.7734375 0.3935546875 0.7799479166666666 0.37109375 0.796875 0.35546875 0.8177083333333334 0.34765625 0.8151041666666666 0.333984375 0.80078125 0.326171875 0.7838541666666666 0.3212890625 0.7643229166666666 0.2998046875 0.7265625 0.2958984375 0.7057291666666666 0.298828125 0.6888020833333334 0.3037109375 0.67578125 0.3271484375 0.6432291666666666 0.3408203125 0.6328125 0.359375 0.6236979166666666 0.3740234375 0.6236979166666666
0 0.3466796875 0.2916666666666667 0.37109375 0.2981770833333333 0.3935546875 0.3138020833333333 0.4072265625 0.328125 0.4169921875 0.3255208333333333 0.421875 0.3268229166666667 0.4228515625 0.33984375 0.419921875 0.3463541666666667 0.4208984375 0.359375 0.427734375 0.3645833333333333 0.4404296875 0.3658854166666667 0.44921875 0.3697916666666667 0.4501953125 0.3997395833333333 0.44921875 0.4049479166666667 0.4453125 0.4088541666666667 0.4326171875 0.4088541666666667 0.4306640625 0.4114583333333333 0.431640625 0.4401041666666667 0.4228515625 0.4544270833333333 0.4052734375 0.4921875 0.40234375 0.5208333333333334 0.3974609375 0.5364583333333334 0.3671875 0.5546875 0.3173828125 0.5677083333333334 0.2841796875 0.5572916666666666 0.271484375 0.5494791666666666 0.2509765625 0.5286458333333334 0.2421875 0.515625 0.2373046875 0.5 0.2294921875 0.48828125 0.228515625 0.4778645833333333 0.2236328125 0.4622395833333333 0.2216796875 0.3984375 0.228515625 0.37109375 0.2373046875 0.3515625 0.2529296875 0.3307291666666667 0.267578125 0.31640625 0.2900390625 0.3020833333333333 0.30859375 0.2942708333333333 0.3212890625 0.2916666666666667 0.345703125 0.2916666666666667
0 0.21875 0.4700520833333333 0.2236328125 0.4752604166666667 0.224609375 0.4869791666666667 0.2314453125 0.49609375 0.2392578125 0.5169270833333334 0.2607421875 0.5455729166666666 0.2763671875 0.55859375 0.3017578125 0.5677083333333334 0.306640625 0.5729166666666666 0.306640625 0.5755208333333334 0.296875 0.6015625 0.2919921875 0.6223958333333334 0.279296875 0.6549479166666666 0.263671875 0.6783854166666666 0.234375 0.6901041666666666 0.2197265625 0.6901041666666666 0.2001953125 0.6953125 0.18359375 0.70703125 0.173828125 0.7057291666666666 0.1474609375 0.6875 0.14453125 0.68359375 0.14453125 0.6783854166666666 0.1484375 0.6692708333333334 0.146484375 0.6510416666666666 0.1318359375 0.64453125 0.12890625 0.6328125 0.123046875 0.62890625 0.12109375 0.6236979166666666 0.1318359375 0.6119791666666666 0.1376953125 0.6080729166666666 0.146484375 0.6067708333333334 0.1494140625 0.6028645833333334 0.1494140625 0.5677083333333334 0.1533203125 0.5520833333333334 0.1552734375 0.5299479166666666 0.1591796875 0.5182291666666666 0.173828125 0.4921875 0.181640625 0.4830729166666667 0.197265625 0.47265625 0.2177734375 0.4700520833333333
0 0.646484375 0.2682291666666667 0.6611328125 0.2747395833333333 0.67578125 0.2877604166666667 0.6904296875 0.3072916666666667 0.7041015625 0.3333333333333333 0.7080078125 0.3528645833333333 0.708984375 0.3958333333333333 0.705078125 0.41796875 0.6962890625 0.4427083333333333 0.6748046875 0.4739583333333333 0.658203125 0.4856770833333333 0.634765625 0.4921875 0.6181640625 0.4921875 0.6044921875 0.48828125 0.578125 0.4739583333333333 0.5673828125 0.4622395833333333 0.5654296875 0.4557291666666667 0.5498046875 0.4296875 0.544921875 0.40625 0.54296875 0.3658854166666667 0.548828125 0.32421875 0.5712890625 0.2877604166666667 0.5859375 0.27734375 0.611328125 0.2682291666666667 0.6455078125 0.2682291666666667
0 0.4384765625 0.77734375 0.4599609375 0.7877604166666666 0.4853515625 0.8190104166666666 0.5087890625 0.8763020833333334 0.5126953125 0.8932291666666666 0.5146484375 0.9322916666666666 0.5107421875 0.9401041666666666 0.509765625 0.95703125 0.50390625 0.9661458333333334 0.5048828125 0.9739583333333334 0.501953125 0.9713541666666666 0.490234375 0.9895833333333334 0.490234375 0.9921875 0.494140625 0.9947916666666666 0.4794921875 0.9986979166666666 0.451171875 0.9986979166666666 0.4482421875 0.99609375 0.3828125 0.9986979166666666 0.3671875 0.97265625 0.3486328125 0.9153645833333334 0.3447265625 0.8802083333333334 0.34765625 0.84765625 0.361328125 0.8138020833333334 0.3828125 0.7903645833333334 0.40234375 0.7786458333333334 0.4189453125 0.7747395833333334 0.4375 0.77734375
0 0.4921875 0.11588541666666667 0.5078125 0.12109375 0.517578125 0.13151041666666666 0.5322265625 0.13932291666666666 0.5341796875 0.15364583333333334 0.5400390625 0.16276041666666666 0.5498046875 0.1875 0.5556640625 0.21484375 0.5556640625 0.23307291666666666 0.5478515625 0.2760416666666667 0.5361328125 0.2955729166666667 0.53515625 0.3020833333333333 0.53125 0.30859375 0.5146484375 0.3177083333333333 0.49609375 0.3190104166666667 0.48046875 0.328125 0.470703125 0.3268229166666667 0.4677734375 0.31640625 0.4404296875 0.30078125 0.4208984375 0.2747395833333333 0.4140625 0.26171875 0.4091796875 0.24348958333333334 0.404296875 0.21354166666666666 0.404296875 0.19791666666666666 0.4111328125 0.16796875 0.4228515625 0.14453125 0.4326171875 0.13151041666666666 0.44140625 0.125 0.466796875 0.1171875 0.4912109375 0.11588541666666667
0 0.5185546875 0.9205729166666666 0.5224609375 0.9322916666666666 0.5244140625 0.9674479166666666 0.5234375 0.9856770833333334 0.51953125 0.9986979166666666 0.4853515625 0.9986979166666666 0.486328125 0.9934895833333334 0.4921875 0.9869791666666666 0.5068359375 0.9557291666666666 0.513671875 0.9309895833333334 0.5146484375 0.9205729166666666 0.517578125 0.9205729166666666