0 0.5654296875 0.25 0.599609375 0.2578125 0.619140625 0.2747395833333333 0.6337890625 0.3046875 0.638671875 0.3229166666666667 0.640625 0.34375 0.6376953125 0.3763020833333333 0.6240234375 0.4036458333333333 0.6142578125 0.4166666666666667 0.6025390625 0.42578125 0.59375 0.4296875 0.5751953125 0.4322916666666667 0.5615234375 0.4309895833333333 0.5498046875 0.42578125 0.5390625 0.41796875 0.5283203125 0.4049479166666667 0.517578125 0.3893229166666667 0.51171875 0.3763020833333333 0.50390625 0.3294270833333333 0.50390625 0.31640625 0.5087890625 0.2916666666666667 0.5244140625 0.2669270833333333 0.5439453125 0.25 0.564453125 0.25
0 0.7529296875 0.2994791666666667 0.7705078125 0.3072916666666667 0.775390625 0.3177083333333333 0.7939453125 0.3346354166666667 0.8037109375 0.3541666666666667 0.810546875 0.3802083333333333 0.8115234375 0.3919270833333333 0.810546875 0.41015625 0.8046875 0.4309895833333333 0.8056640625 0.4427083333333333 0.802734375 0.44921875 0.7841796875 0.47265625 0.775390625 0.48046875 0.771484375 0.4830729166666667 0.7529296875 0.4856770833333333 0.7177734375 0.5013020833333334 0.6953125 0.4973958333333333 0.6787109375 0.4869791666666667 0.662109375 0.4700520833333333 0.65234375 0.4544270833333333 0.646484375 0.4375 0.64453125 0.3997395833333333 0.63671875 0.3984375 0.6337890625 0.3932291666666667 0.6435546875 0.37109375 0.6552734375 0.359375 0.6572265625 0.34765625 0.6611328125 0.3385416666666667 0.6787109375 0.3203125 0.7041015625 0.3059895833333333 0.7421875 0.3046875 0.748046875 0.3033854166666667 0.751953125 0.2994791666666667
0 0.7763671875 0.48828125 0.7919921875 0.4908854166666667 0.8046875 0.49609375 0.81640625 0.5065104166666666 0.8388671875 0.5546875 0.84375 0.58203125 0.84375 0.59375 0.83984375 0.6158854166666666 0.8310546875 0.6393229166666666 0.8173828125 0.65625 0.7958984375 0.6705729166666666 0.7763671875 0.6783854166666666 0.7529296875 0.6783854166666666 0.7392578125 0.6744791666666666 0.7255859375 0.6653645833333334 0.7119140625 0.6458333333333334 0.703125 0.625 0.69921875 0.6080729166666666 0.6962890625 0.578125 0.6962890625 0.5651041666666666 0.701171875 0.5416666666666666 0.70703125 0.5286458333333334 0.716796875 0.515625 0.724609375 0.5078125 0.7529296875 0.4908854166666667 0.7607421875 0.48828125 0.775390625 0.48828125
0 0.2373046875 0.24609375 0.2646484375 0.2604166666666667 0.2861328125 0.2890625 0.296875 0.3190104166666667 0.2998046875 0.34375 0.298828125 0.3802083333333333 0.2861328125 0.4127604166666667 0.271484375 0.4322916666666667 0.2626953125 0.4401041666666667 0.248046875 0.4466145833333333 0.2373046875 0.4479166666666667 0.2001953125 0.4427083333333333 0.1826171875 0.4322916666666667 0.16015625 0.4088541666666667 0.1416015625 0.3606770833333333 0.1416015625 0.3385416666666667 0.1455078125 0.3229166666666667 0.1591796875 0.2903645833333333 0.17578125 0.2682291666666667 0.2099609375 0.24739583333333334 0.220703125 0.24479166666666666 0.236328125 0.24609375
0 0.251953125 0.4921875 0.283203125 0.50390625 0.3115234375 0.53125 0.3203125 0.5494791666666666 0.326171875 0.5690104166666666 0.326171875 0.6067708333333334 0.32421875 0.62109375 0.31640625 0.6432291666666666 0.30078125 0.66796875 0.2646484375 0.6901041666666666 0.2314453125 0.7018229166666666 0.212890625 0.7018229166666666 0.1708984375 0.6861979166666666 0.1484375 0.6640625 0.138671875 0.6302083333333334 0.1416015625 0.6223958333333334 0.1455078125 0.5846354166666666 0.14453125 0.5625 0.146484375 0.5546875 0.1591796875 0.5364583333333334 0.173828125 0.51953125 0.1962890625 0.5 0.224609375 0.4895833333333333 0.2509765625 0.4921875
0 0.67578125 0.10286458333333333 0.697265625 0.12239583333333333 0.7080078125 0.13671875 0.7197265625 0.1796875 0.7177734375 0.19791666666666666 0.71875 0.20833333333333334 0.7275390625 0.21614583333333334 0.7275390625 0.22526041666666666 0.716796875 0.24088541666666666 0.693359375 0.265625 0.6748046875 0.2786458333333333 0.6611328125 0.2838541666666667 0.6298828125 0.2825520833333333 0.60546875 0.2513020833333333 0.59765625 0.24479166666666666 0.5849609375 0.22005208333333334 0.580078125 0.19010416666666666 0.580078125 0.17708333333333334 0.587890625 0.1484375 0.5986328125 0.1328125 0.6123046875 0.12890625 0.623046875 0.11588541666666667 0.642578125 0.10286458333333333 0.65234375 0.10026041666666667 0.6708984375 0.10026041666666667 0.6748046875 0.10286458333333333
0 0.623046875 0.47265625 0.6513671875 0.4973958333333333 0.6728515625 0.5325520833333334 0.689453125 0.5755208333333334 0.6962890625 0.6197916666666666 0.7021484375 0.6341145833333334 0.6953125 0.6861979166666666 0.6923828125 0.6979166666666666 0.6845703125 0.7096354166666666 0.6865234375 0.7291666666666666 0.685546875 0.7395833333333334 0.671875 0.7473958333333334 0.666015625 0.7421875 0.6640625 0.7252604166666666 0.658203125 0.7252604166666666 0.6337890625 0.7369791666666666 0.623046875 0.73828125 0.60546875 0.734375 0.564453125 0.71484375 0.5419921875 0.6940104166666666 0.52734375 0.6640625 0.51953125 0.6419270833333334 0.5107421875 0.63671875 0.5048828125 0.6276041666666666 0.5029296875 0.6197916666666666 0.501953125 0.578125 0.50390625 0.5559895833333334 0.5087890625 0.5481770833333334 0.5126953125 0.5338541666666666 0.5185546875 0.5234375 0.525390625 0.5169270833333334 0.533203125 0.4973958333333333 0.576171875 0.4713541666666667 0.5869140625 0.46875 0.61328125 0.46875 0.6220703125 0.47265625
0 0.39453125 0.3177083333333333 0.4375 0.3203125 0.4541015625 0.328125 0.470703125 0.33984375 0.484375 0.35546875 0.501953125 0.38671875 0.5185546875 0.4348958333333333 0.521484375 0.45703125 0.5205078125 0.4830729166666667 0.5146484375 0.51171875 0.509765625 0.5221354166666666 0.50390625 0.5286458333333334 0.5048828125 0.5364583333333334 0.494140625 0.5416666666666666 0.486328125 0.5611979166666666 0.478515625 0.5716145833333334 0.46484375 0.5807291666666666 0.453125 0.5833333333333334 0.4208984375 0.5833333333333334 0.396484375 0.57421875 0.3701171875 0.5520833333333334 0.361328125 0.5403645833333334 0.345703125 0.5260416666666666 0.3408203125 0.515625 0.33984375 0.4973958333333333 0.3349609375 0.4817708333333333 0.3359375 0.4661458333333333 0.3310546875 0.4401041666666667 0.3310546875 0.4309895833333333 0.3359375 0.4127604166666667 0.337890625 0.3736979166666667 0.3447265625 0.3697916666666667 0.3623046875 0.34765625 0.369140625 0.3424479166666667 0.380859375 0.3385416666666667 0.384765625 0.3333333333333333 0.3857421875 0.3203125 0.3935546875 0.3177083333333333
0 0.48828125 0.6419270833333334 0.50390625 0.6510416666666666 0.51953125 0.6640625 0.5302734375 0.6770833333333334 0.537109375 0.69140625 0.5439453125 0.7161458333333334 0.55078125 0.7291666666666666 0.5537109375 0.7447916666666666 0.544921875 0.7552083333333334 0.544921875 0.765625 0.5390625 0.7942708333333334 0.533203125 0.8111979166666666 0.525390625 0.8229166666666666 0.5185546875 0.83203125 0.5009765625 0.8450520833333334 0.4814453125 0.8515625 0.470703125 0.8515625 0.46484375 0.8489583333333334 0.4453125 0.83203125 0.431640625 0.8268229166666666 0.4248046875 0.8177083333333334 0.4248046875 0.8033854166666666 0.4140625 0.7721354166666666 0.4111328125 0.75 0.4140625 0.7096354166666666 0.421875 0.6875 0.43359375 0.6666666666666666 0.443359375 0.65625 0.4658203125 0.64453125 0.4873046875 0.6419270833333334
0 0.5361328125 0 0.54296875 0.006510416666666667 0.5498046875 0.033854166666666664 0.5517578125 0.057291666666666664 0.5498046875 0.08984375 0.5390625 0.10677083333333333 0.5244140625 0.12239583333333333 0.5185546875 0.125 0.5166015625 0.12109375 0.5185546875 0.1015625 0.5244140625 0.09765625 0.521484375 0.09505208333333333 0.5224609375 0.09244791666666667 0.53125 0.0859375 0.533203125 0.07942708333333333 0.529296875 0.07682291666666667 0.5146484375 0.09505208333333333 0.5107421875 0.09635416666666667 0.5107421875 0.10546875 0.5146484375 0.11458333333333333 0.5146484375 0.12890625 0.5009765625 0.17578125 0.4912109375 0.1953125 0.484375 0.21614583333333334 0.47265625 0.23046875 0.46875 0.2421875 0.462890625 0.24609375 0.4599609375 0.2513020833333333 0.4326171875 0.2630208333333333 0.419921875 0.2643229166666667 0.4140625 0.26953125 0.4052734375 0.2721354166666667 0.39453125 0.2747395833333333 0.3759765625 0.2734375 0.3525390625 0.2591145833333333 0.349609375 0.2552083333333333 0.328125 0.22005208333333334 0.322265625 0.19401041666666666 0.322265625 0.18098958333333334 0.328125 0.14583333333333334 0.3359375 0.12630208333333334 0.357421875 0.0859375 0.3857421875 0.052083333333333336 0.4013671875 0.044270833333333336 0.4150390625 0.02734375 0.431640625 0.02734375 0.44140625 0.03515625 0.45703125 0.033854166666666664 0.46875 0.037760416666666664 0.484375 0.015625 0.4873046875 0.015625 0.4921875 0.022135416666666668 0.498046875 0.024739583333333332 0.5087890625 0.020833333333333332 0.521484375 0.006510416666666667 0.529296875 0.014322916666666666 0.5361328125 0.0013020833333333333
0 0.3076171875 0.69921875 0.322265625 0.7057291666666666 0.333984375 0.71484375 0.3466796875 0.73046875 0.3583984375 0.7526041666666666 0.3671875 0.78515625 0.3671875 0.8111979166666666 0.3642578125 0.8359375 0.349609375 0.8776041666666666 0.33203125 0.90234375 0.31640625 0.9153645833333334 0.2822265625 0.92578125 0.2724609375 0.9361979166666666 0.2548828125 0.9348958333333334 0.24609375 0.9296875 0.244140625 0.92578125 0.244140625 0.9166666666666666 0.2236328125 0.8971354166666666 0.2138671875 0.8828125 0.208984375 0.8528645833333334 0.208984375 0.8138020833333334 0.2119140625 0.78515625 0.2216796875 0.7526041666666666 0.2353515625 0.7265625 0.2490234375 0.7109375 0.2626953125 0.7018229166666666 0.275390625 0.6979166666666666 0.306640625 0.69921875