0 0.6953125 0.00390625 0.7001953125 0.013020833333333334 0.7177734375 0.013020833333333334 0.7275390625 0.020833333333333332 0.7392578125 0.026041666666666668 0.7685546875 0.059895833333333336 0.783203125 0.049479166666666664 0.7919921875 0.061197916666666664 0.8037109375 0.061197916666666664 0.8173828125 0.044270833333333336 0.82421875 0.049479166666666664 0.828125 0.049479166666666664 0.833984375 0.036458333333333336 0.8388671875 0.040364583333333336 0.8427734375 0.053385416666666664 0.841796875 0.09244791666666667 0.8369140625 0.10807291666666667 0.826171875 0.12760416666666666 0.7900390625 0.1484375 0.7470703125 0.15234375 0.7421875 0.15494791666666666 0.7314453125 0.16796875 0.7177734375 0.17578125 0.70703125 0.17447916666666666 0.68359375 0.14453125 0.6611328125 0.13411458333333334 0.640625 0.13411458333333334 0.6259765625 0.140625 0.61328125 0.15104166666666666 0.6015625 0.15364583333333334 0.59765625 0.14973958333333334 0.5771484375 0.10286458333333333 0.580078125 0.09114583333333333 0.595703125 0.07291666666666667 0.615234375 0.055989583333333336 0.6298828125 0.048177083333333336 0.650390625 0.024739583333333332 0.6630859375 0.020833333333333332 0.6787109375 0.009114583333333334 0.6943359375 0.00390625
0 0.501953125 0.29296875 0.509765625 0.2981770833333333 0.5283203125 0.2981770833333333 0.5361328125 0.3020833333333333 0.5419921875 0.3229166666666667 0.5498046875 0.3346354166666667 0.548828125 0.3489583333333333 0.55859375 0.3606770833333333 0.5576171875 0.3802083333333333 0.548828125 0.3997395833333333 0.5478515625 0.41015625 0.54296875 0.41796875 0.541015625 0.4361979166666667 0.5341796875 0.44921875 0.537109375 0.4635416666666667 0.5205078125 0.4934895833333333 0.5087890625 0.5065104166666666 0.4619140625 0.5221354166666666 0.4443359375 0.5208333333333334 0.4345703125 0.515625 0.416015625 0.4908854166666667 0.4013671875 0.4765625 0.3955078125 0.4661458333333333 0.3857421875 0.4322916666666667 0.3837890625 0.4088541666666667 0.384765625 0.3763020833333333 0.388671875 0.359375 0.396484375 0.3411458333333333 0.4111328125 0.3268229166666667 0.419921875 0.3216145833333333 0.4287109375 0.3098958333333333 0.46875 0.2916666666666667 0.4921875 0.2890625 0.5009765625 0.29296875
0 0.5556640625 0.10286458333333333 0.5703125 0.10807291666666667 0.5810546875 0.12109375 0.591796875 0.14453125 0.59375 0.15755208333333334 0.576171875 0.17708333333333334 0.5595703125 0.20703125 0.55078125 0.24479166666666666 0.546875 0.29296875 0.5458984375 0.2955729166666667 0.541015625 0.296875 0.529296875 0.29296875 0.509765625 0.29296875 0.4873046875 0.2799479166666667 0.48046875 0.2643229166666667 0.4765625 0.21484375 0.4697265625 0.1875 0.474609375 0.14583333333333334 0.478515625 0.13541666666666666 0.5048828125 0.12630208333333334 0.5185546875 0.11197916666666667 0.5546875 0.10286458333333333
0 0.6923828125 0.3619791666666667 0.712890625 0.3736979166666667 0.73046875 0.3893229166666667 0.736328125 0.3919270833333333 0.734375 0.4010416666666667 0.7490234375 0.4244791666666667 0.7607421875 0.4518229166666667 0.76953125 0.4986979166666667 0.767578125 0.53515625 0.7626953125 0.5572916666666666 0.7490234375 0.5885416666666666 0.732421875 0.61328125 0.7119140625 0.6341145833333334 0.693359375 0.6471354166666666 0.67578125 0.6549479166666666 0.6357421875 0.6614583333333334 0.611328125 0.6588541666666666 0.59765625 0.6536458333333334 0.5849609375 0.6432291666666666 0.5810546875 0.6432291666666666 0.578125 0.6471354166666666 0.5712890625 0.6497395833333334 0.5576171875 0.6315104166666666 0.556640625 0.6263020833333334 0.5595703125 0.6080729166666666 0.5537109375 0.5859375 0.54296875 0.5572916666666666 0.5361328125 0.5247395833333334 0.53515625 0.4973958333333333 0.537109375 0.4817708333333333 0.54296875 0.45703125 0.5478515625 0.44921875 0.5498046875 0.4270833333333333 0.552734375 0.41796875 0.580078125 0.3854166666666667 0.607421875 0.3723958333333333 0.650390625 0.3606770833333333 0.669921875 0.359375 0.69140625 0.3619791666666667
0 0.46484375 0.5390625 0.4814453125 0.5442708333333334 0.498046875 0.5533854166666666 0.513671875 0.56640625 0.53515625 0.5911458333333334 0.546875 0.5950520833333334 0.5478515625 0.59765625 0.5478515625 0.6028645833333334 0.5380859375 0.6184895833333334 0.54296875 0.67578125 0.541015625 0.7005208333333334 0.5341796875 0.72265625 0.5048828125 0.765625 0.4912109375 0.7760416666666666 0.4765625 0.7786458333333334 0.453125 0.7760416666666666 0.4306640625 0.7591145833333334 0.421875 0.7552083333333334 0.3935546875 0.7239583333333334 0.3857421875 0.7096354166666666 0.3828125 0.6966145833333334 0.3828125 0.6588541666666666 0.38671875 0.64453125 0.38671875 0.6236979166666666 0.3916015625 0.60546875 0.40625 0.5716145833333334 0.4208984375 0.5559895833333334 0.43359375 0.546875 0.455078125 0.5390625 0.4638671875 0.5390625
0 0.2880859375 0.4309895833333333 0.2998046875 0.4348958333333333 0.322265625 0.4518229166666667 0.3349609375 0.4661458333333333 0.3486328125 0.48828125 0.359375 0.5286458333333334 0.359375 0.5625 0.3515625 0.5963541666666666 0.33984375 0.6197916666666666 0.32421875 0.6419270833333334 0.30859375 0.6536458333333334 0.26953125 0.6666666666666666 0.2490234375 0.6627604166666666 0.2236328125 0.6484375 0.208984375 0.63671875 0.1953125 0.6171875 0.18359375 0.58984375 0.1796875 0.57421875 0.1796875 0.5533854166666666 0.19140625 0.5143229166666666 0.205078125 0.4908854166666667 0.2216796875 0.4700520833333333 0.2294921875 0.46484375 0.2373046875 0.4544270833333333 0.251953125 0.44140625 0.2802734375 0.4309895833333333 0.287109375 0.4309895833333333
0 0.3935546875 0.053385416666666664 0.412109375 0.05859375 0.4306640625 0.06901041666666667 0.4462890625 0.09114583333333333 0.45703125 0.15364583333333334 0.45703125 0.16666666666666666 0.4560546875 0.16796875 0.4453125 0.15755208333333334 0.4326171875 0.15104166666666666 0.4208984375 0.140625 0.4052734375 0.13541666666666666 0.38671875 0.13541666666666666 0.3779296875 0.13932291666666666 0.3623046875 0.16015625 0.3388671875 0.17057291666666666 0.3349609375 0.16666666666666666 0.3291015625 0.14453125 0.3291015625 0.12890625 0.3349609375 0.10416666666666667 0.3515625 0.07942708333333333 0.3701171875 0.05859375 0.3798828125 0.053385416666666664 0.392578125 0.053385416666666664
0 0.6494140625 0.13802083333333334 0.6591796875 0.14322916666666666 0.669921875 0.14322916666666666 0.6826171875 0.14973958333333334 0.6953125 0.16536458333333334 0.6953125 0.16927083333333334 0.7021484375 0.17838541666666666 0.728515625 0.19661458333333334 0.736328125 0.20833333333333334 0.7490234375 0.23697916666666666 0.755859375 0.2734375 0.7548828125 0.30859375 0.7509765625 0.3307291666666667 0.7431640625 0.3541666666666667 0.728515625 0.3776041666666667 0.7236328125 0.3776041666666667 0.708984375 0.3658854166666667 0.6923828125 0.3580729166666667 0.65625 0.3541666666666667 0.6435546875 0.35546875 0.60546875 0.3697916666666667 0.58203125 0.3723958333333333 0.57421875 0.36328125 0.56640625 0.3489583333333333 0.55859375 0.328125 0.552734375 0.3059895833333333 0.55078125 0.2799479166666667 0.5537109375 0.24609375 0.5634765625 0.20442708333333334 0.5732421875 0.1875 0.5947265625 0.16276041666666666 0.5986328125 0.16015625 0.6083984375 0.16015625 0.6298828125 0.14192708333333334 0.6484375 0.13802083333333334
0 0.4091796875 0.13932291666666666 0.4189453125 0.14192708333333334 0.4443359375 0.16015625 0.45703125 0.17578125 0.466796875 0.19270833333333334 0.4736328125 0.21875 0.4755859375 0.24609375 0.474609375 0.2734375 0.4677734375 0.28515625 0.4619140625 0.2890625 0.4287109375 0.3033854166666667 0.4150390625 0.3203125 0.400390625 0.33203125 0.3857421875 0.35546875 0.373046875 0.3541666666666667 0.3623046875 0.34765625 0.357421875 0.3177083333333333 0.353515625 0.3072916666666667 0.3466796875 0.2942708333333333 0.330078125 0.2760416666666667 0.326171875 0.2630208333333333 0.3134765625 0.25 0.3134765625 0.23046875 0.3173828125 0.2109375 0.3359375 0.17838541666666666 0.3427734375 0.17057291666666666 0.36328125 0.16276041666666666 0.3828125 0.13932291666666666 0.408203125 0.13932291666666666
0 0.21875 0.24739583333333334 0.2353515625 0.2565104166666667 0.26171875 0.2565104166666667 0.28125 0.2513020833333333 0.298828125 0.2513020833333333 0.3125 0.2565104166666667 0.322265625 0.2643229166666667 0.330078125 0.2838541666666667 0.3359375 0.2877604166666667 0.3427734375 0.296875 0.3525390625 0.31640625 0.361328125 0.359375 0.36328125 0.3997395833333333 0.3662109375 0.4205729166666667 0.3681640625 0.4270833333333333 0.373046875 0.43359375 0.3798828125 0.4361979166666667 0.3828125 0.4427083333333333 0.3828125 0.4505208333333333 0.3759765625 0.4700520833333333 0.3701171875 0.4739583333333333 0.3486328125 0.4739583333333333 0.314453125 0.4401041666666667 0.291015625 0.4270833333333333 0.28125 0.42578125 0.275390625 0.4296875 0.26171875 0.4322916666666667 0.2294921875 0.4518229166666667 0.220703125 0.4466145833333333 0.2021484375 0.4244791666666667 0.197265625 0.4114583333333333 0.193359375 0.3919270833333333 0.189453125 0.3411458333333333 0.18359375 0.3177083333333333 0.181640625 0.2942708333333333 0.18359375 0.2786458333333333 0.189453125 0.2682291666666667 0.1904296875 0.2591145833333333 0.193359375 0.2552083333333333 0.201171875 0.24739583333333334 0.2177734375 0.24739583333333334
0 0.4912109375 0.00390625 0.5087890625 0.01171875 0.5302734375 0.01171875 0.5390625 0.014322916666666666 0.556640625 0.026041666666666668 0.5673828125 0.049479166666666664 0.5712890625 0.07291666666666667 0.5712890625 0.10416666666666667 0.5458984375 0.1015625 0.5400390625 0.10546875 0.5185546875 0.109375 0.51171875 0.11328125 0.501953125 0.12369791666666667 0.4765625 0.1328125 0.4736328125 0.13671875 0.470703125 0.15494791666666666 0.466796875 0.15885416666666666 0.4609375 0.14973958333333334 0.4560546875 0.13411458333333334 0.4521484375 0.11588541666666667 0.451171875 0.09244791666666667 0.4560546875 0.07291666666666667 0.466796875 0.045572916666666664 0.4775390625 0.032552083333333336 0.4853515625 0.006510416666666667 0.490234375 0.005208333333333333