0 0.484375 0.68359375 0.4982638888888889 0.6861979166666666 0.5190972222222222 0.6940104166666666 0.546875 0.7122395833333334 0.5538194444444444 0.7200520833333334 0.5711805555555556 0.75 0.5729166666666666 0.7708333333333334 0.5694444444444444 0.7838541666666666 0.5694444444444444 0.8033854166666666 0.5572916666666666 0.8111979166666666 0.546875 0.828125 0.5208333333333334 0.8528645833333334 0.4861111111111111 0.87109375 0.4583333333333333 0.8776041666666666 0.4392361111111111 0.8776041666666666 0.4201388888888889 0.8736979166666666 0.4010416666666667 0.8658854166666666 0.375 0.84765625 0.3611111111111111 0.8294270833333334 0.3524305555555556 0.8111979166666666 0.3506944444444444 0.8020833333333334 0.3524305555555556 0.7591145833333334 0.359375 0.73828125 0.3645833333333333 0.73046875 0.3802083333333333 0.7135416666666666 0.3975694444444444 0.7005208333333334 0.4166666666666667 0.69140625 0.4375 0.6861979166666666 0.4565972222222222 0.68359375 0.4826388888888889 0.68359375
0 0.3975694444444444 0.3606770833333333 0.4322916666666667 0.3723958333333333 0.4392361111111111 0.3776041666666667 0.4513888888888889 0.3971354166666667 0.4513888888888889 0.4166666666666667 0.4496527777777778 0.4401041666666667 0.4357638888888889 0.4661458333333333 0.4270833333333333 0.47265625 0.4166666666666667 0.4765625 0.4079861111111111 0.484375 0.3888888888888889 0.4895833333333333 0.3784722222222222 0.4895833333333333 0.3524305555555556 0.484375 0.3263888888888889 0.4700520833333333 0.2916666666666667 0.4375 0.2881944444444444 0.4283854166666667 0.2881944444444444 0.4192708333333333 0.2916666666666667 0.40625 0.3055555555555556 0.3854166666666667 0.3333333333333333 0.36328125 0.3489583333333333 0.3580729166666667 0.3819444444444444 0.3580729166666667 0.3958333333333333 0.3606770833333333
0 0.7239583333333334 0.5716145833333334 0.7274305555555556 0.5755208333333334 0.7309027777777778 0.5729166666666666 0.7378472222222222 0.5729166666666666 0.7395833333333334 0.5807291666666666 0.7447916666666666 0.578125 0.7465277777777778 0.57421875 0.7604166666666666 0.5807291666666666 0.7986111111111112 0.5872395833333334 0.8194444444444444 0.5950520833333334 0.8368055555555556 0.60546875 0.8576388888888888 0.6263020833333334 0.8715277777777778 0.6575520833333334 0.8697916666666666 0.68359375 0.8524305555555556 0.71484375 0.8385416666666666 0.7278645833333334 0.8177083333333334 0.7408854166666666 0.7829861111111112 0.7513020833333334 0.7517361111111112 0.7552083333333334 0.7152777777777778 0.75390625 0.6909722222222222 0.7486979166666666 0.6579861111111112 0.734375 0.6354166666666666 0.7135416666666666 0.6284722222222222 0.703125 0.6197916666666666 0.6783854166666666 0.6215277777777778 0.6497395833333334 0.6267361111111112 0.6380208333333334 0.6284722222222222 0.62109375 0.6232638888888888 0.6197916666666666 0.6076388888888888 0.6328125 0.5989583333333334 0.6328125 0.5954861111111112 0.6302083333333334 0.6163194444444444 0.6080729166666666 0.6145833333333334 0.6002604166666666 0.6180555555555556 0.5846354166666666 0.6232638888888888 0.5807291666666666 0.6354166666666666 0.5794270833333334 0.6493055555555556 0.5794270833333334 0.6579861111111112 0.5833333333333334 0.6684027777777778 0.5833333333333334 0.6788194444444444 0.5807291666666666 0.6892361111111112 0.57421875 0.6979166666666666 0.57421875 0.7065972222222222 0.578125 0.7152777777777778 0.578125 0.7222222222222222 0.5729166666666666
0 0.9982638888888888 0.5638020833333334 0.9982638888888888 0.7473958333333334 0.9652777777777778 0.7330729166666666 0.9236111111111112 0.7044270833333334 0.90625 0.68359375 0.8940972222222222 0.6575520833333334 0.8958333333333334 0.6263020833333334 0.9131944444444444 0.6015625 0.9166666666666666 0.6015625 0.9270833333333334 0.5950520833333334 0.9444444444444444 0.5924479166666666 0.9583333333333334 0.5807291666666666 0.96875 0.5768229166666666 0.9930555555555556 0.5625 0.9965277777777778 0.5638020833333334
0 0.22395833333333334 0.4765625 0.2465277777777778 0.484375 0.2760416666666667 0.4895833333333333 0.3107638888888889 0.5026041666666666 0.3402777777777778 0.5247395833333334 0.3524305555555556 0.5377604166666666 0.3645833333333333 0.55859375 0.3697916666666667 0.578125 0.3697916666666667 0.5963541666666666 0.3663194444444444 0.6145833333333334 0.3524305555555556 0.63671875 0.3142361111111111 0.6653645833333334 0.2760416666666667 0.6796875 0.2534722222222222 0.68359375 0.2465277777777778 0.6927083333333334 0.2378472222222222 0.6927083333333334 0.2378472222222222 0.6888020833333334 0.2326388888888889 0.6861979166666666 0.19791666666666666 0.6861979166666666 0.1875 0.68359375 0.17708333333333334 0.68359375 0.14930555555555555 0.6783854166666666 0.140625 0.6744791666666666 0.10416666666666667 0.6536458333333334 0.08333333333333333 0.63671875 0.0625 0.6106770833333334 0.05555555555555555 0.5911458333333334 0.05381944444444445 0.5703125 0.07291666666666667 0.5416666666666666 0.08159722222222222 0.53515625 0.08854166666666667 0.5247395833333334 0.1076388888888889 0.5104166666666666 0.12152777777777778 0.5052083333333334 0.13020833333333334 0.4986979166666667 0.13541666666666666 0.4895833333333333 0.14756944444444445 0.48828125 0.1597222222222222 0.4830729166666667 0.17708333333333334 0.484375 0.1857638888888889 0.4791666666666667 0.19618055555555555 0.4765625 0.2222222222222222 0.4765625
0 0.9027777777777778 0.36328125 0.9288194444444444 0.3684895833333333 0.9548611111111112 0.3776041666666667 0.9982638888888888 0.40234375 0.9982638888888888 0.55078125 0.9774305555555556 0.5572916666666666 0.9670138888888888 0.5677083333333334 0.9427083333333334 0.58203125 0.9045138888888888 0.5950520833333334 0.8802083333333334 0.5989583333333334 0.8333333333333334 0.5963541666666666 0.8003472222222222 0.5807291666666666 0.7638888888888888 0.5716145833333334 0.7204861111111112 0.5390625 0.7100694444444444 0.515625 0.7100694444444444 0.50390625 0.7135416666666666 0.4986979166666667 0.7152777777777778 0.4791666666666667 0.7204861111111112 0.4661458333333333 0.7256944444444444 0.4401041666666667 0.7413194444444444 0.4153645833333333 0.7708333333333334 0.3880208333333333 0.8020833333333334 0.3723958333333333 0.8142361111111112 0.3684895833333333 0.8506944444444444 0.3645833333333333 0.9010416666666666 0.36328125
0 0.8125 0.15364583333333334 0.8159722222222222 0.15625 0.8177083333333334 0.16666666666666666 0.8246527777777778 0.17578125 0.8315972222222222 0.19661458333333334 0.8298611111111112 0.2109375 0.8229166666666666 0.22526041666666666 0.8107638888888888 0.23828125 0.7864583333333334 0.2565104166666667 0.7517361111111112 0.2669270833333333 0.7048611111111112 0.2669270833333333 0.6909722222222222 0.26171875 0.6840277777777778 0.2565104166666667 0.6684027777777778 0.23567708333333334 0.6597222222222222 0.21223958333333334 0.6597222222222222 0.18359375 0.6631944444444444 0.17447916666666666 0.6701388888888888 0.1640625 0.6875 0.15104166666666666 0.71875 0.13802083333333334 0.75 0.13020833333333334 0.7760416666666666 0.1171875 0.7864583333333334 0.11848958333333333 0.7986111111111112 0.12890625 0.8003472222222222 0.14322916666666666 0.8107638888888888 0.15364583333333334
0 0.9236111111111112 0.2630208333333333 0.9357638888888888 0.2669270833333333 0.953125 0.2786458333333333 0.96875 0.28515625 0.9878472222222222 0.2994791666666667 0.9982638888888888 0.3125 0.9982638888888888 0.3606770833333333 0.9913194444444444 0.3684895833333333 0.9722222222222222 0.3802083333333333 0.9670138888888888 0.3802083333333333 0.9322916666666666 0.3658854166666667 0.9097222222222222 0.3606770833333333 0.8541666666666666 0.359375 0.8385416666666666 0.3619791666666667 0.8194444444444444 0.3619791666666667 0.8090277777777778 0.35546875 0.8072916666666666 0.3489583333333333 0.8090277777777778 0.3177083333333333 0.8177083333333334 0.30078125 0.828125 0.29296875 0.8506944444444444 0.2838541666666667 0.8559027777777778 0.2838541666666667 0.8767361111111112 0.2760416666666667 0.8871527777777778 0.27734375 0.90625 0.2643229166666667 0.921875 0.2630208333333333
0 0.5173611111111112 0.4661458333333333 0.5486111111111112 0.4700520833333333 0.5850694444444444 0.4869791666666667 0.5989583333333334 0.4973958333333333 0.6111111111111112 0.51171875 0.6215277777777778 0.5325520833333334 0.6197916666666666 0.5690104166666666 0.59375 0.6028645833333334 0.5711805555555556 0.6184895833333334 0.5590277777777778 0.6236979166666666 0.5295138888888888 0.62890625 0.5069444444444444 0.62890625 0.4895833333333333 0.6263020833333334 0.4791666666666667 0.6236979166666666 0.4513888888888889 0.6106770833333334 0.4322916666666667 0.5950520833333334 0.4166666666666667 0.5703125 0.4114583333333333 0.5572916666666666 0.4131944444444444 0.5260416666666666 0.421875 0.5078125 0.4305555555555556 0.49609375 0.453125 0.48046875 0.4704861111111111 0.47265625 0.4895833333333333 0.4674479166666667 0.515625 0.4661458333333333
0 0.5121527777777778 0.19921875 0.5225694444444444 0.203125 0.5451388888888888 0.20182291666666666 0.5572916666666666 0.20703125 0.5625 0.21614583333333334 0.5763888888888888 0.2265625 0.5850694444444444 0.23697916666666666 0.5972222222222222 0.2604166666666667 0.6024305555555556 0.2760416666666667 0.6024305555555556 0.2838541666666667 0.5989583333333334 0.2955729166666667 0.5815972222222222 0.30859375 0.5677083333333334 0.3359375 0.5486111111111112 0.3515625 0.5138888888888888 0.3671875 0.4739583333333333 0.3736979166666667 0.4427083333333333 0.3736979166666667 0.4097222222222222 0.3606770833333333 0.3697916666666667 0.3528645833333333 0.3697916666666667 0.33984375 0.3628472222222222 0.32421875 0.3576388888888889 0.3203125 0.3489583333333333 0.3216145833333333 0.3472222222222222 0.3203125 0.3506944444444444 0.30859375 0.3559027777777778 0.3033854166666667 0.3506944444444444 0.2747395833333333 0.3576388888888889 0.26953125 0.3697916666666667 0.2708333333333333 0.375 0.2669270833333333 0.375 0.2591145833333333 0.3680555555555556 0.2578125 0.3732638888888889 0.2513020833333333 0.3819444444444444 0.2552083333333333 0.3923611111111111 0.24739583333333334 0.4010416666666667 0.24609375 0.4236111111111111 0.23567708333333334 0.4375 0.23177083333333334 0.4513888888888889 0.21744791666666666 0.46875 0.20703125 0.4809027777777778 0.19661458333333334 0.5104166666666666 0.19921875
0 0.6996527777777778 0.2799479166666667 0.7100694444444444 0.2838541666666667 0.7395833333333334 0.2877604166666667 0.7465277777777778 0.2903645833333333 0.7569444444444444 0.2994791666666667 0.7708333333333334 0.30078125 0.7760416666666666 0.3033854166666667 0.7777777777777778 0.3125 0.7760416666666666 0.3255208333333333 0.7864583333333334 0.3502604166666667 0.7847222222222222 0.3697916666666667 0.7795138888888888 0.3736979166666667 0.765625 0.3776041666666667 0.7586805555555556 0.3828125 0.7552083333333334 0.3880208333333333 0.7534722222222222 0.3984375 0.7291666666666666 0.4205729166666667 0.7239583333333334 0.4348958333333333 0.71875 0.44140625 0.7118055555555556 0.4453125 0.6996527777777778 0.4479166666666667 0.6840277777777778 0.4479166666666667 0.671875 0.4440104166666667 0.6423611111111112 0.4401041666666667 0.6267361111111112 0.44140625 0.6197916666666666 0.4348958333333333 0.5972222222222222 0.42578125 0.578125 0.4114583333333333 0.5659722222222222 0.3984375 0.5590277777777778 0.3828125 0.5590277777777778 0.3645833333333333 0.5642361111111112 0.3463541666666667 0.5798611111111112 0.3268229166666667 0.5868055555555556 0.3111979166666667 0.5989583333333334 0.3020833333333333 0.6163194444444444 0.296875 0.6319444444444444 0.2864583333333333 0.6371527777777778 0.28515625 0.6527777777777778 0.28515625 0.6805555555555556 0.2786458333333333 0.6979166666666666 0.2799479166666667