0 0.7001953125 0.5963541666666666 0.712890625 0.6028645833333334 0.734375 0.6223958333333334 0.751953125 0.6484375 0.7626953125 0.6783854166666666 0.765625 0.6940104166666666 0.765625 0.70703125 0.76171875 0.7330729166666666 0.7626953125 0.7408854166666666 0.767578125 0.7473958333333334 0.7744140625 0.7473958333333334 0.78125 0.7434895833333334 0.7919921875 0.7434895833333334 0.798828125 0.7473958333333334 0.7998046875 0.7513020833333334 0.791015625 0.7786458333333334 0.787109375 0.7994791666666666 0.787109375 0.80859375 0.7919921875 0.8125 0.796875 0.8111979166666666 0.7978515625 0.81640625 0.794921875 0.82421875 0.7783203125 0.8307291666666666 0.775390625 0.8346354166666666 0.775390625 0.8450520833333334 0.771484375 0.8515625 0.767578125 0.8528645833333334 0.7509765625 0.8450520833333334 0.748046875 0.8489583333333334 0.7470703125 0.8619791666666666 0.744140625 0.8684895833333334 0.7216796875 0.8619791666666666 0.7138671875 0.8541666666666666 0.7080078125 0.8541666666666666 0.705078125 0.8567708333333334 0.69921875 0.87109375 0.685546875 0.88671875 0.68359375 0.88671875 0.677734375 0.8763020833333334 0.6748046875 0.8645833333333334 0.6728515625 0.8372395833333334 0.646484375 0.8359375 0.623046875 0.828125 0.603515625 0.8138020833333334 0.5830078125 0.7890625 0.5703125 0.765625 0.5634765625 0.7408854166666666 0.560546875 0.6940104166666666 0.564453125 0.671875 0.5693359375 0.6575520833333334 0.580078125 0.6380208333333334 0.6015625 0.6119791666666666 0.62890625 0.5963541666666666 0.6513671875 0.5911458333333334 0.6650390625 0.58984375 0.69921875 0.5963541666666666
0 0.4013671875 0.4765625 0.427734375 0.4791666666666667 0.453125 0.4869791666666667 0.509765625 0.5286458333333334 0.5244140625 0.54296875 0.541015625 0.56640625 0.5478515625 0.5807291666666666 0.5537109375 0.6067708333333334 0.5576171875 0.6380208333333334 0.5546875 0.6861979166666666 0.5498046875 0.71875 0.5341796875 0.765625 0.5234375 0.7838541666666666 0.5068359375 0.8046875 0.4951171875 0.8151041666666666 0.482421875 0.8216145833333334 0.462890625 0.8255208333333334 0.455078125 0.83203125 0.44921875 0.8294270833333334 0.4189453125 0.8307291666666666 0.4189453125 0.8333333333333334 0.423828125 0.8333333333333334 0.427734375 0.8411458333333334 0.42578125 0.84765625 0.419921875 0.84765625 0.4150390625 0.8424479166666666 0.412109375 0.8424479166666666 0.4111328125 0.8450520833333334 0.412109375 0.8411458333333334 0.4091796875 0.8346354166666666 0.4169921875 0.8333333333333334 0.41796875 0.83203125 0.4150390625 0.8294270833333334 0.3994140625 0.8294270833333334 0.3974609375 0.83203125 0.3984375 0.8385416666666666 0.390625 0.83984375 0.3837890625 0.8333333333333334 0.3837890625 0.8307291666666666 0.3916015625 0.8268229166666666 0.390625 0.8229166666666666 0.3642578125 0.8177083333333334 0.337890625 0.7955729166666666 0.3125 0.7591145833333334 0.298828125 0.7200520833333334 0.2939453125 0.69921875 0.294921875 0.6822916666666666 0.298828125 0.671875 0.2978515625 0.6458333333333334 0.2998046875 0.6184895833333334 0.3037109375 0.6028645833333334 0.3134765625 0.58203125 0.3251953125 0.5377604166666666 0.341796875 0.5078125 0.35546875 0.5078125 0.3740234375 0.4895833333333333 0.400390625 0.4765625
0 0.5732421875 0.23307291666666666 0.591796875 0.24609375 0.6005859375 0.2682291666666667 0.6005859375 0.2786458333333333 0.6123046875 0.29296875 0.6181640625 0.3072916666666667 0.6259765625 0.3190104166666667 0.63671875 0.3515625 0.63671875 0.3763020833333333 0.626953125 0.4192708333333333 0.6123046875 0.453125 0.611328125 0.4661458333333333 0.603515625 0.4856770833333333 0.5869140625 0.50390625 0.564453125 0.5169270833333334 0.5556640625 0.5169270833333334 0.5439453125 0.5104166666666666 0.5146484375 0.5091145833333334 0.5 0.5052083333333334 0.462890625 0.4869791666666667 0.451171875 0.4778645833333333 0.4375 0.4557291666666667 0.419921875 0.4153645833333333 0.4169921875 0.3854166666666667 0.419921875 0.3619791666666667 0.431640625 0.3268229166666667 0.443359375 0.30078125 0.4599609375 0.2799479166666667 0.48046875 0.265625 0.509765625 0.2526041666666667 0.5166015625 0.24609375 0.51953125 0.23828125 0.5224609375 0.23697916666666666 0.537109375 0.2421875 0.552734375 0.23958333333333334 0.560546875 0.22916666666666666 0.5673828125 0.22916666666666666 0.572265625 0.23307291666666666
0 0.6650390625 0.11067708333333333 0.6875 0.11848958333333333 0.712890625 0.13541666666666666 0.7265625 0.16145833333333334 0.7294921875 0.17578125 0.7294921875 0.19921875 0.724609375 0.22135416666666666 0.71484375 0.2421875 0.7099609375 0.2708333333333333 0.703125 0.2799479166666667 0.6923828125 0.28125 0.671875 0.296875 0.662109375 0.30078125 0.6435546875 0.30078125 0.63671875 0.2981770833333333 0.6162109375 0.2877604166666667 0.6083984375 0.27734375 0.6044921875 0.26171875 0.59375 0.24088541666666666 0.587890625 0.234375 0.5869140625 0.19270833333333334 0.595703125 0.15885416666666666 0.60546875 0.13802083333333334 0.6298828125 0.1171875 0.6435546875 0.11197916666666667 0.6640625 0.11067708333333333
0 0.85546875 0.4817708333333333 0.8720703125 0.4869791666666667 0.890625 0.4973958333333333 0.904296875 0.5104166666666666 0.9140625 0.5234375 0.921875 0.5390625 0.9267578125 0.5546875 0.9306640625 0.578125 0.9306640625 0.5989583333333334 0.9228515625 0.6341145833333334 0.921875 0.6536458333333334 0.916015625 0.671875 0.9013671875 0.6861979166666666 0.85546875 0.7200520833333334 0.841796875 0.7252604166666666 0.8232421875 0.7252604166666666 0.796875 0.7161458333333334 0.783203125 0.7057291666666666 0.76953125 0.6901041666666666 0.759765625 0.6588541666666666 0.7490234375 0.6354166666666666 0.7470703125 0.625 0.7470703125 0.6015625 0.7509765625 0.57421875 0.7568359375 0.5559895833333334 0.775390625 0.5247395833333334 0.7900390625 0.5078125 0.80078125 0.4973958333333333 0.818359375 0.4869791666666667 0.8544921875 0.4817708333333333
0 0.201171875 0.5872395833333334 0.2177734375 0.58984375 0.2587890625 0.58984375 0.2822265625 0.5989583333333334 0.2919921875 0.60546875 0.296875 0.6119791666666666 0.291015625 0.7005208333333334 0.2939453125 0.7161458333333334 0.3046875 0.74609375 0.3037109375 0.7552083333333334 0.30078125 0.7630208333333334 0.279296875 0.7877604166666666 0.2587890625 0.7994791666666666 0.236328125 0.8046875 0.2099609375 0.8033854166666666 0.1787109375 0.7877604166666666 0.1640625 0.7708333333333334 0.1591796875 0.76171875 0.1513671875 0.7369791666666666 0.1494140625 0.6875 0.1533203125 0.6666666666666666 0.150390625 0.6575520833333334 0.1572265625 0.6510416666666666 0.1640625 0.6158854166666666 0.16796875 0.60546875 0.171875 0.6028645833333334 0.1728515625 0.59765625 0.1767578125 0.5924479166666666 0.185546875 0.5872395833333334 0.2001953125 0.5872395833333334
0 0.2333984375 0.3255208333333333 0.2490234375 0.3294270833333333 0.263671875 0.3372395833333333 0.296875 0.3645833333333333 0.3017578125 0.37109375 0.318359375 0.3828125 0.328125 0.3971354166666667 0.33203125 0.4114583333333333 0.33203125 0.41796875 0.3291015625 0.421875 0.322265625 0.4231770833333333 0.3193359375 0.4270833333333333 0.322265625 0.4583333333333333 0.3193359375 0.4700520833333333 0.3173828125 0.5 0.3037109375 0.5286458333333334 0.29296875 0.5364583333333334 0.275390625 0.5559895833333334 0.26171875 0.5638020833333334 0.244140625 0.5690104166666666 0.2060546875 0.5598958333333334 0.19140625 0.5611979166666666 0.1796875 0.5559895833333334 0.1708984375 0.5572916666666666 0.150390625 0.5260416666666666 0.1455078125 0.5143229166666666 0.13671875 0.5052083333333334 0.13671875 0.5026041666666666 0.142578125 0.4973958333333333 0.142578125 0.4934895833333333 0.134765625 0.48046875 0.1337890625 0.4609375 0.1279296875 0.4283854166666667 0.12890625 0.4140625 0.1357421875 0.4049479166666667 0.1435546875 0.375 0.1611328125 0.34765625 0.1689453125 0.3411458333333333 0.1943359375 0.328125 0.2080078125 0.3255208333333333 0.232421875 0.3255208333333333
0 0.3779296875 0.19921875 0.3876953125 0.20442708333333334 0.408203125 0.22135416666666666 0.421875 0.23958333333333334 0.427734375 0.2513020833333333 0.4326171875 0.2682291666666667 0.4345703125 0.2994791666666667 0.4326171875 0.3138020833333333 0.419921875 0.3489583333333333 0.4140625 0.3723958333333333 0.4091796875 0.3815104166666667 0.38671875 0.3997395833333333 0.376953125 0.40234375 0.35546875 0.40234375 0.333984375 0.3984375 0.3212890625 0.3815104166666667 0.2998046875 0.36328125 0.2919921875 0.3424479166666667 0.2880859375 0.2916666666666667 0.283203125 0.2591145833333333 0.28515625 0.24609375 0.3115234375 0.22005208333333334 0.3203125 0.20833333333333334 0.3486328125 0.19791666666666666 0.36328125 0.19661458333333334 0.376953125 0.19921875
0 0.6962890625 0.3033854166666667 0.703125 0.3059895833333333 0.720703125 0.3229166666666667 0.73046875 0.3255208333333333 0.732421875 0.328125 0.73046875 0.3346354166666667 0.732421875 0.3372395833333333 0.7607421875 0.3385416666666667 0.78125 0.3489583333333333 0.80078125 0.3723958333333333 0.8125 0.4036458333333333 0.814453125 0.4296875 0.8134765625 0.4466145833333333 0.806640625 0.4713541666666667 0.791015625 0.5 0.7802734375 0.5130208333333334 0.767578125 0.5234375 0.759765625 0.53515625 0.751953125 0.5533854166666666 0.74609375 0.5598958333333334 0.734375 0.5572916666666666 0.66015625 0.515625 0.640625 0.4947916666666667 0.6279296875 0.4583333333333333 0.626953125 0.4348958333333333 0.6357421875 0.3958333333333333 0.65234375 0.3671875 0.6533203125 0.3528645833333333 0.669921875 0.3372395833333333 0.6650390625 0.3203125 0.6728515625 0.3190104166666667 0.6884765625 0.3033854166666667 0.6953125 0.3033854166666667
0 0.2294921875 0 0.3466796875 0 0.3603515625 0.016927083333333332 0.3671875 0.022135416666666668 0.3720703125 0.032552083333333336 0.369140625 0.04296875 0.369140625 0.0546875 0.36328125 0.07291666666666667 0.359375 0.1328125 0.35546875 0.140625 0.3525390625 0.15885416666666666 0.34765625 0.171875 0.3310546875 0.19401041666666666 0.3203125 0.19921875 0.3125 0.19921875 0.2685546875 0.17838541666666666 0.2490234375 0.16276041666666666 0.2373046875 0.16015625 0.2314453125 0.15364583333333334 0.2236328125 0.15104166666666666 0.2158203125 0.14192708333333334 0.2138671875 0.12760416666666666 0.2138671875 0.08984375 0.216796875 0.08072916666666667 0.216796875 0.049479166666666664 0.224609375 0.014322916666666666 0.2294921875 0.0013020833333333333
0 0.525390625 0.7799479166666666 0.5322265625 0.7721354166666666 0.533203125 0.7747395833333334 0.5224609375 0.8151041666666666 0.5078125 0.8528645833333334 0.4912109375 0.8697916666666666 0.4638671875 0.8841145833333334 0.4326171875 0.8841145833333334 0.4267578125 0.8776041666666666 0.4150390625 0.8723958333333334 0.396484375 0.8580729166666666 0.3916015625 0.8515625 0.3857421875 0.8489583333333334 0.3818359375 0.84375 0.3798828125 0.8346354166666666 0.380859375 0.8255208333333334 0.3837890625 0.8229166666666666 0.390625 0.8229166666666666 0.40625 0.8307291666666666 0.4541015625 0.8307291666666666 0.48046875 0.8229166666666666 0.498046875 0.8125 0.525390625 0.78125
0 0.5302734375 0.0026041666666666665 0.5400390625 0.014322916666666666 0.548828125 0.032552083333333336 0.560546875 0.033854166666666664 0.5625 0.040364583333333336 0.5859375 0.08072916666666667 0.5947265625 0.11067708333333333 0.5947265625 0.15104166666666666 0.5849609375 0.1796875 0.5703125 0.203125 0.556640625 0.21614583333333334 0.53125 0.23046875 0.517578125 0.23307291666666666 0.5068359375 0.24088541666666666 0.478515625 0.25 0.4560546875 0.24869791666666666 0.4423828125 0.2421875 0.4326171875 0.23307291666666666 0.4208984375 0.2265625 0.400390625 0.20182291666666666 0.3828125 0.17317708333333334 0.3671875 0.1328125 0.36328125 0.10807291666666667 0.365234375 0.078125 0.373046875 0.05078125 0.38671875 0.029947916666666668 0.41015625 0.013020833333333334 0.4306640625 0.0026041666666666665 0.4365234375 0 0.52734375 0 0.529296875 0.0026041666666666665