0 0.4140625 0.55859375 0.421875 0.5625 0.4326171875 0.5625 0.439453125 0.55859375 0.4453125 0.5651041666666666 0.45703125 0.5598958333333334 0.458984375 0.5638020833333334 0.4521484375 0.5677083333333334 0.4599609375 0.5716145833333334 0.45703125 0.5807291666666666 0.4599609375 0.5846354166666666 0.4697265625 0.5846354166666666 0.5009765625 0.59765625 0.517578125 0.6119791666666666 0.5263671875 0.6302083333333334 0.5322265625 0.6510416666666666 0.5361328125 0.6783854166666666 0.5361328125 0.7265625 0.5263671875 0.7682291666666666 0.525390625 0.7825520833333334 0.533203125 0.796875 0.5361328125 0.81640625 0.5234375 0.84765625 0.5185546875 0.8502604166666666 0.484375 0.8359375 0.4423828125 0.8255208333333334 0.4052734375 0.8072916666666666 0.3916015625 0.796875 0.375 0.7747395833333334 0.36328125 0.7526041666666666 0.35546875 0.7265625 0.3544921875 0.70703125 0.3603515625 0.6796875 0.365234375 0.6692708333333334 0.365234375 0.6458333333333334 0.3720703125 0.6354166666666666 0.375 0.6263020833333334 0.375 0.6080729166666666 0.373046875 0.5989583333333334 0.3798828125 0.5833333333333334 0.3876953125 0.5729166666666666 0.3974609375 0.5638020833333334 0.4130859375 0.5598958333333334
0 0.2197265625 0.3151041666666667 0.21875 0.3203125 0.22265625 0.3294270833333333 0.23046875 0.3255208333333333 0.248046875 0.32421875 0.2578125 0.3190104166666667 0.2802734375 0.3177083333333333 0.2900390625 0.3203125 0.3076171875 0.33203125 0.3154296875 0.3450520833333333 0.3173828125 0.35546875 0.314453125 0.3658854166666667 0.314453125 0.3893229166666667 0.3056640625 0.4036458333333333 0.3056640625 0.4140625 0.259765625 0.4166666666666667 0.2529296875 0.4244791666666667 0.248046875 0.4388020833333333 0.2412109375 0.4401041666666667 0.23046875 0.4518229166666667 0.2119140625 0.46484375 0.205078125 0.4661458333333333 0.2021484375 0.4609375 0.1982421875 0.4375 0.1982421875 0.41796875 0.203125 0.3984375 0.2021484375 0.3828125 0.2060546875 0.3671875 0.2080078125 0.3307291666666667 0.2099609375 0.3229166666666667 0.21875 0.31640625
0 0.759765625 0.4322916666666667 0.7666015625 0.4388020833333333 0.7724609375 0.4557291666666667 0.7861328125 0.4739583333333333 0.7958984375 0.4947916666666667 0.7998046875 0.5143229166666666 0.798828125 0.5494791666666666 0.79296875 0.5716145833333334 0.783203125 0.5846354166666666 0.76953125 0.59765625 0.7509765625 0.6067708333333334 0.7275390625 0.6106770833333334 0.71484375 0.609375 0.70703125 0.6041666666666666 0.69921875 0.6028645833333334 0.689453125 0.5950520833333334 0.6884765625 0.5885416666666666 0.681640625 0.578125 0.669921875 0.5494791666666666 0.6533203125 0.52734375 0.6416015625 0.515625 0.6416015625 0.48046875 0.6435546875 0.4765625 0.6884765625 0.46875 0.7158203125 0.45703125 0.7294921875 0.4544270833333333 0.7373046875 0.44921875 0.7490234375 0.4309895833333333 0.7548828125 0.4296875 0.7587890625 0.4322916666666667
0 0.314453125 0.4231770833333333 0.34375 0.4401041666666667 0.3603515625 0.4557291666666667 0.3740234375 0.4739583333333333 0.384765625 0.4934895833333333 0.388671875 0.5052083333333334 0.3974609375 0.5416666666666666 0.3974609375 0.5559895833333334 0.3779296875 0.5794270833333334 0.37109375 0.59375 0.37109375 0.6197916666666666 0.361328125 0.6458333333333334 0.3603515625 0.6653645833333334 0.35546875 0.6744791666666666 0.337890625 0.69140625 0.337890625 0.69921875 0.333984375 0.7096354166666666 0.3291015625 0.7122395833333334 0.3193359375 0.703125 0.3017578125 0.7135416666666666 0.28515625 0.7174479166666666 0.2548828125 0.7174479166666666 0.2294921875 0.7096354166666666 0.21484375 0.7005208333333334 0.1962890625 0.6822916666666666 0.1845703125 0.66796875 0.1787109375 0.6549479166666666 0.17578125 0.6354166666666666 0.1640625 0.5950520833333334 0.1630859375 0.5768229166666666 0.171875 0.5416666666666666 0.1806640625 0.5208333333333334 0.18359375 0.5078125 0.197265625 0.48046875 0.2392578125 0.4479166666666667 0.2470703125 0.44921875 0.251953125 0.4322916666666667 0.2587890625 0.4205729166666667 0.265625 0.41796875 0.2998046875 0.41796875 0.3134765625 0.4231770833333333
0 0.6376953125 0.23697916666666666 0.642578125 0.23958333333333334 0.654296875 0.23697916666666666 0.673828125 0.24739583333333334 0.6923828125 0.24869791666666666 0.7060546875 0.25390625 0.7314453125 0.2838541666666667 0.7421875 0.3111979166666667 0.7451171875 0.3307291666666667 0.744140625 0.3684895833333333 0.73046875 0.4192708333333333 0.7314453125 0.4322916666666667 0.7353515625 0.4388020833333333 0.734375 0.44140625 0.708984375 0.4557291666666667 0.6591796875 0.4700520833333333 0.62890625 0.46875 0.5986328125 0.453125 0.583984375 0.4388020833333333 0.5771484375 0.4270833333333333 0.5673828125 0.3893229166666667 0.56640625 0.34765625 0.57421875 0.3268229166666667 0.578125 0.30859375 0.6201171875 0.24479166666666666 0.63671875 0.23697916666666666
0 0.3984375 0.28125 0.400390625 0.2838541666666667 0.4072265625 0.2838541666666667 0.4140625 0.2903645833333333 0.4208984375 0.2916666666666667 0.44140625 0.3151041666666667 0.4521484375 0.3372395833333333 0.455078125 0.34765625 0.4560546875 0.3763020833333333 0.451171875 0.40234375 0.4384765625 0.4309895833333333 0.4287109375 0.4440104166666667 0.4140625 0.45703125 0.3896484375 0.46484375 0.3779296875 0.46484375 0.3701171875 0.4609375 0.33984375 0.4322916666666667 0.3310546875 0.4205729166666667 0.3232421875 0.421875 0.314453125 0.41796875 0.310546875 0.4127604166666667 0.3095703125 0.4049479166666667 0.3154296875 0.3984375 0.3193359375 0.3828125 0.31640625 0.3671875 0.3203125 0.3541666666666667 0.3203125 0.3463541666666667 0.326171875 0.3333333333333333 0.3291015625 0.3203125 0.3408203125 0.3020833333333333 0.3447265625 0.296875 0.3623046875 0.28515625 0.3935546875 0.2799479166666667 0.3974609375 0.28125
0 0.826171875 0.2708333333333333 0.8525390625 0.27734375 0.853515625 0.30078125 0.859375 0.3098958333333333 0.8671875 0.31640625 0.8740234375 0.3307291666666667 0.8837890625 0.3411458333333333 0.8828125 0.3515625 0.8720703125 0.3697916666666667 0.8603515625 0.3776041666666667 0.849609375 0.390625 0.84375 0.3932291666666667 0.8271484375 0.3932291666666667 0.8203125 0.3893229166666667 0.8037109375 0.38671875 0.7763671875 0.3880208333333333 0.7587890625 0.3828125 0.7607421875 0.3736979166666667 0.775390625 0.3606770833333333 0.7822265625 0.3424479166666667 0.787109375 0.3359375 0.7919921875 0.31640625 0.794921875 0.2916666666666667 0.80078125 0.2786458333333333 0.810546875 0.2708333333333333 0.8251953125 0.2708333333333333
0 0.4052734375 0.2734375 0.41796875 0.2786458333333333 0.4248046875 0.28515625 0.43359375 0.3020833333333333 0.427734375 0.30078125 0.416015625 0.2903645833333333 0.3994140625 0.2825520833333333 0.3642578125 0.2825520833333333 0.3828125 0.2721354166666667 0.404296875 0.2734375
0 0.5224609375 0.3372395833333333 0.5458984375 0.34765625 0.5625 0.36328125 0.564453125 0.3684895833333333 0.564453125 0.390625 0.572265625 0.4244791666666667 0.5791015625 0.4388020833333333 0.595703125 0.4596354166666667 0.5947265625 0.4856770833333333 0.587890625 0.5026041666666666 0.5830078125 0.5091145833333334 0.560546875 0.5247395833333334 0.53515625 0.5533854166666666 0.5224609375 0.5716145833333334 0.5166015625 0.5846354166666666 0.50390625 0.5872395833333334 0.4931640625 0.5859375 0.4765625 0.578125 0.4716796875 0.5729166666666666 0.462890625 0.5559895833333334 0.4453125 0.55078125 0.431640625 0.53515625 0.4248046875 0.5182291666666666 0.4208984375 0.4856770833333333 0.4169921875 0.47265625 0.4169921875 0.4635416666666667 0.44140625 0.4322916666666667 0.4453125 0.421875 0.4560546875 0.40625 0.455078125 0.3997395833333333 0.4609375 0.3763020833333333 0.4599609375 0.3541666666666667 0.462890625 0.3489583333333333 0.48828125 0.3385416666666667 0.5048828125 0.3346354166666667 0.51953125 0.3346354166666667 0.521484375 0.3372395833333333
0 0.6220703125 0.5104166666666666 0.6337890625 0.515625 0.650390625 0.5286458333333334 0.6689453125 0.5546875 0.68359375 0.5950520833333334 0.68359375 0.6067708333333334 0.6904296875 0.6354166666666666 0.6845703125 0.6875 0.6630859375 0.7252604166666666 0.65234375 0.7356770833333334 0.64453125 0.7356770833333334 0.6240234375 0.7421875 0.6083984375 0.7421875 0.5908203125 0.7369791666666666 0.5732421875 0.7252604166666666 0.552734375 0.7018229166666666 0.5419921875 0.6822916666666666 0.537109375 0.6614583333333334 0.537109375 0.6536458333333334 0.5234375 0.6041666666666666 0.5244140625 0.5807291666666666 0.5302734375 0.56640625 0.5615234375 0.5286458333333334 0.576171875 0.5169270833333334 0.5947265625 0.5078125 0.61328125 0.5078125 0.62109375 0.5104166666666666
0 0.509765625 0.234375 0.525390625 0.24088541666666666 0.54296875 0.2565104166666667 0.5556640625 0.2747395833333333 0.5673828125 0.28515625 0.5732421875 0.2955729166666667 0.5712890625 0.30859375 0.5478515625 0.34375 0.5302734375 0.3385416666666667 0.5185546875 0.3307291666666667 0.5078125 0.3307291666666667 0.4921875 0.3333333333333333 0.462890625 0.3450520833333333 0.4599609375 0.3450520833333333 0.4560546875 0.33984375 0.4423828125 0.3046875 0.4453125 0.2825520833333333 0.44921875 0.2708333333333333 0.4638671875 0.24869791666666666 0.4697265625 0.24479166666666666 0.4853515625 0.23697916666666666 0.5087890625 0.234375
0 0.732421875 0.20833333333333334 0.7412109375 0.21484375 0.748046875 0.23567708333333334 0.763671875 0.23958333333333334 0.775390625 0.24739583333333334 0.775390625 0.2513020833333333 0.78515625 0.26953125 0.791015625 0.2890625 0.7900390625 0.3138020833333333 0.7841796875 0.3385416666666667 0.771484375 0.36328125 0.7587890625 0.37109375 0.748046875 0.3841145833333333 0.7431640625 0.3802083333333333 0.7470703125 0.3619791666666667 0.74609375 0.3216145833333333 0.7431640625 0.30859375 0.7333984375 0.2838541666666667 0.7099609375 0.25390625 0.701171875 0.24739583333333334 0.6953125 0.24479166666666666 0.6728515625 0.24348958333333334 0.662109375 0.23567708333333334 0.65625 0.234375 0.6826171875 0.21614583333333334 0.7177734375 0.21354166666666666 0.7314453125 0.20833333333333334