0 0.802734375 0.13671875 0.80859375 0.14713541666666666 0.8134765625 0.14973958333333334 0.8271484375 0.1484375 0.8310546875 0.15104166666666666 0.83203125 0.16276041666666666 0.837890625 0.17057291666666666 0.853515625 0.16796875 0.8564453125 0.17447916666666666 0.8623046875 0.20833333333333334 0.865234375 0.21223958333333334 0.8818359375 0.20963541666666666 0.89453125 0.21614583333333334 0.8974609375 0.22005208333333334 0.8916015625 0.22786458333333334 0.88671875 0.2421875 0.87109375 0.2526041666666667 0.8876953125 0.2994791666666667 0.8896484375 0.31640625 0.8876953125 0.3541666666666667 0.87890625 0.3854166666666667 0.87109375 0.4036458333333333 0.853515625 0.4270833333333333 0.8349609375 0.44140625 0.806640625 0.453125 0.783203125 0.453125 0.7578125 0.4453125 0.7314453125 0.421875 0.71484375 0.3997395833333333 0.7060546875 0.3841145833333333 0.6982421875 0.36328125 0.693359375 0.3359375 0.693359375 0.3059895833333333 0.6953125 0.2916666666666667 0.69921875 0.2747395833333333 0.70703125 0.2552083333333333 0.72265625 0.22916666666666666 0.73046875 0.22005208333333334 0.7392578125 0.21354166666666666 0.7626953125 0.20442708333333334 0.7666015625 0.19921875 0.75390625 0.18359375 0.751953125 0.17578125 0.751953125 0.16796875 0.75390625 0.1640625 0.7939453125 0.15364583333333334 0.798828125 0.14713541666666666 0.7978515625 0.13802083333333334 0.8017578125 0.13671875
0 0.66796875 0.40625 0.6923828125 0.4114583333333333 0.7119140625 0.4192708333333333 0.7265625 0.4309895833333333 0.7451171875 0.453125 0.7470703125 0.4674479166666667 0.76171875 0.484375 0.7802734375 0.5299479166666666 0.7841796875 0.5677083333333334 0.7841796875 0.5911458333333334 0.7822265625 0.6158854166666666 0.7763671875 0.6380208333333334 0.76953125 0.65234375 0.7392578125 0.69921875 0.7314453125 0.70703125 0.7353515625 0.7135416666666666 0.7333984375 0.7200520833333334 0.71875 0.7265625 0.708984375 0.734375 0.705078125 0.734375 0.6982421875 0.7278645833333334 0.693359375 0.7278645833333334 0.67578125 0.7408854166666666 0.666015625 0.7421875 0.6376953125 0.7408854166666666 0.6083984375 0.7317708333333334 0.5732421875 0.7057291666666666 0.556640625 0.6809895833333334 0.5498046875 0.6588541666666666 0.5419921875 0.6471354166666666 0.5361328125 0.6328125 0.521484375 0.5703125 0.51953125 0.5533854166666666 0.5224609375 0.5260416666666666 0.529296875 0.5091145833333334 0.533203125 0.4895833333333333 0.5380859375 0.4765625 0.54296875 0.4674479166666667 0.5546875 0.4544270833333333 0.5654296875 0.4466145833333333 0.56640625 0.4427083333333333 0.57421875 0.4440104166666667 0.59375 0.4244791666666667 0.6064453125 0.4166666666666667 0.640625 0.40625 0.6669921875 0.40625
0 0.4638671875 0.4140625 0.474609375 0.4231770833333333 0.4873046875 0.4296875 0.5078125 0.46484375 0.5166015625 0.4986979166666667 0.517578125 0.51171875 0.515625 0.5416666666666666 0.5126953125 0.5572916666666666 0.5048828125 0.5690104166666666 0.5009765625 0.5846354166666666 0.4560546875 0.6080729166666666 0.44140625 0.61328125 0.42578125 0.6119791666666666 0.4091796875 0.6028645833333334 0.3974609375 0.5911458333333334 0.3857421875 0.5729166666666666 0.3779296875 0.55078125 0.3779296875 0.4934895833333333 0.3759765625 0.4713541666666667 0.376953125 0.46484375 0.3818359375 0.4557291666666667 0.396484375 0.4466145833333333 0.416015625 0.4296875 0.423828125 0.41796875 0.431640625 0.4127604166666667 0.4560546875 0.41015625 0.462890625 0.4140625
0 0.537109375 0.2265625 0.546875 0.23046875 0.5546875 0.23697916666666666 0.5830078125 0.23958333333333334 0.59765625 0.24348958333333334 0.6083984375 0.2513020833333333 0.6259765625 0.2721354166666667 0.634765625 0.2877604166666667 0.6376953125 0.296875 0.6396484375 0.31640625 0.6396484375 0.3450520833333333 0.63671875 0.3606770833333333 0.6298828125 0.3763020833333333 0.60546875 0.4088541666666667 0.5908203125 0.4192708333333333 0.5703125 0.4231770833333333 0.5625 0.4270833333333333 0.546875 0.4388020833333333 0.5390625 0.44921875 0.5322265625 0.44921875 0.5234375 0.4453125 0.5068359375 0.4322916666666667 0.4755859375 0.41796875 0.4462890625 0.39453125 0.4384765625 0.3828125 0.43359375 0.3684895833333333 0.419921875 0.34765625 0.4169921875 0.3307291666666667 0.4189453125 0.3098958333333333 0.427734375 0.2864583333333333 0.4453125 0.2643229166666667 0.470703125 0.24088541666666666 0.4951171875 0.23177083333333334 0.501953125 0.2265625 0.5361328125 0.2265625
0 0.2939453125 0.19921875 0.298828125 0.20703125 0.3017578125 0.2526041666666667 0.3056640625 0.2682291666666667 0.330078125 0.3177083333333333 0.3046875 0.34375 0.2783203125 0.3424479166666667 0.2587890625 0.34765625 0.240234375 0.3463541666666667 0.23046875 0.3541666666666667 0.22265625 0.3528645833333333 0.2099609375 0.3411458333333333 0.1982421875 0.3098958333333333 0.201171875 0.2721354166666667 0.2080078125 0.2552083333333333 0.2158203125 0.22526041666666666 0.2294921875 0.20572916666666666 0.2431640625 0.19921875 0.29296875 0.19921875
0 0.7900390625 0.5286458333333334 0.798828125 0.5325520833333334 0.8115234375 0.546875 0.830078125 0.5625 0.849609375 0.5859375 0.8544921875 0.6106770833333334 0.8544921875 0.6471354166666666 0.8505859375 0.6640625 0.845703125 0.6744791666666666 0.8369140625 0.6822916666666666 0.8232421875 0.7018229166666666 0.798828125 0.7174479166666666 0.7861328125 0.7174479166666666 0.76953125 0.73046875 0.7587890625 0.7291666666666666 0.7421875 0.7161458333333334 0.7470703125 0.70703125 0.7451171875 0.6966145833333334 0.7470703125 0.6901041666666666 0.775390625 0.6471354166666666 0.78515625 0.6184895833333334 0.7880859375 0.5755208333333334 0.7841796875 0.53125 0.7890625 0.5286458333333334
0 0.29296875 0.34765625 0.314453125 0.3567708333333333 0.3310546875 0.3541666666666667 0.3349609375 0.3580729166666667 0.3427734375 0.375 0.3525390625 0.3880208333333333 0.3662109375 0.4192708333333333 0.3701171875 0.44140625 0.3701171875 0.4661458333333333 0.3681640625 0.4739583333333333 0.3671875 0.5221354166666666 0.35546875 0.57421875 0.3388671875 0.5963541666666666 0.328125 0.60546875 0.30859375 0.61328125 0.296875 0.625 0.2802734375 0.62890625 0.2646484375 0.6263020833333334 0.24609375 0.6158854166666666 0.23828125 0.609375 0.2236328125 0.5885416666666666 0.2099609375 0.5559895833333334 0.203125 0.5286458333333334 0.189453125 0.5078125 0.1845703125 0.4869791666666667 0.1787109375 0.4765625 0.18359375 0.4505208333333333 0.19140625 0.4453125 0.2001953125 0.4453125 0.203125 0.44140625 0.2041015625 0.4296875 0.208984375 0.4114583333333333 0.21484375 0.3997395833333333 0.2177734375 0.3880208333333333 0.2265625 0.375 0.25 0.3541666666666667 0.271484375 0.34765625 0.2919921875 0.34765625
0 0.4072265625 0.13151041666666666 0.421875 0.13932291666666666 0.43359375 0.14973958333333334 0.453125 0.17578125 0.4697265625 0.20963541666666666 0.470703125 0.22916666666666666 0.45703125 0.24869791666666666 0.4462890625 0.2578125 0.42578125 0.2825520833333333 0.416015625 0.3046875 0.404296875 0.3203125 0.40234375 0.3307291666666667 0.3974609375 0.3346354166666667 0.38671875 0.3515625 0.3818359375 0.3541666666666667 0.373046875 0.3489583333333333 0.3564453125 0.3255208333333333 0.33203125 0.30859375 0.31640625 0.28515625 0.30859375 0.2669270833333333 0.3046875 0.25 0.3046875 0.20442708333333334 0.314453125 0.17708333333333334 0.330078125 0.15625 0.3408203125 0.14583333333333334 0.3671875 0.13151041666666666 0.40625 0.13151041666666666
0 0.484375 0.6106770833333334 0.5087890625 0.6184895833333334 0.5283203125 0.6341145833333334 0.5341796875 0.6419270833333334 0.546875 0.6653645833333334 0.5478515625 0.671875 0.55859375 0.6966145833333334 0.5693359375 0.7135416666666666 0.572265625 0.7513020833333334 0.5654296875 0.79296875 0.548828125 0.82421875 0.5322265625 0.8424479166666666 0.5205078125 0.8515625 0.5009765625 0.859375 0.482421875 0.859375 0.474609375 0.86328125 0.439453125 0.8411458333333334 0.43359375 0.8294270833333334 0.4140625 0.8072916666666666 0.4033203125 0.7994791666666666 0.400390625 0.7864583333333334 0.39453125 0.78125 0.3916015625 0.7721354166666666 0.3935546875 0.7473958333333334 0.3896484375 0.73828125 0.3896484375 0.7330729166666666 0.396484375 0.7109375 0.404296875 0.6653645833333334 0.4091796875 0.6536458333333334 0.4248046875 0.6328125 0.4404296875 0.6184895833333334 0.4482421875 0.6145833333333334 0.4609375 0.6106770833333334 0.4833984375 0.6106770833333334
0 0.6083984375 0.7356770833333334 0.6298828125 0.7434895833333334 0.662109375 0.7473958333333334 0.67578125 0.7473958333333334 0.6875 0.7408854166666666 0.6943359375 0.7408854166666666 0.703125 0.7473958333333334 0.7236328125 0.78515625 0.73046875 0.8046875 0.732421875 0.8203125 0.7333984375 0.8502604166666666 0.73046875 0.8684895833333334 0.7236328125 0.8854166666666666 0.70703125 0.9114583333333334 0.6962890625 0.921875 0.6865234375 0.92578125 0.669921875 0.92578125 0.65234375 0.921875 0.6435546875 0.9231770833333334 0.6298828125 0.9166666666666666 0.599609375 0.89453125 0.5908203125 0.8932291666666666 0.5810546875 0.8828125 0.57421875 0.8697916666666666 0.5693359375 0.8528645833333334 0.5693359375 0.7981770833333334 0.578125 0.76953125 0.58984375 0.7473958333333334 0.5986328125 0.7356770833333334 0.607421875 0.7356770833333334
0 0.6826171875 0.07421875 0.6923828125 0.08333333333333333 0.69921875 0.09765625 0.7177734375 0.12109375 0.7294921875 0.14192708333333334 0.734375 0.16015625 0.734375 0.20182291666666666 0.7314453125 0.21223958333333334 0.7119140625 0.23958333333333334 0.6962890625 0.2669270833333333 0.6806640625 0.2747395833333333 0.6640625 0.27734375 0.6474609375 0.27734375 0.638671875 0.2734375 0.6279296875 0.26171875 0.6083984375 0.24609375 0.5810546875 0.23307291666666666 0.5732421875 0.21744791666666666 0.568359375 0.19791666666666666 0.56640625 0.1796875 0.5673828125 0.15364583333333334 0.5703125 0.13671875 0.580078125 0.11197916666666667 0.591796875 0.09635416666666667 0.6005859375 0.08854166666666667 0.6162109375 0.07942708333333333 0.630859375 0.07552083333333333 0.6484375 0.07291666666666667 0.681640625 0.07421875
0 0.3427734375 0.6158854166666666 0.3564453125 0.6263020833333334 0.3583984375 0.6393229166666666 0.373046875 0.6627604166666666 0.3828125 0.6705729166666666 0.390625 0.6875 0.390625 0.70703125 0.3837890625 0.7317708333333334 0.3837890625 0.7408854166666666 0.3876953125 0.75390625 0.38671875 0.77734375 0.3759765625 0.80078125 0.3515625 0.828125 0.3310546875 0.8385416666666666 0.30078125 0.8450520833333334 0.2861328125 0.8411458333333334 0.2646484375 0.8294270833333334 0.248046875 0.80859375 0.2275390625 0.7630208333333334 0.224609375 0.7408854166666666 0.224609375 0.7135416666666666 0.2275390625 0.7018229166666666 0.2412109375 0.6692708333333334 0.265625 0.6458333333333334 0.28125 0.6354166666666666 0.2939453125 0.6315104166666666 0.3154296875 0.6145833333333334 0.3349609375 0.6119791666666666 0.341796875 0.6158854166666666