0 0.6510416666666666 0.54296875 0.6822916666666666 0.5559895833333334 0.6996527777777778 0.5703125 0.7083333333333334 0.5846354166666666 0.7083333333333334 0.6145833333333334 0.7013888888888888 0.6263020833333334 0.6753472222222222 0.6419270833333334 0.6527777777777778 0.6484375 0.6319444444444444 0.6497395833333334 0.6180555555555556 0.6484375 0.6076388888888888 0.6393229166666666 0.5902777777777778 0.6328125 0.5763888888888888 0.62109375 0.5642361111111112 0.5950520833333334 0.5642361111111112 0.5807291666666666 0.5694444444444444 0.5651041666666666 0.5833333333333334 0.5559895833333334 0.6180555555555556 0.5442708333333334 0.6493055555555556 0.54296875
0 0.4375 0.4661458333333333 0.4479166666666667 0.4700520833333333 0.4583333333333333 0.4700520833333333 0.4600694444444444 0.47265625 0.4670138888888889 0.4739583333333333 0.4756944444444444 0.4830729166666667 0.4878472222222222 0.4869791666666667 0.4809027777777778 0.4895833333333333 0.4774305555555556 0.4947916666666667 0.4826388888888889 0.4986979166666667 0.4930555555555556 0.5 0.5138888888888888 0.5078125 0.5381944444444444 0.5247395833333334 0.546875 0.53515625 0.5520833333333334 0.5520833333333334 0.5503472222222222 0.578125 0.5347222222222222 0.6028645833333334 0.5295138888888888 0.6067708333333334 0.515625 0.6080729166666666 0.4895833333333333 0.6028645833333334 0.4774305555555556 0.6028645833333334 0.4652777777777778 0.6067708333333334 0.4548611111111111 0.6171875 0.4461805555555556 0.6171875 0.4288194444444444 0.61328125 0.4131944444444444 0.6067708333333334 0.4010416666666667 0.5989583333333334 0.3871527777777778 0.5885416666666666 0.3784722222222222 0.578125 0.3715277777777778 0.55859375 0.3784722222222222 0.5299479166666666 0.3888888888888889 0.5143229166666666 0.3940972222222222 0.5104166666666666 0.4027777777777778 0.5091145833333334 0.4253472222222222 0.4973958333333333 0.4166666666666667 0.4934895833333333 0.4166666666666667 0.4895833333333333 0.4114583333333333 0.484375 0.4079861111111111 0.4856770833333333 0.4097222222222222 0.4934895833333333 0.4079861111111111 0.4947916666666667 0.3940972222222222 0.4934895833333333 0.3923611111111111 0.4869791666666667 0.3975694444444444 0.4765625 0.40625 0.4752604166666667 0.4270833333333333 0.4635416666666667 0.4357638888888889 0.4661458333333333
0 0.5034722222222222 0.609375 0.5277777777777778 0.6158854166666666 0.5711805555555556 0.6458333333333334 0.5885416666666666 0.6640625 0.6024305555555556 0.6861979166666666 0.6024305555555556 0.7239583333333334 0.5972222222222222 0.7395833333333334 0.5920138888888888 0.74609375 0.5729166666666666 0.7604166666666666 0.5364583333333334 0.7734375 0.5190972222222222 0.77734375 0.4895833333333333 0.77734375 0.4600694444444444 0.76953125 0.4427083333333333 0.7682291666666666 0.4357638888888889 0.765625 0.4097222222222222 0.74609375 0.3958333333333333 0.7486979166666666 0.3888888888888889 0.7421875 0.3888888888888889 0.7369791666666666 0.3836805555555556 0.7265625 0.3871527777777778 0.71875 0.3871527777777778 0.7096354166666666 0.390625 0.7083333333333334 0.390625 0.69140625 0.3940972222222222 0.6848958333333334 0.3940972222222222 0.67578125 0.3993055555555556 0.66015625 0.40625 0.6497395833333334 0.4305555555555556 0.6341145833333334 0.4444444444444444 0.6276041666666666 0.4600694444444444 0.6236979166666666 0.4635416666666667 0.6145833333333334 0.4704861111111111 0.609375 0.4739583333333333 0.6080729166666666 0.5017361111111112 0.609375
0 0.4722222222222222 0.3203125 0.4774305555555556 0.32421875 0.4982638888888889 0.33203125 0.5121527777777778 0.3411458333333333 0.5225694444444444 0.3515625 0.5295138888888888 0.3671875 0.5295138888888888 0.38671875 0.5225694444444444 0.40234375 0.5034722222222222 0.4166666666666667 0.4809027777777778 0.4388020833333333 0.4635416666666667 0.4505208333333333 0.4548611111111111 0.4505208333333333 0.4444444444444444 0.4466145833333333 0.4305555555555556 0.4322916666666667 0.4270833333333333 0.4309895833333333 0.4166666666666667 0.4322916666666667 0.4131944444444444 0.4244791666666667 0.3888888888888889 0.4075520833333333 0.3784722222222222 0.3880208333333333 0.3784722222222222 0.3723958333333333 0.3871527777777778 0.3502604166666667 0.4097222222222222 0.3307291666666667 0.4461805555555556 0.31640625 0.4583333333333333 0.31640625 0.4704861111111111 0.3203125
0 0.2517361111111111 0.265625 0.2569444444444444 0.2682291666666667 0.2638888888888889 0.2682291666666667 0.2708333333333333 0.265625 0.2916666666666667 0.2669270833333333 0.3298611111111111 0.2838541666666667 0.3489583333333333 0.296875 0.3559027777777778 0.3046875 0.3680555555555556 0.3216145833333333 0.3767361111111111 0.3463541666666667 0.3767361111111111 0.3671875 0.3732638888888889 0.3815104166666667 0.3611111111111111 0.3997395833333333 0.3489583333333333 0.4088541666666667 0.3263888888888889 0.41796875 0.3003472222222222 0.4166666666666667 0.2881944444444444 0.421875 0.2795138888888889 0.421875 0.2708333333333333 0.4244791666666667 0.2361111111111111 0.421875 0.21354166666666666 0.4153645833333333 0.19618055555555555 0.4075520833333333 0.1736111111111111 0.390625 0.1597222222222222 0.375 0.14930555555555555 0.35546875 0.14583333333333334 0.3411458333333333 0.14583333333333334 0.3268229166666667 0.14930555555555555 0.3138020833333333 0.1527777777777778 0.30859375 0.1736111111111111 0.2916666666666667 0.19618055555555555 0.27734375 0.20833333333333334 0.2734375 0.2170138888888889 0.2734375 0.22569444444444445 0.2643229166666667 0.25 0.265625
0 0.3368055555555556 0.4283854166666667 0.3524305555555556 0.43359375 0.375 0.44921875 0.3819444444444444 0.4583333333333333 0.3871527777777778 0.4713541666666667 0.3871527777777778 0.4986979166666667 0.375 0.5221354166666666 0.3732638888888889 0.5403645833333334 0.3697916666666667 0.5455729166666666 0.3645833333333333 0.5481770833333334 0.3559027777777778 0.5494791666666666 0.34375 0.5481770833333334 0.3350694444444444 0.55078125 0.3211805555555556 0.55078125 0.3125 0.5533854166666666 0.2934027777777778 0.5546875 0.2795138888888889 0.5533854166666666 0.2638888888888889 0.546875 0.24479166666666666 0.5455729166666666 0.234375 0.5416666666666666 0.2222222222222222 0.5325520833333334 0.21180555555555555 0.5182291666666666 0.20833333333333334 0.5091145833333334 0.21006944444444445 0.4791666666666667 0.2361111111111111 0.4440104166666667 0.2552083333333333 0.4322916666666667 0.2725694444444444 0.4283854166666667 0.3055555555555556 0.42578125 0.3107638888888889 0.4231770833333333 0.3263888888888889 0.4231770833333333 0.3315972222222222 0.4244791666666667 0.3350694444444444 0.4283854166666667
0 0.24305555555555555 0.5481770833333334 0.25 0.55078125 0.2673611111111111 0.5520833333333334 0.2760416666666667 0.5559895833333334 0.2899305555555556 0.55859375 0.3333333333333333 0.5611979166666666 0.3454861111111111 0.5677083333333334 0.3611111111111111 0.5846354166666666 0.3715277777777778 0.60546875 0.3697916666666667 0.6419270833333334 0.3524305555555556 0.6640625 0.3454861111111111 0.6809895833333334 0.3368055555555556 0.6848958333333334 0.3246527777777778 0.6822916666666666 0.2777777777777778 0.68359375 0.2482638888888889 0.6809895833333334 0.21875 0.6692708333333334 0.1996527777777778 0.6536458333333334 0.19444444444444445 0.6432291666666666 0.19444444444444445 0.6223958333333334 0.21180555555555555 0.5872395833333334 0.21006944444444445 0.5690104166666666 0.2170138888888889 0.5598958333333334 0.22743055555555555 0.5520833333333334 0.2378472222222222 0.546875 0.24131944444444445 0.5481770833333334
0 0.59375 0.3958333333333333 0.6284722222222222 0.41015625 0.6440972222222222 0.4244791666666667 0.6493055555555556 0.4348958333333333 0.6510416666666666 0.4453125 0.6493055555555556 0.4466145833333333 0.6493055555555556 0.4791666666666667 0.6388888888888888 0.48828125 0.640625 0.4947916666666667 0.6388888888888888 0.5013020833333334 0.6267361111111112 0.51171875 0.6128472222222222 0.5130208333333334 0.6076388888888888 0.5104166666666666 0.5972222222222222 0.5104166666666666 0.5885416666666666 0.515625 0.5729166666666666 0.5182291666666666 0.5711805555555556 0.5169270833333334 0.5538194444444444 0.5182291666666666 0.5364583333333334 0.515625 0.5069444444444444 0.5013020833333334 0.5017361111111112 0.4973958333333333 0.4965277777777778 0.4869791666666667 0.4878472222222222 0.4817708333333333 0.484375 0.4765625 0.4826388888888889 0.45703125 0.4913194444444444 0.4361979166666667 0.5034722222222222 0.421875 0.5173611111111112 0.4114583333333333 0.5538194444444444 0.3971354166666667 0.5920138888888888 0.3958333333333333
0 0.6475694444444444 0.22005208333333334 0.6666666666666666 0.22265625 0.6788194444444444 0.2265625 0.7152777777777778 0.24739583333333334 0.7430555555555556 0.2760416666666667 0.7534722222222222 0.2955729166666667 0.7534722222222222 0.3203125 0.7482638888888888 0.3294270833333333 0.7482638888888888 0.3346354166666667 0.734375 0.3541666666666667 0.703125 0.3763020833333333 0.6770833333333334 0.3841145833333333 0.6666666666666666 0.390625 0.6597222222222222 0.390625 0.6423611111111112 0.3854166666666667 0.6267361111111112 0.3854166666666667 0.6041666666666666 0.3815104166666667 0.5746527777777778 0.3723958333333333 0.5555555555555556 0.359375 0.546875 0.3450520833333333 0.53125 0.3333333333333333 0.5225694444444444 0.3151041666666667 0.5190972222222222 0.30078125 0.5190972222222222 0.28515625 0.5243055555555556 0.2669270833333333 0.5329861111111112 0.2552083333333333 0.5434027777777778 0.24739583333333334 0.5711805555555556 0.23307291666666666 0.5850694444444444 0.23046875 0.6006944444444444 0.22395833333333334 0.6128472222222222 0.22135416666666666 0.6458333333333334 0.22005208333333334
0 0.7743055555555556 0.3619791666666667 0.7916666666666666 0.3671875 0.8177083333333334 0.38671875 0.828125 0.4010416666666667 0.8333333333333334 0.41796875 0.8263888888888888 0.4192708333333333 0.8194444444444444 0.4153645833333333 0.8125 0.4166666666666667 0.8072916666666666 0.421875 0.8090277777777778 0.4231770833333333 0.8072916666666666 0.4322916666666667 0.78125 0.42578125 0.7725694444444444 0.42578125 0.7465277777777778 0.4205729166666667 0.7326388888888888 0.4231770833333333 0.6909722222222222 0.421875 0.6788194444444444 0.41015625 0.6753472222222222 0.39453125 0.6822916666666666 0.38671875 0.7065972222222222 0.37890625 0.7274305555555556 0.3645833333333333 0.7725694444444444 0.3619791666666667
0 0.4496527777777778 0.21223958333333334 0.4600694444444444 0.21614583333333334 0.46875 0.22265625 0.484375 0.23958333333333334 0.4895833333333333 0.2526041666666667 0.4878472222222222 0.2786458333333333 0.4756944444444444 0.296875 0.4600694444444444 0.3098958333333333 0.4079861111111111 0.328125 0.390625 0.3268229166666667 0.3697916666666667 0.3190104166666667 0.3576388888888889 0.3020833333333333 0.3315972222222222 0.28125 0.3333333333333333 0.2578125 0.3472222222222222 0.23828125 0.3697916666666667 0.22265625 0.3854166666666667 0.21484375 0.4097222222222222 0.20833333333333334 0.4357638888888889 0.20833333333333334 0.4479166666666667 0.21223958333333334
0 0.3524305555555556 0.6888020833333334 0.375 0.72265625 0.3767361111111111 0.7421875 0.3802083333333333 0.7513020833333334 0.3802083333333333 0.7760416666666666 0.3680555555555556 0.7942708333333334 0.3611111111111111 0.7994791666666666 0.3454861111111111 0.80859375 0.3159722222222222 0.81640625 0.2621527777777778 0.8151041666666666 0.2517361111111111 0.8138020833333334 0.24305555555555555 0.8098958333333334 0.2309027777777778 0.7721354166666666 0.2222222222222222 0.7643229166666666 0.2222222222222222 0.7434895833333334 0.2309027777777778 0.7265625 0.2465277777777778 0.7135416666666666 0.2934027777777778 0.6953125 0.3211805555555556 0.69140625 0.34375 0.69140625 0.3506944444444444 0.6888020833333334