0 0.7177734375 0.4700520833333333 0.7373046875 0.47265625 0.7529296875 0.48046875 0.7763671875 0.4986979166666667 0.7900390625 0.5143229166666666 0.8046875 0.5390625 0.8154296875 0.5703125 0.8193359375 0.5872395833333334 0.822265625 0.6315104166666666 0.8173828125 0.66796875 0.810546875 0.6888020833333334 0.78125 0.7291666666666666 0.7685546875 0.7408854166666666 0.7529296875 0.75 0.7431640625 0.75390625 0.7177734375 0.7578125 0.701171875 0.7578125 0.6845703125 0.7526041666666666 0.6591796875 0.734375 0.642578125 0.7109375 0.6376953125 0.6953125 0.6357421875 0.671875 0.6220703125 0.6549479166666666 0.615234375 0.6380208333333334 0.603515625 0.6184895833333334 0.599609375 0.6015625 0.6005859375 0.5807291666666666 0.60546875 0.5716145833333334 0.609375 0.5572916666666666 0.6142578125 0.5494791666666666 0.6259765625 0.5416666666666666 0.640625 0.5169270833333334 0.666015625 0.4895833333333333 0.6748046875 0.4830729166666667 0.69921875 0.4713541666666667 0.716796875 0.4700520833333333
0 0.5400390625 0.22395833333333334 0.57421875 0.23828125 0.599609375 0.2643229166666667 0.6103515625 0.28125 0.615234375 0.2955729166666667 0.6259765625 0.31640625 0.630859375 0.3307291666666667 0.6337890625 0.3502604166666667 0.6328125 0.3723958333333333 0.634765625 0.390625 0.6318359375 0.3984375 0.6318359375 0.4114583333333333 0.634765625 0.41796875 0.634765625 0.4296875 0.625 0.4609375 0.615234375 0.48046875 0.6103515625 0.4973958333333333 0.5869140625 0.51171875 0.583984375 0.5247395833333334 0.5830078125 0.54296875 0.578125 0.5546875 0.5556640625 0.5533854166666666 0.55078125 0.55078125 0.5478515625 0.53515625 0.5439453125 0.5299479166666666 0.5302734375 0.5325520833333334 0.50390625 0.5299479166666666 0.4853515625 0.5208333333333334 0.46484375 0.50390625 0.44921875 0.4986979166666667 0.4345703125 0.4765625 0.423828125 0.44921875 0.4150390625 0.3841145833333333 0.412109375 0.375 0.41015625 0.3736979166666667 0.396484375 0.3802083333333333 0.3935546875 0.37890625 0.390625 0.3697916666666667 0.3935546875 0.3580729166666667 0.4140625 0.3138020833333333 0.4423828125 0.2643229166666667 0.4521484375 0.2526041666666667 0.4638671875 0.24348958333333334 0.4697265625 0.24348958333333334 0.494140625 0.23046875 0.517578125 0.22526041666666666 0.5390625 0.22395833333333334
0 0.8837890625 0.4192708333333333 0.8984375 0.4205729166666667 0.904296875 0.4244791666666667 0.9169921875 0.4270833333333333 0.9248046875 0.43359375 0.9501953125 0.47265625 0.9521484375 0.4830729166666667 0.96875 0.5026041666666666 0.9833984375 0.51171875 0.984375 0.5260416666666666 0.98046875 0.53515625 0.9677734375 0.5481770833333334 0.9560546875 0.5807291666666666 0.947265625 0.5911458333333334 0.935546875 0.61328125 0.9150390625 0.6354166666666666 0.9033203125 0.6419270833333334 0.8828125 0.6588541666666666 0.8701171875 0.6627604166666666 0.861328125 0.6627604166666666 0.8515625 0.6575520833333334 0.8447265625 0.6497395833333334 0.8310546875 0.625 0.8271484375 0.6158854166666666 0.822265625 0.5846354166666666 0.8125 0.5455729166666666 0.8037109375 0.5234375 0.79296875 0.5078125 0.791015625 0.4986979166666667 0.7958984375 0.4830729166666667 0.82421875 0.4453125 0.8671875 0.4205729166666667 0.8828125 0.4192708333333333
0 0.3125 0.5247395833333334 0.333984375 0.53125 0.3564453125 0.54296875 0.3818359375 0.578125 0.400390625 0.5768229166666666 0.4033203125 0.58203125 0.4033203125 0.5885416666666666 0.3935546875 0.6119791666666666 0.3828125 0.6276041666666666 0.3720703125 0.65625 0.3701171875 0.7135416666666666 0.3662109375 0.73828125 0.3623046875 0.75 0.34765625 0.7721354166666666 0.32421875 0.78515625 0.3115234375 0.7877604166666666 0.279296875 0.78515625 0.263671875 0.7786458333333334 0.2529296875 0.7708333333333334 0.2392578125 0.75390625 0.2236328125 0.7265625 0.216796875 0.7265625 0.212890625 0.72265625 0.2021484375 0.7018229166666666 0.1796875 0.6744791666666666 0.1728515625 0.6614583333333334 0.150390625 0.640625 0.150390625 0.63671875 0.1611328125 0.6393229166666666 0.1845703125 0.6549479166666666 0.19921875 0.65234375 0.203125 0.64453125 0.203125 0.6067708333333334 0.208984375 0.5846354166666666 0.216796875 0.56640625 0.23046875 0.5455729166666666 0.2421875 0.5338541666666666 0.2529296875 0.52734375 0.267578125 0.52734375 0.28515625 0.5221354166666666 0.3115234375 0.5247395833333334
0 0.427734375 0.15755208333333334 0.4384765625 0.16276041666666666 0.44140625 0.16796875 0.4384765625 0.19010416666666666 0.4453125 0.203125 0.4462890625 0.25 0.4228515625 0.2877604166666667 0.3974609375 0.33984375 0.3935546875 0.3450520833333333 0.3876953125 0.34765625 0.3779296875 0.34765625 0.357421875 0.3346354166666667 0.3349609375 0.3255208333333333 0.310546875 0.32421875 0.30859375 0.30859375 0.2998046875 0.2786458333333333 0.298828125 0.24609375 0.30078125 0.22526041666666666 0.30859375 0.20182291666666666 0.3310546875 0.17447916666666666 0.3720703125 0.16276041666666666 0.4072265625 0.15885416666666666 0.4140625 0.15494791666666666 0.4228515625 0.15494791666666666 0.4267578125 0.15755208333333334
0 0.73046875 0.07552083333333333 0.7421875 0.08072916666666667 0.75 0.09244791666666667 0.7744140625 0.10807291666666667 0.8017578125 0.13802083333333334 0.806640625 0.14973958333333334 0.80859375 0.16927083333333334 0.8076171875 0.20703125 0.8046875 0.22265625 0.791015625 0.25 0.7802734375 0.2604166666666667 0.7490234375 0.2630208333333333 0.73046875 0.2552083333333333 0.7158203125 0.25390625 0.6962890625 0.2578125 0.6708984375 0.26953125 0.6650390625 0.26953125 0.6591796875 0.265625 0.650390625 0.2552083333333333 0.6376953125 0.22265625 0.634765625 0.20703125 0.634765625 0.18489583333333334 0.6396484375 0.15885416666666666 0.6484375 0.140625 0.6640625 0.12369791666666667 0.673828125 0.1171875 0.693359375 0.09765625 0.7294921875 0.07552083333333333
0 0.94921875 0.18619791666666666 0.96875 0.19270833333333334 0.982421875 0.19401041666666666 0.9990234375 0.20182291666666666 0.9990234375 0.4166666666666667 0.9833984375 0.43359375 0.94921875 0.4427083333333333 0.939453125 0.44140625 0.9130859375 0.4192708333333333 0.8984375 0.4153645833333333 0.861328125 0.4140625 0.8525390625 0.4075520833333333 0.837890625 0.3815104166666667 0.8310546875 0.3528645833333333 0.8310546875 0.34375 0.8447265625 0.2747395833333333 0.841796875 0.2708333333333333 0.81640625 0.26953125 0.8173828125 0.2643229166666667 0.82421875 0.2565104166666667 0.845703125 0.24348958333333334 0.857421875 0.2421875 0.8662109375 0.23697916666666666 0.8720703125 0.22786458333333334 0.8701171875 0.21484375 0.8759765625 0.20963541666666666 0.8896484375 0.20703125 0.8994140625 0.1953125 0.921875 0.18098958333333334 0.9326171875 0.18098958333333334 0.9423828125 0.18619791666666666 0.9482421875 0.18619791666666666
0 0.5166015625 0.55078125 0.5322265625 0.5559895833333334 0.5673828125 0.5846354166666666 0.587890625 0.6145833333333334 0.6005859375 0.6432291666666666 0.6142578125 0.6861979166666666 0.6181640625 0.7083333333333334 0.619140625 0.7513020833333334 0.6328125 0.7747395833333334 0.626953125 0.7825520833333334 0.6220703125 0.78515625 0.615234375 0.8268229166666666 0.607421875 0.8580729166666666 0.580078125 0.9127604166666666 0.568359375 0.9283854166666666 0.55078125 0.9440104166666666 0.529296875 0.95703125 0.5166015625 0.9609375 0.4765625 0.9544270833333334 0.453125 0.9466145833333334 0.4375 0.9361979166666666 0.3916015625 0.875 0.3828125 0.8671875 0.37890625 0.8255208333333334 0.361328125 0.8033854166666666 0.361328125 0.7682291666666666 0.369140625 0.75 0.37109375 0.7213541666666666 0.375 0.703125 0.375 0.6588541666666666 0.3857421875 0.6328125 0.40234375 0.6041666666666666 0.4287109375 0.5729166666666666 0.4541015625 0.5559895833333334 0.4755859375 0.5481770833333334 0.5078125 0.5481770833333334 0.515625 0.55078125
0 0.642578125 0 0.6435546875 0.033854166666666664 0.6396484375 0.053385416666666664 0.6298828125 0.07291666666666667 0.6259765625 0.08723958333333333 0.6123046875 0.10807291666666667 0.6044921875 0.13932291666666666 0.5869140625 0.14713541666666666 0.5712890625 0.16145833333333334 0.556640625 0.16666666666666666 0.546875 0.17317708333333334 0.513671875 0.18098958333333334 0.5087890625 0.18619791666666666 0.5078125 0.1953125 0.5009765625 0.20052083333333334 0.4931640625 0.19921875 0.48046875 0.19140625 0.4716796875 0.19010416666666666 0.4619140625 0.17708333333333334 0.44921875 0.171875 0.4306640625 0.13671875 0.41796875 0.07942708333333333 0.42578125 0.041666666666666664 0.435546875 0.022135416666666668 0.453125 0 0.6416015625 0
0 0.7685546875 0.2682291666666667 0.783203125 0.2760416666666667 0.7998046875 0.2955729166666667 0.810546875 0.3229166666666667 0.8212890625 0.3385416666666667 0.828125 0.359375 0.83203125 0.3802083333333333 0.83203125 0.4036458333333333 0.830078125 0.4140625 0.818359375 0.4440104166666667 0.7978515625 0.4700520833333333 0.7900390625 0.4778645833333333 0.7802734375 0.4830729166666667 0.7705078125 0.4830729166666667 0.7353515625 0.4674479166666667 0.71484375 0.4635416666666667 0.701171875 0.4635416666666667 0.671875 0.4739583333333333 0.6650390625 0.47265625 0.65625 0.4596354166666667 0.65625 0.4453125 0.646484375 0.4348958333333333 0.6396484375 0.41796875 0.6396484375 0.3932291666666667 0.6455078125 0.3763020833333333 0.6455078125 0.32421875 0.6533203125 0.3046875 0.6669921875 0.2825520833333333 0.6767578125 0.2721354166666667 0.6884765625 0.2643229166666667 0.7119140625 0.2578125 0.72265625 0.2578125 0.75390625 0.2682291666666667 0.767578125 0.2682291666666667
0 0.3369140625 0.3307291666666667 0.3642578125 0.34375 0.3818359375 0.3619791666666667 0.3955078125 0.3971354166666667 0.4052734375 0.4361979166666667 0.4072265625 0.4661458333333333 0.396484375 0.4973958333333333 0.376953125 0.5286458333333334 0.3642578125 0.5390625 0.3203125 0.51953125 0.2734375 0.515625 0.2685546875 0.51171875 0.2666015625 0.5065104166666666 0.240234375 0.47265625 0.2509765625 0.4010416666666667 0.2666015625 0.3567708333333333 0.2822265625 0.3411458333333333 0.2998046875 0.33203125 0.30859375 0.3294270833333333 0.3359375 0.3307291666666667