0 0.6736111111111112 0.3098958333333333 0.6822916666666666 0.3125 0.6927083333333334 0.3203125 0.7135416666666666 0.3515625 0.7152777777777778 0.3645833333333333 0.6996527777777778 0.3736979166666667 0.6753472222222222 0.3932291666666667 0.6666666666666666 0.4166666666666667 0.6666666666666666 0.4296875 0.6631944444444444 0.43359375 0.6458333333333334 0.43359375 0.6371527777777778 0.4296875 0.6024305555555556 0.4270833333333333 0.5833333333333334 0.4192708333333333 0.5538194444444444 0.3971354166666667 0.5451388888888888 0.3828125 0.5451388888888888 0.3697916666666667 0.5572916666666666 0.35546875 0.5798611111111112 0.3372395833333333 0.5868055555555556 0.328125 0.6076388888888888 0.3151041666666667 0.6163194444444444 0.3151041666666667 0.6267361111111112 0.3098958333333333 0.6336805555555556 0.3111979166666667 0.671875 0.3098958333333333
0 0.9166666666666666 0.7057291666666666 0.9565972222222222 0.7122395833333334 0.9982638888888888 0.7252604166666666 0.9982638888888888 0.8776041666666666 0.9583333333333334 0.88671875 0.9409722222222222 0.8880208333333334 0.9236111111111112 0.89453125 0.9166666666666666 0.89453125 0.9097222222222222 0.8971354166666666 0.8802083333333334 0.8971354166666666 0.8420138888888888 0.8893229166666666 0.8263888888888888 0.8828125 0.8020833333333334 0.8671875 0.7847222222222222 0.8411458333333334 0.7847222222222222 0.8111979166666666 0.78125 0.8033854166666666 0.78125 0.7838541666666666 0.7881944444444444 0.765625 0.8003472222222222 0.7447916666666666 0.8125 0.73046875 0.8315972222222222 0.7135416666666666 0.84375 0.7083333333333334 0.8663194444444444 0.7044270833333334 0.9149305555555556 0.7057291666666666
0 0.22395833333333334 0.18098958333333334 0.2378472222222222 0.19140625 0.25 0.1953125 0.2569444444444444 0.1953125 0.2638888888888889 0.18880208333333334 0.2690972222222222 0.18880208333333334 0.2760416666666667 0.19140625 0.2881944444444444 0.20182291666666666 0.2829861111111111 0.20833333333333334 0.28125 0.21614583333333334 0.2951388888888889 0.22786458333333334 0.3003472222222222 0.23567708333333334 0.3090277777777778 0.2513020833333333 0.3125 0.265625 0.3125 0.2838541666666667 0.3038194444444444 0.30859375 0.2951388888888889 0.3190104166666667 0.2881944444444444 0.3216145833333333 0.2482638888888889 0.3177083333333333 0.24131944444444445 0.3151041666666667 0.203125 0.3151041666666667 0.17881944444444445 0.3216145833333333 0.1701388888888889 0.3216145833333333 0.16493055555555555 0.3190104166666667 0.14756944444444445 0.3203125 0.11284722222222222 0.3307291666666667 0.10416666666666667 0.328125 0.09027777777777778 0.3177083333333333 0.07118055555555555 0.2916666666666667 0.06944444444444445 0.2630208333333333 0.07465277777777778 0.2421875 0.0798611111111111 0.234375 0.10416666666666667 0.20833333333333334 0.11979166666666667 0.20572916666666666 0.13541666666666666 0.19401041666666666 0.1597222222222222 0.1875 0.19791666666666666 0.18619791666666666 0.21006944444444445 0.18098958333333334 0.2222222222222222 0.18098958333333334
0 0.9305555555555556 0.4817708333333333 0.9496527777777778 0.4856770833333333 0.9791666666666666 0.484375 0.9982638888888888 0.4908854166666667 0.9982638888888888 0.71484375 0.9305555555555556 0.703125 0.9149305555555556 0.6979166666666666 0.8940972222222222 0.6861979166666666 0.8784722222222222 0.67578125 0.8541666666666666 0.6549479166666666 0.8489583333333334 0.6471354166666666 0.8489583333333334 0.63671875 0.8454861111111112 0.6302083333333334 0.8472222222222222 0.6223958333333334 0.84375 0.6158854166666666 0.8333333333333334 0.6106770833333334 0.8315972222222222 0.5885416666666666 0.8350694444444444 0.5638020833333334 0.8506944444444444 0.5546875 0.8576388888888888 0.546875 0.8472222222222222 0.5325520833333334 0.8489583333333334 0.5286458333333334 0.859375 0.5247395833333334 0.8680555555555556 0.5182291666666666 0.8854166666666666 0.50390625 0.8940972222222222 0.4934895833333333 0.9097222222222222 0.4869791666666667 0.9166666666666666 0.4817708333333333 0.9288194444444444 0.4817708333333333
0 0.5763888888888888 0.6575520833333334 0.59375 0.6627604166666666 0.6006944444444444 0.6627604166666666 0.6145833333333334 0.67578125 0.6302083333333334 0.6783854166666666 0.6423611111111112 0.6848958333333334 0.6684027777777778 0.69140625 0.6822916666666666 0.69921875 0.7152777777777778 0.703125 0.7309027777777778 0.7122395833333334 0.7586805555555556 0.7473958333333334 0.7725694444444444 0.7799479166666666 0.7777777777777778 0.8111979166666666 0.7777777777777778 0.8346354166666666 0.7638888888888888 0.8684895833333334 0.7447916666666666 0.8971354166666666 0.7309027777777778 0.9114583333333334 0.6892361111111112 0.9440104166666666 0.6701388888888888 0.9544270833333334 0.6423611111111112 0.96484375 0.5833333333333334 0.9778645833333334 0.5503472222222222 0.9778645833333334 0.4826388888888889 0.9713541666666666 0.4670138888888889 0.9674479166666666 0.4236111111111111 0.9505208333333334 0.3888888888888889 0.9322916666666666 0.3559027777777778 0.9010416666666666 0.3385416666666667 0.8736979166666666 0.3298611111111111 0.8502604166666666 0.328125 0.8333333333333334 0.3298611111111111 0.8111979166666666 0.3385416666666667 0.7838541666666666 0.3559027777777778 0.7565104166666666 0.3715277777777778 0.7408854166666666 0.375 0.7291666666666666 0.3784722222222222 0.7265625 0.3871527777777778 0.7252604166666666 0.4079861111111111 0.7135416666666666 0.4201388888888889 0.7096354166666666 0.4461805555555556 0.6888020833333334 0.4600694444444444 0.6848958333333334 0.4670138888888889 0.6783854166666666 0.4774305555555556 0.6744791666666666 0.484375 0.6692708333333334 0.4982638888888889 0.6744791666666666 0.5069444444444444 0.671875 0.53125 0.6705729166666666 0.5538194444444444 0.66015625 0.5625 0.6575520833333334 0.5746527777777778 0.6575520833333334
0 0.2604166666666667 0.66796875 0.2795138888888889 0.6770833333333334 0.2899305555555556 0.6796875 0.3177083333333333 0.7005208333333334 0.328125 0.7044270833333334 0.3385416666666667 0.7200520833333334 0.3402777777777778 0.73046875 0.3489583333333333 0.7473958333333334 0.3489583333333333 0.7565104166666666 0.3368055555555556 0.7747395833333334 0.3263888888888889 0.8020833333333334 0.3229166666666667 0.8190104166666666 0.3229166666666667 0.84375 0.3211805555555556 0.8515625 0.3159722222222222 0.8580729166666666 0.3072916666666667 0.8645833333333334 0.2916666666666667 0.87109375 0.28125 0.8802083333333334 0.2690972222222222 0.88671875 0.2309027777777778 0.8984375 0.20833333333333334 0.90234375 0.1753472222222222 0.9010416666666666 0.15104166666666666 0.89453125 0.13541666666666666 0.88671875 0.09027777777777778 0.8528645833333334 0.078125 0.8515625 0.07291666666666667 0.8489583333333334 0.07291666666666667 0.83984375 0.078125 0.8333333333333334 0.078125 0.8255208333333334 0.0625 0.7890625 0.08333333333333333 0.734375 0.09722222222222222 0.71484375 0.13020833333333334 0.6848958333333334 0.1701388888888889 0.66796875 0.2065972222222222 0.6614583333333334 0.24131944444444445 0.6627604166666666 0.2586805555555556 0.66796875
0 0.3020833333333333 0.48046875 0.3194444444444444 0.4908854166666667 0.3298611111111111 0.5104166666666666 0.3489583333333333 0.5286458333333334 0.3576388888888889 0.54296875 0.3697916666666667 0.5729166666666666 0.3697916666666667 0.6002604166666666 0.3576388888888889 0.6223958333333334 0.34375 0.6328125 0.3177083333333333 0.6432291666666666 0.3072916666666667 0.6497395833333334 0.2864583333333333 0.65234375 0.2760416666666667 0.65625 0.2552083333333333 0.6575520833333334 0.1892361111111111 0.6549479166666666 0.16666666666666666 0.6380208333333334 0.1579861111111111 0.6341145833333334 0.1440972222222222 0.6223958333333334 0.125 0.5989583333333334 0.11805555555555555 0.5807291666666666 0.11805555555555555 0.5546875 0.1284722222222222 0.5325520833333334 0.1388888888888889 0.5221354166666666 0.1579861111111111 0.5078125 0.1684027777777778 0.5026041666666666 0.2048611111111111 0.4895833333333333 0.2534722222222222 0.48828125 0.2604166666666667 0.4856770833333333 0.3003472222222222 0.48046875
0 0.6597222222222222 0.4817708333333333 0.6857638888888888 0.4869791666666667 0.7048611111111112 0.4869791666666667 0.7118055555555556 0.4895833333333333 0.71875 0.4895833333333333 0.75 0.5 0.765625 0.5078125 0.7899305555555556 0.5325520833333334 0.8125 0.5651041666666666 0.8194444444444444 0.59765625 0.8194444444444444 0.60546875 0.8159722222222222 0.6106770833333334 0.8194444444444444 0.625 0.8177083333333334 0.6341145833333334 0.8125 0.6484375 0.8003472222222222 0.6666666666666666 0.7934027777777778 0.6744791666666666 0.7690972222222222 0.6901041666666666 0.7361111111111112 0.7018229166666666 0.7239583333333334 0.69921875 0.7170138888888888 0.6940104166666666 0.7135416666666666 0.6861979166666666 0.7013888888888888 0.6783854166666666 0.6892361111111112 0.6796875 0.6840277777777778 0.68359375 0.6545138888888888 0.6822916666666666 0.6319444444444444 0.6744791666666666 0.6267361111111112 0.6705729166666666 0.6180555555555556 0.6692708333333334 0.6145833333333334 0.66015625 0.6059027777777778 0.6536458333333334 0.5868055555555556 0.6536458333333334 0.5694444444444444 0.6510416666666666 0.5642361111111112 0.6471354166666666 0.5555555555555556 0.6302083333333334 0.5486111111111112 0.609375 0.5486111111111112 0.5703125 0.5538194444444444 0.5572916666666666 0.5763888888888888 0.5260416666666666 0.5989583333333334 0.5065104166666666 0.6267361111111112 0.4934895833333333 0.6527777777777778 0.48828125 0.6597222222222222 0.4830729166666667
0 0.8177083333333334 0.3111979166666667 0.8420138888888888 0.3229166666666667 0.8524305555555556 0.34375 0.8697916666666666 0.359375 0.890625 0.3645833333333333 0.921875 0.38671875 0.9392361111111112 0.4114583333333333 0.9340277777777778 0.4453125 0.9184027777777778 0.47265625 0.9027777777777778 0.4856770833333333 0.8871527777777778 0.4947916666666667 0.8697916666666666 0.51171875 0.8524305555555556 0.5221354166666666 0.8402777777777778 0.5260416666666666 0.8368055555555556 0.5325520833333334 0.8177083333333334 0.5494791666666666 0.8107638888888888 0.5494791666666666 0.8072916666666666 0.546875 0.7916666666666666 0.52734375 0.7638888888888888 0.5026041666666666 0.7256944444444444 0.4869791666666667 0.6979166666666666 0.4830729166666667 0.6909722222222222 0.4778645833333333 0.6770833333333334 0.4583333333333333 0.6684027777777778 0.43359375 0.6736111111111112 0.4049479166666667 0.6822916666666666 0.3893229166666667 0.7204861111111112 0.3645833333333333 0.7256944444444444 0.3528645833333333 0.7309027777777778 0.3489583333333333 0.75 0.34375 0.7586805555555556 0.3372395833333333 0.7638888888888888 0.3255208333333333 0.7777777777777778 0.31640625 0.7847222222222222 0.3138020833333333 0.8003472222222222 0.3138020833333333 0.8159722222222222 0.3111979166666667
0 0.4947916666666667 0.3776041666666667 0.5034722222222222 0.3802083333333333 0.5138888888888888 0.3802083333333333 0.5225694444444444 0.3763020833333333 0.53125 0.3763020833333333 0.5364583333333334 0.37890625 0.546875 0.3997395833333333 0.546875 0.4114583333333333 0.5572916666666666 0.42578125 0.5590277777777778 0.44140625 0.5659722222222222 0.45703125 0.5677083333333334 0.4752604166666667 0.5642361111111112 0.4908854166666667 0.5572916666666666 0.50390625 0.5329861111111112 0.5247395833333334 0.5173611111111112 0.5325520833333334 0.5017361111111112 0.53515625 0.4878472222222222 0.5403645833333334 0.46875 0.54296875 0.4479166666666667 0.54296875 0.4322916666666667 0.5390625 0.4236111111111111 0.5390625 0.4010416666666667 0.5325520833333334 0.3871527777777778 0.5260416666666666 0.375 0.5169270833333334 0.3559027777777778 0.4973958333333333 0.3506944444444444 0.4778645833333333 0.3506944444444444 0.4557291666666667 0.3663194444444444 0.4244791666666667 0.3888888888888889 0.4010416666666667 0.4045138888888889 0.3893229166666667 0.4184027777777778 0.3828125 0.4375 0.37890625 0.4513888888888889 0.37890625 0.4652777777777778 0.3763020833333333 0.4930555555555556 0.3776041666666667
0 0.5399305555555556 0.15234375 0.5434027777777778 0.15494791666666666 0.5625 0.16015625 0.5815972222222222 0.17057291666666666 0.6059027777777778 0.19010416666666666 0.6197916666666666 0.21223958333333334 0.625 0.22916666666666666 0.6267361111111112 0.26171875 0.6163194444444444 0.2838541666666667 0.6128472222222222 0.2864583333333333 0.6059027777777778 0.3072916666666667 0.6006944444444444 0.3138020833333333 0.5868055555555556 0.3229166666666667 0.578125 0.3346354166666667 0.5642361111111112 0.34375 0.5399305555555556 0.3684895833333333 0.5190972222222222 0.3736979166666667 0.4704861111111111 0.3723958333333333 0.4375 0.375 0.4114583333333333 0.3815104166666667 0.3958333333333333 0.3802083333333333 0.3767361111111111 0.3736979166666667 0.3472222222222222 0.3541666666666667 0.3350694444444444 0.3346354166666667 0.3333333333333333 0.328125 0.3350694444444444 0.2916666666666667 0.359375 0.21614583333333334 0.3645833333333333 0.20833333333333334 0.4045138888888889 0.17317708333333334 0.4149305555555556 0.171875 0.4496527777777778 0.15625 0.4930555555555556 0.15104166666666666 0.5381944444444444 0.15234375
0 0.23958333333333334 0.3190104166666667 0.2934027777777778 0.3268229166666667 0.3159722222222222 0.3372395833333333 0.3315972222222222 0.3489583333333333 0.3385416666666667 0.3580729166666667 0.3489583333333333 0.3815104166666667 0.3472222222222222 0.4075520833333333 0.3402777777777778 0.4244791666666667 0.3298611111111111 0.4375 0.3229166666666667 0.453125 0.3177083333333333 0.4765625 0.296875 0.4752604166666667 0.2760416666666667 0.48046875 0.23958333333333334 0.4856770833333333 0.21354166666666666 0.484375 0.19270833333333334 0.48828125 0.1892361111111111 0.4908854166666667 0.17708333333333334 0.4908854166666667 0.14583333333333334 0.4791666666666667 0.13194444444444445 0.4713541666666667 0.11458333333333333 0.4557291666666667 0.10416666666666667 0.4375 0.10416666666666667 0.4127604166666667 0.11284722222222222 0.3932291666666667 0.11284722222222222 0.3893229166666667 0.10416666666666667 0.38671875 0.10416666666666667 0.3802083333333333 0.1076388888888889 0.3736979166666667 0.1284722222222222 0.3619791666666667 0.13368055555555555 0.35546875 0.13020833333333334 0.3424479166666667 0.1232638888888889 0.3372395833333333 0.1232638888888889 0.3346354166666667 0.1267361111111111 0.3346354166666667 0.1267361111111111 0.33984375 0.13368055555555555 0.3424479166666667 0.14930555555555555 0.328125 0.17708333333333334 0.3268229166666667 0.19618055555555555 0.3203125 0.20833333333333334 0.3190104166666667 0.2378472222222222 0.3190104166666667