0 0.6650390625 0.6497395833333334 0.671875 0.6497395833333334 0.6787109375 0.6536458333333334 0.7060546875 0.6861979166666666 0.712890625 0.68359375 0.7216796875 0.6848958333333334 0.728515625 0.6979166666666666 0.7578125 0.7213541666666666 0.7685546875 0.7356770833333334 0.7724609375 0.7473958333333334 0.7734375 0.7630208333333334 0.7783203125 0.7760416666666666 0.7783203125 0.8333333333333334 0.7734375 0.8645833333333334 0.765625 0.8828125 0.740234375 0.9192708333333334 0.7158203125 0.9348958333333334 0.689453125 0.9388020833333334 0.6708984375 0.9375 0.66796875 0.94140625 0.669921875 0.953125 0.6650390625 0.9544270833333334 0.662109375 0.9518229166666666 0.6611328125 0.9453125 0.654296875 0.9388020833333334 0.6474609375 0.9270833333333334 0.638671875 0.9244791666666666 0.6171875 0.9075520833333334 0.59765625 0.8815104166666666 0.58203125 0.84375 0.578125 0.8190104166666666 0.578125 0.7669270833333334 0.587890625 0.7369791666666666 0.60546875 0.7096354166666666 0.64453125 0.6809895833333334 0.6513671875 0.6783854166666666 0.6650390625 0.6783854166666666 0.6669921875 0.6744791666666666 0.6650390625 0.6510416666666666
0 0.4990234375 0.69140625 0.5224609375 0.7044270833333334 0.5458984375 0.7239583333333334 0.5634765625 0.7473958333333334 0.5712890625 0.76953125 0.572265625 0.8177083333333334 0.568359375 0.8346354166666666 0.556640625 0.8580729166666666 0.5341796875 0.8854166666666666 0.5302734375 0.9036458333333334 0.52734375 0.9075520833333334 0.4765625 0.9036458333333334 0.4541015625 0.89453125 0.4404296875 0.8815104166666666 0.4208984375 0.8541666666666666 0.416015625 0.8541666666666666 0.4111328125 0.8502604166666666 0.3974609375 0.8203125 0.400390625 0.8072916666666666 0.412109375 0.7955729166666666 0.421875 0.7552083333333334 0.435546875 0.7330729166666666 0.4482421875 0.71875 0.462890625 0.70703125 0.4736328125 0.69140625 0.498046875 0.69140625
0 0.384765625 0.10026041666666667 0.3935546875 0.10286458333333333 0.408203125 0.11328125 0.4169921875 0.12239583333333333 0.4287109375 0.140625 0.43359375 0.15755208333333334 0.43359375 0.20442708333333334 0.4296875 0.22005208333333334 0.416015625 0.23046875 0.4150390625 0.2421875 0.4091796875 0.2643229166666667 0.3955078125 0.2786458333333333 0.3798828125 0.2890625 0.3486328125 0.28515625 0.3271484375 0.2734375 0.3095703125 0.25 0.3056640625 0.23177083333333334 0.3017578125 0.19270833333333334 0.30859375 0.13671875 0.3115234375 0.12760416666666666 0.3203125 0.11328125 0.32421875 0.11067708333333333 0.33203125 0.11197916666666667 0.3583984375 0.1015625 0.3837890625 0.10026041666666667
0 0.34765625 0.4895833333333333 0.3701171875 0.4973958333333333 0.384765625 0.51953125 0.421875 0.5299479166666666 0.435546875 0.5403645833333334 0.45703125 0.5677083333333334 0.4638671875 0.59375 0.466796875 0.6354166666666666 0.4609375 0.6731770833333334 0.4541015625 0.6979166666666666 0.4248046875 0.7408854166666666 0.4072265625 0.7591145833333334 0.3955078125 0.765625 0.3603515625 0.76171875 0.34765625 0.7565104166666666 0.3349609375 0.74609375 0.3251953125 0.74609375 0.31640625 0.7408854166666666 0.306640625 0.73046875 0.2890625 0.7018229166666666 0.28125 0.6848958333333334 0.2744140625 0.66015625 0.2744140625 0.62890625 0.2822265625 0.60546875 0.2900390625 0.5911458333333334 0.2900390625 0.5755208333333334 0.29296875 0.5677083333333334 0.302734375 0.5546875 0.3056640625 0.5390625 0.3056640625 0.5260416666666666 0.3134765625 0.5104166666666666 0.32421875 0.4973958333333333 0.333984375 0.4908854166666667 0.3466796875 0.4895833333333333
0 0.1748046875 0.10677083333333333 0.177734375 0.10546875 0.177734375 0.11197916666666667 0.1748046875 0.11588541666666667 0.1767578125 0.12890625 0.1796875 0.1328125 0.1962890625 0.13411458333333334 0.2236328125 0.12760416666666666 0.2451171875 0.12760416666666666 0.2685546875 0.13802083333333334 0.27734375 0.1484375 0.296875 0.19401041666666666 0.302734375 0.23307291666666666 0.3056640625 0.2981770833333333 0.30859375 0.30859375 0.3193359375 0.3203125 0.3173828125 0.328125 0.3076171875 0.3307291666666667 0.28125 0.3059895833333333 0.25390625 0.2890625 0.228515625 0.2799479166666667 0.2177734375 0.2799479166666667 0.20703125 0.2760416666666667 0.1923828125 0.2799479166666667 0.1865234375 0.2994791666666667 0.1826171875 0.3020833333333333 0.162109375 0.3033854166666667 0.1533203125 0.2994791666666667 0.1435546875 0.2630208333333333 0.14453125 0.23307291666666666 0.1513671875 0.20572916666666666 0.150390625 0.19270833333333334 0.1591796875 0.1640625 0.16015625 0.13411458333333334 0.16796875 0.11848958333333333 0.1728515625 0.11588541666666667 0.1748046875 0.10807291666666667
0 0.2216796875 0.2825520833333333 0.2490234375 0.2903645833333333 0.271484375 0.3020833333333333 0.291015625 0.3177083333333333 0.3125 0.34375 0.3203125 0.35546875 0.3369140625 0.3958333333333333 0.34375 0.4440104166666667 0.341796875 0.4661458333333333 0.337890625 0.4817708333333333 0.314453125 0.5026041666666666 0.3017578125 0.5247395833333334 0.2998046875 0.5416666666666666 0.291015625 0.5625 0.28515625 0.5703125 0.2626953125 0.58203125 0.259765625 0.5872395833333334 0.259765625 0.5989583333333334 0.2548828125 0.6080729166666666 0.2509765625 0.6080729166666666 0.2421875 0.59375 0.2060546875 0.6015625 0.1708984375 0.59765625 0.142578125 0.5846354166666666 0.1298828125 0.57421875 0.09765625 0.5325520833333334 0.083984375 0.4856770833333333 0.0791015625 0.4544270833333333 0.0791015625 0.4388020833333333 0.0908203125 0.4036458333333333 0.1025390625 0.3815104166666667 0.1123046875 0.3515625 0.130859375 0.3307291666666667 0.1328125 0.3203125 0.1435546875 0.31640625 0.1552734375 0.3072916666666667 0.185546875 0.3072916666666667 0.1904296875 0.2903645833333333 0.1953125 0.2825520833333333 0.220703125 0.2825520833333333
0 0.68359375 0.14583333333333334 0.712890625 0.14973958333333334 0.7236328125 0.15494791666666666 0.73828125 0.15364583333333334 0.7685546875 0.17057291666666666 0.7822265625 0.17447916666666666 0.7861328125 0.1796875 0.791015625 0.19661458333333334 0.8134765625 0.21354166666666666 0.8173828125 0.22135416666666666 0.81640625 0.24088541666666666 0.8212890625 0.2669270833333333 0.822265625 0.2838541666666667 0.818359375 0.29296875 0.818359375 0.2981770833333333 0.810546875 0.3151041666666667 0.8115234375 0.3190104166666667 0.81640625 0.3216145833333333 0.81640625 0.3255208333333333 0.814453125 0.328125 0.8095703125 0.3268229166666667 0.80859375 0.33203125 0.8115234375 0.3346354166666667 0.806640625 0.34375 0.802734375 0.3385416666666667 0.7978515625 0.3463541666666667 0.80078125 0.3502604166666667 0.806640625 0.3489583333333333 0.8134765625 0.3515625 0.81640625 0.3658854166666667 0.8154296875 0.3697916666666667 0.8173828125 0.3723958333333333 0.8251953125 0.3697916666666667 0.8232421875 0.3658854166666667 0.8232421875 0.3567708333333333 0.8271484375 0.3502604166666667 0.830078125 0.3502604166666667 0.833984375 0.3450520833333333 0.8251953125 0.3411458333333333 0.8271484375 0.3307291666666667 0.826171875 0.32421875 0.833984375 0.32421875 0.8359375 0.3216145833333333 0.8310546875 0.31640625 0.828125 0.3177083333333333 0.826171875 0.3098958333333333 0.83984375 0.30859375 0.841796875 0.3059895833333333 0.8369140625 0.30078125 0.8271484375 0.3020833333333333 0.826171875 0.2825520833333333 0.8427734375 0.2838541666666667 0.8466796875 0.2890625 0.845703125 0.2955729166666667 0.8515625 0.2981770833333333 0.853515625 0.2955729166666667 0.8505859375 0.29296875 0.8544921875 0.2825520833333333 0.865234375 0.2786458333333333 0.8623046875 0.2747395833333333 0.8544921875 0.2734375 0.8505859375 0.26953125 0.8486328125 0.2643229166666667 0.85546875 0.26171875 0.8505859375 0.2578125 0.859375 0.2578125 0.88671875 0.2786458333333333 0.88671875 0.2825520833333333 0.8837890625 0.2838541666666667 0.8798828125 0.29296875 0.8798828125 0.30078125 0.892578125 0.3307291666666667 0.8916015625 0.3463541666666667 0.896484375 0.3580729166666667 0.896484375 0.3645833333333333 0.8798828125 0.3815104166666667 0.8662109375 0.3828125 0.85546875 0.390625 0.8388671875 0.390625 0.818359375 0.3763020833333333 0.8056640625 0.3723958333333333 0.798828125 0.3658854166666667 0.7841796875 0.3619791666666667 0.767578125 0.3619791666666667 0.7509765625 0.37109375 0.71875 0.3697916666666667 0.7158203125 0.37109375 0.7099609375 0.3815104166666667 0.6962890625 0.3815104166666667 0.6953125 0.3763020833333333 0.6884765625 0.3658854166666667 0.658203125 0.3489583333333333 0.6357421875 0.32421875 0.623046875 0.3046875 0.6162109375 0.30078125 0.609375 0.30078125 0.6044921875 0.2955729166666667 0.6015625 0.2890625 0.6015625 0.2799479166666667 0.60546875 0.2721354166666667 0.603515625 0.23307291666666666 0.60546875 0.20703125 0.6083984375 0.20052083333333334 0.6201171875 0.1875 0.6337890625 0.16666666666666666 0.6474609375 0.15364583333333334 0.66015625 0.14713541666666666 0.6826171875 0.14583333333333334
0 0.8515625 0.25390625 0.86328125 0.2578125 0.8896484375 0.2786458333333333 0.8896484375 0.2825520833333333 0.8818359375 0.2942708333333333 0.880859375 0.30078125 0.892578125 0.3294270833333333 0.8935546875 0.3346354166666667 0.8916015625 0.34765625 0.8974609375 0.35546875 0.8984375 0.3619791666666667 0.89453125 0.3697916666666667 0.8798828125 0.3828125 0.8681640625 0.3841145833333333 0.8583984375 0.390625 0.8486328125 0.3932291666666667 0.8349609375 0.390625 0.82421875 0.3815104166666667 0.8095703125 0.3763020833333333 0.7978515625 0.3671875 0.7802734375 0.36328125 0.7783203125 0.3619791666666667 0.7783203125 0.3580729166666667 0.802734375 0.3333333333333333 0.806640625 0.3203125 0.8193359375 0.2955729166666667 0.8251953125 0.2682291666666667 0.8369140625 0.2578125 0.8505859375 0.25390625
0 0.55859375 0.46484375 0.57421875 0.4700520833333333 0.587890625 0.4791666666666667 0.599609375 0.4934895833333333 0.61328125 0.5169270833333334 0.6240234375 0.5651041666666666 0.6259765625 0.6184895833333334 0.6064453125 0.66796875 0.6005859375 0.67578125 0.578125 0.6966145833333334 0.5625 0.7044270833333334 0.5537109375 0.7057291666666666 0.537109375 0.7044270833333334 0.525390625 0.69921875 0.517578125 0.69140625 0.5009765625 0.6822916666666666 0.484375 0.6640625 0.4716796875 0.6302083333333334 0.4658203125 0.5703125 0.4619140625 0.5572916666666666 0.4619140625 0.5494791666666666 0.46484375 0.5390625 0.4912109375 0.4986979166666667 0.5009765625 0.4908854166666667 0.5126953125 0.4765625 0.5224609375 0.4700520833333333 0.5341796875 0.4661458333333333 0.5576171875 0.46484375
0 0.4462890625 0.23046875 0.455078125 0.22786458333333334 0.4951171875 0.23046875 0.51171875 0.23697916666666666 0.5361328125 0.2578125 0.560546875 0.2994791666666667 0.572265625 0.34375 0.57421875 0.3580729166666667 0.57421875 0.3776041666666667 0.572265625 0.3880208333333333 0.5625 0.42578125 0.5556640625 0.44140625 0.5556640625 0.4466145833333333 0.55859375 0.4518229166666667 0.556640625 0.4557291666666667 0.5498046875 0.4596354166666667 0.5283203125 0.4635416666666667 0.509765625 0.4739583333333333 0.4990234375 0.4869791666666667 0.486328125 0.4934895833333333 0.4736328125 0.51953125 0.466796875 0.52734375 0.4619140625 0.5247395833333334 0.4609375 0.5143229166666666 0.45703125 0.5052083333333334 0.4482421875 0.5052083333333334 0.439453125 0.5013020833333334 0.431640625 0.5052083333333334 0.4296875 0.5 0.4072265625 0.4765625 0.3984375 0.484375 0.3837890625 0.48828125 0.376953125 0.4661458333333333 0.3759765625 0.4557291666666667 0.38671875 0.4440104166666667 0.38671875 0.4388020833333333 0.373046875 0.4127604166666667 0.373046875 0.3606770833333333 0.37109375 0.35546875 0.373046875 0.3333333333333333 0.37890625 0.3138020833333333 0.3896484375 0.2942708333333333 0.4013671875 0.2786458333333333 0.416015625 0.2669270833333333 0.4287109375 0.2526041666666667 0.4375 0.23828125 0.4462890625 0.23177083333333334
0 0.5126953125 0.08723958333333333 0.529296875 0.09244791666666667 0.5400390625 0.10026041666666667 0.5634765625 0.13802083333333334 0.5732421875 0.16015625 0.5859375 0.17838541666666666 0.5859375 0.18880208333333334 0.583984375 0.19401041666666666 0.560546875 0.21744791666666666 0.546875 0.24479166666666666 0.5390625 0.2526041666666667 0.529296875 0.24869791666666666 0.5078125 0.23046875 0.4501953125 0.22005208333333334 0.4462890625 0.21614583333333334 0.44140625 0.203125 0.4384765625 0.18229166666666666 0.4384765625 0.15364583333333334 0.4423828125 0.13411458333333334 0.44921875 0.11848958333333333 0.46875 0.09375 0.494140625 0.0859375 0.51171875 0.08723958333333333
0 0.6962890625 0.41796875 0.7353515625 0.44140625 0.7451171875 0.4518229166666667 0.755859375 0.46875 0.767578125 0.51171875 0.767578125 0.5442708333333334 0.76171875 0.5716145833333334 0.7578125 0.5807291666666666 0.7421875 0.6028645833333334 0.7216796875 0.6158854166666666 0.7109375 0.6197916666666666 0.6865234375 0.6197916666666666 0.67578125 0.6145833333333334 0.66015625 0.61328125 0.6484375 0.60546875 0.630859375 0.5833333333333334 0.6298828125 0.5729166666666666 0.6337890625 0.5703125 0.630859375 0.5690104166666666 0.6259765625 0.5598958333333334 0.62109375 0.5325520833333334 0.609375 0.5013020833333334 0.6123046875 0.4739583333333333 0.6162109375 0.45703125 0.62109375 0.4453125 0.6298828125 0.43359375 0.646484375 0.4205729166666667 0.6611328125 0.4140625 0.6806640625 0.4114583333333333 0.6953125 0.41796875