0 0.615234375 0.041666666666666664 0.640625 0.053385416666666664 0.658203125 0.0703125 0.666015625 0.08723958333333333 0.6669921875 0.125 0.662109375 0.13151041666666666 0.6396484375 0.13802083333333334 0.62109375 0.15234375 0.587890625 0.19921875 0.5771484375 0.19140625 0.568359375 0.17057291666666666 0.5576171875 0.10807291666666667 0.55859375 0.07161458333333333 0.56640625 0.055989583333333336 0.580078125 0.044270833333333336 0.5869140625 0.041666666666666664 0.6142578125 0.041666666666666664
0 0.4873046875 0.24088541666666666 0.5087890625 0.2799479166666667 0.525390625 0.2994791666666667 0.533203125 0.3203125 0.5322265625 0.3307291666666667 0.5234375 0.3606770833333333 0.5224609375 0.3802083333333333 0.513671875 0.40625 0.5087890625 0.4348958333333333 0.50390625 0.4401041666666667 0.494140625 0.4388020833333333 0.474609375 0.4283854166666667 0.4560546875 0.4244791666666667 0.41015625 0.4205729166666667 0.40625 0.4127604166666667 0.4052734375 0.3958333333333333 0.3916015625 0.37109375 0.3828125 0.3346354166666667 0.3828125 0.31640625 0.3876953125 0.2994791666666667 0.396484375 0.2825520833333333 0.41015625 0.265625 0.4365234375 0.24739583333333334 0.4541015625 0.24609375 0.4794921875 0.23828125 0.486328125 0.24088541666666666
0 0.4365234375 0.42578125 0.47265625 0.4322916666666667 0.484375 0.4375 0.5 0.4479166666666667 0.50390625 0.453125 0.5126953125 0.4752604166666667 0.533203125 0.5026041666666666 0.5400390625 0.515625 0.548828125 0.5520833333333334 0.5546875 0.5677083333333334 0.5576171875 0.5963541666666666 0.5576171875 0.6302083333333334 0.5556640625 0.6510416666666666 0.548828125 0.6770833333333334 0.537109375 0.7005208333333334 0.529296875 0.7096354166666666 0.5234375 0.7096354166666666 0.51953125 0.7057291666666666 0.5146484375 0.7083333333333334 0.5185546875 0.7200520833333334 0.5166015625 0.7278645833333334 0.51171875 0.734375 0.4970703125 0.7473958333333334 0.4658203125 0.7669270833333334 0.453125 0.7721354166666666 0.4326171875 0.7747395833333334 0.4013671875 0.7721354166666666 0.375 0.76171875 0.3583984375 0.75 0.341796875 0.7291666666666666 0.32421875 0.71484375 0.3173828125 0.7122395833333334 0.3134765625 0.70703125 0.3076171875 0.6979166666666666 0.3017578125 0.6809895833333334 0.3046875 0.66796875 0.3046875 0.6419270833333334 0.294921875 0.625 0.2919921875 0.6158854166666666 0.2900390625 0.578125 0.2919921875 0.5442708333333334 0.2978515625 0.5182291666666666 0.3095703125 0.48828125 0.326171875 0.4661458333333333 0.3759765625 0.4361979166666667 0.40234375 0.4322916666666667 0.4248046875 0.42578125 0.435546875 0.42578125
0 0.751953125 0.4466145833333333 0.7705078125 0.4518229166666667 0.7802734375 0.4596354166666667 0.8056640625 0.4947916666666667 0.814453125 0.5182291666666666 0.822265625 0.5520833333333334 0.826171875 0.5872395833333334 0.810546875 0.62890625 0.7861328125 0.67578125 0.7763671875 0.6848958333333334 0.75390625 0.6888020833333334 0.740234375 0.6979166666666666 0.7333984375 0.6953125 0.7138671875 0.6549479166666666 0.7021484375 0.64453125 0.671875 0.62890625 0.6669921875 0.6236979166666666 0.6611328125 0.6015625 0.6572265625 0.5598958333333334 0.6630859375 0.5494791666666666 0.6650390625 0.5247395833333334 0.6708984375 0.5026041666666666 0.689453125 0.4713541666666667 0.7021484375 0.4596354166666667 0.716796875 0.4518229166666667 0.734375 0.4466145833333333 0.7509765625 0.4466145833333333
0 0.666015625 0.6315104166666666 0.69140625 0.6419270833333334 0.708984375 0.6549479166666666 0.7216796875 0.6783854166666666 0.732421875 0.7109375 0.7373046875 0.71875 0.75390625 0.6953125 0.76171875 0.69140625 0.7646484375 0.6927083333333334 0.7724609375 0.71484375 0.7734375 0.7278645833333334 0.77734375 0.7395833333333334 0.7822265625 0.74609375 0.7919921875 0.7513020833333334 0.7939453125 0.7578125 0.7861328125 0.7708333333333334 0.7861328125 0.7825520833333334 0.7900390625 0.79296875 0.7890625 0.80078125 0.7861328125 0.8046875 0.779296875 0.8072916666666666 0.7744140625 0.8138020833333334 0.77734375 0.8229166666666666 0.775390625 0.8307291666666666 0.7451171875 0.8502604166666666 0.7451171875 0.8736979166666666 0.740234375 0.8932291666666666 0.7314453125 0.8997395833333334 0.7255859375 0.8997395833333334 0.7060546875 0.87890625 0.69921875 0.8684895833333334 0.6728515625 0.8919270833333334 0.6591796875 0.8984375 0.6435546875 0.9010416666666666 0.6171875 0.9010416666666666 0.59375 0.89453125 0.580078125 0.88671875 0.5673828125 0.875 0.541015625 0.8372395833333334 0.5322265625 0.80078125 0.53125 0.76953125 0.5390625 0.7252604166666666 0.5595703125 0.68359375 0.5771484375 0.66015625 0.591796875 0.6471354166666666 0.623046875 0.62890625 0.6572265625 0.62890625 0.6650390625 0.6315104166666666
0 0.326171875 0.7213541666666666 0.341796875 0.734375 0.3583984375 0.75390625 0.392578125 0.7734375 0.4296875 0.78125 0.4619140625 0.7708333333333334 0.4697265625 0.7721354166666666 0.474609375 0.7890625 0.4736328125 0.7994791666666666 0.45703125 0.8268229166666666 0.44921875 0.8463541666666666 0.435546875 0.8697916666666666 0.4287109375 0.87890625 0.4169921875 0.8828125 0.3896484375 0.8828125 0.3720703125 0.8763020833333334 0.3515625 0.8619791666666666 0.33984375 0.8463541666666666 0.3291015625 0.8372395833333334 0.32421875 0.828125 0.322265625 0.81640625 0.3134765625 0.79296875 0.3095703125 0.77734375 0.3095703125 0.76953125 0.3017578125 0.7421875 0.3037109375 0.7330729166666666 0.3115234375 0.7213541666666666 0.3251953125 0.7213541666666666
0 0.2509765625 0.5013020833333334 0.279296875 0.5182291666666666 0.2861328125 0.5247395833333334 0.2900390625 0.5325520833333334 0.2861328125 0.56640625 0.2861328125 0.61328125 0.287109375 0.6197916666666666 0.2978515625 0.640625 0.298828125 0.6471354166666666 0.2939453125 0.6731770833333334 0.2939453125 0.6888020833333334 0.275390625 0.7135416666666666 0.263671875 0.7213541666666666 0.2392578125 0.7317708333333334 0.2119140625 0.7317708333333334 0.2041015625 0.7291666666666666 0.177734375 0.7135416666666666 0.1591796875 0.69140625 0.1513671875 0.6705729166666666 0.15234375 0.6067708333333334 0.1630859375 0.56640625 0.17578125 0.5364583333333334 0.189453125 0.5169270833333334 0.203125 0.5078125 0.216796875 0.5026041666666666 0.23046875 0.5 0.25 0.5013020833333334
0 0.60546875 0.2643229166666667 0.619140625 0.2747395833333333 0.6337890625 0.29296875 0.640625 0.3046875 0.65234375 0.3359375 0.6728515625 0.3606770833333333 0.6748046875 0.3671875 0.6748046875 0.3815104166666667 0.6787109375 0.3932291666666667 0.6787109375 0.4114583333333333 0.6728515625 0.4244791666666667 0.6708984375 0.4830729166666667 0.66796875 0.5026041666666666 0.6640625 0.5143229166666666 0.6435546875 0.55078125 0.6318359375 0.5598958333333334 0.6123046875 0.5677083333333334 0.59765625 0.5677083333333334 0.583984375 0.5638020833333334 0.5634765625 0.5494791666666666 0.5458984375 0.5221354166666666 0.5390625 0.5052083333333334 0.533203125 0.4895833333333333 0.5302734375 0.4765625 0.5302734375 0.4661458333333333 0.52734375 0.4583333333333333 0.513671875 0.44140625 0.515625 0.4127604166666667 0.5234375 0.390625 0.529296875 0.3515625 0.541015625 0.31640625 0.5537109375 0.2942708333333333 0.5576171875 0.2760416666666667 0.572265625 0.2643229166666667 0.6044921875 0.2643229166666667
0 0.3046875 0.09505208333333333 0.314453125 0.09895833333333333 0.3388671875 0.12369791666666667 0.369140625 0.18359375 0.3720703125 0.19401041666666666 0.3720703125 0.21354166666666666 0.3671875 0.234375 0.3662109375 0.2526041666666667 0.3544921875 0.2721354166666667 0.345703125 0.2786458333333333 0.28515625 0.2708333333333333 0.267578125 0.2708333333333333 0.244140625 0.2825520833333333 0.2333984375 0.2721354166666667 0.2265625 0.2591145833333333 0.2216796875 0.24609375 0.2177734375 0.2265625 0.21484375 0.19140625 0.2236328125 0.15234375 0.2373046875 0.12760416666666666 0.2529296875 0.11067708333333333 0.275390625 0.09765625 0.2919921875 0.09375 0.3037109375 0.09505208333333333
0 0.666015625 0.13671875 0.6865234375 0.14583333333333334 0.7109375 0.17057291666666666 0.7265625 0.20052083333333334 0.7333984375 0.23958333333333334 0.73046875 0.26953125 0.7177734375 0.3059895833333333 0.6943359375 0.3424479166666667 0.6806640625 0.3528645833333333 0.671875 0.3515625 0.6650390625 0.3385416666666667 0.658203125 0.33203125 0.6552734375 0.3203125 0.6474609375 0.3111979166666667 0.638671875 0.29296875 0.6123046875 0.2630208333333333 0.5947265625 0.2565104166666667 0.57421875 0.2552083333333333 0.564453125 0.23828125 0.564453125 0.23046875 0.5693359375 0.21744791666666666 0.5751953125 0.20963541666666666 0.5791015625 0.20963541666666666 0.583984375 0.21484375 0.5869140625 0.21354166666666666 0.6005859375 0.18359375 0.6181640625 0.15885416666666666 0.638671875 0.14192708333333334 0.6650390625 0.13671875
0 0.46484375 0.0234375 0.4765625 0.03125 0.4833984375 0.041666666666666664 0.498046875 0.048177083333333336 0.51171875 0.05859375 0.5205078125 0.061197916666666664 0.5390625 0.07682291666666667 0.5498046875 0.09375 0.556640625 0.11328125 0.5595703125 0.171875 0.5595703125 0.18359375 0.556640625 0.19661458333333334 0.5361328125 0.22916666666666666 0.51953125 0.2421875 0.5048828125 0.24869791666666666 0.498046875 0.24739583333333334 0.484375 0.23307291666666666 0.470703125 0.234375 0.4521484375 0.24088541666666666 0.4365234375 0.24088541666666666 0.4228515625 0.24869791666666666 0.4140625 0.24739583333333334 0.3935546875 0.22786458333333334 0.3779296875 0.20703125 0.3740234375 0.18489583333333334 0.361328125 0.15755208333333334 0.365234375 0.125 0.37109375 0.10677083333333333 0.3779296875 0.09375 0.3994140625 0.0703125 0.421875 0.055989583333333336 0.4423828125 0.037760416666666664 0.44921875 0.024739583333333332 0.455078125 0.020833333333333332 0.4638671875 0.0234375
0 0.31640625 0.2799479166666667 0.3349609375 0.2825520833333333 0.34765625 0.2877604166666667 0.3544921875 0.30078125 0.37109375 0.3203125 0.376953125 0.3294270833333333 0.3828125 0.3463541666666667 0.38671875 0.3697916666666667 0.38671875 0.3815104166666667 0.3798828125 0.4270833333333333 0.375 0.4322916666666667 0.3271484375 0.4596354166666667 0.3115234375 0.4778645833333333 0.296875 0.5078125 0.29296875 0.51171875 0.27734375 0.5104166666666666 0.265625 0.5026041666666666 0.240234375 0.4934895833333333 0.2197265625 0.4700520833333333 0.205078125 0.4388020833333333 0.201171875 0.4166666666666667 0.2021484375 0.3932291666666667 0.1982421875 0.3854166666666667 0.1982421875 0.3802083333333333 0.2119140625 0.3450520833333333 0.228515625 0.3307291666666667 0.2353515625 0.3216145833333333 0.2373046875 0.3098958333333333 0.251953125 0.28515625 0.2705078125 0.2760416666666667 0.3154296875 0.2799479166666667