0 0.5341796875 0.18098958333333334 0.546875 0.19140625 0.5576171875 0.20833333333333334 0.5634765625 0.22395833333333334 0.5654296875 0.23828125 0.548828125 0.2630208333333333 0.541015625 0.2799479166666667 0.533203125 0.30859375 0.5302734375 0.3424479166666667 0.51953125 0.3515625 0.5078125 0.3567708333333333 0.486328125 0.35546875 0.4755859375 0.3489583333333333 0.466796875 0.3372395833333333 0.4658203125 0.3216145833333333 0.4619140625 0.3033854166666667 0.4541015625 0.28125 0.4521484375 0.22916666666666666 0.45703125 0.21875 0.462890625 0.21354166666666666 0.4736328125 0.2109375 0.484375 0.19661458333333334 0.4970703125 0.1875 0.5185546875 0.17838541666666666 0.533203125 0.18098958333333334
0 0.40625 0.24348958333333334 0.4208984375 0.25 0.4345703125 0.2604166666666667 0.4541015625 0.2890625 0.4609375 0.3098958333333333 0.4638671875 0.3528645833333333 0.4599609375 0.37890625 0.45703125 0.3828125 0.4443359375 0.38671875 0.431640625 0.3971354166666667 0.4150390625 0.41796875 0.408203125 0.4309895833333333 0.400390625 0.4388020833333333 0.3759765625 0.4388020833333333 0.361328125 0.4088541666666667 0.3486328125 0.3919270833333333 0.33203125 0.375 0.3193359375 0.3671875 0.31640625 0.3580729166666667 0.3154296875 0.3216145833333333 0.3173828125 0.3138020833333333 0.3203125 0.3125 0.33203125 0.2955729166666667 0.3330078125 0.2747395833333333 0.3427734375 0.2578125 0.3505859375 0.2526041666666667 0.3623046875 0.2513020833333333 0.3779296875 0.2421875 0.3916015625 0.24088541666666666 0.4052734375 0.24348958333333334
0 0.376953125 0.14192708333333334 0.396484375 0.1484375 0.4169921875 0.16666666666666666 0.431640625 0.21744791666666666 0.4326171875 0.23958333333333334 0.4306640625 0.24739583333333334 0.4248046875 0.25 0.4072265625 0.24088541666666666 0.3828125 0.23828125 0.365234375 0.24479166666666666 0.361328125 0.24869791666666666 0.3515625 0.24869791666666666 0.3447265625 0.2526041666666667 0.3310546875 0.2734375 0.32421875 0.265625 0.31640625 0.24479166666666666 0.3134765625 0.23046875 0.3134765625 0.21354166666666666 0.3173828125 0.19791666666666666 0.333984375 0.16536458333333334 0.3447265625 0.14973958333333334 0.35546875 0.14322916666666666 0.3759765625 0.14192708333333334
0 0.6767578125 0.4296875 0.6904296875 0.4348958333333333 0.70703125 0.4479166666666667 0.7099609375 0.453125 0.7099609375 0.4583333333333333 0.7216796875 0.4752604166666667 0.7314453125 0.4986979166666667 0.7412109375 0.5325520833333334 0.7421875 0.5611979166666666 0.736328125 0.5963541666666666 0.7216796875 0.62890625 0.7001953125 0.6575520833333334 0.689453125 0.66796875 0.673828125 0.6783854166666666 0.650390625 0.6875 0.615234375 0.6875 0.5966796875 0.6809895833333334 0.583984375 0.6861979166666666 0.576171875 0.6822916666666666 0.5703125 0.6458333333333334 0.556640625 0.62109375 0.556640625 0.5963541666666666 0.5458984375 0.5703125 0.5458984375 0.56640625 0.5400390625 0.5559895833333334 0.546875 0.5403645833333334 0.5458984375 0.53125 0.5498046875 0.5234375 0.5498046875 0.49609375 0.552734375 0.484375 0.572265625 0.4583333333333333 0.60546875 0.4375 0.6220703125 0.4309895833333333 0.662109375 0.4322916666666667 0.67578125 0.4296875
0 0.498046875 0.6171875 0.5302734375 0.6315104166666666 0.5517578125 0.6549479166666666 0.55859375 0.66015625 0.5625 0.66015625 0.5654296875 0.6640625 0.5654296875 0.6692708333333334 0.560546875 0.6796875 0.564453125 0.71484375 0.5634765625 0.7578125 0.5576171875 0.7734375 0.5400390625 0.8059895833333334 0.5302734375 0.8138020833333334 0.5146484375 0.8203125 0.5009765625 0.8203125 0.482421875 0.8138020833333334 0.4423828125 0.77734375 0.431640625 0.7630208333333334 0.4296875 0.7421875 0.4267578125 0.7317708333333334 0.427734375 0.72265625 0.4306640625 0.7174479166666666 0.43359375 0.6809895833333334 0.4453125 0.6484375 0.462890625 0.62890625 0.4794921875 0.6184895833333334 0.4970703125 0.6171875
0 0.328125 0.3776041666666667 0.3515625 0.3997395833333333 0.361328125 0.4140625 0.373046875 0.4440104166666667 0.3798828125 0.48828125 0.3857421875 0.5078125 0.4013671875 0.5208333333333334 0.40234375 0.53125 0.396484375 0.5481770833333334 0.390625 0.55078125 0.3828125 0.55078125 0.373046875 0.5546875 0.3583984375 0.5546875 0.3427734375 0.546875 0.3212890625 0.54296875 0.3017578125 0.55078125 0.283203125 0.5677083333333334 0.2744140625 0.56640625 0.2607421875 0.55859375 0.244140625 0.5455729166666666 0.2373046875 0.53515625 0.220703125 0.4674479166666667 0.2119140625 0.4427083333333333 0.2099609375 0.41796875 0.21875 0.3932291666666667 0.228515625 0.3854166666666667 0.24609375 0.3841145833333333 0.255859375 0.3880208333333333 0.265625 0.3880208333333333 0.3046875 0.3723958333333333 0.3173828125 0.3723958333333333 0.3271484375 0.3776041666666667
0 0.6318359375 0.21614583333333334 0.6435546875 0.22005208333333334 0.658203125 0.23046875 0.689453125 0.2565104166666667 0.69921875 0.26953125 0.70703125 0.28515625 0.71484375 0.3098958333333333 0.7177734375 0.3411458333333333 0.71484375 0.3697916666666667 0.703125 0.40625 0.6884765625 0.4283854166666667 0.6748046875 0.4244791666666667 0.662109375 0.4270833333333333 0.6220703125 0.42578125 0.5849609375 0.4361979166666667 0.5810546875 0.4322916666666667 0.5703125 0.4283854166666667 0.556640625 0.4140625 0.546875 0.3958333333333333 0.537109375 0.37109375 0.53515625 0.3580729166666667 0.5361328125 0.3046875 0.548828125 0.2682291666666667 0.5771484375 0.23307291666666666 0.5986328125 0.21875 0.630859375 0.21614583333333334
0 0.658203125 0.049479166666666664 0.6689453125 0.0546875 0.6728515625 0.061197916666666664 0.6796875 0.06380208333333333 0.7041015625 0.08203125 0.7060546875 0.08203125 0.7216796875 0.059895833333333336 0.7255859375 0.059895833333333336 0.7314453125 0.0703125 0.7392578125 0.07161458333333333 0.744140625 0.06901041666666667 0.755859375 0.053385416666666664 0.765625 0.059895833333333336 0.7685546875 0.048177083333333336 0.771484375 0.045572916666666664 0.775390625 0.049479166666666664 0.7802734375 0.06380208333333333 0.7822265625 0.10026041666666667 0.7802734375 0.11197916666666667 0.7724609375 0.13411458333333334 0.767578125 0.140625 0.734375 0.16796875 0.7109375 0.171875 0.689453125 0.19921875 0.67578125 0.21223958333333334 0.673828125 0.21875 0.6748046875 0.22395833333333334 0.671875 0.23177083333333334 0.6640625 0.23046875 0.6474609375 0.21744791666666666 0.630859375 0.2109375 0.6005859375 0.21354166666666666 0.58984375 0.21744791666666666 0.57421875 0.23046875 0.5693359375 0.23046875 0.5595703125 0.20442708333333334 0.5390625 0.17578125 0.5380859375 0.16927083333333334 0.5390625 0.14713541666666666 0.556640625 0.11588541666666667 0.5703125 0.1015625 0.59765625 0.07682291666666667 0.6259765625 0.05859375 0.6298828125 0.05859375 0.640625 0.049479166666666664 0.6572265625 0.049479166666666664
0 0.51171875 0.3893229166666667 0.5185546875 0.3958333333333333 0.529296875 0.3984375 0.53125 0.4010416666666667 0.53515625 0.4127604166666667 0.54296875 0.41796875 0.54296875 0.4348958333333333 0.544921875 0.44140625 0.5537109375 0.4479166666666667 0.552734375 0.4674479166666667 0.5439453125 0.4973958333333333 0.5439453125 0.5234375 0.5390625 0.53125 0.5400390625 0.5442708333333334 0.5302734375 0.5625 0.521484375 0.5625 0.498046875 0.5794270833333334 0.4677734375 0.5859375 0.44921875 0.5807291666666666 0.41796875 0.55078125 0.4150390625 0.5403645833333334 0.408203125 0.5286458333333334 0.4072265625 0.51171875 0.40234375 0.4947916666666667 0.4013671875 0.4661458333333333 0.4033203125 0.4505208333333333 0.4130859375 0.4270833333333333 0.4208984375 0.4140625 0.447265625 0.3893229166666667 0.462890625 0.3841145833333333 0.4990234375 0.3841145833333333 0.5107421875 0.3893229166666667
0 0.4423828125 0.07161458333333333 0.4580078125 0.07161458333333333 0.4658203125 0.08203125 0.482421875 0.07942708333333333 0.5 0.08072916666666667 0.509765625 0.08463541666666667 0.515625 0.08984375 0.525390625 0.10546875 0.5341796875 0.13932291666666666 0.5341796875 0.16796875 0.53125 0.17578125 0.51171875 0.17708333333333334 0.490234375 0.18880208333333334 0.4736328125 0.20572916666666666 0.4580078125 0.21354166666666666 0.451171875 0.22265625 0.44921875 0.23046875 0.443359375 0.22916666666666666 0.4345703125 0.21744791666666666 0.421875 0.17317708333333334 0.421875 0.15625 0.4248046875 0.14322916666666666 0.431640625 0.12760416666666666 0.431640625 0.11458333333333333 0.4384765625 0.10677083333333333 0.4423828125 0.09505208333333333 0.4423828125 0.07291666666666667
0 0.326171875 0.546875 0.34765625 0.5533854166666666 0.375 0.57421875 0.3876953125 0.5950520833333334 0.3974609375 0.62890625 0.3955078125 0.6653645833333334 0.388671875 0.7005208333333334 0.384765625 0.7109375 0.376953125 0.7239583333333334 0.3564453125 0.7408854166666666 0.3427734375 0.7486979166666666 0.3271484375 0.7526041666666666 0.298828125 0.75 0.2822265625 0.7421875 0.2744140625 0.7356770833333334 0.25390625 0.7057291666666666 0.24609375 0.6796875 0.248046875 0.6484375 0.2509765625 0.6328125 0.2587890625 0.6119791666666666 0.2705078125 0.58984375 0.27734375 0.5794270833333334 0.2998046875 0.5559895833333334 0.3056640625 0.5520833333333334 0.3251953125 0.546875