0 0.4423828125 0.4583333333333333 0.447265625 0.4596354166666667 0.4736328125 0.4466145833333333 0.4755859375 0.44921875 0.474609375 0.4557291666666667 0.4794921875 0.4635416666666667 0.48828125 0.4700520833333333 0.4951171875 0.4817708333333333 0.4990234375 0.48046875 0.501953125 0.4830729166666667 0.513671875 0.5286458333333334 0.513671875 0.5638020833333334 0.509765625 0.57421875 0.5078125 0.5911458333333334 0.4990234375 0.609375 0.4833984375 0.62109375 0.47265625 0.6236979166666666 0.451171875 0.63671875 0.439453125 0.6393229166666666 0.4296875 0.6380208333333334 0.4228515625 0.6341145833333334 0.4130859375 0.6119791666666666 0.4033203125 0.5963541666666666 0.3994140625 0.5846354166666666 0.38671875 0.5703125 0.3828125 0.5338541666666666 0.38671875 0.50390625 0.3916015625 0.4908854166666667 0.400390625 0.4765625 0.419921875 0.4596354166666667 0.44140625 0.4583333333333333
0 0.7451171875 0.421875 0.7578125 0.4244791666666667 0.7666015625 0.4296875 0.794921875 0.4557291666666667 0.8173828125 0.4817708333333333 0.8466796875 0.5260416666666666 0.8564453125 0.5481770833333334 0.8603515625 0.5638020833333334 0.8623046875 0.6002604166666666 0.8515625 0.6315104166666666 0.8388671875 0.6549479166666666 0.826171875 0.6705729166666666 0.81640625 0.67578125 0.775390625 0.6822916666666666 0.7490234375 0.6783854166666666 0.7197265625 0.6588541666666666 0.7099609375 0.64453125 0.6943359375 0.6276041666666666 0.6650390625 0.5807291666666666 0.6591796875 0.5520833333333334 0.65625 0.4908854166666667 0.66015625 0.47265625 0.69140625 0.4375 0.7197265625 0.4231770833333333 0.744140625 0.421875
0 0.4892578125 0.73046875 0.5087890625 0.7330729166666666 0.5263671875 0.7395833333333334 0.541015625 0.7526041666666666 0.55078125 0.765625 0.5576171875 0.7786458333333334 0.564453125 0.7994791666666666 0.5693359375 0.8268229166666666 0.5693359375 0.83984375 0.57421875 0.8515625 0.57421875 0.8671875 0.5693359375 0.8828125 0.5693359375 0.8932291666666666 0.5732421875 0.9140625 0.5703125 0.9231770833333334 0.568359375 0.94140625 0.5634765625 0.9518229166666666 0.5498046875 0.95703125 0.544921875 0.9505208333333334 0.5390625 0.9505208333333334 0.5185546875 0.9791666666666666 0.484375 0.9934895833333334 0.4638671875 0.9934895833333334 0.4423828125 0.98828125 0.4306640625 0.98046875 0.4111328125 0.9609375 0.4033203125 0.94921875 0.392578125 0.9231770833333334 0.388671875 0.89453125 0.388671875 0.8736979166666666 0.3984375 0.8138020833333334 0.419921875 0.7708333333333334 0.4345703125 0.75390625 0.4599609375 0.7369791666666666 0.47265625 0.7317708333333334 0.48828125 0.73046875
0 0.3427734375 0.5625 0.35546875 0.5625 0.3720703125 0.56640625 0.3896484375 0.578125 0.3974609375 0.5872395833333334 0.3994140625 0.5950520833333334 0.4111328125 0.6145833333333334 0.41796875 0.63671875 0.419921875 0.6484375 0.4189453125 0.6822916666666666 0.41015625 0.7096354166666666 0.4033203125 0.72265625 0.396484375 0.7330729166666666 0.3798828125 0.75 0.3603515625 0.7591145833333334 0.33984375 0.7565104166666666 0.3046875 0.7630208333333334 0.283203125 0.7565104166666666 0.2802734375 0.7513020833333334 0.2763671875 0.7330729166666666 0.2685546875 0.71875 0.263671875 0.7005208333333334 0.2607421875 0.67578125 0.26171875 0.6302083333333334 0.2685546875 0.6067708333333334 0.275390625 0.5950520833333334 0.2978515625 0.5729166666666666 0.3134765625 0.5651041666666666 0.341796875 0.5625
0 0.2431640625 0.32421875 0.2802734375 0.3268229166666667 0.2998046875 0.33203125 0.3193359375 0.3489583333333333 0.3271484375 0.359375 0.345703125 0.4075520833333333 0.3525390625 0.4322916666666667 0.353515625 0.4427083333333333 0.3525390625 0.4895833333333333 0.349609375 0.5065104166666666 0.345703125 0.515625 0.318359375 0.5572916666666666 0.2822265625 0.58203125 0.2607421875 0.5885416666666666 0.2333984375 0.58984375 0.2138671875 0.5846354166666666 0.1923828125 0.57421875 0.18359375 0.5794270833333334 0.1796875 0.5768229166666666 0.177734375 0.5716145833333334 0.1748046875 0.5494791666666666 0.169921875 0.5390625 0.16796875 0.5377604166666666 0.1533203125 0.54296875 0.1455078125 0.5416666666666666 0.142578125 0.5364583333333334 0.1396484375 0.515625 0.1396484375 0.5078125 0.1474609375 0.5013020833333334 0.142578125 0.48046875 0.142578125 0.46484375 0.1494140625 0.453125 0.15234375 0.4427083333333333 0.1591796875 0.40234375 0.1630859375 0.390625 0.16796875 0.3815104166666667 0.19140625 0.3528645833333333 0.236328125 0.3333333333333333 0.2431640625 0.3255208333333333
0 0.58984375 0.3723958333333333 0.607421875 0.3828125 0.6259765625 0.40625 0.638671875 0.4361979166666667 0.642578125 0.4713541666666667 0.6416015625 0.48828125 0.63671875 0.5065104166666666 0.630859375 0.5221354166666666 0.6240234375 0.5325520833333334 0.60546875 0.5520833333333334 0.5791015625 0.5638020833333334 0.5615234375 0.5638020833333334 0.548828125 0.5598958333333334 0.5361328125 0.5533854166666666 0.5185546875 0.5377604166666666 0.5146484375 0.5143229166666666 0.5068359375 0.4869791666666667 0.494140625 0.4557291666666667 0.494140625 0.4361979166666667 0.49609375 0.4270833333333333 0.50390625 0.41015625 0.515625 0.3919270833333333 0.5283203125 0.37890625 0.541015625 0.37109375 0.560546875 0.3671875 0.578125 0.3684895833333333 0.5888671875 0.3723958333333333
0 0.845703125 0.6783854166666666 0.88671875 0.6861979166666666 0.9033203125 0.6953125 0.921875 0.7200520833333334 0.931640625 0.7395833333333334 0.939453125 0.7630208333333334 0.9384765625 0.76953125 0.9287109375 0.7786458333333334 0.9208984375 0.82421875 0.9091796875 0.8411458333333334 0.908203125 0.8450520833333334 0.9111328125 0.8515625 0.9111328125 0.859375 0.904296875 0.8658854166666666 0.8896484375 0.8684895833333334 0.8544921875 0.8606770833333334 0.8349609375 0.84375 0.822265625 0.828125 0.814453125 0.82421875 0.80859375 0.81640625 0.798828125 0.7916666666666666 0.7890625 0.7734375 0.7880859375 0.7630208333333334 0.78125 0.7447916666666666 0.78515625 0.7239583333333334 0.7841796875 0.71484375 0.7763671875 0.70703125 0.7548828125 0.7057291666666666 0.748046875 0.69140625 0.748046875 0.6848958333333334 0.7763671875 0.6875 0.8232421875 0.6770833333333334 0.8447265625 0.6783854166666666
0 0.3017578125 0.18098958333333334 0.3203125 0.19140625 0.326171875 0.19791666666666666 0.33203125 0.19791666666666666 0.3388671875 0.203125 0.3447265625 0.21614583333333334 0.345703125 0.22786458333333334 0.35546875 0.2552083333333333 0.35546875 0.2734375 0.34765625 0.296875 0.3466796875 0.328125 0.337890625 0.3411458333333333 0.328125 0.3489583333333333 0.314453125 0.3411458333333333 0.2900390625 0.31640625 0.275390625 0.3098958333333333 0.271484375 0.3138020833333333 0.2734375 0.31640625 0.2724609375 0.3190104166666667 0.2685546875 0.31640625 0.265625 0.3190104166666667 0.2431640625 0.3177083333333333 0.232421875 0.3307291666666667 0.21875 0.3346354166666667 0.208984375 0.3216145833333333 0.19921875 0.2916666666666667 0.1982421875 0.265625 0.201171875 0.24739583333333334 0.2119140625 0.21875 0.2294921875 0.19661458333333334 0.2353515625 0.19270833333333334 0.24609375 0.19140625 0.267578125 0.18359375 0.29296875 0.1796875 0.30078125 0.18098958333333334
0 0.6611328125 0.24348958333333334 0.666015625 0.24609375 0.6806640625 0.2669270833333333 0.693359375 0.2747395833333333 0.69921875 0.2825520833333333 0.7099609375 0.2903645833333333 0.7255859375 0.3098958333333333 0.732421875 0.3255208333333333 0.7353515625 0.3515625 0.7314453125 0.3763020833333333 0.7197265625 0.40625 0.7099609375 0.421875 0.703125 0.4283854166666667 0.6923828125 0.4322916666666667 0.681640625 0.4401041666666667 0.65625 0.4700520833333333 0.650390625 0.46875 0.642578125 0.4388020833333333 0.62890625 0.40625 0.615234375 0.38671875 0.591796875 0.3671875 0.5888671875 0.3489583333333333 0.6015625 0.3190104166666667 0.626953125 0.28515625 0.630859375 0.26953125 0.640625 0.24869791666666666 0.6455078125 0.24348958333333334 0.66015625 0.24348958333333334
0 0.5986328125 0.5703125 0.6201171875 0.5794270833333334 0.6416015625 0.5950520833333334 0.6650390625 0.62890625 0.66796875 0.6315104166666666 0.673828125 0.62890625 0.67578125 0.6315104166666666 0.6796875 0.6471354166666666 0.677734375 0.6731770833333334 0.6826171875 0.6953125 0.6826171875 0.7122395833333334 0.6767578125 0.7513020833333334 0.66796875 0.7643229166666666 0.662109375 0.7799479166666666 0.6494140625 0.7942708333333334 0.6376953125 0.8033854166666666 0.623046875 0.8072916666666666 0.591796875 0.8046875 0.5673828125 0.7916666666666666 0.5537109375 0.7643229166666666 0.5439453125 0.7513020833333334 0.525390625 0.7330729166666666 0.5244140625 0.7174479166666666 0.5205078125 0.703125 0.51953125 0.67578125 0.517578125 0.66796875 0.51953125 0.62890625 0.5166015625 0.6015625 0.5185546875 0.58984375 0.533203125 0.5963541666666666 0.546875 0.5885416666666666 0.548828125 0.5846354166666666 0.556640625 0.5859375 0.587890625 0.5690104166666666 0.59765625 0.5703125
0 0.458984375 0.18098958333333334 0.48046875 0.19010416666666666 0.4931640625 0.19921875 0.5068359375 0.2109375 0.5224609375 0.23307291666666666 0.5302734375 0.24739583333333334 0.5302734375 0.2526041666666667 0.5400390625 0.2799479166666667 0.54296875 0.3229166666666667 0.541015625 0.3411458333333333 0.533203125 0.3684895833333333 0.517578125 0.3841145833333333 0.4990234375 0.41015625 0.4931640625 0.421875 0.4833984375 0.4270833333333333 0.4580078125 0.4309895833333333 0.44921875 0.4401041666666667 0.4267578125 0.4388020833333333 0.40625 0.4322916666666667 0.3896484375 0.4205729166666667 0.37109375 0.3997395833333333 0.353515625 0.3567708333333333 0.3505859375 0.30078125 0.3662109375 0.25 0.384765625 0.22135416666666666 0.396484375 0.20963541666666666 0.4052734375 0.2109375 0.4228515625 0.19921875 0.4326171875 0.19661458333333334 0.4423828125 0.1796875 0.4501953125 0.17838541666666666 0.4580078125 0.18098958333333334
0 0.5625 0.17447916666666666 0.5830078125 0.1875 0.595703125 0.20703125 0.5986328125 0.21875 0.6025390625 0.2643229166666667 0.599609375 0.2864583333333333 0.595703125 0.2981770833333333 0.587890625 0.3111979166666667 0.57421875 0.328125 0.55078125 0.3424479166666667 0.546875 0.3424479166666667 0.5439453125 0.3385416666666667 0.544921875 0.3072916666666667 0.54296875 0.2864583333333333 0.53125 0.24348958333333334 0.5048828125 0.20442708333333334 0.5048828125 0.20182291666666666 0.517578125 0.18619791666666666 0.53125 0.17708333333333334 0.5439453125 0.17317708333333334 0.5615234375 0.17447916666666666