0 0.1611328125 0.26953125 0.1748046875 0.2786458333333333 0.1875 0.296875 0.1982421875 0.3046875 0.203125 0.3125 0.2041015625 0.3203125 0.197265625 0.3372395833333333 0.193359375 0.3567708333333333 0.1943359375 0.4010416666666667 0.1875 0.4244791666666667 0.1767578125 0.4388020833333333 0.1708984375 0.4427083333333333 0.142578125 0.44921875 0.1181640625 0.4453125 0.10546875 0.4401041666666667 0.0888671875 0.4283854166666667 0.0771484375 0.4283854166666667 0.07421875 0.421875 0.0712890625 0.4036458333333333 0.0615234375 0.3776041666666667 0.0595703125 0.3671875 0.0595703125 0.34375 0.0625 0.328125 0.0712890625 0.3033854166666667 0.0849609375 0.28515625 0.1064453125 0.2721354166666667 0.1220703125 0.2669270833333333 0.1484375 0.2643229166666667 0.16015625 0.26953125
0 0.2861328125 0.2825520833333333 0.3046875 0.2890625 0.3251953125 0.3020833333333333 0.3310546875 0.3098958333333333 0.318359375 0.3567708333333333 0.3154296875 0.38671875 0.3173828125 0.4283854166666667 0.3251953125 0.4518229166666667 0.3251953125 0.45703125 0.3203125 0.4635416666666667 0.2958984375 0.4791666666666667 0.283203125 0.4791666666666667 0.2568359375 0.4739583333333333 0.240234375 0.4661458333333333 0.2236328125 0.453125 0.2119140625 0.4361979166666667 0.2021484375 0.4153645833333333 0.1962890625 0.3684895833333333 0.1962890625 0.35546875 0.201171875 0.3359375 0.2099609375 0.3125 0.220703125 0.296875 0.2333984375 0.2877604166666667 0.24609375 0.2838541666666667 0.259765625 0.2838541666666667 0.265625 0.28125 0.28515625 0.2825520833333333
0 0.3525390625 0.49609375 0.365234375 0.5130208333333334 0.3837890625 0.5286458333333334 0.4072265625 0.54296875 0.4326171875 0.5520833333333334 0.439453125 0.57421875 0.44140625 0.6002604166666666 0.439453125 0.61328125 0.40625 0.6640625 0.390625 0.7018229166666666 0.3779296875 0.7044270833333334 0.361328125 0.7122395833333334 0.3447265625 0.7265625 0.3271484375 0.72265625 0.3203125 0.7174479166666666 0.31640625 0.7018229166666666 0.310546875 0.69140625 0.3046875 0.6861979166666666 0.2900390625 0.6796875 0.27734375 0.6627604166666666 0.2685546875 0.6419270833333334 0.263671875 0.6197916666666666 0.2666015625 0.5950520833333334 0.2666015625 0.57421875 0.2646484375 0.56640625 0.2744140625 0.5286458333333334 0.287109375 0.5104166666666666 0.291015625 0.5078125 0.2998046875 0.5091145833333334 0.3056640625 0.50390625 0.326171875 0.49609375 0.34375 0.4921875 0.3515625 0.49609375
0 0.748046875 0.34765625 0.7548828125 0.3541666666666667 0.765625 0.3776041666666667 0.7841796875 0.4049479166666667 0.79296875 0.4244791666666667 0.798828125 0.4440104166666667 0.80078125 0.4596354166666667 0.80078125 0.4921875 0.7958984375 0.515625 0.787109375 0.5377604166666666 0.7744140625 0.5533854166666666 0.751953125 0.5638020833333334 0.736328125 0.57421875 0.7197265625 0.578125 0.7021484375 0.5872395833333334 0.681640625 0.5872395833333334 0.6748046875 0.5833333333333334 0.6640625 0.56640625 0.662109375 0.55859375 0.662109375 0.5416666666666666 0.646484375 0.5169270833333334 0.63671875 0.4895833333333333 0.6337890625 0.4596354166666667 0.634765625 0.4401041666666667 0.638671875 0.42578125 0.6484375 0.4114583333333333 0.6513671875 0.40234375 0.658203125 0.3932291666666667 0.658203125 0.3893229166666667 0.6650390625 0.3854166666666667 0.689453125 0.3802083333333333 0.7177734375 0.3658854166666667 0.7294921875 0.36328125 0.740234375 0.3515625 0.7470703125 0.3489583333333333
0 0.2578125 0.22786458333333334 0.283203125 0.23046875 0.2978515625 0.2786458333333333 0.29296875 0.28125 0.27734375 0.2786458333333333 0.2548828125 0.28125 0.2509765625 0.27734375 0.248046875 0.24348958333333334 0.2509765625 0.22916666666666666 0.2568359375 0.22786458333333334
0 0.2109375 0.4440104166666667 0.2333984375 0.46484375 0.26171875 0.484375 0.2666015625 0.4921875 0.26953125 0.5104166666666666 0.265625 0.55078125 0.2578125 0.5729166666666666 0.25 0.58203125 0.24609375 0.5950520833333334 0.23828125 0.6002604166666666 0.2294921875 0.6106770833333334 0.2275390625 0.6184895833333334 0.216796875 0.62890625 0.20703125 0.6341145833333334 0.1953125 0.6328125 0.193359375 0.6263020833333334 0.1767578125 0.6067708333333334 0.1572265625 0.5989583333333334 0.146484375 0.5911458333333334 0.1240234375 0.5598958333333334 0.1201171875 0.5455729166666666 0.119140625 0.5234375 0.123046875 0.5013020833333334 0.12890625 0.4869791666666667 0.140625 0.4700520833333333 0.154296875 0.45703125 0.1796875 0.4440104166666667 0.2099609375 0.4440104166666667
0 0.7109375 0.15364583333333334 0.7275390625 0.16015625 0.7412109375 0.16927083333333334 0.7529296875 0.18229166666666666 0.7626953125 0.19921875 0.7705078125 0.2265625 0.7705078125 0.2643229166666667 0.7666015625 0.28515625 0.76953125 0.2916666666666667 0.76953125 0.2994791666666667 0.767578125 0.30859375 0.759765625 0.3098958333333333 0.7548828125 0.31640625 0.7529296875 0.3346354166666667 0.75 0.3411458333333333 0.740234375 0.3463541666666667 0.7275390625 0.359375 0.712890625 0.36328125 0.681640625 0.3776041666666667 0.658203125 0.3776041666666667 0.6357421875 0.3671875 0.62109375 0.35546875 0.6103515625 0.3411458333333333 0.5986328125 0.3138020833333333 0.591796875 0.3190104166666667 0.587890625 0.3177083333333333 0.587890625 0.3125 0.5947265625 0.2942708333333333 0.5986328125 0.20963541666666666 0.6005859375 0.20703125 0.6025390625 0.18880208333333334 0.6171875 0.17578125 0.6787109375 0.15234375 0.7099609375 0.15364583333333334
0 0.306640625 0.07291666666666667 0.3154296875 0.08854166666666667 0.3095703125 0.1171875 0.3095703125 0.12630208333333334 0.318359375 0.13932291666666666 0.333984375 0.13151041666666666 0.337890625 0.1328125 0.33984375 0.13932291666666666 0.3388671875 0.15234375 0.341796875 0.17838541666666666 0.349609375 0.21354166666666666 0.35546875 0.22916666666666666 0.373046875 0.2513020833333333 0.3740234375 0.2591145833333333 0.36328125 0.2708333333333333 0.341796875 0.2838541666666667 0.3369140625 0.2890625 0.3349609375 0.2994791666666667 0.3310546875 0.30078125 0.31640625 0.2942708333333333 0.3017578125 0.2825520833333333 0.2939453125 0.2630208333333333 0.287109375 0.25390625 0.283203125 0.23958333333333334 0.283203125 0.22526041666666666 0.279296875 0.20572916666666666 0.2783203125 0.16796875 0.287109375 0.12369791666666667 0.2958984375 0.09505208333333333 0.3056640625 0.07421875
0 0.5078125 0.6106770833333334 0.51171875 0.6145833333333334 0.5146484375 0.6354166666666666 0.5205078125 0.6419270833333334 0.5419921875 0.6432291666666666 0.546875 0.6458333333333334 0.564453125 0.6432291666666666 0.5712890625 0.6497395833333334 0.58203125 0.66796875 0.587890625 0.6848958333333334 0.5908203125 0.7291666666666666 0.58203125 0.7604166666666666 0.5634765625 0.7903645833333334 0.5419921875 0.8111979166666666 0.5224609375 0.8190104166666666 0.5078125 0.83203125 0.5 0.8359375 0.494140625 0.8346354166666666 0.486328125 0.8268229166666666 0.462890625 0.828125 0.447265625 0.82421875 0.4189453125 0.8046875 0.40625 0.7890625 0.39453125 0.7630208333333334 0.390625 0.7239583333333334 0.3935546875 0.7057291666666666 0.400390625 0.69140625 0.40625 0.671875 0.423828125 0.6484375 0.4619140625 0.6145833333333334 0.4814453125 0.609375 0.5068359375 0.6106770833333334
0 0.4423828125 0.23697916666666666 0.4560546875 0.2421875 0.47265625 0.25390625 0.474609375 0.2591145833333333 0.4990234375 0.2877604166666667 0.5126953125 0.2955729166666667 0.5244140625 0.30859375 0.529296875 0.3190104166666667 0.5361328125 0.3450520833333333 0.5390625 0.4075520833333333 0.5341796875 0.4244791666666667 0.5283203125 0.4309895833333333 0.5166015625 0.46484375 0.4794921875 0.51953125 0.45703125 0.5364583333333334 0.431640625 0.5416666666666666 0.4248046875 0.5416666666666666 0.39453125 0.53125 0.380859375 0.5221354166666666 0.361328125 0.5026041666666666 0.333984375 0.4596354166666667 0.32421875 0.4401041666666667 0.3193359375 0.4205729166666667 0.318359375 0.390625 0.3203125 0.3645833333333333 0.3251953125 0.3411458333333333 0.3447265625 0.2890625 0.34765625 0.2890625 0.357421875 0.2799479166666667 0.3681640625 0.2786458333333333 0.3828125 0.2565104166666667 0.3974609375 0.24609375 0.4228515625 0.23697916666666666 0.44140625 0.23697916666666666
0 0.5751953125 0.46484375 0.6025390625 0.47265625 0.6201171875 0.4856770833333333 0.630859375 0.4986979166666667 0.6455078125 0.5286458333333334 0.6494140625 0.5533854166666666 0.6494140625 0.578125 0.640625 0.60546875 0.6279296875 0.6236979166666666 0.6181640625 0.6302083333333334 0.595703125 0.63671875 0.564453125 0.63671875 0.5537109375 0.6419270833333334 0.5419921875 0.640625 0.5322265625 0.6341145833333334 0.5234375 0.63671875 0.5185546875 0.6302083333333334 0.5205078125 0.6263020833333334 0.515625 0.6184895833333334 0.515625 0.61328125 0.51953125 0.6067708333333334 0.5205078125 0.6002604166666666 0.51171875 0.5533854166666666 0.513671875 0.5260416666666666 0.5185546875 0.5091145833333334 0.53125 0.484375 0.5390625 0.4765625 0.556640625 0.4661458333333333 0.57421875 0.46484375
0 0.552734375 0.10026041666666667 0.5712890625 0.10807291666666667 0.5830078125 0.109375 0.59375 0.1171875 0.5986328125 0.11588541666666667 0.60546875 0.13020833333333334 0.607421875 0.14453125 0.609375 0.14713541666666666 0.609375 0.1640625 0.6083984375 0.17057291666666666 0.5966796875 0.19140625 0.59375 0.203125 0.59375 0.24088541666666666 0.591796875 0.2552083333333333 0.578125 0.2721354166666667 0.5634765625 0.28515625 0.5380859375 0.2942708333333333 0.521484375 0.29296875 0.5126953125 0.2890625 0.4990234375 0.2799479166666667 0.48828125 0.2682291666666667 0.4765625 0.24739583333333334 0.4677734375 0.22135416666666666 0.4658203125 0.20963541666666666 0.4658203125 0.18619791666666666 0.47265625 0.15364583333333334 0.4775390625 0.140625 0.490234375 0.11848958333333333 0.5166015625 0.10416666666666667 0.5517578125 0.10026041666666667
0 0.255859375 0.6080729166666666 0.2587890625 0.6119791666666666 0.2626953125 0.63671875 0.2724609375 0.6614583333333334 0.28125 0.6744791666666666 0.2958984375 0.6888020833333334 0.291015625 0.70703125 0.2783203125 0.7278645833333334 0.2568359375 0.7473958333333334 0.248046875 0.7513020833333334 0.232421875 0.7513020833333334 0.2265625 0.7486979166666666 0.1953125 0.7200520833333334 0.1845703125 0.69921875 0.1787109375 0.6809895833333334 0.177734375 0.66015625 0.1796875 0.6484375 0.1884765625 0.62890625 0.19140625 0.62890625 0.1982421875 0.6380208333333334 0.2021484375 0.6393229166666666 0.212890625 0.6341145833333334 0.2314453125 0.6197916666666666 0.2333984375 0.61328125 0.244140625 0.6028645833333334 0.2490234375 0.6028645833333334 0.2548828125 0.6080729166666666