0 0.33203125 0.23307291666666666 0.3662109375 0.2578125 0.3740234375 0.265625 0.38671875 0.28515625 0.3935546875 0.3190104166666667 0.3935546875 0.3268229166666667 0.38671875 0.3606770833333333 0.3828125 0.3684895833333333 0.3740234375 0.3776041666666667 0.3564453125 0.3697916666666667 0.3349609375 0.3645833333333333 0.294921875 0.3671875 0.27734375 0.3763020833333333 0.2724609375 0.375 0.267578125 0.3671875 0.2587890625 0.3307291666666667 0.2578125 0.2981770833333333 0.26171875 0.2825520833333333 0.2685546875 0.2669270833333333 0.2822265625 0.24609375 0.2919921875 0.23958333333333334 0.310546875 0.23307291666666666 0.3310546875 0.23307291666666666
0 0.5048828125 0.3684895833333333 0.5244140625 0.375 0.5361328125 0.3828125 0.5517578125 0.40234375 0.5634765625 0.4309895833333333 0.5654296875 0.48046875 0.556640625 0.5104166666666666 0.5458984375 0.5286458333333334 0.5234375 0.5494791666666666 0.4990234375 0.55859375 0.4658203125 0.5533854166666666 0.4453125 0.5416666666666666 0.4326171875 0.5260416666666666 0.427734375 0.5143229166666666 0.423828125 0.49609375 0.421875 0.4518229166666667 0.42578125 0.4322916666666667 0.4345703125 0.4127604166666667 0.45703125 0.3841145833333333 0.4736328125 0.3723958333333333 0.4873046875 0.3684895833333333 0.50390625 0.3684895833333333
0 0.6875 0.6861979166666666 0.70703125 0.6966145833333334 0.7236328125 0.71484375 0.732421875 0.7200520833333334 0.7421875 0.7395833333333334 0.7646484375 0.7630208333333334 0.76953125 0.7786458333333334 0.767578125 0.7890625 0.763671875 0.7916666666666666 0.7578125 0.8020833333333334 0.7548828125 0.8203125 0.7509765625 0.8216145833333334 0.748046875 0.8268229166666666 0.7451171875 0.8463541666666666 0.73828125 0.8658854166666666 0.7158203125 0.8984375 0.6953125 0.90625 0.6650390625 0.9036458333333334 0.6474609375 0.8919270833333334 0.6298828125 0.87109375 0.6181640625 0.8515625 0.61328125 0.8333333333333334 0.607421875 0.8268229166666666 0.5986328125 0.8229166666666666 0.591796875 0.8098958333333334 0.591796875 0.7955729166666666 0.5947265625 0.7903645833333334 0.6064453125 0.7903645833333334 0.611328125 0.75 0.619140625 0.7265625 0.6376953125 0.69921875 0.6533203125 0.6888020833333334 0.6748046875 0.6848958333333334 0.6865234375 0.6861979166666666
0 0.5009765625 0.5703125 0.517578125 0.5794270833333334 0.5302734375 0.5924479166666666 0.54296875 0.62890625 0.5439453125 0.6484375 0.5400390625 0.6783854166666666 0.5234375 0.7135416666666666 0.51171875 0.7265625 0.4912109375 0.7330729166666666 0.4638671875 0.7317708333333334 0.4423828125 0.71875 0.4326171875 0.7096354166666666 0.423828125 0.6979166666666666 0.4169921875 0.6796875 0.4150390625 0.6705729166666666 0.4150390625 0.6432291666666666 0.41796875 0.62890625 0.4453125 0.578125 0.4697265625 0.5651041666666666 0.4912109375 0.56640625 0.5 0.5703125
0 0.5224609375 0.73828125 0.5322265625 0.7434895833333334 0.546875 0.7578125 0.5595703125 0.7825520833333334 0.5673828125 0.8111979166666666 0.568359375 0.8502604166666666 0.5546875 0.875 0.5380859375 0.8919270833333334 0.5087890625 0.9166666666666666 0.48828125 0.9270833333333334 0.4736328125 0.92578125 0.4521484375 0.9114583333333334 0.4384765625 0.8958333333333334 0.4287109375 0.8736979166666666 0.42578125 0.859375 0.42578125 0.8177083333333334 0.431640625 0.79296875 0.4384765625 0.7760416666666666 0.44921875 0.7578125 0.4599609375 0.7486979166666666 0.466796875 0.7434895833333334 0.4990234375 0.7356770833333334 0.513671875 0.7356770833333334 0.521484375 0.73828125
0 0.3505859375 0.69140625 0.3701171875 0.703125 0.390625 0.7239583333333334 0.4013671875 0.7421875 0.4091796875 0.7864583333333334 0.4091796875 0.83203125 0.404296875 0.8541666666666666 0.39453125 0.87890625 0.3623046875 0.92578125 0.3447265625 0.9440104166666666 0.3291015625 0.9427083333333334 0.32421875 0.9453125 0.318359375 0.9518229166666666 0.310546875 0.9674479166666666 0.3046875 0.9700520833333334 0.275390625 0.9596354166666666 0.2705078125 0.953125 0.267578125 0.9401041666666666 0.2646484375 0.9361979166666666 0.2509765625 0.9270833333333334 0.2216796875 0.8932291666666666 0.2109375 0.8658854166666666 0.2080078125 0.83203125 0.208984375 0.8190104166666666 0.21484375 0.7877604166666666 0.2197265625 0.7760416666666666 0.2197265625 0.7604166666666666 0.263671875 0.703125 0.2880859375 0.6888020833333334 0.2978515625 0.6861979166666666 0.3408203125 0.6875 0.349609375 0.69140625
0 0.65625 0.484375 0.671875 0.4908854166666667 0.6806640625 0.4973958333333333 0.69921875 0.5143229166666666 0.7080078125 0.5260416666666666 0.72265625 0.5546875 0.7236328125 0.5768229166666666 0.7265625 0.5872395833333334 0.7275390625 0.6015625 0.7177734375 0.6328125 0.701171875 0.6588541666666666 0.681640625 0.6770833333333334 0.6552734375 0.6848958333333334 0.640625 0.6822916666666666 0.603515625 0.6614583333333334 0.576171875 0.6315104166666666 0.560546875 0.6197916666666666 0.5537109375 0.609375 0.546875 0.6080729166666666 0.5458984375 0.60546875 0.552734375 0.57421875 0.560546875 0.5611979166666666 0.572265625 0.5494791666666666 0.5771484375 0.5286458333333334 0.59375 0.5065104166666666 0.6083984375 0.4934895833333333 0.623046875 0.4856770833333333 0.6416015625 0.4830729166666667 0.6552734375 0.484375
0 0.16796875 0.546875 0.169921875 0.5559895833333334 0.1748046875 0.5598958333333334 0.189453125 0.5559895833333334 0.1962890625 0.5625 0.2158203125 0.56640625 0.2294921875 0.5729166666666666 0.234375 0.58203125 0.236328125 0.5911458333333334 0.2451171875 0.6028645833333334 0.2490234375 0.6145833333333334 0.2548828125 0.6223958333333334 0.2548828125 0.6471354166666666 0.2685546875 0.6640625 0.2744140625 0.66796875 0.279296875 0.6770833333333334 0.279296875 0.68359375 0.2744140625 0.6901041666666666 0.265625 0.6953125 0.2529296875 0.6979166666666666 0.2431640625 0.7044270833333334 0.2255859375 0.7252604166666666 0.2197265625 0.7265625 0.1884765625 0.7578125 0.185546875 0.7669270833333334 0.19140625 0.7721354166666666 0.2060546875 0.7734375 0.208984375 0.7682291666666666 0.2109375 0.7734375 0.2099609375 0.7825520833333334 0.203125 0.7786458333333334 0.18359375 0.7799479166666666 0.1787109375 0.7825520833333334 0.1572265625 0.7825520833333334 0.138671875 0.7760416666666666 0.1240234375 0.76171875 0.1171875 0.7513020833333334 0.1044921875 0.7252604166666666 0.1005859375 0.703125 0.095703125 0.6927083333333334 0.099609375 0.6796875 0.103515625 0.64453125 0.1201171875 0.6145833333333334 0.1279296875 0.60546875 0.1240234375 0.59375 0.1259765625 0.5872395833333334 0.142578125 0.5794270833333334 0.1494140625 0.5703125 0.1513671875 0.5651041666666666 0.1513671875 0.55078125 0.1533203125 0.5481770833333334 0.1611328125 0.5455729166666666 0.1669921875 0.546875
0 0.67578125 0.21744791666666666 0.703125 0.2265625 0.7158203125 0.234375 0.7373046875 0.2604166666666667 0.751953125 0.2864583333333333 0.75390625 0.3072916666666667 0.76171875 0.3333333333333333 0.7646484375 0.3372395833333333 0.7705078125 0.3346354166666667 0.787109375 0.31640625 0.7919921875 0.3138020833333333 0.79296875 0.3098958333333333 0.806640625 0.2955729166666667 0.8125 0.29296875 0.8330078125 0.2955729166666667 0.85546875 0.3072916666666667 0.8603515625 0.3138020833333333 0.8603515625 0.3294270833333333 0.873046875 0.3580729166666667 0.8759765625 0.3697916666666667 0.8740234375 0.3828125 0.884765625 0.3958333333333333 0.873046875 0.4127604166666667 0.859375 0.4166666666666667 0.8505859375 0.4244791666666667 0.810546875 0.4348958333333333 0.7998046875 0.4348958333333333 0.78515625 0.4283854166666667 0.7705078125 0.42578125 0.7626953125 0.41796875 0.7548828125 0.4140625 0.751953125 0.4075520833333333 0.7548828125 0.40234375 0.7587890625 0.4036458333333333 0.7607421875 0.3984375 0.7548828125 0.3958333333333333 0.75390625 0.3919270833333333 0.7509765625 0.3919270833333333 0.75 0.3984375 0.7421875 0.4088541666666667 0.7255859375 0.421875 0.7119140625 0.4401041666666667 0.703125 0.4479166666666667 0.6787109375 0.4544270833333333 0.662109375 0.44921875 0.6376953125 0.4505208333333333 0.6201171875 0.4453125 0.609375 0.4388020833333333 0.5830078125 0.4140625 0.5673828125 0.39453125 0.5595703125 0.3776041666666667 0.5517578125 0.34375 0.5537109375 0.3098958333333333 0.560546875 0.2786458333333333 0.5732421875 0.25 0.5849609375 0.23567708333333334 0.5966796875 0.2265625 0.625 0.21744791666666666 0.6748046875 0.21744791666666666
0 0.5029296875 0.1796875 0.5224609375 0.19401041666666666 0.5341796875 0.21223958333333334 0.5400390625 0.2265625 0.5498046875 0.2786458333333333 0.5458984375 0.3111979166666667 0.537109375 0.34765625 0.52734375 0.359375 0.5146484375 0.3645833333333333 0.4970703125 0.36328125 0.4716796875 0.3684895833333333 0.4580078125 0.3684895833333333 0.451171875 0.3658854166666667 0.427734375 0.3528645833333333 0.423828125 0.3463541666666667 0.4140625 0.3151041666666667 0.412109375 0.2981770833333333 0.4130859375 0.2669270833333333 0.40234375 0.24088541666666666 0.3994140625 0.21484375 0.404296875 0.20572916666666666 0.4150390625 0.19401041666666666 0.4248046875 0.19140625 0.4384765625 0.19401041666666666 0.451171875 0.18229166666666666 0.462890625 0.18359375 0.4814453125 0.17708333333333334 0.49609375 0.17708333333333334 0.501953125 0.1796875
0 0.341796875 0.3684895833333333 0.369140625 0.37890625 0.390625 0.3997395833333333 0.404296875 0.4205729166666667 0.41796875 0.4544270833333333 0.4189453125 0.51171875 0.4111328125 0.54296875 0.3994140625 0.5703125 0.3916015625 0.5768229166666666 0.3798828125 0.59375 0.3623046875 0.61328125 0.353515625 0.6197916666666666 0.3359375 0.625 0.3212890625 0.6328125 0.291015625 0.6328125 0.2685546875 0.6236979166666666 0.2548828125 0.61328125 0.25 0.6041666666666666 0.2490234375 0.59375 0.2451171875 0.58203125 0.2314453125 0.5611979166666666 0.2236328125 0.53125 0.22265625 0.5091145833333334 0.2197265625 0.5 0.2138671875 0.4921875 0.2197265625 0.4830729166666667 0.2216796875 0.4700520833333333 0.232421875 0.4609375 0.23828125 0.4440104166666667 0.234375 0.4322916666666667 0.234375 0.42578125 0.236328125 0.4205729166666667 0.2470703125 0.4088541666666667 0.26171875 0.3971354166666667 0.271484375 0.3854166666666667 0.291015625 0.3723958333333333 0.30859375 0.3684895833333333 0.3408203125 0.3684895833333333