0 0.4765625 0.64453125 0.494140625 0.65625 0.5126953125 0.6796875 0.5244140625 0.7005208333333334 0.5302734375 0.7239583333333334 0.529296875 0.7552083333333334 0.5205078125 0.78125 0.505859375 0.80078125 0.4833984375 0.8203125 0.4775390625 0.82421875 0.46875 0.8255208333333334 0.4453125 0.82421875 0.4150390625 0.8072916666666666 0.4091796875 0.7994791666666666 0.39453125 0.7682291666666666 0.3857421875 0.76171875 0.3779296875 0.73828125 0.3779296875 0.73046875 0.3916015625 0.71484375 0.3955078125 0.7005208333333334 0.40234375 0.6861979166666666 0.4267578125 0.6588541666666666 0.4560546875 0.64453125 0.4755859375 0.64453125
0 0.484375 0.2513020833333333 0.53125 0.2669270833333333 0.5556640625 0.2955729166666667 0.5673828125 0.3229166666666667 0.5712890625 0.3385416666666667 0.5751953125 0.3684895833333333 0.5751953125 0.38671875 0.568359375 0.4166666666666667 0.5615234375 0.4296875 0.5517578125 0.45703125 0.52734375 0.45703125 0.505859375 0.46484375 0.4951171875 0.4739583333333333 0.482421875 0.48046875 0.47265625 0.4921875 0.4638671875 0.4986979166666667 0.4599609375 0.4947916666666667 0.458984375 0.48828125 0.4560546875 0.484375 0.4443359375 0.484375 0.439453125 0.4869791666666667 0.4345703125 0.47265625 0.4208984375 0.4544270833333333 0.4169921875 0.4596354166666667 0.4033203125 0.4609375 0.400390625 0.4583333333333333 0.400390625 0.4348958333333333 0.408203125 0.4270833333333333 0.408203125 0.421875 0.400390625 0.4010416666666667 0.3994140625 0.3776041666666667 0.4052734375 0.3528645833333333 0.404296875 0.3385416666666667 0.4140625 0.3138020833333333 0.427734375 0.2955729166666667 0.4453125 0.2825520833333333 0.458984375 0.2669270833333333 0.45703125 0.2565104166666667 0.458984375 0.2513020833333333 0.4833984375 0.2513020833333333
0 0.4345703125 0.13671875 0.4541015625 0.1484375 0.4677734375 0.16666666666666666 0.4736328125 0.18359375 0.474609375 0.21744791666666666 0.4677734375 0.24479166666666666 0.455078125 0.24869791666666666 0.4462890625 0.2747395833333333 0.4423828125 0.2799479166666667 0.4189453125 0.2955729166666667 0.3994140625 0.29296875 0.3857421875 0.2864583333333333 0.3681640625 0.2682291666666667 0.361328125 0.25390625 0.3603515625 0.19791666666666666 0.37109375 0.16796875 0.3740234375 0.15364583333333334 0.3798828125 0.14583333333333334 0.41015625 0.13541666666666666 0.43359375 0.13671875
0 0.6259765625 0.640625 0.640625 0.6484375 0.6474609375 0.6614583333333334 0.65625 0.671875 0.669921875 0.6744791666666666 0.67578125 0.6848958333333334 0.7021484375 0.7174479166666666 0.708984375 0.7330729166666666 0.712890625 0.75390625 0.720703125 0.7643229166666666 0.7197265625 0.7682291666666666 0.7138671875 0.7682291666666666 0.708984375 0.7721354166666666 0.708984375 0.80859375 0.705078125 0.828125 0.7001953125 0.8411458333333334 0.6865234375 0.8671875 0.6728515625 0.8802083333333334 0.6513671875 0.8893229166666666 0.6376953125 0.8919270833333334 0.6162109375 0.8919270833333334 0.6005859375 0.8880208333333334 0.599609375 0.890625 0.60546875 0.8997395833333334 0.59765625 0.8997395833333334 0.587890625 0.8880208333333334 0.5849609375 0.8802083333333334 0.578125 0.87109375 0.5576171875 0.8515625 0.54296875 0.82421875 0.5341796875 0.79296875 0.533203125 0.7486979166666666 0.5361328125 0.7252604166666666 0.5419921875 0.7122395833333334 0.5576171875 0.69140625 0.568359375 0.6809895833333334 0.5859375 0.671875 0.591796875 0.6614583333333334 0.607421875 0.6588541666666666 0.6162109375 0.6614583333333334 0.623046875 0.66015625 0.6259765625 0.6536458333333334 0.6259765625 0.6419270833333334
0 0.28125 0.2604166666666667 0.3056640625 0.26953125 0.328125 0.2890625 0.3427734375 0.3072916666666667 0.3564453125 0.3307291666666667 0.369140625 0.3736979166666667 0.3701171875 0.4205729166666667 0.3642578125 0.4401041666666667 0.3447265625 0.4479166666666667 0.3251953125 0.46875 0.3203125 0.4908854166666667 0.310546875 0.5026041666666666 0.3056640625 0.5130208333333334 0.275390625 0.5247395833333334 0.2392578125 0.5247395833333334 0.23046875 0.5221354166666666 0.2099609375 0.51171875 0.1865234375 0.4921875 0.16015625 0.4453125 0.1552734375 0.41015625 0.154296875 0.3736979166666667 0.158203125 0.3580729166666667 0.166015625 0.33984375 0.177734375 0.3255208333333333 0.19140625 0.2994791666666667 0.208984375 0.2825520833333333 0.2265625 0.2760416666666667 0.244140625 0.2734375 0.2509765625 0.2760416666666667 0.2626953125 0.26171875 0.2685546875 0.2591145833333333 0.2802734375 0.2604166666666667
0 0.5537109375 0.14453125 0.568359375 0.15234375 0.57421875 0.16015625 0.578125 0.171875 0.5869140625 0.18619791666666666 0.5927734375 0.20833333333333334 0.603515625 0.22916666666666666 0.6015625 0.2421875 0.583984375 0.2578125 0.5693359375 0.2786458333333333 0.5576171875 0.2903645833333333 0.5517578125 0.2864583333333333 0.537109375 0.2682291666666667 0.5263671875 0.2604166666666667 0.4853515625 0.24739583333333334 0.482421875 0.24348958333333334 0.478515625 0.22916666666666666 0.482421875 0.18229166666666666 0.4873046875 0.16927083333333334 0.494140625 0.16015625 0.5029296875 0.15104166666666666 0.5146484375 0.14453125 0.5263671875 0.14192708333333334 0.552734375 0.14453125
0 0.3720703125 0.4479166666666667 0.3837890625 0.45703125 0.3916015625 0.4739583333333333 0.4072265625 0.4908854166666667 0.431640625 0.4986979166666667 0.44921875 0.5234375 0.451171875 0.5234375 0.4560546875 0.5455729166666666 0.4560546875 0.5872395833333334 0.453125 0.6028645833333334 0.4423828125 0.63671875 0.4384765625 0.64453125 0.4140625 0.6640625 0.3857421875 0.6979166666666666 0.3544921875 0.6822916666666666 0.345703125 0.67578125 0.3349609375 0.6627604166666666 0.3203125 0.6549479166666666 0.3125 0.64453125 0.30078125 0.6184895833333334 0.29296875 0.5924479166666666 0.291015625 0.578125 0.2919921875 0.5638020833333334 0.2958984375 0.5481770833333334 0.302734375 0.5338541666666666 0.310546875 0.5247395833333334 0.3125 0.5104166666666666 0.3154296875 0.50390625 0.3251953125 0.4947916666666667 0.3291015625 0.4700520833333333 0.3388671875 0.45703125 0.3525390625 0.4479166666666667 0.37109375 0.4479166666666667
0 0.26171875 0.12760416666666666 0.2685546875 0.13802083333333334 0.3173828125 0.14192708333333334 0.3349609375 0.15234375 0.3408203125 0.16015625 0.3515625 0.18880208333333334 0.3564453125 0.2109375 0.357421875 0.24869791666666666 0.35546875 0.2578125 0.35546875 0.2994791666666667 0.3642578125 0.3138020833333333 0.3642578125 0.3177083333333333 0.361328125 0.3216145833333333 0.353515625 0.3203125 0.3359375 0.2942708333333333 0.3134765625 0.2721354166666667 0.2890625 0.2591145833333333 0.2705078125 0.2552083333333333 0.26171875 0.2578125 0.2509765625 0.2708333333333333 0.2431640625 0.26953125 0.234375 0.2721354166666667 0.228515625 0.2682291666666667 0.2236328125 0.24479166666666666 0.224609375 0.22135416666666666 0.234375 0.1953125 0.2353515625 0.18359375 0.2470703125 0.15364583333333334 0.248046875 0.13671875 0.251953125 0.12890625 0.2607421875 0.12760416666666666
0 0.6982421875 0.21614583333333334 0.7255859375 0.2265625 0.73828125 0.22786458333333334 0.7607421875 0.24348958333333334 0.7734375 0.24739583333333334 0.798828125 0.2799479166666667 0.806640625 0.2981770833333333 0.8056640625 0.34765625 0.798828125 0.3671875 0.783203125 0.39453125 0.7568359375 0.4127604166666667 0.7392578125 0.41796875 0.7060546875 0.4153645833333333 0.703125 0.4244791666666667 0.689453125 0.4244791666666667 0.68359375 0.4088541666666667 0.6787109375 0.40234375 0.6689453125 0.3984375 0.6552734375 0.3880208333333333 0.6435546875 0.3736979166666667 0.6181640625 0.3333333333333333 0.6181640625 0.2994791666666667 0.625 0.2565104166666667 0.6474609375 0.22916666666666666 0.66796875 0.21484375 0.697265625 0.21614583333333334
0 0.8408203125 0.3333333333333333 0.8505859375 0.3372395833333333 0.876953125 0.3619791666666667 0.876953125 0.3645833333333333 0.8701171875 0.3723958333333333 0.869140625 0.3854166666666667 0.8740234375 0.4010416666666667 0.8759765625 0.4140625 0.875 0.4283854166666667 0.8779296875 0.4401041666666667 0.8759765625 0.4453125 0.865234375 0.453125 0.849609375 0.4557291666666667 0.837890625 0.4609375 0.8232421875 0.4596354166666667 0.8154296875 0.4544270833333333 0.8095703125 0.4466145833333333 0.78515625 0.4296875 0.7646484375 0.4205729166666667 0.7607421875 0.4140625 0.783203125 0.3984375 0.814453125 0.3450520833333333 0.828125 0.3359375 0.83984375 0.3333333333333333
0 0.5380859375 0.4609375 0.560546875 0.46875 0.5693359375 0.4752604166666667 0.5791015625 0.4869791666666667 0.5927734375 0.515625 0.595703125 0.5260416666666666 0.5966796875 0.5546875 0.595703125 0.6015625 0.5859375 0.62890625 0.5771484375 0.6432291666666666 0.5634765625 0.6588541666666666 0.5546875 0.6653645833333334 0.54296875 0.66796875 0.517578125 0.66796875 0.5107421875 0.6653645833333334 0.48046875 0.6393229166666666 0.46875 0.6223958333333334 0.462890625 0.60546875 0.4599609375 0.5872395833333334 0.4599609375 0.5169270833333334 0.462890625 0.5065104166666666 0.51171875 0.4661458333333333 0.521484375 0.4622395833333333 0.537109375 0.4609375
0 0.662109375 0.44140625 0.671875 0.4453125 0.6962890625 0.4622395833333333 0.7177734375 0.4830729166666667 0.728515625 0.5052083333333334 0.7353515625 0.5403645833333334 0.7353515625 0.5533854166666666 0.7314453125 0.57421875 0.7197265625 0.5989583333333334 0.7060546875 0.6158854166666666 0.681640625 0.6263020833333334 0.658203125 0.6263020833333334 0.64453125 0.62109375 0.626953125 0.609375 0.6123046875 0.5924479166666666 0.60546875 0.5794270833333334 0.6015625 0.5611979166666666 0.5986328125 0.5286458333333334 0.5947265625 0.5143229166666666 0.5947265625 0.5026041666666666 0.599609375 0.4791666666666667 0.6142578125 0.4557291666666667 0.63671875 0.4427083333333333 0.6611328125 0.44140625