0 0.9201388888888888 0.19791666666666666 0.9288194444444444 0.20182291666666666 0.9444444444444444 0.20052083333333334 0.9583333333333334 0.18098958333333334 0.9652777777777778 0.1796875 0.9878472222222222 0.203125 0.9982638888888888 0.20963541666666666 0.9982638888888888 0.30859375 0.9913194444444444 0.3138020833333333 0.9861111111111112 0.3229166666666667 0.9739583333333334 0.3346354166666667 0.9565972222222222 0.34765625 0.9444444444444444 0.3541666666666667 0.9253472222222222 0.3606770833333333 0.8975694444444444 0.3658854166666667 0.8697916666666666 0.36328125 0.8611111111111112 0.3645833333333333 0.84375 0.3619791666666667 0.8142361111111112 0.3515625 0.7760416666666666 0.3307291666666667 0.7638888888888888 0.3177083333333333 0.7586805555555556 0.3072916666666667 0.7569444444444444 0.2591145833333333 0.7638888888888888 0.24348958333333334 0.7760416666666666 0.2265625 0.796875 0.20963541666666666 0.8125 0.20182291666666666 0.8489583333333334 0.19140625 0.8888888888888888 0.19140625 0.9184027777777778 0.19791666666666666
0 0.65625 0.10807291666666667 0.6631944444444444 0.11328125 0.6736111111111112 0.11458333333333333 0.6857638888888888 0.125 0.6892361111111112 0.12630208333333334 0.7013888888888888 0.125 0.7170138888888888 0.13541666666666666 0.7395833333333334 0.14453125 0.7621527777777778 0.16276041666666666 0.7708333333333334 0.17578125 0.7760416666666666 0.19010416666666666 0.7760416666666666 0.20963541666666666 0.7725694444444444 0.22135416666666666 0.7586805555555556 0.24479166666666666 0.7482638888888888 0.2565104166666667 0.7170138888888888 0.27734375 0.7013888888888888 0.2838541666666667 0.6892361111111112 0.2864583333333333 0.6631944444444444 0.2864583333333333 0.6527777777777778 0.2838541666666667 0.5972222222222222 0.2630208333333333 0.5885416666666666 0.2565104166666667 0.5763888888888888 0.23828125 0.5694444444444444 0.22265625 0.5677083333333334 0.21354166666666666 0.5694444444444444 0.203125 0.5850694444444444 0.17838541666666666 0.5885416666666666 0.16666666666666666 0.5954861111111112 0.16145833333333334 0.6024305555555556 0.14973958333333334 0.6284722222222222 0.11848958333333333 0.6423611111111112 0.109375 0.6545138888888888 0.10807291666666667
0 0.8767361111111112 0.3684895833333333 0.8784722222222222 0.3697916666666667 0.8888888888888888 0.3684895833333333 0.9166666666666666 0.3736979166666667 0.9461805555555556 0.3854166666666667 0.9739583333333334 0.4049479166666667 0.9861111111111112 0.4205729166666667 0.9930555555555556 0.4348958333333333 0.9947916666666666 0.4674479166666667 0.9878472222222222 0.49609375 0.9809027777777778 0.5104166666666666 0.9565972222222222 0.53515625 0.9409722222222222 0.546875 0.9131944444444444 0.5638020833333334 0.890625 0.5729166666666666 0.8767361111111112 0.5768229166666666 0.8333333333333334 0.58203125 0.8142361111111112 0.58203125 0.765625 0.5768229166666666 0.7447916666666666 0.5703125 0.7135416666666666 0.5546875 0.7048611111111112 0.5481770833333334 0.6979166666666666 0.5377604166666666 0.6909722222222222 0.5247395833333334 0.6909722222222222 0.51953125 0.6822916666666666 0.5065104166666666 0.6805555555555556 0.4830729166666667 0.6857638888888888 0.46875 0.6961805555555556 0.4544270833333333 0.7170138888888888 0.4375 0.7291666666666666 0.4205729166666667 0.7517361111111112 0.4010416666666667 0.7847222222222222 0.3828125 0.8055555555555556 0.375 0.8246527777777778 0.37109375 0.875 0.3684895833333333
0 0.5746527777777778 0.265625 0.6041666666666666 0.2708333333333333 0.6111111111111112 0.2747395833333333 0.6371527777777778 0.2825520833333333 0.6527777777777778 0.2903645833333333 0.6684027777777778 0.3020833333333333 0.6927083333333334 0.328125 0.7048611111111112 0.3606770833333333 0.7048611111111112 0.390625 0.6979166666666666 0.4036458333333333 0.6840277777777778 0.4153645833333333 0.6857638888888888 0.421875 0.6840277777777778 0.4309895833333333 0.6770833333333334 0.4388020833333333 0.6527777777777778 0.4557291666666667 0.6267361111111112 0.4635416666666667 0.5920138888888888 0.46875 0.5798611111111112 0.4674479166666667 0.5277777777777778 0.46875 0.5086805555555556 0.4635416666666667 0.4861111111111111 0.4466145833333333 0.4583333333333333 0.4322916666666667 0.4565972222222222 0.4283854166666667 0.4322916666666667 0.40625 0.4236111111111111 0.3854166666666667 0.4270833333333333 0.375 0.4270833333333333 0.3515625 0.4305555555555556 0.3450520833333333 0.4548611111111111 0.3125 0.4722222222222222 0.296875 0.484375 0.2877604166666667 0.5 0.2799479166666667 0.5329861111111112 0.2669270833333333 0.5590277777777778 0.2643229166666667 0.5729166666666666 0.265625
0 0.5677083333333334 0.6953125 0.5798611111111112 0.6979166666666666 0.6076388888888888 0.7083333333333334 0.6145833333333334 0.7135416666666666 0.6284722222222222 0.7174479166666666 0.6371527777777778 0.7252604166666666 0.6475694444444444 0.7434895833333334 0.6475694444444444 0.7513020833333334 0.6423611111111112 0.7552083333333334 0.6440972222222222 0.7825520833333334 0.6371527777777778 0.7994791666666666 0.6319444444444444 0.8059895833333334 0.6111111111111112 0.8216145833333334 0.5868055555555556 0.83203125 0.5590277777777778 0.83203125 0.5434027777777778 0.828125 0.5243055555555556 0.8216145833333334 0.4947916666666667 0.8072916666666666 0.4809027777777778 0.8072916666666666 0.4739583333333333 0.7981770833333334 0.4756944444444444 0.7903645833333334 0.484375 0.78515625 0.4878472222222222 0.7786458333333334 0.4826388888888889 0.76171875 0.4826388888888889 0.734375 0.4895833333333333 0.72265625 0.5 0.71484375 0.5138888888888888 0.7083333333333334 0.5295138888888888 0.7057291666666666 0.5572916666666666 0.6953125 0.5659722222222222 0.6953125
0 0.3177083333333333 0.23828125 0.3645833333333333 0.24088541666666666 0.3767361111111111 0.24609375 0.3888888888888889 0.24739583333333334 0.4045138888888889 0.2526041666666667 0.4392361111111111 0.2760416666666667 0.4496527777777778 0.2942708333333333 0.4479166666666667 0.3125 0.4375 0.3307291666666667 0.4305555555555556 0.3359375 0.4253472222222222 0.34375 0.4149305555555556 0.3736979166666667 0.40625 0.3802083333333333 0.3940972222222222 0.3841145833333333 0.3663194444444444 0.3919270833333333 0.3506944444444444 0.3932291666666667 0.3072916666666667 0.3880208333333333 0.2951388888888889 0.3841145833333333 0.2777777777777778 0.375 0.2638888888888889 0.3658854166666667 0.25 0.3528645833333333 0.234375 0.328125 0.2309027777777778 0.3177083333333333 0.2326388888888889 0.2903645833333333 0.2378472222222222 0.2786458333333333 0.25 0.2643229166666667 0.2795138888888889 0.24348958333333334 0.3003472222222222 0.23828125 0.3159722222222222 0.23828125
0 0.4895833333333333 0.57421875 0.4965277777777778 0.5768229166666666 0.5086805555555556 0.5859375 0.5173611111111112 0.5989583333333334 0.53125 0.6119791666666666 0.5434027777777778 0.6171875 0.5555555555555556 0.6184895833333334 0.5677083333333334 0.6223958333333334 0.5763888888888888 0.62890625 0.5815972222222222 0.6393229166666666 0.5815972222222222 0.6575520833333334 0.5746527777777778 0.6731770833333334 0.5677083333333334 0.6822916666666666 0.5520833333333334 0.6927083333333334 0.5364583333333334 0.69921875 0.5121527777777778 0.7044270833333334 0.4913194444444444 0.7135416666666666 0.4583333333333333 0.7122395833333334 0.4375 0.70703125 0.4253472222222222 0.7018229166666666 0.4010416666666667 0.6848958333333334 0.3923611111111111 0.6731770833333334 0.3871527777777778 0.66015625 0.3871527777777778 0.6393229166666666 0.3993055555555556 0.61328125 0.4114583333333333 0.5989583333333334 0.4270833333333333 0.5885416666666666 0.4444444444444444 0.5807291666666666 0.46875 0.57421875 0.4774305555555556 0.5729166666666666 0.4878472222222222 0.57421875
0 0.3854166666666667 0.4283854166666667 0.4131944444444444 0.4375 0.4427083333333333 0.4518229166666667 0.4739583333333333 0.4791666666666667 0.4809027777777778 0.4934895833333333 0.4826388888888889 0.5078125 0.4791666666666667 0.5221354166666666 0.4791666666666667 0.5494791666666666 0.4670138888888889 0.5611979166666666 0.4548611111111111 0.5703125 0.4166666666666667 0.5872395833333334 0.4010416666666667 0.5911458333333334 0.3784722222222222 0.5924479166666666 0.3506944444444444 0.5924479166666666 0.3350694444444444 0.58984375 0.3229166666666667 0.5846354166666666 0.3090277777777778 0.57421875 0.3003472222222222 0.5638020833333334 0.2777777777777778 0.5494791666666666 0.2708333333333333 0.53515625 0.2569444444444444 0.5260416666666666 0.25 0.515625 0.2482638888888889 0.4908854166666667 0.2517361111111111 0.4856770833333333 0.2621527777777778 0.4791666666666667 0.296875 0.46875 0.3385416666666667 0.44140625 0.3576388888888889 0.4361979166666667 0.3697916666666667 0.4296875 0.3836805555555556 0.4283854166666667
0 0.7777777777777778 0.5911458333333334 0.8090277777777778 0.6015625 0.8246527777777778 0.6119791666666666 0.8454861111111112 0.6341145833333334 0.8524305555555556 0.6497395833333334 0.8732638888888888 0.66796875 0.8802083333333334 0.6705729166666666 0.9079861111111112 0.6692708333333334 0.9131944444444444 0.6731770833333334 0.9149305555555556 0.6822916666666666 0.8923611111111112 0.6940104166666666 0.8645833333333334 0.6901041666666666 0.8611111111111112 0.6927083333333334 0.8611111111111112 0.69921875 0.8680555555555556 0.70703125 0.8680555555555556 0.7122395833333334 0.8628472222222222 0.7135416666666666 0.8541666666666666 0.7200520833333334 0.8541666666666666 0.72265625 0.8402777777777778 0.7317708333333334 0.8350694444444444 0.7395833333333334 0.8194444444444444 0.75 0.8003472222222222 0.7552083333333334 0.7934027777777778 0.7552083333333334 0.7777777777777778 0.76171875 0.7604166666666666 0.7604166666666666 0.75 0.76171875 0.7447916666666666 0.765625 0.734375 0.765625 0.7256944444444444 0.76171875 0.6961805555555556 0.7552083333333334 0.671875 0.7447916666666666 0.6458333333333334 0.7239583333333334 0.6302083333333334 0.6901041666666666 0.6284722222222222 0.67578125 0.6302083333333334 0.66015625 0.6423611111111112 0.6328125 0.6579861111111112 0.6184895833333334 0.6736111111111112 0.61328125 0.6996527777777778 0.5950520833333334 0.7118055555555556 0.5924479166666666 0.7378472222222222 0.59375 0.7760416666666666 0.5924479166666666
0 0.4861111111111111 0 0.4878472222222222 0.0013020833333333333 0.5052083333333334 0 0.5138888888888888 0.00390625 0.5138888888888888 0.006510416666666667 0.5104166666666666 0.0078125 0.5121527777777778 0.009114583333333334 0.5260416666666666 0.009114583333333334 0.5277777777777778 0.006510416666666667 0.5243055555555556 0.005208333333333333 0.5347222222222222 0.005208333333333333 0.5590277777777778 0.032552083333333336 0.5798611111111112 0.049479166666666664 0.5954861111111112 0.07161458333333333 0.5989583333333334 0.09244791666666667 0.6059027777777778 0.10807291666666667 0.6059027777777778 0.12760416666666666 0.5989583333333334 0.14583333333333334 0.5833333333333334 0.16276041666666666 0.5798611111111112 0.17708333333333334 0.5555555555555556 0.20703125 0.5329861111111112 0.22135416666666666 0.5086805555555556 0.23177083333333334 0.4947916666666667 0.24088541666666666 0.4826388888888889 0.24609375 0.4670138888888889 0.24869791666666666 0.4114583333333333 0.24739583333333334 0.390625 0.24088541666666666 0.3663194444444444 0.23697916666666666 0.3541666666666667 0.23177083333333334 0.3454861111111111 0.22526041666666666 0.3385416666666667 0.21354166666666666 0.3159722222222222 0.19010416666666666 0.3090277777777778 0.171875 0.3090277777777778 0.15104166666666666 0.3142361111111111 0.12369791666666667 0.3350694444444444 0.07942708333333333 0.3506944444444444 0.05859375 0.3697916666666667 0.0390625 0.3888888888888889 0.026041666666666668 0.4149305555555556 0.018229166666666668 0.421875 0.018229166666666668 0.4392361111111111 0.009114583333333334 0.4409722222222222 0.010416666666666666 0.4444444444444444 0.009114583333333334 0.4496527777777778 0.00390625 0.4618055555555556 0.005208333333333333 0.4756944444444444 0 0.484375 0
0 0.59375 0.4752604166666667 0.6041666666666666 0.4791666666666667 0.6267361111111112 0.4830729166666667 0.6527777777777778 0.4921875 0.6753472222222222 0.5091145833333334 0.6822916666666666 0.5169270833333334 0.6979166666666666 0.546875 0.6996527777777778 0.5677083333333334 0.6961805555555556 0.58203125 0.6875 0.5963541666666666 0.6684027777777778 0.609375 0.6336805555555556 0.6171875 0.5711805555555556 0.6171875 0.5399305555555556 0.6119791666666666 0.5260416666666666 0.6028645833333334 0.5190972222222222 0.5911458333333334 0.5 0.5703125 0.4861111111111111 0.5442708333333334 0.4861111111111111 0.51953125 0.4895833333333333 0.51171875 0.5017361111111112 0.4973958333333333 0.5173611111111112 0.4856770833333333 0.5347222222222222 0.4778645833333333 0.5538194444444444 0.4739583333333333 0.5920138888888888 0.4752604166666667