0 0.90625 0 0.9965277777777778 0 0.9982638888888888 0.0013020833333333333 0.9982638888888888 0.049479166666666664 0.9965277777777778 0.05078125 0.9982638888888888 0.11588541666666667 0.9947916666666666 0.1171875 0.9739583333333334 0.11458333333333333 0.9496527777777778 0.10546875 0.9409722222222222 0.08723958333333333 0.9392361111111112 0.059895833333333336 0.9288194444444444 0.052083333333333336 0.9184027777777778 0.049479166666666664 0.9114583333333334 0.04296875 0.9097222222222222 0.020833333333333332 0.9010416666666666 0.013020833333333334 0.9010416666666666 0.0078125 0.90625 0.0013020833333333333
0 0.6684027777777778 0.5026041666666666 0.6701388888888888 0.50390625 0.6788194444444444 0.5026041666666666 0.6892361111111112 0.5052083333333334 0.6909722222222222 0.5078125 0.6961805555555556 0.5078125 0.6892361111111112 0.5169270833333334 0.6875 0.5286458333333334 0.6822916666666666 0.5286458333333334 0.6753472222222222 0.5325520833333334 0.6736111111111112 0.5494791666666666 0.6701388888888888 0.5533854166666666 0.6753472222222222 0.5598958333333334 0.6822916666666666 0.5638020833333334 0.6875 0.5768229166666666 0.6909722222222222 0.5794270833333334 0.6961805555555556 0.5794270833333334 0.6996527777777778 0.5859375 0.7100694444444444 0.5885416666666666 0.7118055555555556 0.59375 0.7222222222222222 0.6028645833333334 0.7256944444444444 0.6119791666666666 0.7326388888888888 0.6184895833333334 0.7361111111111112 0.6184895833333334 0.7430555555555556 0.625 0.75 0.6263020833333334 0.7534722222222222 0.6302083333333334 0.765625 0.6315104166666666 0.7673611111111112 0.6393229166666666 0.7743055555555556 0.64453125 0.7829861111111112 0.6458333333333334 0.7986111111111112 0.6549479166666666 0.8072916666666666 0.6575520833333334 0.8090277777777778 0.65625 0.8350694444444444 0.6575520833333334 0.8420138888888888 0.6549479166666666 0.8489583333333334 0.6549479166666666 0.8715277777777778 0.6458333333333334 0.8767361111111112 0.6458333333333334 0.8836805555555556 0.640625 0.8940972222222222 0.6432291666666666 0.9010416666666666 0.65234375 0.9114583333333334 0.65625 0.9496527777777778 0.6848958333333334 0.9479166666666666 0.7057291666666666 0.9635416666666666 0.734375 0.9670138888888888 0.7513020833333334 0.9652777777777778 0.7630208333333334 0.9618055555555556 0.7682291666666666 0.9618055555555556 0.7877604166666666 0.9583333333333334 0.79296875 0.9583333333333334 0.80078125 0.9513888888888888 0.8072916666666666 0.9496527777777778 0.8138020833333334 0.9375 0.8216145833333334 0.9236111111111112 0.8372395833333334 0.9201388888888888 0.8502604166666666 0.9149305555555556 0.8567708333333334 0.9149305555555556 0.8684895833333334 0.9097222222222222 0.8776041666666666 0.9097222222222222 0.8893229166666666 0.8958333333333334 0.90625 0.8940972222222222 0.9127604166666666 0.8958333333333334 0.9192708333333334 0.8923611111111112 0.9231770833333334 0.8854166666666666 0.9283854166666666 0.8802083333333334 0.9283854166666666 0.8680555555555556 0.9348958333333334 0.8559027777777778 0.9361979166666666 0.8402777777777778 0.9440104166666666 0.828125 0.9466145833333334 0.8020833333333334 0.9466145833333334 0.7482638888888888 0.9361979166666666 0.6875 0.9153645833333334 0.6788194444444444 0.9140625 0.6736111111111112 0.91015625 0.6510416666666666 0.90234375 0.6302083333333334 0.8971354166666666 0.6059027777777778 0.88671875 0.5850694444444444 0.875 0.5572916666666666 0.85546875 0.5538194444444444 0.8502604166666666 0.5329861111111112 0.8333333333333334 0.5208333333333334 0.8190104166666666 0.5017361111111112 0.78125 0.4982638888888889 0.765625 0.4826388888888889 0.7317708333333334 0.4826388888888889 0.7265625 0.4739583333333333 0.7057291666666666 0.4722222222222222 0.6354166666666666 0.4878472222222222 0.5885416666666666 0.5104166666666666 0.56640625 0.515625 0.5572916666666666 0.5277777777777778 0.546875 0.5815972222222222 0.5130208333333334 0.5920138888888888 0.5104166666666666 0.6163194444444444 0.5104166666666666 0.6232638888888888 0.5078125 0.6666666666666666 0.5026041666666666
0 0 0.5794270833333334 0.027777777777777776 0.58203125 0.036458333333333336 0.5846354166666666 0.03819444444444445 0.5872395833333334 0.036458333333333336 0.59765625 0.024305555555555556 0.6197916666666666 0 0.6419270833333334 0 0.5807291666666666
0 0.3489583333333333 0.3984375 0.3628472222222222 0.4036458333333333 0.3940972222222222 0.4244791666666667 0.4322916666666667 0.4375 0.4652777777777778 0.4427083333333333 0.484375 0.44140625 0.5190972222222222 0.4427083333333333 0.5243055555555556 0.4505208333333333 0.5347222222222222 0.4583333333333333 0.5381944444444444 0.4661458333333333 0.5486111111111112 0.4765625 0.5538194444444444 0.48828125 0.5538194444444444 0.4986979166666667 0.5590277777777778 0.5052083333333334 0.5520833333333334 0.5221354166666666 0.5243055555555556 0.5390625 0.4809027777777778 0.5833333333333334 0.4652777777777778 0.609375 0.4600694444444444 0.6236979166666666 0.4461805555555556 0.6315104166666666 0.4166666666666667 0.6341145833333334 0.4131944444444444 0.63671875 0.4045138888888889 0.6380208333333334 0.3923611111111111 0.6380208333333334 0.3732638888888889 0.6341145833333334 0.34375 0.62109375 0.3298611111111111 0.6263020833333334 0.3194444444444444 0.6263020833333334 0.2881944444444444 0.6028645833333334 0.2795138888888889 0.5989583333333334 0.2638888888888889 0.5963541666666666 0.24479166666666666 0.5846354166666666 0.2326388888888889 0.5807291666666666 0.2170138888888889 0.5625 0.21006944444444445 0.5494791666666666 0.2152777777777778 0.5338541666666666 0.2482638888888889 0.50390625 0.2673611111111111 0.4817708333333333 0.2829861111111111 0.4557291666666667 0.2899305555555556 0.4348958333333333 0.296875 0.4231770833333333 0.3211805555555556 0.40234375 0.3298611111111111 0.3984375 0.3402777777777778 0.3971354166666667 0.3472222222222222 0.3984375
0 0.16666666666666666 0 0.3055555555555556 0 0.3090277777777778 0.0026041666666666665 0.3125 0 0.4704861111111111 0 0.4722222222222222 0.0026041666666666665 0.4756944444444444 0.0026041666666666665 0.4774305555555556 0 0.6145833333333334 0 0.6145833333333334 0.00390625 0.6111111111111112 0.006510416666666667 0.6006944444444444 0.009114583333333334 0.5815972222222222 0.020833333333333332 0.578125 0.029947916666666668 0.5746527777777778 0.03125 0.5625 0.026041666666666668 0.5434027777777778 0.022135416666666668 0.5364583333333334 0.018229166666666668 0.5208333333333334 0.014322916666666666 0.5052083333333334 0.013020833333333334 0.4826388888888889 0.005208333333333333 0.4739583333333333 0.005208333333333333 0.4565972222222222 0.0013020833333333333 0.453125 0.00390625 0.4496527777777778 0.0026041666666666665 0.4444444444444444 0.006510416666666667 0.4322916666666667 0.005208333333333333 0.4201388888888889 0.013020833333333334 0.40625 0.015625 0.3871527777777778 0.024739583333333332 0.3628472222222222 0.029947916666666668 0.3559027777777778 0.03515625 0.3506944444444444 0.03515625 0.3489583333333333 0.0390625 0.34375 0.0390625 0.3402777777777778 0.04296875 0.3298611111111111 0.037760416666666664 0.328125 0.02734375 0.3246527777777778 0.024739583333333332 0.3177083333333333 0.026041666666666668 0.3125 0.024739583333333332 0.3142361111111111 0.018229166666666668 0.3090277777777778 0.015625 0.3038194444444444 0.016927083333333332 0.3038194444444444 0.022135416666666668 0.3020833333333333 0.018229166666666668 0.296875 0.015625 0.2899305555555556 0.018229166666666668 0.2829861111111111 0.018229166666666668 0.2638888888888889 0.029947916666666668 0.24479166666666666 0.03515625 0.2222222222222222 0.03515625 0.203125 0.02734375 0.1875 0.02734375 0.18229166666666666 0.026041666666666668 0.1736111111111111 0.016927083333333332 0.16666666666666666 0.0013020833333333333
0 0.9930555555555556 0.5234375 0.9982638888888888 0.5325520833333334 0.9982638888888888 0.7864583333333334 0.9947916666666666 0.7903645833333334 0.9930555555555556 0.7916666666666666 0.9913194444444444 0.7903645833333334 0.9930555555555556 0.7838541666666666 0.9895833333333334 0.7734375 0.9895833333333334 0.7552083333333334 0.9704861111111112 0.73046875 0.9635416666666666 0.71484375 0.9635416666666666 0.7096354166666666 0.9600694444444444 0.7057291666666666 0.9600694444444444 0.6809895833333334 0.9565972222222222 0.6705729166666666 0.9600694444444444 0.6536458333333334 0.9583333333333334 0.6419270833333334 0.9479166666666666 0.63671875 0.9444444444444444 0.6184895833333334 0.9444444444444444 0.5807291666666666 0.9652777777777778 0.5546875 0.9652777777777778 0.5455729166666666 0.9722222222222222 0.5338541666666666 0.9756944444444444 0.5338541666666666 0.9878472222222222 0.5247395833333334 0.9913194444444444 0.5247395833333334
0 0.4184027777777778 0.7799479166666666 0.4253472222222222 0.7825520833333334 0.4340277777777778 0.78125 0.4479166666666667 0.80078125 0.4635416666666667 0.8111979166666666 0.484375 0.8177083333333334 0.4878472222222222 0.8216145833333334 0.5 0.8255208333333334 0.5069444444444444 0.8307291666666666 0.5121527777777778 0.8307291666666666 0.5208333333333334 0.8346354166666666 0.578125 0.87890625 0.6145833333333334 0.8984375 0.6493055555555556 0.9114583333333334 0.6545138888888888 0.9192708333333334 0.6597222222222222 0.9401041666666666 0.6597222222222222 0.984375 0.6614583333333334 0.9856770833333334 0.6597222222222222 0.99609375 0.65625 0.9986979166666666 0.6284722222222222 0.9986979166666666 0.6267361111111112 0.99609375 0.609375 0.99609375 0.6059027777777778 0.9986979166666666 0.5902777777777778 0.9973958333333334 0.5885416666666666 0.9986979166666666 0.53125 0.9986979166666666 0.5295138888888888 0.99609375 0.5243055555555556 0.99609375 0.5208333333333334 0.9986979166666666 0.4861111111111111 0.9973958333333334 0.4565972222222222 0.9986979166666666 0.453125 0.99609375 0.4427083333333333 0.99609375 0.4409722222222222 0.9986979166666666 0.40625 0.9986979166666666 0.4045138888888889 0.99609375 0.3975694444444444 0.9986979166666666 0.2534722222222222 0.9986979166666666 0.2534722222222222 0.99609375 0.25 0.9947916666666666 0.2378472222222222 0.99609375 0.2361111111111111 0.9986979166666666 0.1579861111111111 0.9986979166666666 0.1545138888888889 0.97265625 0.16666666666666666 0.9166666666666666 0.171875 0.9010416666666666 0.19444444444444445 0.875 0.19791666666666666 0.875 0.2065972222222222 0.8684895833333334 0.21180555555555555 0.8671875 0.22395833333333334 0.8580729166666666 0.2378472222222222 0.8528645833333334 0.2795138888888889 0.8268229166666666 0.2916666666666667 0.8229166666666666 0.3055555555555556 0.8151041666666666 0.3159722222222222 0.8125 0.3368055555555556 0.7994791666666666 0.3611111111111111 0.7916666666666666 0.3715277777777778 0.7903645833333334 0.3767361111111111 0.7864583333333334 0.3854166666666667 0.7864583333333334 0.3923611111111111 0.7825520833333334 0.3975694444444444 0.7838541666666666 0.4027777777777778 0.78125 0.4166666666666667 0.78125
0 0.4652777777777778 0 0.4635416666666667 0.00390625 0.4548611111111111 0.0026041666666666665 0.4444444444444444 0.0078125 0.4270833333333333 0.010416666666666666 0.3802083333333333 0.026041666666666668 0.375 0.03125 0.3697916666666667 0.032552083333333336 0.3454861111111111 0.049479166666666664 0.3402777777777778 0.055989583333333336 0.3315972222222222 0.05859375 0.3211805555555556 0.06770833333333333 0.3211805555555556 0.0703125 0.2951388888888889 0.10026041666666667 0.2690972222222222 0.14192708333333334 0.2586805555555556 0.14583333333333334 0.2517361111111111 0.14583333333333334 0.24131944444444445 0.140625 0.234375 0.12890625 0.22569444444444445 0.12109375 0.2222222222222222 0.11197916666666667 0.21180555555555555 0.10026041666666667 0.21006944444444445 0.09505208333333333 0.19618055555555555 0.08203125 0.19270833333333334 0.06770833333333333 0.18229166666666666 0.045572916666666664 0.18055555555555555 0.028645833333333332 0.1684027777777778 0.0078125 0.1684027777777778 0.0026041666666666665 0.171875 0 0.3055555555555556 0 0.3072916666666667 0.0013020833333333333 0.3090277777777778 0 0.4635416666666667 0
0 0.003472222222222222 0 0.14756944444444445 0 0.16493055555555555 0.01953125 0.17881944444444445 0.044270833333333336 0.1840277777777778 0.07161458333333333 0.1840277777777778 0.13541666666666666 0.1857638888888889 0.13671875 0.18229166666666666 0.14583333333333334 0.1736111111111111 0.1484375 0.14930555555555555 0.13541666666666666 0.1076388888888889 0.12369791666666667 0.0954861111111111 0.12369791666666667 0.0920138888888889 0.12109375 0.07291666666666667 0.1171875 0.0625 0.1171875 0.059027777777777776 0.11458333333333333 0.04513888888888889 0.11458333333333333 0.017361111111111112 0.11067708333333333 0 0.11197916666666667 0 0.0026041666666666665 0.003472222222222222 0.0013020833333333333
0 0.08506944444444445 0.5950520833333334 0.09375 0.5989583333333334 0.16145833333333334 0.59765625 0.1875 0.6002604166666666 0.19618055555555555 0.6028645833333334 0.2222222222222222 0.60546875 0.22916666666666666 0.609375 0.234375 0.609375 0.2378472222222222 0.61328125 0.25 0.6158854166666666 0.2743055555555556 0.6354166666666666 0.2795138888888889 0.63671875 0.2847222222222222 0.6458333333333334 0.2916666666666667 0.6497395833333334 0.3090277777777778 0.6822916666666666 0.3107638888888889 0.6979166666666666 0.3090277777777778 0.7096354166666666 0.3055555555555556 0.7122395833333334 0.2916666666666667 0.7135416666666666 0.2795138888888889 0.71875 0.2673611111111111 0.7265625 0.265625 0.73046875 0.2708333333333333 0.7486979166666666 0.2916666666666667 0.7747395833333334 0.2864583333333333 0.78125 0.2847222222222222 0.8020833333333334 0.2760416666666667 0.8033854166666666 0.2638888888888889 0.8151041666666666 0.2534722222222222 0.8203125 0.2482638888888889 0.8203125 0.2361111111111111 0.8307291666666666 0.2204861111111111 0.8372395833333334 0.2152777777777778 0.8424479166666666 0.203125 0.8489583333333334 0.19444444444444445 0.859375 0.18229166666666666 0.8684895833333334 0.16493055555555555 0.8763020833333334 0.140625 0.8802083333333334 0.10416666666666667 0.890625 0.059027777777777776 0.890625 0.057291666666666664 0.8919270833333334 0.03993055555555555 0.8919270833333334 0.03298611111111111 0.8893229166666666 0.020833333333333332 0.8893229166666666 0.013888888888888888 0.88671875 0 0.8854166666666666 0 0.6614583333333334 0.005208333333333333 0.6497395833333334 0.013888888888888888 0.6432291666666666 0.036458333333333336 0.6158854166666666 0.06076388888888889 0.5989583333333334 0.07118055555555555 0.5950520833333334 0.08333333333333333 0.5950520833333334
0 0.9513888888888888 0.92578125 0.9548611111111112 0.9361979166666666 0.9791666666666666 0.9609375 0.9774305555555556 0.9791666666666666 0.9809027777777778 0.9934895833333334 0.9791666666666666 0.9986979166666666 0.9322916666666666 0.9986979166666666 0.9305555555555556 0.9973958333333334 0.9288194444444444 0.9986979166666666 0.6684027777777778 0.9986979166666666 0.6649305555555556 0.9947916666666666 0.6684027777777778 0.9869791666666666 0.6666666666666666 0.93359375 0.6701388888888888 0.9270833333333334 0.6753472222222222 0.9244791666666666 0.6944444444444444 0.9270833333333334 0.7065972222222222 0.93359375 0.7430555555555556 0.9427083333333334 0.75 0.9427083333333334 0.7534722222222222 0.9466145833333334 0.7673611111111112 0.953125 0.7829861111111112 0.953125 0.7951388888888888 0.9557291666666666 0.828125 0.9557291666666666 0.84375 0.9518229166666666 0.8663194444444444 0.9401041666666666 0.8871527777777778 0.9348958333333334 0.9010416666666666 0.93359375 0.9184027777777778 0.92578125 0.9253472222222222 0.92578125 0.9375 0.921875 0.9461805555555556 0.921875 0.9496527777777778 0.92578125
0 0.9756944444444444 0.12239583333333333 0.9878472222222222 0.125 0.9982638888888888 0.1328125 0.9982638888888888 0.25 0.9895833333333334 0.2552083333333333 0.9878472222222222 0.2591145833333333 0.9826388888888888 0.2591145833333333 0.9791666666666666 0.26171875 0.9809027777777778 0.2708333333333333 0.9895833333333334 0.2747395833333333 0.9913194444444444 0.28125 0.9982638888888888 0.2864583333333333 0.9982638888888888 0.3072916666666667 0.9930555555555556 0.3151041666666667 0.9947916666666666 0.3294270833333333 0.9982638888888888 0.3359375 0.9982638888888888 0.3619791666666667 0.9913194444444444 0.3671875 0.9947916666666666 0.375 0.9947916666666666 0.3893229166666667 0.9982638888888888 0.3919270833333333 0.9982638888888888 0.5 0.9913194444444444 0.5065104166666666 0.96875 0.515625 0.9357638888888888 0.5221354166666666 0.9270833333333334 0.5260416666666666 0.9045138888888888 0.53125 0.8680555555555556 0.5299479166666666 0.8524305555555556 0.5260416666666666 0.7899305555555556 0.5169270833333334 0.7725694444444444 0.51171875 0.7534722222222222 0.5026041666666666 0.7256944444444444 0.4830729166666667 0.7065972222222222 0.4674479166666667 0.6961805555555556 0.4544270833333333 0.6805555555555556 0.421875 0.671875 0.3971354166666667 0.671875 0.3854166666666667 0.6666666666666666 0.3671875 0.6666666666666666 0.3489583333333333 0.6788194444444444 0.3151041666666667 0.6805555555555556 0.3033854166666667 0.6909722222222222 0.2890625 0.6996527777777778 0.2708333333333333 0.7170138888888888 0.25 0.7274305555555556 0.22916666666666666 0.7552083333333334 0.19270833333333334 0.8003472222222222 0.15885416666666666 0.8333333333333334 0.14322916666666666 0.8489583333333334 0.14192708333333334 0.8854166666666666 0.12760416666666666 0.9114583333333334 0.12630208333333334 0.9340277777777778 0.12239583333333333 0.9739583333333334 0.12239583333333333
0 0 0.8932291666666666 0.017361111111111112 0.89453125 0.03125 0.8997395833333334 0.04861111111111111 0.90234375 0.057291666666666664 0.9088541666666666 0.05555555555555555 0.9296875 0.052083333333333336 0.93359375 0.05381944444444445 0.9427083333333334 0.050347222222222224 0.9505208333333334 0.050347222222222224 0.984375 0.04861111111111111 0.9856770833333334 0.050347222222222224 0.9986979166666666 0.005208333333333333 0.9986979166666666 0 0.9947916666666666 0 0.89453125
0 0.6545138888888888 0.3515625 0.6579861111111112 0.3567708333333333 0.6614583333333334 0.3893229166666667 0.6857638888888888 0.44921875 0.6927083333333334 0.4609375 0.7170138888888888 0.48828125 0.7118055555555556 0.4934895833333333 0.6631944444444444 0.4947916666666667 0.65625 0.4973958333333333 0.6302083333333334 0.4973958333333333 0.6232638888888888 0.4947916666666667 0.6111111111111112 0.49609375 0.6006944444444444 0.4947916666666667 0.5920138888888888 0.4973958333333333 0.5833333333333334 0.4973958333333333 0.5746527777777778 0.48828125 0.5746527777777778 0.4856770833333333 0.5625 0.4778645833333333 0.5538194444444444 0.46875 0.5416666666666666 0.44921875 0.5416666666666666 0.43359375 0.5451388888888888 0.4283854166666667 0.5677083333333334 0.4166666666666667 0.6145833333333334 0.3815104166666667 0.6354166666666666 0.3580729166666667 0.6527777777777778 0.3515625
0 0.1701388888888889 0 0.3038194444444444 0 0.3072916666666667 0.0026041666666666665 0.3107638888888889 0 0.4704861111111111 0 0.4739583333333333 0.00390625 0.4791666666666667 0.00390625 0.4826388888888889 0 0.6111111111111112 0 0.6059027777777778 0.006510416666666667 0.59375 0.01171875 0.5815972222222222 0.020833333333333332 0.578125 0.032552083333333336 0.5729166666666666 0.032552083333333336 0.5625 0.02734375 0.5538194444444444 0.026041666666666668 0.5295138888888888 0.015625 0.5052083333333334 0.013020833333333334 0.4861111111111111 0.005208333333333333 0.4791666666666667 0.005208333333333333 0.4739583333333333 0.0078125 0.4704861111111111 0.005208333333333333 0.4496527777777778 0.006510416666666667 0.4131944444444444 0.015625 0.3819444444444444 0.02734375 0.3524305555555556 0.044270833333333336 0.3385416666666667 0.055989583333333336 0.3298611111111111 0.05859375 0.3003472222222222 0.09114583333333333 0.2708333333333333 0.13671875 0.2638888888888889 0.14192708333333334 0.2534722222222222 0.14192708333333334 0.24305555555555555 0.13671875 0.23958333333333334 0.12890625 0.22569444444444445 0.11588541666666667 0.21180555555555555 0.09375 0.19791666666666666 0.07942708333333333 0.19270833333333334 0.0625 0.1840277777777778 0.046875 0.18229166666666666 0.028645833333333332 0.1684027777777778 0.006510416666666667 0.1701388888888889 0.0013020833333333333
0 0.4930555555555556 0.013020833333333334 0.5034722222222222 0.016927083333333332 0.5260416666666666 0.01953125 0.5347222222222222 0.024739583333333332 0.5642361111111112 0.032552083333333336 0.5798611111111112 0.041666666666666664 0.6111111111111112 0.06770833333333333 0.6371527777777778 0.10546875 0.6475694444444444 0.12760416666666666 0.6527777777777778 0.15364583333333334 0.6579861111111112 0.16536458333333334 0.6597222222222222 0.18359375 0.6701388888888888 0.19270833333333334 0.6840277777777778 0.19921875 0.6875 0.20572916666666666 0.6875 0.22005208333333334 0.6840277777777778 0.22916666666666666 0.6875 0.24739583333333334 0.65625 0.3020833333333333 0.6458333333333334 0.3450520833333333 0.625 0.3580729166666667 0.6232638888888888 0.3645833333333333 0.6111111111111112 0.3802083333333333 0.5850694444444444 0.3971354166666667 0.5694444444444444 0.41015625 0.5520833333333334 0.4192708333333333 0.5243055555555556 0.4296875 0.4791666666666667 0.4388020833333333 0.4461805555555556 0.4361979166666667 0.4253472222222222 0.4309895833333333 0.3975694444444444 0.4205729166666667 0.375 0.40625 0.3663194444444444 0.3971354166666667 0.359375 0.3841145833333333 0.3368055555555556 0.3658854166666667 0.3298611111111111 0.35546875 0.3159722222222222 0.3463541666666667 0.3125 0.33984375 0.3090277777777778 0.3203125 0.2951388888888889 0.2916666666666667 0.2795138888888889 0.26953125 0.2708333333333333 0.24869791666666666 0.265625 0.20833333333333334 0.2708333333333333 0.171875 0.2795138888888889 0.15234375 0.2881944444444444 0.12239583333333333 0.3315972222222222 0.06640625 0.3472222222222222 0.05859375 0.3836805555555556 0.03125 0.4149305555555556 0.01953125 0.4618055555555556 0.009114583333333334 0.484375 0.010416666666666666 0.4913194444444444 0.013020833333333334
0 0.7361111111111112 0.5 0.7465277777777778 0.5078125 0.7569444444444444 0.5104166666666666 0.7725694444444444 0.5182291666666666 0.8090277777777778 0.5234375 0.8263888888888888 0.5286458333333334 0.8559027777777778 0.53125 0.8732638888888888 0.53515625 0.875 0.5338541666666666 0.9045138888888888 0.53515625 0.9149305555555556 0.5390625 0.9166666666666666 0.5416666666666666 0.9201388888888888 0.5533854166666666 0.9184027777777778 0.5559895833333334 0.9288194444444444 0.5703125 0.9253472222222222 0.58203125 0.9201388888888888 0.5859375 0.9149305555555556 0.5950520833333334 0.90625 0.6002604166666666 0.8940972222222222 0.6002604166666666 0.8767361111111112 0.5950520833333334 0.8697916666666666 0.5989583333333334 0.8697916666666666 0.61328125 0.8767361111111112 0.6158854166666666 0.8784722222222222 0.62109375 0.8767361111111112 0.63671875 0.8697916666666666 0.6419270833333334 0.8368055555555556 0.65234375 0.8263888888888888 0.65234375 0.8194444444444444 0.6484375 0.8107638888888888 0.6484375 0.7760416666666666 0.6419270833333334 0.7621527777777778 0.6276041666666666 0.7413194444444444 0.62890625 0.734375 0.625 0.7291666666666666 0.6184895833333334 0.7256944444444444 0.61328125 0.7256944444444444 0.6067708333333334 0.7239583333333334 0.60546875 0.7204861111111112 0.6080729166666666 0.7170138888888888 0.6067708333333334 0.7118055555555556 0.59375 0.6857638888888888 0.5794270833333334 0.6805555555555556 0.5703125 0.6822916666666666 0.5651041666666666 0.6701388888888888 0.5533854166666666 0.6701388888888888 0.54296875 0.6753472222222222 0.5403645833333334 0.6770833333333334 0.5325520833333334 0.6909722222222222 0.5247395833333334 0.6927083333333334 0.5169270833333334 0.6979166666666666 0.51171875 0.7222222222222222 0.5 0.734375 0.5
0 0.16145833333333334 0.8893229166666666 0.16666666666666666 0.8958333333333334 0.16666666666666666 0.9036458333333334 0.1579861111111111 0.9270833333333334 0.14930555555555555 0.96484375 0.15104166666666666 0.9986979166666666 0.06597222222222222 0.9986979166666666 0.057291666666666664 0.98046875 0.059027777777777776 0.953125 0.0625 0.9466145833333334 0.06076388888888889 0.92578125 0.06597222222222222 0.9036458333333334 0.07118055555555555 0.8984375 0.078125 0.8958333333333334 0.10590277777777778 0.8971354166666666 0.1388888888888889 0.8880208333333334 0.1597222222222222 0.8893229166666666
0 0.7100694444444444 0.049479166666666664 0.7395833333333334 0.055989583333333336 0.7829861111111112 0.07291666666666667 0.8072916666666666 0.09114583333333333 0.8177083333333334 0.10416666666666667 0.8350694444444444 0.11588541666666667 0.8420138888888888 0.12760416666666666 0.8420138888888888 0.13411458333333334 0.8333333333333334 0.13932291666666666 0.8177083333333334 0.14322916666666666 0.8038194444444444 0.14973958333333334 0.78125 0.16796875 0.7638888888888888 0.17838541666666666 0.7465277777777778 0.19401041666666666 0.7100694444444444 0.23958333333333334 0.7013888888888888 0.24348958333333334 0.6961805555555556 0.2421875 0.6944444444444444 0.23567708333333334 0.6961805555555556 0.22265625 0.6944444444444444 0.20442708333333334 0.6909722222222222 0.19921875 0.6736111111111112 0.18619791666666666 0.6701388888888888 0.17708333333333334 0.6666666666666666 0.17447916666666666 0.6475694444444444 0.11328125 0.6145833333333334 0.06380208333333333 0.6145833333333334 0.059895833333333336 0.6180555555555556 0.055989583333333336 0.6284722222222222 0.052083333333333336 0.6510416666666666 0.048177083333333336 0.6770833333333334 0.046875 0.7083333333333334 0.049479166666666664
0 0.6197916666666666 0 0.8680555555555556 0 0.8697916666666666 0.00390625 0.8697916666666666 0.009114583333333334 0.8645833333333334 0.015625 0.8628472222222222 0.02734375 0.8559027777777778 0.03515625 0.8489583333333334 0.05078125 0.8402777777777778 0.055989583333333336 0.8333333333333334 0.0703125 0.828125 0.07552083333333333 0.8194444444444444 0.07942708333333333 0.8038194444444444 0.08203125 0.7638888888888888 0.061197916666666664 0.7013888888888888 0.044270833333333336 0.6631944444444444 0.04296875 0.6527777777777778 0.045572916666666664 0.6215277777777778 0.048177083333333336 0.6128472222222222 0.046875 0.6024305555555556 0.026041666666666668 0.6059027777777778 0.022135416666666668 0.6059027777777778 0.015625 0.6197916666666666 0.0013020833333333333
0 0.0954861111111111 0.15104166666666666 0.11284722222222222 0.15364583333333334 0.125 0.15885416666666666 0.13368055555555555 0.16015625 0.16145833333333334 0.17447916666666666 0.1875 0.18489583333333334 0.21006944444444445 0.20052083333333334 0.23958333333333334 0.23177083333333334 0.2517361111111111 0.24609375 0.2586805555555556 0.2604166666666667 0.2847222222222222 0.2955729166666667 0.2951388888888889 0.3177083333333333 0.296875 0.328125 0.2951388888888889 0.33984375 0.2986111111111111 0.3463541666666667 0.3003472222222222 0.3723958333333333 0.2916666666666667 0.4140625 0.2760416666666667 0.45703125 0.2552083333333333 0.4895833333333333 0.2152777777777778 0.5260416666666666 0.17881944444444445 0.546875 0.13368055555555555 0.5638020833333334 0.09027777777777778 0.57421875 0.043402777777777776 0.578125 0.010416666666666666 0.5768229166666666 0 0.5716145833333334 0 0.3372395833333333 0.001736111111111111 0.3359375 0 0.16015625 0.012152777777777778 0.15364583333333334 0.029513888888888888 0.15234375 0.036458333333333336 0.14973958333333334 0.0798611111111111 0.1484375 0.09375 0.15104166666666666