0 0.4097222222222222 0.6705729166666666 0.4375 0.6822916666666666 0.4496527777777778 0.69140625 0.4583333333333333 0.7018229166666666 0.4704861111111111 0.7252604166666666 0.4774305555555556 0.75390625 0.4878472222222222 0.7708333333333334 0.4809027777777778 0.7838541666666666 0.4583333333333333 0.80859375 0.4166666666666667 0.8463541666666666 0.3923611111111111 0.8567708333333334 0.3663194444444444 0.8606770833333334 0.3454861111111111 0.8606770833333334 0.3246527777777778 0.8567708333333334 0.2951388888888889 0.8411458333333334 0.2829861111111111 0.83203125 0.2777777777777778 0.82421875 0.2673611111111111 0.8177083333333334 0.2586805555555556 0.8072916666666666 0.2604166666666667 0.7825520833333334 0.2534722222222222 0.7786458333333334 0.2482638888888889 0.7799479166666666 0.24305555555555555 0.7786458333333334 0.24131944444444445 0.7734375 0.24479166666666666 0.7630208333333334 0.2621527777777778 0.7395833333333334 0.2673611111111111 0.7278645833333334 0.2760416666666667 0.7213541666666666 0.2847222222222222 0.7057291666666666 0.3055555555555556 0.6875 0.3333333333333333 0.6731770833333334 0.3506944444444444 0.66796875 0.3871527777777778 0.6653645833333334 0.4079861111111111 0.6705729166666666
0 0.5885416666666666 0.24609375 0.609375 0.25 0.6197916666666666 0.2552083333333333 0.625 0.2734375 0.6423611111111112 0.2903645833333333 0.6493055555555556 0.30078125 0.6493055555555556 0.3046875 0.6423611111111112 0.3098958333333333 0.6336805555555556 0.3216145833333333 0.6180555555555556 0.3255208333333333 0.609375 0.33203125 0.5920138888888888 0.3723958333333333 0.5850694444444444 0.4049479166666667 0.5625 0.421875 0.5520833333333334 0.4166666666666667 0.53125 0.4127604166666667 0.5225694444444444 0.4114583333333333 0.5069444444444444 0.4127604166666667 0.5052083333333334 0.41015625 0.4670138888888889 0.3971354166666667 0.4444444444444444 0.3802083333333333 0.4375 0.37109375 0.4305555555555556 0.3463541666666667 0.4322916666666667 0.3268229166666667 0.4409722222222222 0.3111979166666667 0.4409722222222222 0.3020833333333333 0.4461805555555556 0.2890625 0.4670138888888889 0.2708333333333333 0.4861111111111111 0.2604166666666667 0.53125 0.24479166666666666 0.5868055555555556 0.24609375
0 0.9253472222222222 0.4713541666666667 0.9461805555555556 0.4791666666666667 0.9722222222222222 0.4973958333333333 0.9947916666666666 0.50390625 0.9982638888888888 0.5065104166666666 0.9982638888888888 0.5546875 0.9965277777777778 0.5559895833333334 0.9982638888888888 0.7005208333333334 0.9947916666666666 0.7018229166666666 0.9809027777777778 0.7018229166666666 0.9704861111111112 0.69921875 0.9375 0.6861979166666666 0.8940972222222222 0.6731770833333334 0.8697916666666666 0.6627604166666666 0.8420138888888888 0.6458333333333334 0.8263888888888888 0.6328125 0.8055555555555556 0.5989583333333334 0.8038194444444444 0.5885416666666666 0.8055555555555556 0.5716145833333334 0.8159722222222222 0.5533854166666666 0.8246527777777778 0.5416666666666666 0.8368055555555556 0.5338541666666666 0.8715277777777778 0.4908854166666667 0.8888888888888888 0.4765625 0.9079861111111112 0.4713541666666667 0.9236111111111112 0.4713541666666667
0 0.3055555555555556 0.3697916666666667 0.328125 0.37890625 0.3420138888888889 0.3932291666666667 0.3506944444444444 0.41015625 0.3524305555555556 0.4453125 0.3472222222222222 0.4583333333333333 0.3298611111111111 0.4739583333333333 0.3194444444444444 0.4869791666666667 0.3003472222222222 0.4908854166666667 0.2638888888888889 0.4895833333333333 0.22743055555555555 0.4739583333333333 0.1909722222222222 0.4479166666666667 0.1892361111111111 0.4270833333333333 0.1996527777777778 0.3971354166666667 0.21875 0.3723958333333333 0.24479166666666666 0.3658854166666667 0.2673611111111111 0.3645833333333333 0.2829861111111111 0.3645833333333333 0.3038194444444444 0.3697916666666667
0 0.4340277777777778 0.4518229166666667 0.453125 0.45703125 0.4756944444444444 0.46875 0.4861111111111111 0.4765625 0.5017361111111112 0.4947916666666667 0.5086805555555556 0.5091145833333334 0.5104166666666666 0.5364583333333334 0.5086805555555556 0.5416666666666666 0.4913194444444444 0.5520833333333334 0.4878472222222222 0.5755208333333334 0.4739583333333333 0.59375 0.4565972222222222 0.6028645833333334 0.4184027777777778 0.6106770833333334 0.3854166666666667 0.609375 0.3506944444444444 0.5963541666666666 0.3420138888888889 0.5950520833333334 0.3125 0.5494791666666666 0.3107638888888889 0.5143229166666666 0.3177083333333333 0.49609375 0.3246527777777778 0.4856770833333333 0.3368055555555556 0.47265625 0.3541666666666667 0.4596354166666667 0.3767361111111111 0.4518229166666667 0.3923611111111111 0.44921875 0.4184027777777778 0.44921875 0.4322916666666667 0.4518229166666667
0 0.7899305555555556 0.19270833333333334 0.8125 0.20182291666666666 0.8298611111111112 0.20572916666666666 0.8541666666666666 0.21875 0.8697916666666666 0.22916666666666666 0.8819444444444444 0.24609375 0.8854166666666666 0.25390625 0.8836805555555556 0.2825520833333333 0.8732638888888888 0.296875 0.8541666666666666 0.30859375 0.8229166666666666 0.3033854166666667 0.8072916666666666 0.296875 0.7795138888888888 0.29296875 0.7204861111111112 0.2916666666666667 0.7048611111111112 0.296875 0.6840277777777778 0.2955729166666667 0.6805555555555556 0.2799479166666667 0.6805555555555556 0.2643229166666667 0.6857638888888888 0.25 0.6961805555555556 0.23697916666666666 0.7100694444444444 0.2265625 0.7361111111111112 0.21354166666666666 0.7482638888888888 0.20963541666666666 0.7690972222222222 0.19401041666666666 0.7777777777777778 0.19140625 0.7881944444444444 0.19270833333333334
0 0.1284722222222222 0.4921875 0.1857638888888889 0.5026041666666666 0.2222222222222222 0.5208333333333334 0.2482638888888889 0.5416666666666666 0.265625 0.56640625 0.2708333333333333 0.578125 0.2725694444444444 0.6145833333333334 0.2604166666666667 0.6380208333333334 0.2517361111111111 0.6471354166666666 0.21875 0.6705729166666666 0.1840277777777778 0.6848958333333334 0.17881944444444445 0.6888020833333334 0.17708333333333334 0.6953125 0.171875 0.6979166666666666 0.16319444444444445 0.6901041666666666 0.1232638888888889 0.6927083333333334 0.11284722222222222 0.6901041666666666 0.0954861111111111 0.6901041666666666 0.07291666666666667 0.68359375 0.029513888888888888 0.6640625 0 0.63671875 0 0.54296875 0.008680555555555556 0.5364583333333334 0.017361111111111112 0.5338541666666666 0.03298611111111111 0.5247395833333334 0.03993055555555555 0.5143229166666666 0.05381944444444445 0.5052083333333334 0.0642361111111111 0.4947916666666667 0.08159722222222222 0.4908854166666667 0.1267361111111111 0.4921875
0 0.7326388888888888 0.2942708333333333 0.7899305555555556 0.296875 0.8090277777777778 0.30078125 0.8246527777777778 0.30859375 0.8420138888888888 0.3098958333333333 0.8559027777777778 0.3138020833333333 0.8784722222222222 0.328125 0.9045138888888888 0.3541666666666667 0.9114583333333334 0.36328125 0.9184027777777778 0.37890625 0.921875 0.39453125 0.921875 0.41796875 0.9045138888888888 0.46484375 0.8854166666666666 0.47265625 0.8767361111111112 0.4791666666666667 0.8298611111111112 0.52734375 0.8090277777777778 0.5377604166666666 0.7743055555555556 0.546875 0.7430555555555556 0.546875 0.7222222222222222 0.54296875 0.7065972222222222 0.5390625 0.6736111111111112 0.5247395833333334 0.6684027777777778 0.5286458333333334 0.6545138888888888 0.5286458333333334 0.6475694444444444 0.5260416666666666 0.609375 0.5013020833333334 0.5972222222222222 0.4856770833333333 0.5920138888888888 0.4674479166666667 0.5885416666666666 0.4309895833333333 0.5920138888888888 0.3893229166666667 0.6024305555555556 0.3606770833333333 0.609375 0.3502604166666667 0.6128472222222222 0.3346354166666667 0.6232638888888888 0.3294270833333333 0.6302083333333334 0.3294270833333333 0.6458333333333334 0.3177083333333333 0.6666666666666666 0.3059895833333333 0.6875 0.30078125 0.7065972222222222 0.30078125 0.7204861111111112 0.2955729166666667 0.7309027777777778 0.2942708333333333
0 0.4149305555555556 0.20442708333333334 0.4340277777777778 0.21484375 0.4496527777777778 0.23046875 0.4635416666666667 0.2552083333333333 0.4652777777777778 0.26171875 0.4635416666666667 0.2682291666666667 0.4375 0.29296875 0.4357638888888889 0.3111979166666667 0.4288194444444444 0.32421875 0.4288194444444444 0.3333333333333333 0.4253472222222222 0.3411458333333333 0.4079861111111111 0.3528645833333333 0.3802083333333333 0.3645833333333333 0.3645833333333333 0.3684895833333333 0.3454861111111111 0.3684895833333333 0.328125 0.37109375 0.3194444444444444 0.37109375 0.3072916666666667 0.3658854166666667 0.2743055555555556 0.3580729166666667 0.2604166666666667 0.3502604166666667 0.2465277777777778 0.3346354166666667 0.24305555555555555 0.3177083333333333 0.2361111111111111 0.3059895833333333 0.234375 0.29296875 0.2465277777777778 0.2825520833333333 0.25 0.27734375 0.2517361111111111 0.2669270833333333 0.2569444444444444 0.2630208333333333 0.2604166666666667 0.2630208333333333 0.2638888888888889 0.2591145833333333 0.2725694444444444 0.2578125 0.296875 0.23958333333333334 0.3125 0.22395833333333334 0.3333333333333333 0.20963541666666666 0.3385416666666667 0.20182291666666666 0.3576388888888889 0.19791666666666666 0.3697916666666667 0.19791666666666666 0.3819444444444444 0.19401041666666666 0.3975694444444444 0.19401041666666666 0.4027777777777778 0.1953125 0.4131944444444444 0.20442708333333334
0 0.9982638888888888 0.3580729166666667 0.9982638888888888 0.46484375 0.9756944444444444 0.4609375 0.9618055555555556 0.4557291666666667 0.9565972222222222 0.45703125 0.9427083333333334 0.4557291666666667 0.921875 0.4466145833333333 0.9184027777777778 0.4427083333333333 0.9201388888888888 0.4322916666666667 0.9270833333333334 0.421875 0.9288194444444444 0.4127604166666667 0.9253472222222222 0.390625 0.9270833333333334 0.3802083333333333 0.9635416666666666 0.3606770833333333 0.9739583333333334 0.3580729166666667 0.9965277777777778 0.3580729166666667
0 0.6857638888888888 0.5377604166666666 0.6944444444444444 0.5390625 0.71875 0.5481770833333334 0.7413194444444444 0.5638020833333334 0.7638888888888888 0.5872395833333334 0.7725694444444444 0.6106770833333334 0.7725694444444444 0.6302083333333334 0.7673611111111112 0.6614583333333334 0.7621527777777778 0.6705729166666666 0.7413194444444444 0.6888020833333334 0.7309027777777778 0.6966145833333334 0.71875 0.7005208333333334 0.7083333333333334 0.70703125 0.6822916666666666 0.71484375 0.640625 0.7174479166666666 0.6180555555555556 0.7174479166666666 0.6006944444444444 0.71484375 0.5798611111111112 0.7096354166666666 0.5555555555555556 0.69921875 0.5277777777777778 0.67578125 0.5138888888888888 0.6458333333333334 0.5121527777777778 0.6223958333333334 0.5295138888888888 0.5885416666666666 0.5520833333333334 0.56640625 0.5572916666666666 0.55859375 0.5642361111111112 0.5546875 0.578125 0.5520833333333334 0.5989583333333334 0.5416666666666666 0.6163194444444444 0.5403645833333334 0.6284722222222222 0.5364583333333334 0.6701388888888888 0.53515625 0.6840277777777778 0.5377604166666666
0 0.6163194444444444 0.07552083333333333 0.6284722222222222 0.08333333333333333 0.6354166666666666 0.09505208333333333 0.6545138888888888 0.10807291666666667 0.6822916666666666 0.13151041666666666 0.6909722222222222 0.14973958333333334 0.6909722222222222 0.17447916666666666 0.6840277777777778 0.19140625 0.6597222222222222 0.21354166666666666 0.6388888888888888 0.22526041666666666 0.6041666666666666 0.23567708333333334 0.5868055555555556 0.23567708333333334 0.5729166666666666 0.23177083333333334 0.5572916666666666 0.22395833333333334 0.5364583333333334 0.20833333333333334 0.5243055555555556 0.19140625 0.5208333333333334 0.18098958333333334 0.5208333333333334 0.14583333333333334 0.5260416666666666 0.13541666666666666 0.5451388888888888 0.11848958333333333 0.5590277777777778 0.10807291666666667 0.5659722222222222 0.10546875 0.5972222222222222 0.08072916666666667 0.609375 0.07552083333333333 0.6145833333333334 0.07552083333333333