0 0.546875 0.4127604166666667 0.55078125 0.4140625 0.5537109375 0.4205729166666667 0.5546875 0.43359375 0.55859375 0.4479166666666667 0.5576171875 0.4557291666666667 0.560546875 0.4869791666666667 0.564453125 0.5013020833333334 0.564453125 0.5247395833333334 0.556640625 0.546875 0.5439453125 0.5611979166666666 0.53515625 0.5638020833333334 0.53515625 0.52734375 0.529296875 0.5 0.5126953125 0.4713541666666667 0.49609375 0.4596354166666667 0.49609375 0.4557291666666667 0.501953125 0.4544270833333333 0.5234375 0.4375 0.5361328125 0.421875 0.5458984375 0.4140625
0 0.458984375 0.4544270833333333 0.49609375 0.4622395833333333 0.5107421875 0.47265625 0.517578125 0.4817708333333333 0.5244140625 0.4934895833333333 0.5302734375 0.5104166666666666 0.533203125 0.5260416666666666 0.533203125 0.5638020833333334 0.5224609375 0.5989583333333334 0.5 0.6276041666666666 0.4775390625 0.6458333333333334 0.4541015625 0.65625 0.4248046875 0.6510416666666666 0.4111328125 0.6458333333333334 0.38671875 0.625 0.375 0.6080729166666666 0.3671875 0.5885416666666666 0.365234375 0.578125 0.365234375 0.5533854166666666 0.37109375 0.5182291666666666 0.3740234375 0.5104166666666666 0.3818359375 0.49609375 0.392578125 0.4830729166666667 0.404296875 0.47265625 0.421875 0.4661458333333333 0.431640625 0.4596354166666667 0.447265625 0.4544270833333333 0.4580078125 0.4544270833333333
0 0.7548828125 0.4934895833333333 0.7822265625 0.5078125 0.7939453125 0.5234375 0.8076171875 0.5481770833333334 0.814453125 0.5690104166666666 0.81640625 0.5846354166666666 0.8134765625 0.6328125 0.81640625 0.63671875 0.8212890625 0.6354166666666666 0.833984375 0.6158854166666666 0.8349609375 0.625 0.828125 0.6328125 0.8232421875 0.6471354166666666 0.8076171875 0.6510416666666666 0.80078125 0.66015625 0.7939453125 0.6731770833333334 0.791015625 0.6848958333333334 0.7802734375 0.6875 0.7626953125 0.703125 0.73828125 0.7083333333333334 0.7216796875 0.7083333333333334 0.705078125 0.7044270833333334 0.6953125 0.7005208333333334 0.6875 0.6927083333333334 0.669921875 0.6497395833333334 0.6513671875 0.6236979166666666 0.65234375 0.5755208333333334 0.6416015625 0.56640625 0.6416015625 0.5598958333333334 0.6513671875 0.5494791666666666 0.685546875 0.5299479166666666 0.697265625 0.5299479166666666 0.7060546875 0.5364583333333334 0.720703125 0.5338541666666666 0.7392578125 0.5208333333333334 0.748046875 0.5052083333333334 0.748046875 0.49609375 0.75390625 0.4934895833333333
0 0.49609375 0.22916666666666666 0.5107421875 0.24739583333333334 0.5146484375 0.2565104166666667 0.5146484375 0.26171875 0.498046875 0.2578125 0.4736328125 0.2578125 0.478515625 0.24348958333333334 0.4873046875 0.24479166666666666 0.490234375 0.24088541666666666 0.4912109375 0.23046875 0.4951171875 0.22916666666666666
0 0.86328125 0.4270833333333333 0.888671875 0.4375 0.9052734375 0.4596354166666667 0.912109375 0.4739583333333333 0.919921875 0.5 0.9287109375 0.51171875 0.9287109375 0.52734375 0.92578125 0.53125 0.9140625 0.5299479166666666 0.8994140625 0.5625 0.88671875 0.578125 0.87890625 0.58203125 0.8505859375 0.5859375 0.8388671875 0.5833333333333334 0.8193359375 0.5703125 0.8115234375 0.5481770833333334 0.7880859375 0.5078125 0.7880859375 0.4986979166666667 0.80078125 0.4739583333333333 0.8203125 0.4440104166666667 0.84375 0.4283854166666667 0.8623046875 0.4270833333333333
0 0.365234375 0.5234375 0.3671875 0.5299479166666666 0.36328125 0.5481770833333334 0.3623046875 0.58203125 0.3671875 0.59765625 0.375 0.61328125 0.38671875 0.62890625 0.4111328125 0.65234375 0.4111328125 0.6588541666666666 0.4091796875 0.671875 0.400390625 0.6901041666666666 0.3837890625 0.7096354166666666 0.3720703125 0.7161458333333334 0.3466796875 0.7213541666666666 0.3330078125 0.7213541666666666 0.3212890625 0.7174479166666666 0.294921875 0.6979166666666666 0.28125 0.6822916666666666 0.275390625 0.6692708333333334 0.267578125 0.640625 0.267578125 0.6028645833333334 0.2705078125 0.5807291666666666 0.279296875 0.5625 0.2939453125 0.5442708333333334 0.3134765625 0.5325520833333334 0.322265625 0.5299479166666666 0.328125 0.5234375 0.333984375 0.5208333333333334 0.3642578125 0.5234375
0 0.400390625 0.2682291666666667 0.408203125 0.2721354166666667 0.4111328125 0.27734375 0.4111328125 0.2903645833333333 0.4140625 0.2994791666666667 0.4111328125 0.3385416666666667 0.4140625 0.3450520833333333 0.4140625 0.3736979166666667 0.4169921875 0.3997395833333333 0.4189453125 0.41015625 0.43359375 0.4388020833333333 0.4345703125 0.4466145833333333 0.4267578125 0.45703125 0.4013671875 0.4700520833333333 0.3798828125 0.4908854166666667 0.3759765625 0.4921875 0.36328125 0.4856770833333333 0.34765625 0.4856770833333333 0.341796875 0.48046875 0.3388671875 0.4544270833333333 0.3349609375 0.4466145833333333 0.3310546875 0.4296875 0.328125 0.4049479166666667 0.3349609375 0.3828125 0.3603515625 0.33203125 0.3662109375 0.3138020833333333 0.3857421875 0.28515625 0.3896484375 0.2734375 0.3994140625 0.26953125
0 0.6552734375 0.3268229166666667 0.6669921875 0.3359375 0.6767578125 0.33984375 0.69140625 0.359375 0.6943359375 0.37109375 0.705078125 0.39453125 0.70703125 0.4244791666666667 0.7216796875 0.4596354166666667 0.7412109375 0.4869791666666667 0.744140625 0.5026041666666666 0.7373046875 0.5130208333333334 0.7275390625 0.5182291666666666 0.6884765625 0.51953125 0.666015625 0.53515625 0.65234375 0.5390625 0.6337890625 0.5390625 0.60546875 0.5338541666666666 0.595703125 0.5299479166666666 0.58203125 0.51953125 0.5703125 0.5052083333333334 0.5673828125 0.4973958333333333 0.5625 0.4739583333333333 0.5625 0.4505208333333333 0.5703125 0.3919270833333333 0.5810546875 0.3697916666666667 0.59375 0.3528645833333333 0.626953125 0.3307291666666667 0.63671875 0.3255208333333333 0.654296875 0.3268229166666667
0 0.7041015625 0.2916666666666667 0.728515625 0.3059895833333333 0.751953125 0.3294270833333333 0.765625 0.3489583333333333 0.77734375 0.3802083333333333 0.7822265625 0.3880208333333333 0.783203125 0.4205729166666667 0.787109375 0.4283854166666667 0.787109375 0.4361979166666667 0.783203125 0.4440104166666667 0.783203125 0.45703125 0.787109375 0.4674479166666667 0.787109375 0.4752604166666667 0.77734375 0.4817708333333333 0.7646484375 0.4765625 0.76171875 0.4817708333333333 0.7529296875 0.4869791666666667 0.7470703125 0.4869791666666667 0.744140625 0.484375 0.71875 0.4466145833333333 0.708984375 0.41796875 0.705078125 0.3841145833333333 0.6982421875 0.3736979166666667 0.6904296875 0.3528645833333333 0.6689453125 0.3294270833333333 0.640625 0.3203125 0.6435546875 0.3138020833333333 0.6552734375 0.3020833333333333 0.6669921875 0.2942708333333333 0.6845703125 0.2890625 0.703125 0.2916666666666667
0 0.5986328125 0.5859375 0.615234375 0.5950520833333334 0.6435546875 0.62109375 0.65625 0.63671875 0.6689453125 0.6549479166666666 0.685546875 0.7044270833333334 0.6904296875 0.7421875 0.6875 0.7786458333333334 0.6796875 0.8059895833333334 0.6630859375 0.8372395833333334 0.6484375 0.85546875 0.625 0.8697916666666666 0.59375 0.8776041666666666 0.5673828125 0.8776041666666666 0.5634765625 0.8880208333333334 0.5576171875 0.8932291666666666 0.5537109375 0.8932291666666666 0.548828125 0.8723958333333334 0.51171875 0.8502604166666666 0.4873046875 0.8216145833333334 0.4736328125 0.796875 0.4658203125 0.7747395833333334 0.4599609375 0.7473958333333334 0.4599609375 0.7291666666666666 0.46484375 0.6848958333333334 0.47265625 0.6640625 0.482421875 0.6510416666666666 0.501953125 0.6328125 0.5234375 0.60546875 0.5380859375 0.59765625 0.544921875 0.58984375 0.564453125 0.5885416666666666 0.56640625 0.5924479166666666 0.5732421875 0.5963541666666666 0.587890625 0.5989583333333334 0.595703125 0.5872395833333334 0.59765625 0.5872395833333334
0 0.49609375 0.2591145833333333 0.5068359375 0.26171875 0.5185546875 0.2682291666666667 0.54296875 0.2994791666666667 0.5537109375 0.3190104166666667 0.5576171875 0.33203125 0.560546875 0.3619791666666667 0.5546875 0.38671875 0.54296875 0.41015625 0.529296875 0.4283854166666667 0.5048828125 0.44921875 0.4892578125 0.453125 0.4541015625 0.44921875 0.4375 0.4388020833333333 0.4306640625 0.4309895833333333 0.4189453125 0.4036458333333333 0.416015625 0.375 0.4169921875 0.3424479166666667 0.4130859375 0.3307291666666667 0.4169921875 0.3177083333333333 0.416015625 0.2825520833333333 0.41796875 0.2734375 0.423828125 0.26171875 0.4462890625 0.265625 0.4609375 0.26171875 0.4951171875 0.2591145833333333
0 0.5732421875 0.24609375 0.5859375 0.24869791666666666 0.609375 0.2591145833333333 0.619140625 0.2669270833333333 0.6318359375 0.2890625 0.634765625 0.3177083333333333 0.6298828125 0.3255208333333333 0.59375 0.3489583333333333 0.5771484375 0.3645833333333333 0.5654296875 0.37109375 0.5625 0.3684895833333333 0.5615234375 0.33984375 0.5546875 0.3151041666666667 0.548828125 0.3033854166666667 0.52734375 0.2760416666666667 0.5263671875 0.2682291666666667 0.544921875 0.2513020833333333 0.572265625 0.24609375