0 0.5087890625 0.9388020833333334 0.51171875 0.9375 0.515625 0.9544270833333334 0.515625 0.9986979166666666 0.48046875 0.9986979166666666 0.4814453125 0.9934895833333334 0.4931640625 0.9739583333333334 0.5087890625 0.9401041666666666
0 0.6376953125 0.60546875 0.66015625 0.61328125 0.6826171875 0.62890625 0.701171875 0.65234375 0.708984375 0.6666666666666666 0.7158203125 0.6888020833333334 0.71875 0.7200520833333334 0.7177734375 0.7486979166666666 0.7138671875 0.7734375 0.7060546875 0.79296875 0.7021484375 0.8098958333333334 0.6904296875 0.8229166666666666 0.6767578125 0.8489583333333334 0.6650390625 0.8815104166666666 0.654296875 0.89453125 0.6337890625 0.90234375 0.6259765625 0.890625 0.623046875 0.890625 0.6083984375 0.8984375 0.5849609375 0.9010416666666666 0.57421875 0.9049479166666666 0.560546875 0.9049479166666666 0.5458984375 0.9010416666666666 0.5263671875 0.8893229166666666 0.5224609375 0.8828125 0.5126953125 0.84765625 0.4970703125 0.8111979166666666 0.4892578125 0.7799479166666666 0.4892578125 0.75390625 0.4873046875 0.7473958333333334 0.48828125 0.7239583333333334 0.5224609375 0.6549479166666666 0.53125 0.6432291666666666 0.5615234375 0.6184895833333334 0.576171875 0.6106770833333334 0.595703125 0.60546875 0.63671875 0.60546875
0 0.71875 0.8229166666666666 0.7353515625 0.8307291666666666 0.7412109375 0.83984375 0.7431640625 0.8528645833333334 0.7412109375 0.8567708333333334 0.736328125 0.8580729166666666 0.7333984375 0.8619791666666666 0.7333984375 0.8671875 0.740234375 0.8854166666666666 0.751953125 0.90234375 0.759765625 0.9244791666666666 0.76953125 0.9427083333333334 0.7841796875 0.9869791666666666 0.78515625 0.9947916666666666 0.783203125 0.9986979166666666 0.71484375 0.9986979166666666 0.7119140625 0.99609375 0.7021484375 0.99609375 0.7001953125 0.9986979166666666 0.6005859375 0.9986979166666666 0.6005859375 0.9830729166666666 0.60546875 0.9596354166666666 0.6103515625 0.9453125 0.6220703125 0.9244791666666666 0.62890625 0.9166666666666666 0.6376953125 0.9140625 0.6435546875 0.9075520833333334 0.6494140625 0.90625 0.6591796875 0.8984375 0.669921875 0.8815104166666666 0.677734375 0.8619791666666666 0.6796875 0.8515625 0.68359375 0.8463541666666666 0.6904296875 0.8424479166666666 0.708984375 0.8203125 0.7177734375 0.8229166666666666
0 0.1376953125 0.5833333333333334 0.140625 0.5859375 0.1416015625 0.5924479166666666 0.15234375 0.6041666666666666 0.1552734375 0.6184895833333334 0.162109375 0.6341145833333334 0.171875 0.6471354166666666 0.1787109375 0.6536458333333334 0.2041015625 0.66796875 0.2021484375 0.6744791666666666 0.1748046875 0.6861979166666666 0.15625 0.7005208333333334 0.1494140625 0.69921875 0.1220703125 0.67578125 0.1220703125 0.6692708333333334 0.12890625 0.6575520833333334 0.12890625 0.6432291666666666 0.125 0.63671875 0.1181640625 0.6328125 0.1123046875 0.625 0.111328125 0.6158854166666666 0.1025390625 0.609375 0.1015625 0.60546875 0.1064453125 0.59765625 0.12109375 0.5859375 0.13671875 0.5833333333333334
0 0.55078125 0.3841145833333333 0.5634765625 0.4036458333333333 0.56640625 0.41796875 0.5703125 0.421875 0.5869140625 0.4596354166666667 0.595703125 0.4921875 0.59765625 0.5338541666666666 0.591796875 0.5677083333333334 0.5791015625 0.59765625 0.572265625 0.60546875 0.5185546875 0.64453125 0.5087890625 0.640625 0.5 0.6328125 0.4873046875 0.6276041666666666 0.4814453125 0.6223958333333334 0.466796875 0.6197916666666666 0.4462890625 0.6028645833333334 0.41796875 0.5625 0.4169921875 0.5455729166666666 0.4111328125 0.51953125 0.4111328125 0.5052083333333334 0.4208984375 0.4557291666666667 0.4345703125 0.4244791666666667 0.4521484375 0.40234375 0.4853515625 0.38671875 0.5 0.38671875 0.513671875 0.3919270833333333 0.53515625 0.39453125 0.54296875 0.3854166666666667 0.5498046875 0.3841145833333333
0 0.212890625 0.67578125 0.2275390625 0.68359375 0.24609375 0.6888020833333334 0.26953125 0.7057291666666666 0.28125 0.71875 0.29296875 0.7356770833333334 0.30078125 0.7565104166666666 0.318359375 0.7916666666666666 0.3291015625 0.8307291666666666 0.3291015625 0.8619791666666666 0.3251953125 0.8880208333333334 0.3212890625 0.8984375 0.2958984375 0.9322916666666666 0.2646484375 0.94921875 0.2294921875 0.9427083333333334 0.2197265625 0.9322916666666666 0.2099609375 0.9140625 0.193359375 0.9114583333333334 0.1845703125 0.90234375 0.166015625 0.8984375 0.1572265625 0.8893229166666666 0.1494140625 0.875 0.140625 0.8723958333333334 0.1357421875 0.8645833333333334 0.134765625 0.8463541666666666 0.142578125 0.8229166666666666 0.13671875 0.8151041666666666 0.1328125 0.8033854166666666 0.130859375 0.765625 0.140625 0.7265625 0.1552734375 0.7044270833333334 0.1630859375 0.6979166666666666 0.1787109375 0.6875 0.2119140625 0.67578125
0 0.373046875 0.6067708333333334 0.38671875 0.6106770833333334 0.404296875 0.6223958333333334 0.4189453125 0.6393229166666666 0.42578125 0.6510416666666666 0.4365234375 0.6861979166666666 0.4365234375 0.7317708333333334 0.431640625 0.74609375 0.4287109375 0.7486979166666666 0.4111328125 0.7473958333333334 0.396484375 0.75 0.3779296875 0.7552083333333334 0.3623046875 0.7643229166666666 0.3408203125 0.80859375 0.3359375 0.80859375 0.3271484375 0.7994791666666666 0.306640625 0.7604166666666666 0.2978515625 0.7317708333333334 0.2880859375 0.7135416666666666 0.2880859375 0.7005208333333334 0.2958984375 0.6588541666666666 0.2998046875 0.6497395833333334 0.3134765625 0.6315104166666666 0.328125 0.6184895833333334 0.3427734375 0.6106770833333334 0.35546875 0.6067708333333334 0.3720703125 0.6067708333333334
0 0.361328125 0.26171875 0.384765625 0.26953125 0.4052734375 0.2838541666666667 0.4169921875 0.2981770833333333 0.4228515625 0.3020833333333333 0.435546875 0.3020833333333333 0.4384765625 0.3072916666666667 0.4375 0.3307291666666667 0.4443359375 0.3359375 0.4580078125 0.33984375 0.462890625 0.3463541666666667 0.4619140625 0.375 0.4560546875 0.3841145833333333 0.4453125 0.3841145833333333 0.443359375 0.38671875 0.4423828125 0.4049479166666667 0.43359375 0.4166666666666667 0.4150390625 0.45703125 0.4111328125 0.48828125 0.404296875 0.5091145833333334 0.388671875 0.51953125 0.3642578125 0.5299479166666666 0.33984375 0.5325520833333334 0.330078125 0.5364583333333334 0.3134765625 0.5364583333333334 0.28515625 0.5260416666666666 0.26953125 0.5130208333333334 0.25 0.4869791666666667 0.240234375 0.4661458333333333 0.2314453125 0.4270833333333333 0.2314453125 0.37109375 0.2353515625 0.3463541666666667 0.244140625 0.3229166666666667 0.2529296875 0.30859375 0.2685546875 0.2903645833333333 0.29296875 0.2747395833333333 0.3193359375 0.2630208333333333 0.333984375 0.2591145833333333 0.3525390625 0.2591145833333333 0.3603515625 0.26171875
0 0.224609375 0.4375 0.23046875 0.4427083333333333 0.2421875 0.48046875 0.2646484375 0.5143229166666666 0.2744140625 0.5247395833333334 0.2998046875 0.5390625 0.3046875 0.55078125 0.3037109375 0.5625 0.29296875 0.5846354166666666 0.2822265625 0.6145833333333334 0.271484375 0.6341145833333334 0.2607421875 0.6484375 0.2578125 0.6575520833333334 0.25390625 0.6627604166666666 0.2490234375 0.6627604166666666 0.244140625 0.66796875 0.2294921875 0.6705729166666666 0.2001953125 0.6653645833333334 0.1796875 0.65625 0.162109375 0.6341145833333334 0.15625 0.62109375 0.154296875 0.6080729166666666 0.142578125 0.5924479166666666 0.142578125 0.53515625 0.150390625 0.5026041666666666 0.16015625 0.4778645833333333 0.1748046875 0.4557291666666667 0.18359375 0.4479166666666667 0.203125 0.4388020833333333 0.2236328125 0.4375
0 0.6767578125 0.24869791666666666 0.6904296875 0.26171875 0.7060546875 0.28125 0.7197265625 0.3111979166666667 0.7216796875 0.3268229166666667 0.7216796875 0.37109375 0.716796875 0.39453125 0.7099609375 0.4127604166666667 0.7041015625 0.4244791666666667 0.69140625 0.44140625 0.669921875 0.45703125 0.6484375 0.4609375 0.6181640625 0.4596354166666667 0.599609375 0.44921875 0.5830078125 0.43359375 0.5791015625 0.421875 0.5654296875 0.3971354166666667 0.560546875 0.3815104166666667 0.560546875 0.3229166666666667 0.568359375 0.2903645833333333 0.583984375 0.2630208333333333 0.5927734375 0.25390625 0.6142578125 0.24609375 0.638671875 0.2421875 0.6552734375 0.2421875 0.67578125 0.24869791666666666
0 0.51171875 0.9361979166666666 0.515625 0.9544270833333334 0.515625 0.9986979166666666 0.462890625 0.9986979166666666 0.4619140625 0.99609375 0.45703125 0.9947916666666666 0.47265625 0.9921875 0.484375 0.9869791666666666 0.494140625 0.9700520833333334 0.5 0.9544270833333334 0.5107421875 0.9375
0 0.4287109375 0.7526041666666666 0.451171875 0.7604166666666666 0.46875 0.7747395833333334 0.4892578125 0.8033854166666666 0.5078125 0.84765625 0.5126953125 0.8828125 0.5126953125 0.9049479166666666 0.509765625 0.9322916666666666 0.5068359375 0.9453125 0.4970703125 0.9635416666666666 0.4931640625 0.9791666666666666 0.4873046875 0.984375 0.478515625 0.9986979166666666 0.37109375 0.9986979166666666 0.369140625 0.99609375 0.35546875 0.99609375 0.3544921875 0.9674479166666666 0.337890625 0.9192708333333334 0.333984375 0.890625 0.3359375 0.8411458333333334 0.341796875 0.8138020833333334 0.3525390625 0.7903645833333334 0.365234375 0.7682291666666666 0.3740234375 0.76171875 0.3984375 0.75390625 0.427734375 0.7526041666666666
0 0.509765625 0.09375 0.529296875 0.10416666666666667 0.54296875 0.10286458333333333 0.5556640625 0.11067708333333333 0.556640625 0.11979166666666667 0.5546875 0.13541666666666666 0.5634765625 0.15234375 0.5712890625 0.17578125 0.57421875 0.18880208333333334 0.57421875 0.20703125 0.564453125 0.2526041666666667 0.546875 0.2838541666666667 0.529296875 0.2916666666666667 0.5048828125 0.2942708333333333 0.48828125 0.2942708333333333 0.470703125 0.2864583333333333 0.462890625 0.2799479166666667 0.4443359375 0.2526041666666667 0.4423828125 0.24348958333333334 0.4345703125 0.22786458333333334 0.431640625 0.21484375 0.4287109375 0.19270833333333334 0.4287109375 0.1640625 0.4384765625 0.1328125 0.44921875 0.11328125 0.4560546875 0.10546875 0.466796875 0.09895833333333333 0.486328125 0.09375 0.5087890625 0.09375