0 0.4930555555555556 0.5950520833333334 0.5034722222222222 0.5989583333333334 0.5329861111111112 0.5989583333333334 0.5520833333333334 0.60546875 0.5642361111111112 0.62109375 0.5972222222222222 0.6484375 0.609375 0.6575520833333334 0.6128472222222222 0.6575520833333334 0.6215277777777778 0.6822916666666666 0.6197916666666666 0.71484375 0.6128472222222222 0.7317708333333334 0.6024305555555556 0.7473958333333334 0.5763888888888888 0.7682291666666666 0.5572916666666666 0.7786458333333334 0.5243055555555556 0.7903645833333334 0.4947916666666667 0.7955729166666666 0.4548611111111111 0.7942708333333334 0.4288194444444444 0.7903645833333334 0.3871527777777778 0.7734375 0.3628472222222222 0.7565104166666666 0.3454861111111111 0.7408854166666666 0.3350694444444444 0.7278645833333334 0.3263888888888889 0.7057291666666666 0.3263888888888889 0.6770833333333334 0.3333333333333333 0.6588541666666666 0.3402777777777778 0.6471354166666666 0.3697916666666667 0.6223958333333334 0.3802083333333333 0.6184895833333334 0.3940972222222222 0.6067708333333334 0.4340277777777778 0.6028645833333334 0.4479166666666667 0.5963541666666666 0.4739583333333333 0.5885416666666666 0.4826388888888889 0.5885416666666666 0.4913194444444444 0.5950520833333334
0 0.5555555555555556 0.37109375 0.5868055555555556 0.3815104166666667 0.6006944444444444 0.3919270833333333 0.6145833333333334 0.3984375 0.6163194444444444 0.4036458333333333 0.6145833333333334 0.4283854166666667 0.6059027777777778 0.4609375 0.59375 0.4778645833333333 0.5711805555555556 0.4908854166666667 0.5434027777777778 0.4973958333333333 0.5260416666666666 0.4986979166666667 0.5104166666666666 0.49609375 0.4930555555555556 0.4869791666666667 0.4809027777777778 0.4830729166666667 0.4635416666666667 0.4700520833333333 0.4548611111111111 0.4596354166666667 0.4496527777777778 0.4479166666666667 0.4479166666666667 0.44140625 0.4496527777777778 0.42578125 0.4600694444444444 0.40625 0.4861111111111111 0.3841145833333333 0.515625 0.3723958333333333 0.5399305555555556 0.3697916666666667 0.5538194444444444 0.37109375
0 0.3784722222222222 0.2799479166666667 0.421875 0.2825520833333333 0.4496527777777778 0.2916666666666667 0.4722222222222222 0.3059895833333333 0.484375 0.3294270833333333 0.484375 0.3489583333333333 0.4809027777777778 0.3580729166666667 0.4722222222222222 0.3697916666666667 0.421875 0.4075520833333333 0.4027777777777778 0.41015625 0.34375 0.40234375 0.3298611111111111 0.3971354166666667 0.3194444444444444 0.3919270833333333 0.3072916666666667 0.3815104166666667 0.296875 0.3671875 0.2934027777777778 0.3567708333333333 0.2951388888888889 0.3359375 0.3072916666666667 0.3177083333333333 0.3107638888888889 0.3046875 0.3159722222222222 0.30078125 0.3368055555555556 0.2942708333333333 0.3454861111111111 0.2825520833333333 0.3767361111111111 0.2799479166666667
0 0.84375 0.5520833333333334 0.8663194444444444 0.5638020833333334 0.8802083333333334 0.5651041666666666 0.9079861111111112 0.5729166666666666 0.9427083333333334 0.5950520833333334 0.9670138888888888 0.6197916666666666 0.9791666666666666 0.6236979166666666 0.9861111111111112 0.6236979166666666 0.9895833333333334 0.6263020833333334 0.9930555555555556 0.66796875 0.9791666666666666 0.7005208333333334 0.9600694444444444 0.71484375 0.9409722222222222 0.7252604166666666 0.921875 0.7317708333333334 0.9097222222222222 0.73828125 0.8871527777777778 0.7421875 0.8315972222222222 0.7395833333333334 0.796875 0.7265625 0.7482638888888888 0.6888020833333334 0.734375 0.671875 0.7256944444444444 0.6471354166666666 0.7274305555555556 0.62890625 0.7309027777777778 0.6263020833333334 0.7291666666666666 0.6197916666666666 0.7309027777777778 0.6106770833333334 0.7465277777777778 0.5859375 0.7586805555555556 0.5807291666666666 0.7673611111111112 0.5794270833333334 0.7725694444444444 0.5755208333333334 0.7743055555555556 0.5690104166666666 0.7829861111111112 0.5638020833333334 0.8142361111111112 0.5533854166666666 0.8315972222222222 0.55078125 0.8420138888888888 0.5520833333333334
0 0.3090277777777778 0.5299479166666666 0.3333333333333333 0.5403645833333334 0.3628472222222222 0.5768229166666666 0.3645833333333333 0.5846354166666666 0.3628472222222222 0.6171875 0.3576388888888889 0.6263020833333334 0.3402777777777778 0.640625 0.3315972222222222 0.6510416666666666 0.3263888888888889 0.6640625 0.3229166666666667 0.6666666666666666 0.3003472222222222 0.67578125 0.2743055555555556 0.6822916666666666 0.2309027777777778 0.6809895833333334 0.21875 0.6783854166666666 0.2048611111111111 0.671875 0.1892361111111111 0.66015625 0.17708333333333334 0.64453125 0.1701388888888889 0.6302083333333334 0.16493055555555555 0.6263020833333334 0.16145833333333334 0.6263020833333334 0.1597222222222222 0.6223958333333334 0.1684027777777778 0.6119791666666666 0.171875 0.5924479166666666 0.18229166666666666 0.56640625 0.2048611111111111 0.5455729166666666 0.22916666666666666 0.5325520833333334 0.24479166666666666 0.52734375 0.2795138888888889 0.5247395833333334 0.3003472222222222 0.52734375 0.3072916666666667 0.5299479166666666
0 0.3680555555555556 0.41015625 0.4149305555555556 0.421875 0.4288194444444444 0.4505208333333333 0.4340277777777778 0.4765625 0.4288194444444444 0.5 0.4184027777777778 0.5169270833333334 0.4010416666666667 0.52734375 0.3611111111111111 0.53515625 0.3298611111111111 0.5325520833333334 0.3020833333333333 0.5221354166666666 0.2829861111111111 0.5182291666666666 0.2673611111111111 0.48828125 0.2621527777777778 0.4557291666666667 0.2708333333333333 0.4348958333333333 0.2777777777777778 0.4270833333333333 0.2934027777777778 0.41796875 0.3107638888888889 0.4114583333333333 0.3333333333333333 0.4075520833333333 0.3559027777777778 0.4075520833333333 0.3663194444444444 0.41015625
0 0.8420138888888888 0.4049479166666667 0.8541666666666666 0.41796875 0.8576388888888888 0.4466145833333333 0.8715277777777778 0.4609375 0.8802083333333334 0.4752604166666667 0.8871527777777778 0.4908854166666667 0.8871527777777778 0.5052083333333334 0.8784722222222222 0.51171875 0.8697916666666666 0.5234375 0.8385416666666666 0.5442708333333334 0.7829861111111112 0.55859375 0.7534722222222222 0.5572916666666666 0.7482638888888888 0.5598958333333334 0.7430555555555556 0.5598958333333334 0.734375 0.5546875 0.7274305555555556 0.5377604166666666 0.71875 0.5247395833333334 0.7100694444444444 0.515625 0.6875 0.4986979166666667 0.6857638888888888 0.4778645833333333 0.6909722222222222 0.4544270833333333 0.7048611111111112 0.4401041666666667 0.7152777777777778 0.43359375 0.7309027777777778 0.4270833333333333 0.75 0.4231770833333333 0.7673611111111112 0.4140625 0.7881944444444444 0.4127604166666667 0.8003472222222222 0.40625 0.8142361111111112 0.40234375 0.8298611111111112 0.40234375 0.8402777777777778 0.4049479166666667
0 0.4045138888888889 0.15104166666666666 0.4270833333333333 0.15234375 0.4652777777777778 0.16145833333333334 0.4809027777777778 0.17447916666666666 0.5 0.18229166666666666 0.5086805555555556 0.19140625 0.5086805555555556 0.1953125 0.5 0.19921875 0.5034722222222222 0.21223958333333334 0.5034722222222222 0.234375 0.4982638888888889 0.25 0.484375 0.2682291666666667 0.4739583333333333 0.2760416666666667 0.4513888888888889 0.2838541666666667 0.4305555555555556 0.2825520833333333 0.4253472222222222 0.2799479166666667 0.4131944444444444 0.2786458333333333 0.3993055555555556 0.2786458333333333 0.3854166666666667 0.2747395833333333 0.3385416666666667 0.2760416666666667 0.3333333333333333 0.26953125 0.3350694444444444 0.2669270833333333 0.3333333333333333 0.2604166666666667 0.3229166666666667 0.25 0.3159722222222222 0.23697916666666666 0.3125 0.22526041666666666 0.3125 0.20703125 0.3211805555555556 0.19010416666666666 0.3333333333333333 0.17708333333333334 0.3489583333333333 0.16927083333333334 0.3628472222222222 0.15494791666666666 0.3836805555555556 0.15494791666666666 0.3940972222222222 0.15104166666666666 0.4027777777777778 0.15104166666666666
0 0.6649305555555556 0.4895833333333333 0.6788194444444444 0.5052083333333334 0.6892361111111112 0.5078125 0.7100694444444444 0.5208333333333334 0.7239583333333334 0.5390625 0.7291666666666666 0.5611979166666666 0.7291666666666666 0.5911458333333334 0.7170138888888888 0.6184895833333334 0.7135416666666666 0.6328125 0.6736111111111112 0.6497395833333334 0.6354166666666666 0.65625 0.6215277777777778 0.65625 0.6145833333333334 0.6510416666666666 0.6041666666666666 0.6471354166666666 0.5763888888888888 0.6263020833333334 0.5659722222222222 0.6158854166666666 0.5607638888888888 0.60546875 0.5555555555555556 0.6015625 0.5416666666666666 0.59765625 0.5364583333333334 0.5924479166666666 0.5381944444444444 0.55859375 0.5434027777777778 0.5455729166666666 0.5572916666666666 0.5286458333333334 0.5763888888888888 0.5143229166666666 0.6024305555555556 0.5026041666666666 0.6215277777777778 0.4986979166666667 0.6510416666666666 0.4986979166666667 0.6631944444444444 0.4908854166666667
0 0.7256944444444444 0.6861979166666666 0.7552083333333334 0.7005208333333334 0.7725694444444444 0.7122395833333334 0.7847222222222222 0.72265625 0.7916666666666666 0.7408854166666666 0.7916666666666666 0.7630208333333334 0.7829861111111112 0.7825520833333334 0.7708333333333334 0.80078125 0.7552083333333334 0.8098958333333334 0.734375 0.8138020833333334 0.7118055555555556 0.8125 0.6909722222222222 0.80859375 0.671875 0.80859375 0.6493055555555556 0.8033854166666666 0.6215277777777778 0.78515625 0.6111111111111112 0.7721354166666666 0.6076388888888888 0.7578125 0.609375 0.7447916666666666 0.625 0.7161458333333334 0.6510416666666666 0.6953125 0.6875 0.6809895833333334 0.6996527777777778 0.6809895833333334 0.7239583333333334 0.6861979166666666
0 0.71875 0.3528645833333333 0.7274305555555556 0.3567708333333333 0.7430555555555556 0.359375 0.7534722222222222 0.3658854166666667 0.7586805555555556 0.3763020833333333 0.7621527777777778 0.4114583333333333 0.7534722222222222 0.4192708333333333 0.7309027777777778 0.4244791666666667 0.7135416666666666 0.4322916666666667 0.6944444444444444 0.4466145833333333 0.6875 0.44921875 0.6788194444444444 0.4479166666666667 0.6423611111111112 0.4322916666666667 0.6336805555555556 0.421875 0.6336805555555556 0.41796875 0.625 0.4036458333333333 0.6232638888888888 0.3971354166666667 0.625 0.38671875 0.6354166666666666 0.3802083333333333 0.6440972222222222 0.37890625 0.6631944444444444 0.37109375 0.6788194444444444 0.3606770833333333 0.703125 0.3515625 0.7083333333333334 0.34765625 0.7170138888888888 0.3528645833333333
0 0.6145833333333334 0.19140625 0.6197916666666666 0.19401041666666666 0.6302083333333334 0.19401041666666666 0.6493055555555556 0.19010416666666666 0.6545138888888888 0.19401041666666666 0.6875 0.20182291666666666 0.7135416666666666 0.21223958333333334 0.7378472222222222 0.234375 0.75 0.2578125 0.7482638888888888 0.2916666666666667 0.7291666666666666 0.328125 0.6996527777777778 0.3489583333333333 0.6805555555555556 0.3567708333333333 0.6649305555555556 0.3671875 0.6423611111111112 0.3763020833333333 0.6215277777777778 0.37890625 0.5972222222222222 0.37890625 0.5607638888888888 0.3671875 0.5329861111111112 0.3645833333333333 0.5243055555555556 0.35546875 0.5086805555555556 0.3450520833333333 0.4965277777777778 0.33203125 0.4913194444444444 0.3151041666666667 0.4913194444444444 0.3020833333333333 0.4965277777777778 0.2864583333333333 0.5138888888888888 0.2604166666666667 0.53125 0.24348958333333334 0.5381944444444444 0.23307291666666666 0.5711805555555556 0.20833333333333334 0.6076388888888888 0.19140625 0.6128472222222222 0.19140625