0 0.564453125 0.3567708333333333 0.58203125 0.3658854166666667 0.599609375 0.38671875 0.60546875 0.3971354166666667 0.615234375 0.4270833333333333 0.61328125 0.453125 0.6103515625 0.46484375 0.6025390625 0.4817708333333333 0.5859375 0.5065104166666666 0.5703125 0.5130208333333334 0.55078125 0.5091145833333334 0.515625 0.4869791666666667 0.505859375 0.4765625 0.4931640625 0.4361979166666667 0.494140625 0.4192708333333333 0.498046875 0.4088541666666667 0.51171875 0.38671875 0.533203125 0.3671875 0.546875 0.3606770833333333 0.5634765625 0.3567708333333333
0 0.689453125 0.7408854166666666 0.7099609375 0.7473958333333334 0.720703125 0.7578125 0.73046875 0.7734375 0.736328125 0.80078125 0.73828125 0.8346354166666666 0.744140625 0.8645833333333334 0.744140625 0.8763020833333334 0.740234375 0.8815104166666666 0.734375 0.8828125 0.73046875 0.88671875 0.712890625 0.8828125 0.7060546875 0.890625 0.66796875 0.890625 0.65625 0.8841145833333334 0.6357421875 0.8580729166666666 0.625 0.828125 0.6259765625 0.7890625 0.62890625 0.7734375 0.638671875 0.7526041666666666 0.642578125 0.7473958333333334 0.6591796875 0.7421875 0.6884765625 0.7408854166666666
0 0.27734375 0.8268229166666666 0.287109375 0.83203125 0.3046875 0.8541666666666666 0.30859375 0.8645833333333334 0.310546875 0.87890625 0.333984375 0.921875 0.3369140625 0.9375 0.3359375 0.9557291666666666 0.330078125 0.97265625 0.3271484375 0.9765625 0.3095703125 0.9817708333333334 0.291015625 0.9986979166666666 0.267578125 0.9986979166666666 0.265625 0.99609375 0.2607421875 0.9986979166666666 0.1826171875 0.9986979166666666 0.169921875 0.9700520833333334 0.166015625 0.9544270833333334 0.166015625 0.9375 0.1572265625 0.91796875 0.1533203125 0.8997395833333334 0.1572265625 0.8893229166666666 0.1689453125 0.87890625 0.1875 0.8567708333333334 0.22265625 0.8294270833333334 0.2470703125 0.8203125 0.2646484375 0.8216145833333334 0.2763671875 0.8268229166666666
0 0.22265625 0.30859375 0.2568359375 0.3190104166666667 0.27734375 0.3333333333333333 0.2900390625 0.3502604166666667 0.3017578125 0.3723958333333333 0.3076171875 0.3919270833333333 0.310546875 0.4114583333333333 0.30859375 0.4505208333333333 0.302734375 0.4739583333333333 0.298828125 0.4817708333333333 0.275390625 0.5091145833333334 0.26171875 0.5169270833333334 0.248046875 0.5208333333333334 0.2177734375 0.51953125 0.203125 0.51171875 0.1787109375 0.4908854166666667 0.1533203125 0.4557291666666667 0.1474609375 0.44140625 0.1376953125 0.40234375 0.140625 0.3684895833333333 0.1474609375 0.3528645833333333 0.1611328125 0.3333333333333333 0.1748046875 0.3203125 0.185546875 0.3151041666666667 0.205078125 0.30859375 0.2216796875 0.30859375
0 0.3349609375 0.5729166666666666 0.3515625 0.59765625 0.3681640625 0.60546875 0.3740234375 0.6145833333333334 0.3701171875 0.63671875 0.3642578125 0.6458333333333334 0.3662109375 0.6653645833333334 0.369140625 0.6744791666666666 0.3623046875 0.69140625 0.369140625 0.7096354166666666 0.369140625 0.7200520833333334 0.3505859375 0.7317708333333334 0.337890625 0.7643229166666666 0.3203125 0.7864583333333334 0.296875 0.80078125 0.2822265625 0.8046875 0.267578125 0.8046875 0.2451171875 0.796875 0.2314453125 0.78125 0.2197265625 0.7721354166666666 0.203125 0.7356770833333334 0.19921875 0.7135416666666666 0.19921875 0.68359375 0.2060546875 0.64453125 0.2138671875 0.625 0.232421875 0.59765625 0.240234375 0.5911458333333334 0.2587890625 0.5833333333333334 0.2900390625 0.58203125 0.328125 0.5989583333333334 0.3291015625 0.58203125 0.333984375 0.57421875
0 0.6474609375 0.43359375 0.66015625 0.4427083333333333 0.6650390625 0.4557291666666667 0.6884765625 0.4583333333333333 0.701171875 0.4674479166666667 0.7041015625 0.4856770833333333 0.7099609375 0.4973958333333333 0.7080078125 0.5091145833333334 0.7119140625 0.55078125 0.7138671875 0.5572916666666666 0.720703125 0.5651041666666666 0.7255859375 0.5859375 0.7314453125 0.59765625 0.7265625 0.6028645833333334 0.7265625 0.6145833333333334 0.7158203125 0.6341145833333334 0.7158203125 0.6484375 0.7138671875 0.6549479166666666 0.7099609375 0.66015625 0.7021484375 0.66015625 0.6787109375 0.6731770833333334 0.66015625 0.6770833333333334 0.640625 0.67578125 0.623046875 0.6666666666666666 0.61328125 0.6497395833333334 0.59765625 0.6341145833333334 0.587890625 0.61328125 0.5791015625 0.5690104166666666 0.580078125 0.54296875 0.5849609375 0.515625 0.6142578125 0.4661458333333333 0.6162109375 0.453125 0.619140625 0.4518229166666667 0.6259765625 0.4557291666666667 0.6416015625 0.4544270833333333 0.646484375 0.4348958333333333
0 0.5654296875 0.609375 0.5771484375 0.6158854166666666 0.5888671875 0.6263020833333334 0.6064453125 0.65234375 0.61328125 0.6575520833333334 0.619140625 0.6731770833333334 0.619140625 0.6822916666666666 0.6240234375 0.7044270833333334 0.6240234375 0.7434895833333334 0.6201171875 0.76171875 0.6123046875 0.7747395833333334 0.60546875 0.79296875 0.5908203125 0.8059895833333334 0.5869140625 0.8203125 0.5791015625 0.8190104166666666 0.57421875 0.80859375 0.548828125 0.8138020833333334 0.5341796875 0.8111979166666666 0.5263671875 0.8059895833333334 0.5224609375 0.7877604166666666 0.50390625 0.76953125 0.494140625 0.7513020833333334 0.4794921875 0.7330729166666666 0.4775390625 0.7252604166666666 0.4794921875 0.7044270833333334 0.486328125 0.6901041666666666 0.4951171875 0.6549479166666666 0.5009765625 0.64453125 0.5185546875 0.6236979166666666 0.53125 0.6145833333333334 0.5439453125 0.609375 0.564453125 0.609375
0 0.5634765625 0.8346354166666666 0.5771484375 0.8450520833333334 0.5849609375 0.85546875 0.587890625 0.86328125 0.591796875 0.8997395833333334 0.5908203125 0.9166666666666666 0.59765625 0.9375 0.59765625 0.9440104166666666 0.59375 0.9544270833333334 0.5673828125 0.984375 0.54296875 0.9986979166666666 0.5205078125 0.9986979166666666 0.5068359375 0.9908854166666666 0.4921875 0.97265625 0.4892578125 0.9596354166666666 0.5009765625 0.9427083333333334 0.5107421875 0.9231770833333334 0.521484375 0.89453125 0.525390625 0.8763020833333334 0.525390625 0.8619791666666666 0.5302734375 0.8307291666666666 0.533203125 0.828125 0.5458984375 0.828125 0.5625 0.8346354166666666
0 0.435546875 0.4296875 0.4599609375 0.4427083333333333 0.4814453125 0.4674479166666667 0.4912109375 0.4934895833333333 0.4951171875 0.515625 0.4912109375 0.5572916666666666 0.48046875 0.5833333333333334 0.4697265625 0.5989583333333334 0.455078125 0.6119791666666666 0.4296875 0.6236979166666666 0.408203125 0.6236979166666666 0.3984375 0.62109375 0.3798828125 0.609375 0.3583984375 0.5794270833333334 0.349609375 0.5559895833333334 0.345703125 0.5299479166666666 0.34765625 0.5065104166666666 0.353515625 0.4830729166666667 0.369140625 0.45703125 0.3935546875 0.4375 0.4140625 0.4296875 0.4345703125 0.4296875
0 0.35546875 0.9622395833333334 0.3681640625 0.9700520833333334 0.37109375 0.9778645833333334 0.3876953125 0.9817708333333334 0.3974609375 0.9895833333333334 0.4072265625 0.9934895833333334 0.408203125 0.9986979166666666 0.330078125 0.9986979166666666 0.3369140625 0.9765625 0.34765625 0.9635416666666666 0.3544921875 0.9622395833333334
0 0.4208984375 0.7018229166666666 0.4248046875 0.703125 0.4296875 0.7096354166666666 0.4755859375 0.7356770833333334 0.490234375 0.7526041666666666 0.505859375 0.7786458333333334 0.5166015625 0.7903645833333334 0.5244140625 0.828125 0.5234375 0.859375 0.51953125 0.8880208333333334 0.5107421875 0.9166666666666666 0.4990234375 0.9401041666666666 0.4697265625 0.9739583333333334 0.443359375 0.98828125 0.4267578125 0.9921875 0.3984375 0.9895833333333334 0.380859375 0.9791666666666666 0.37109375 0.9817708333333334 0.3671875 0.9778645833333334 0.3671875 0.97265625 0.3642578125 0.9674479166666666 0.34765625 0.953125 0.341796875 0.9440104166666666 0.3388671875 0.9166666666666666 0.3291015625 0.9036458333333334 0.3173828125 0.8763020833333334 0.3173828125 0.86328125 0.314453125 0.8489583333333334 0.314453125 0.8190104166666666 0.3203125 0.7942708333333334 0.341796875 0.765625 0.3583984375 0.7369791666666666 0.3701171875 0.7265625 0.3779296875 0.7135416666666666 0.3896484375 0.7057291666666666 0.396484375 0.703125 0.419921875 0.7018229166666666
0 0.4541015625 0.109375 0.4716796875 0.11328125 0.48046875 0.11848958333333333 0.4990234375 0.13932291666666666 0.51953125 0.17447916666666666 0.5302734375 0.20572916666666666 0.5380859375 0.21354166666666666 0.5361328125 0.22395833333333334 0.5390625 0.24348958333333334 0.5322265625 0.2565104166666667 0.5322265625 0.26171875 0.537109375 0.2734375 0.53515625 0.296875 0.5224609375 0.3190104166666667 0.51171875 0.3450520833333333 0.494140625 0.3697916666666667 0.4892578125 0.3736979166666667 0.4677734375 0.38671875 0.4453125 0.39453125 0.42578125 0.39453125 0.4033203125 0.3880208333333333 0.38671875 0.3763020833333333 0.3681640625 0.35546875 0.359375 0.3385416666666667 0.3486328125 0.3059895833333333 0.345703125 0.28515625 0.345703125 0.25390625 0.3349609375 0.2421875 0.333984375 0.234375 0.345703125 0.23177083333333334 0.349609375 0.20833333333333334 0.3623046875 0.17317708333333334 0.37109375 0.15755208333333334 0.392578125 0.1328125 0.4033203125 0.12369791666666667 0.4267578125 0.11197916666666667 0.453125 0.109375