0 0.6982421875 0.4283854166666667 0.724609375 0.4348958333333333 0.7275390625 0.4466145833333333 0.7509765625 0.46484375 0.76171875 0.4791666666666667 0.76953125 0.484375 0.7900390625 0.5299479166666666 0.7861328125 0.59375 0.779296875 0.6158854166666666 0.76171875 0.6419270833333334 0.73828125 0.6575520833333334 0.728515625 0.66796875 0.7216796875 0.6861979166666666 0.7216796875 0.6940104166666666 0.716796875 0.7018229166666666 0.6982421875 0.69921875 0.681640625 0.6822916666666666 0.6708984375 0.6666666666666666 0.66796875 0.671875 0.658203125 0.66796875 0.6474609375 0.66796875 0.6376953125 0.66015625 0.6298828125 0.6471354166666666 0.623046875 0.6497395833333334 0.623046875 0.6432291666666666 0.6083984375 0.6276041666666666 0.5947265625 0.59765625 0.587890625 0.57421875 0.583984375 0.5481770833333334 0.587890625 0.5260416666666666 0.5947265625 0.5065104166666666 0.607421875 0.48828125 0.62109375 0.4609375 0.623046875 0.4453125 0.62890625 0.4466145833333333 0.654296875 0.4309895833333333 0.697265625 0.4283854166666667
0 0.7451171875 0.3346354166666667 0.76171875 0.3372395833333333 0.7744140625 0.3502604166666667 0.7890625 0.3580729166666667 0.8056640625 0.37890625 0.82421875 0.3932291666666667 0.8349609375 0.40625 0.853515625 0.4388020833333333 0.8642578125 0.4765625 0.8662109375 0.5013020833333334 0.8623046875 0.5143229166666666 0.8623046875 0.5299479166666666 0.88671875 0.5286458333333334 0.8994140625 0.5377604166666666 0.9150390625 0.5625 0.916015625 0.5716145833333334 0.90625 0.5833333333333334 0.904296875 0.5911458333333334 0.904296875 0.6171875 0.900390625 0.6328125 0.900390625 0.6458333333333334 0.8935546875 0.6536458333333334 0.8896484375 0.6549479166666666 0.875 0.6549479166666666 0.8662109375 0.6510416666666666 0.84765625 0.6497395833333334 0.841796875 0.6458333333333334 0.8203125 0.6197916666666666 0.8076171875 0.59765625 0.79296875 0.5989583333333334 0.7890625 0.5963541666666666 0.7890625 0.5794270833333334 0.7919921875 0.5598958333333334 0.7919921875 0.5234375 0.775390625 0.4934895833333333 0.775390625 0.4869791666666667 0.7578125 0.4700520833333333 0.75 0.4583333333333333 0.7353515625 0.4453125 0.7353515625 0.44140625 0.728515625 0.4309895833333333 0.724609375 0.4270833333333333 0.7099609375 0.4244791666666667 0.67578125 0.4231770833333333 0.66796875 0.41796875 0.671875 0.3984375 0.671875 0.38671875 0.6865234375 0.359375 0.701171875 0.35546875 0.7255859375 0.3385416666666667 0.744140625 0.3346354166666667
0 0.8837890625 0.52734375 0.8974609375 0.53515625 0.91796875 0.5677083333333334 0.91796875 0.5716145833333334 0.9052734375 0.5872395833333334 0.904296875 0.6223958333333334 0.9013671875 0.6315104166666666 0.9013671875 0.6458333333333334 0.8974609375 0.65234375 0.888671875 0.65625 0.8779296875 0.65625 0.869140625 0.65234375 0.8525390625 0.65234375 0.841796875 0.6471354166666666 0.81640625 0.6145833333333334 0.80859375 0.59765625 0.8134765625 0.5885416666666666 0.82421875 0.5859375 0.8330078125 0.5794270833333334 0.857421875 0.546875 0.86328125 0.53125 0.8720703125 0.52734375 0.8828125 0.52734375
0 0.5439453125 0.61328125 0.5556640625 0.6184895833333334 0.5732421875 0.6328125 0.591796875 0.6614583333333334 0.595703125 0.6744791666666666 0.6005859375 0.7083333333333334 0.5986328125 0.7421875 0.59765625 0.7486979166666666 0.5732421875 0.8111979166666666 0.560546875 0.8151041666666666 0.5517578125 0.8307291666666666 0.5380859375 0.8411458333333334 0.51953125 0.8450520833333334 0.501953125 0.8450520833333334 0.484375 0.83984375 0.4638671875 0.82421875 0.4541015625 0.8111979166666666 0.4462890625 0.7955729166666666 0.4375 0.765625 0.4384765625 0.7278645833333334 0.4501953125 0.6770833333333334 0.4521484375 0.6549479166666666 0.462890625 0.63671875 0.466796875 0.6328125 0.482421875 0.62890625 0.494140625 0.6223958333333334 0.51171875 0.625 0.5224609375 0.61328125 0.54296875 0.61328125
0 0.3583984375 0.5338541666666666 0.373046875 0.5416666666666666 0.3837890625 0.55078125 0.390625 0.57421875 0.39453125 0.5794270833333334 0.4111328125 0.5911458333333334 0.4296875 0.6158854166666666 0.443359375 0.6432291666666666 0.4453125 0.6705729166666666 0.4365234375 0.7161458333333334 0.4306640625 0.7330729166666666 0.4189453125 0.7552083333333334 0.4072265625 0.7708333333333334 0.3916015625 0.7864583333333334 0.3857421875 0.80078125 0.37890625 0.8098958333333334 0.3564453125 0.82421875 0.3486328125 0.82421875 0.3408203125 0.8190104166666666 0.3291015625 0.8033854166666666 0.294921875 0.78125 0.2685546875 0.74609375 0.259765625 0.7213541666666666 0.25390625 0.6927083333333334 0.25390625 0.65625 0.26171875 0.625 0.287109375 0.5963541666666666 0.296875 0.58203125 0.3115234375 0.5703125 0.318359375 0.5572916666666666 0.3310546875 0.54296875 0.341796875 0.5364583333333334 0.357421875 0.5338541666666666
0 0.236328125 0.2721354166666667 0.2509765625 0.2825520833333333 0.26171875 0.28515625 0.2734375 0.2916666666666667 0.2861328125 0.2825520833333333 0.2958984375 0.2825520833333333 0.3115234375 0.2877604166666667 0.3388671875 0.3111979166666667 0.345703125 0.3203125 0.3515625 0.3372395833333333 0.3623046875 0.3528645833333333 0.369140625 0.3697916666666667 0.376953125 0.3919270833333333 0.3837890625 0.42578125 0.3818359375 0.4557291666666667 0.375 0.48828125 0.3671875 0.5052083333333334 0.3544921875 0.5247395833333334 0.333984375 0.5325520833333334 0.30078125 0.5638020833333334 0.2861328125 0.5690104166666666 0.2587890625 0.5729166666666666 0.2470703125 0.5729166666666666 0.2080078125 0.5638020833333334 0.1923828125 0.5559895833333334 0.171875 0.5390625 0.150390625 0.5143229166666666 0.1396484375 0.4934895833333333 0.125 0.453125 0.1279296875 0.3880208333333333 0.1318359375 0.3645833333333333 0.13671875 0.3541666666666667 0.142578125 0.3463541666666667 0.1640625 0.3294270833333333 0.173828125 0.31640625 0.1787109375 0.3046875 0.2021484375 0.2903645833333333 0.212890625 0.2747395833333333 0.216796875 0.2721354166666667 0.2353515625 0.2721354166666667
0 0.6083984375 0.6341145833333334 0.6181640625 0.6432291666666666 0.6171875 0.6549479166666666 0.619140625 0.6575520833333334 0.626953125 0.6575520833333334 0.63671875 0.6692708333333334 0.646484375 0.6731770833333334 0.671875 0.6783854166666666 0.681640625 0.6848958333333334 0.689453125 0.6953125 0.6923828125 0.703125 0.71875 0.703125 0.7216796875 0.6979166666666666 0.724609375 0.6809895833333334 0.7333984375 0.671875 0.7392578125 0.6848958333333334 0.7421875 0.6979166666666666 0.7421875 0.7278645833333334 0.7373046875 0.75390625 0.7294921875 0.7721354166666666 0.7119140625 0.7981770833333334 0.6982421875 0.8059895833333334 0.6689453125 0.8111979166666666 0.6513671875 0.8072916666666666 0.62890625 0.79296875 0.6171875 0.7825520833333334 0.6103515625 0.7721354166666666 0.6064453125 0.7578125 0.6025390625 0.7356770833333334 0.603515625 0.7096354166666666 0.599609375 0.6783854166666666 0.599609375 0.6614583333333334 0.60546875 0.6380208333333334 0.6083984375 0.6354166666666666
0 0.462890625 0.22526041666666666 0.47265625 0.22916666666666666 0.482421875 0.23697916666666666 0.50390625 0.2669270833333333 0.513671875 0.2877604166666667 0.5166015625 0.3098958333333333 0.5205078125 0.3216145833333333 0.5185546875 0.35546875 0.51171875 0.375 0.494140625 0.4010416666666667 0.4921875 0.4153645833333333 0.48828125 0.4244791666666667 0.4794921875 0.43359375 0.4677734375 0.4388020833333333 0.447265625 0.4388020833333333 0.4326171875 0.4296875 0.4140625 0.4231770833333333 0.3916015625 0.4075520833333333 0.37890625 0.38671875 0.365234375 0.3450520833333333 0.3544921875 0.3333333333333333 0.3466796875 0.3111979166666667 0.34765625 0.296875 0.35546875 0.2903645833333333 0.3623046875 0.2942708333333333 0.37109375 0.2747395833333333 0.4013671875 0.234375 0.4072265625 0.23046875 0.4248046875 0.23046875 0.4345703125 0.22395833333333334 0.4619140625 0.22526041666666666
0 0.306640625 0.08072916666666667 0.3095703125 0.08203125 0.3095703125 0.09505208333333333 0.3134765625 0.10416666666666667 0.36328125 0.12109375 0.380859375 0.13671875 0.3935546875 0.15625 0.396484375 0.171875 0.3974609375 0.19401041666666666 0.3974609375 0.21223958333333334 0.39453125 0.23046875 0.388671875 0.24348958333333334 0.3740234375 0.2578125 0.36328125 0.2786458333333333 0.3447265625 0.2903645833333333 0.328125 0.2903645833333333 0.296875 0.27734375 0.28515625 0.27734375 0.2744140625 0.2838541666666667 0.2529296875 0.27734375 0.2421875 0.265625 0.23828125 0.25390625 0.234375 0.234375 0.234375 0.2109375 0.2392578125 0.18489583333333334 0.2568359375 0.15625 0.2646484375 0.13802083333333334 0.279296875 0.1171875 0.29296875 0.0859375 0.2998046875 0.08203125 0.3056640625 0.08203125
0 0.525390625 0.32421875 0.529296875 0.32421875 0.546875 0.3346354166666667 0.58203125 0.3645833333333333 0.591796875 0.37890625 0.609375 0.4231770833333333 0.6142578125 0.4479166666666667 0.61328125 0.4609375 0.609375 0.4739583333333333 0.5927734375 0.50390625 0.5859375 0.5208333333333334 0.580078125 0.5455729166666666 0.580078125 0.5703125 0.564453125 0.5885416666666666 0.544921875 0.6028645833333334 0.53515625 0.6041666666666666 0.5283203125 0.6015625 0.5185546875 0.5924479166666666 0.509765625 0.5911458333333334 0.4931640625 0.60546875 0.4814453125 0.6106770833333334 0.478515625 0.609375 0.482421875 0.60546875 0.482421875 0.5989583333333334 0.48046875 0.5963541666666666 0.46875 0.59765625 0.4443359375 0.58203125 0.44140625 0.578125 0.439453125 0.56640625 0.43359375 0.5533854166666666 0.431640625 0.5520833333333334 0.42578125 0.5559895833333334 0.408203125 0.5546875 0.4033203125 0.5494791666666666 0.404296875 0.5208333333333334 0.40625 0.5182291666666666 0.41796875 0.5169270833333334 0.419921875 0.51171875 0.4150390625 0.4908854166666667 0.416015625 0.46484375 0.41796875 0.4518229166666667 0.4248046875 0.4361979166666667 0.4296875 0.4348958333333333 0.4384765625 0.4388020833333333 0.4501953125 0.4479166666666667 0.47265625 0.4440104166666667 0.4873046875 0.43359375 0.49609375 0.41796875 0.4990234375 0.4010416666666667 0.5107421875 0.3854166666666667 0.5205078125 0.36328125 0.525390625 0.3255208333333333
0 0.4736328125 0.15755208333333334 0.4931640625 0.16276041666666666 0.51171875 0.17317708333333334 0.5234375 0.1875 0.533203125 0.20703125 0.5380859375 0.22786458333333334 0.5390625 0.24869791666666666 0.5302734375 0.2825520833333333 0.5224609375 0.2981770833333333 0.517578125 0.296875 0.513671875 0.28125 0.5 0.2578125 0.482421875 0.234375 0.47265625 0.2265625 0.4609375 0.22265625 0.443359375 0.22135416666666666 0.4345703125 0.22135416666666666 0.42578125 0.2265625 0.4072265625 0.2265625 0.404296875 0.22395833333333334 0.4111328125 0.1953125 0.4208984375 0.18229166666666666 0.4287109375 0.16145833333333334 0.4375 0.15625 0.47265625 0.15755208333333334
0 0.607421875 0.20833333333333334 0.6328125 0.21875 0.654296875 0.24479166666666666 0.6572265625 0.2747395833333333 0.662109375 0.29296875 0.6630859375 0.328125 0.6669921875 0.3515625 0.6669921875 0.3606770833333333 0.66015625 0.3684895833333333 0.65234375 0.3723958333333333 0.634765625 0.3736979166666667 0.62890625 0.3802083333333333 0.619140625 0.3841145833333333 0.603515625 0.3841145833333333 0.59765625 0.3815104166666667 0.5859375 0.36328125 0.5478515625 0.3294270833333333 0.5390625 0.32421875 0.5341796875 0.31640625 0.533203125 0.296875 0.53515625 0.2825520833333333 0.5458984375 0.23697916666666666 0.5576171875 0.22395833333333334 0.5771484375 0.2109375 0.5947265625 0.20703125 0.6064453125 0.20833333333333334
0 0.7578125 0.3359375 0.763671875 0.3385416666666667 0.7744140625 0.3502604166666667 0.7890625 0.3580729166666667 0.806640625 0.3802083333333333 0.82421875 0.3932291666666667 0.8349609375 0.40625 0.8525390625 0.4375 0.8642578125 0.4791666666666667 0.8623046875 0.51953125 0.85546875 0.546875 0.833984375 0.5755208333333334 0.826171875 0.58203125 0.8154296875 0.5846354166666666 0.7998046875 0.59765625 0.7919921875 0.59765625 0.7890625 0.59375 0.7939453125 0.5286458333333334 0.7919921875 0.5208333333333334 0.7802734375 0.5 0.78125 0.4908854166666667 0.79296875 0.4895833333333333 0.794921875 0.4869791666666667 0.7939453125 0.4817708333333333 0.783203125 0.4765625 0.7763671875 0.4791666666666667 0.767578125 0.4765625 0.755859375 0.4596354166666667 0.751953125 0.44921875 0.7353515625 0.4283854166666667 0.7099609375 0.4244791666666667 0.6796875 0.4244791666666667 0.669921875 0.41796875 0.671875 0.3880208333333333 0.6884765625 0.3580729166666667 0.701171875 0.35546875 0.71875 0.3411458333333333 0.7294921875 0.3372395833333333 0.7568359375 0.3359375