0 0.2470703125 0.3268229166666667 0.2763671875 0.3411458333333333 0.2578125 0.3736979166666667 0.2509765625 0.3919270833333333 0.2451171875 0.4205729166666667 0.2451171875 0.4427083333333333 0.2587890625 0.4674479166666667 0.26953125 0.48046875 0.283203125 0.5143229166666666 0.2685546875 0.52734375 0.255859375 0.53125 0.22265625 0.5299479166666666 0.1982421875 0.5169270833333334 0.185546875 0.4986979166666667 0.177734375 0.4921875 0.1650390625 0.4752604166666667 0.15625 0.4388020833333333 0.1572265625 0.4140625 0.1630859375 0.3841145833333333 0.1669921875 0.37109375 0.1748046875 0.359375 0.1845703125 0.34765625 0.19921875 0.3372395833333333 0.23046875 0.3307291666666667 0.2373046875 0.3268229166666667 0.24609375 0.3268229166666667
0 0.44140625 0.2669270833333333 0.4482421875 0.2734375 0.4716796875 0.2799479166666667 0.4814453125 0.2890625 0.4951171875 0.3190104166666667 0.5009765625 0.3489583333333333 0.5 0.3723958333333333 0.494140625 0.4010416666666667 0.470703125 0.43359375 0.4638671875 0.4388020833333333 0.447265625 0.4453125 0.431640625 0.4453125 0.4296875 0.44140625 0.4296875 0.3919270833333333 0.4228515625 0.3697916666666667 0.4140625 0.3528645833333333 0.3955078125 0.33203125 0.375 0.3190104166666667 0.3759765625 0.3138020833333333 0.3837890625 0.3059895833333333 0.39453125 0.2994791666666667 0.41015625 0.28515625 0.4248046875 0.27734375 0.431640625 0.2682291666666667 0.4404296875 0.2669270833333333
0 0.666015625 0.59765625 0.6865234375 0.59765625 0.69921875 0.6015625 0.7197265625 0.6158854166666666 0.7333984375 0.6380208333333334 0.7392578125 0.671875 0.7392578125 0.7109375 0.7373046875 0.7278645833333334 0.728515625 0.7486979166666666 0.70703125 0.7721354166666666 0.68359375 0.78125 0.6533203125 0.7799479166666666 0.634765625 0.76953125 0.6279296875 0.7630208333333334 0.6142578125 0.7421875 0.60546875 0.71484375 0.60546875 0.6627604166666666 0.6142578125 0.63671875 0.62890625 0.6184895833333334 0.646484375 0.6041666666666666 0.6552734375 0.5989583333333334 0.6650390625 0.59765625
0 0.794921875 0.4609375 0.8076171875 0.4713541666666667 0.8193359375 0.4856770833333333 0.82421875 0.5013020833333334 0.8271484375 0.5247395833333334 0.8271484375 0.54296875 0.82421875 0.5598958333333334 0.82421875 0.5872395833333334 0.8193359375 0.5963541666666666 0.8134765625 0.5963541666666666 0.802734375 0.58984375 0.787109375 0.60546875 0.7685546875 0.6145833333333334 0.755859375 0.6145833333333334 0.7412109375 0.609375 0.7109375 0.5833333333333334 0.7021484375 0.5611979166666666 0.701171875 0.5442708333333334 0.703125 0.5182291666666666 0.701171875 0.5065104166666666 0.708984375 0.4869791666666667 0.7265625 0.4700520833333333 0.759765625 0.4557291666666667 0.7841796875 0.4557291666666667 0.7939453125 0.4609375
0 0.265625 0.64453125 0.28515625 0.6588541666666666 0.30078125 0.6783854166666666 0.3193359375 0.7174479166666666 0.3330078125 0.7369791666666666 0.33984375 0.75390625 0.3505859375 0.76953125 0.3525390625 0.7747395833333334 0.3525390625 0.78515625 0.34765625 0.8020833333333334 0.33984375 0.8138020833333334 0.33203125 0.8138020833333334 0.3291015625 0.8098958333333334 0.328125 0.8033854166666666 0.3232421875 0.8020833333333334 0.26953125 0.8541666666666666 0.255859375 0.86328125 0.236328125 0.87109375 0.205078125 0.8697916666666666 0.1923828125 0.8658854166666666 0.185546875 0.8606770833333334 0.169921875 0.8359375 0.150390625 0.7877604166666666 0.142578125 0.7799479166666666 0.1328125 0.7760416666666666 0.1259765625 0.7682291666666666 0.1220703125 0.7513020833333334 0.1220703125 0.7369791666666666 0.12890625 0.72265625 0.1318359375 0.7083333333333334 0.1396484375 0.6953125 0.1533203125 0.6940104166666666 0.1650390625 0.6888020833333334 0.1748046875 0.671875 0.1875 0.6653645833333334 0.19921875 0.6497395833333334 0.2119140625 0.640625 0.220703125 0.63671875 0.234375 0.6354166666666666 0.251953125 0.6380208333333334 0.2646484375 0.64453125
0 0.3876953125 0.07421875 0.4150390625 0.08072916666666667 0.4296875 0.08984375 0.4404296875 0.1015625 0.44921875 0.1171875 0.4609375 0.15625 0.4609375 0.1875 0.4541015625 0.21875 0.431640625 0.2578125 0.416015625 0.2760416666666667 0.3994140625 0.2903645833333333 0.3837890625 0.30078125 0.359375 0.3098958333333333 0.3134765625 0.3098958333333333 0.279296875 0.2786458333333333 0.2744140625 0.2643229166666667 0.2734375 0.24869791666666666 0.2685546875 0.23046875 0.267578125 0.20182291666666666 0.271484375 0.18489583333333334 0.275390625 0.17708333333333334 0.3125 0.125 0.3154296875 0.11328125 0.3427734375 0.08854166666666667 0.3486328125 0.07682291666666667 0.3623046875 0.07552083333333333 0.37109375 0.078125 0.3798828125 0.07421875 0.38671875 0.07421875
0 0.642578125 0.22265625 0.6572265625 0.22395833333333334 0.6767578125 0.23046875 0.6962890625 0.25 0.7060546875 0.2669270833333333 0.712890625 0.2864583333333333 0.72265625 0.3346354166666667 0.7236328125 0.3606770833333333 0.71875 0.3919270833333333 0.705078125 0.4283854166666667 0.693359375 0.4466145833333333 0.6923828125 0.4544270833333333 0.677734375 0.4635416666666667 0.6728515625 0.48046875 0.6689453125 0.4869791666666667 0.654296875 0.4856770833333333 0.6494140625 0.4778645833333333 0.6484375 0.4674479166666667 0.6376953125 0.453125 0.6123046875 0.4322916666666667 0.568359375 0.4140625 0.5595703125 0.3932291666666667 0.5546875 0.36328125 0.5546875 0.34375 0.5498046875 0.33203125 0.556640625 0.2903645833333333 0.5625 0.2747395833333333 0.5732421875 0.2578125 0.599609375 0.23307291666666666 0.626953125 0.22395833333333334 0.6416015625 0.22265625
0 0.5732421875 0.421875 0.6083984375 0.4348958333333333 0.630859375 0.4518229166666667 0.638671875 0.4622395833333333 0.6455078125 0.4778645833333333 0.654296875 0.51171875 0.6533203125 0.53515625 0.6474609375 0.5611979166666666 0.6484375 0.5794270833333334 0.64453125 0.58984375 0.63671875 0.5963541666666666 0.630859375 0.6067708333333334 0.6083984375 0.6263020833333334 0.5810546875 0.6380208333333334 0.5556640625 0.6380208333333334 0.53515625 0.6302083333333334 0.525390625 0.6236979166666666 0.521484375 0.6171875 0.517578125 0.6002604166666666 0.509765625 0.58203125 0.4970703125 0.5598958333333334 0.4853515625 0.53125 0.486328125 0.5234375 0.494140625 0.50390625 0.5 0.4947916666666667 0.50390625 0.4817708333333333 0.533203125 0.4388020833333333 0.5478515625 0.4283854166666667 0.572265625 0.421875
0 0.4248046875 0.5013020833333334 0.4306640625 0.5052083333333334 0.4462890625 0.5078125 0.4638671875 0.5299479166666666 0.484375 0.5455729166666666 0.5009765625 0.5729166666666666 0.5166015625 0.609375 0.5205078125 0.6432291666666666 0.5185546875 0.6888020833333334 0.509765625 0.7200520833333334 0.4990234375 0.7408854166666666 0.482421875 0.76171875 0.455078125 0.77734375 0.4267578125 0.7799479166666666 0.40625 0.7760416666666666 0.3828125 0.76171875 0.3662109375 0.7604166666666666 0.3642578125 0.7473958333333334 0.3427734375 0.7239583333333334 0.3291015625 0.69921875 0.3232421875 0.68359375 0.314453125 0.6432291666666666 0.3134765625 0.60546875 0.3193359375 0.57421875 0.333984375 0.54296875 0.373046875 0.52734375 0.3984375 0.5091145833333334 0.4150390625 0.5091145833333334 0.423828125 0.5026041666666666
0 0.54296875 0.10677083333333333 0.5498046875 0.10807291666666667 0.583984375 0.12890625 0.6025390625 0.15104166666666666 0.6123046875 0.18359375 0.61328125 0.21223958333333334 0.607421875 0.22395833333333334 0.5927734375 0.23307291666666666 0.576171875 0.25 0.5537109375 0.28515625 0.5390625 0.2955729166666667 0.533203125 0.296875 0.5244140625 0.2955729166666667 0.5185546875 0.2916666666666667 0.4765625 0.2513020833333333 0.462890625 0.23046875 0.4609375 0.20703125 0.4658203125 0.17057291666666666 0.4716796875 0.15104166666666666 0.4755859375 0.14453125 0.5029296875 0.11848958333333333 0.5166015625 0.11588541666666667 0.5224609375 0.10807291666666667 0.5419921875 0.10677083333333333
0 0.357421875 0.3177083333333333 0.375 0.3229166666666667 0.390625 0.33203125 0.4130859375 0.35546875 0.421875 0.3736979166666667 0.4267578125 0.3893229166666667 0.4287109375 0.40234375 0.4287109375 0.4361979166666667 0.4208984375 0.4674479166666667 0.3994140625 0.5026041666666666 0.373046875 0.5221354166666666 0.345703125 0.53125 0.326171875 0.53125 0.306640625 0.5234375 0.287109375 0.5104166666666666 0.2802734375 0.5013020833333334 0.2734375 0.4817708333333333 0.2509765625 0.44921875 0.2470703125 0.4388020833333333 0.2470703125 0.4231770833333333 0.25 0.4036458333333333 0.2578125 0.37890625 0.2705078125 0.35546875 0.28125 0.3424479166666667 0.3134765625 0.3190104166666667 0.3408203125 0.31640625 0.3564453125 0.3177083333333333